2 Particles with Interaction
2 1 8 12.0 0.01 6.0 100 1000 1000000 1 2 1 2 4 2
2 1 8 10.0 0.01 6.0 100 1000 1000000 1 2 1 2 4 2
2 1 8 9.0 0.01 6.0 100 1000 1000000 1 2 1 2 4 2
2 1 8 8.0 0.01 6.0 100 1000 1000000 1 2 1 2 4 2
2 1 8 7.0 0.01 6.0 100 1000 1000000 1 2 1 2 4 2
2 1 8 6.0 0.01 6.0 100 1000 1000000 1 2 1 2 4 2
2 1 8 5.0 0.01 6.0 100 1000 1000000 1 2 1 2 4 2
2 1 8 4.0 0.01 6.0 100 1000 1000000 1 2 1 2 4 2
2 1 8 3.0 0.01 6.0 100 1000 1000000 1 2 1 2 4 2
2 1 8 2.0 0.01 6.0 100 1000 1000000 1 2 1 2 4 2
2 1 64 12.0 0.01 6.0 100 1000 1000000 1 2 1 2 4 2
2 1 64 10.0 0.01 6.0 100 1000 1000000 1 2 1 2 4 2
2 1 64 9.0 0.01 6.0 100 1000 1000000 1 2 1 2 4 2
2 1 64 8.0 0.01 6.0 100 1000 1000000 1 2 1 2 4 2
2 1 64 7.0 0.01 6.0 100 1000 1000000 1 2 1 2 4 2
2 1 64 6.0 0.01 6.0 100 1000 1000000 1 2 1 2 4 2
2 1 64 5.0 0.01 6.0 100 1000 1000000 1 2 1 2 4 2
2 1 64 4.0 0.01 6.0 100 1000 1000000 1 2 1 2 4 2
2 1 64 3.0 0.01 6.0 100 1000 1000000 1 2 1 2 4 2
2 1 64 2.0 0.01 6.0 100 1000 1000000 1 2 1 2 4 2
