0.03 0.09 0.15 0.21 0.27 0.33 0.39 0.45 0.51 0.57 0.63 0.69 0.75 0.81 0.87 0.93 0.99 1.05 1.11 1.17 1.23 1.29 1.35 1.41 1.47 1.53 1.59 1.65 1.71 1.77 1.83 1.89 1.95 2.01 2.07 2.13 2.19 2.25 2.31 2.37 2.43 2.49 2.55 2.61 2.67 2.73 2.79 2.85 2.91 2.97 3.03 3.09 3.15 3.21 3.27 3.33 3.39 3.45 3.51 3.57 3.63 3.69 3.75 3.81 3.87 3.93 3.99 4.05 4.11 4.17 4.23 4.29 4.35 4.41 4.47 4.53 4.59 4.65 4.71 4.77 4.83 4.89 4.95 5.01 5.07 5.13 5.19 5.25 5.31 5.37 5.43 5.49 5.55 5.61 5.67 5.73 5.79 5.85 5.91 5.97 
0 0 0 0 0 0 0 0 0 0 0 0 0 0 0 0 0.0028 0.0216 0.0748 0.2042 0.3484 0.4836 0.5422 0.5528 0.5516 0.6476 0.509 0.426 0.3614 0.2626 0.2306 0.2032 0.1966 0.1926 0.1808 0.1496 0.136 0.1406 0.1276 0.157 0.0862 0.1106 0.0986 0.1704 0.2106 0.195 0.2272 0.2408 0.295 0.3142 0.2992 0.2404 0.2764 0.2166 0.248 0.3138 0.2488 0.1928 0.1858 0.1756 0.155 0.1676 0.183 0.1548 0.1478 0.141 0.1342 0.085 0.0986 0.1796 0.1344 0.1296 0.1572 0.1446 0.1508 0.1664 0.1876 0.1582 0.14 0.1478 0.122 0.1212 0.1154 0.099 0.091 0.091 0.1246 0.0996 0.1226 0.1108 0.1378 0.1196 0.0764 0.089 0.0886 0.1186 0.1734 0.1558 0.1012 0.1266 
0 0 0 0 0 0 0 0 0 0 0 0 0 0 0 0 0 0.0034 0.0356 0.162 0.343 0.5776 0.6364 0.696 0.7962 0.667 0.5538 0.5366 0.3964 0.3188 0.2606 0.195 0.1868 0.1434 0.1666 0.1538 0.1072 0.1244 0.1426 0.1084 0.1724 0.134 0.133 0.1806 0.1822 0.2528 0.3132 0.3482 0.3428 0.4136 0.3408 0.3676 0.3224 0.2276 0.2156 0.1722 0.156 0.1516 0.2182 0.258 0.216 0.1986 0.2 0.1172 0.141 0.1442 0.1344 0.1272 0.1654 0.1316 0.1682 0.1922 0.2506 0.2652 0.2112 0.192 0.217 0.1848 0.1176 0.1178 0.0994 0.1364 0.1254 0.1524 0.14 0.1378 0.126 0.0924 0.0924 0.1176 0.109 0.0778 0.0828 0.0946 0.0682 0.1422 0.1704 0.0978 0.0768 0.1526 
0 0 0 0 0 0 0 0 0 0 0 0 0 0 0 0 0 0.0374 0.0902 0.2464 0.4382 0.5598 0.692 0.6798 0.704 0.556 0.5872 0.6678 0.465 0.449 0.4104 0.2984 0.2298 0.1706 0.1734 0.1472 0.0702 0.1172 0.075 0.0764 0.0988 0.097 0.1366 0.2028 0.1636 0.2376 0.2224 0.2718 0.3126 0.3658 0.4362 0.326 0.3226 0.3578 0.3976 0.3624 0.345 0.29 0.1852 0.1598 0.1082 0.1458 0.1178 0.091 0.112 0.1044 0.1074 0.1054 0.0744 0.071 0.108 0.1424 0.177 0.183 0.1948 0.2754 0.2778 0.2758 0.2394 0.1594 0.15 0.1292 0.125 0.1358 0.164 0.159 0.1654 0.1416 0.1116 0.0634 0.0936 0.0892 0.1046 0.092 0.0578 0.0498 0.0554 0.0756 0.0714 0.1236 
0 0 0 0 0 0 0 0 0 0 0 0 0 0 0 0 0.002 0.0178 0.0884 0.319 0.596 0.8072 0.759 0.7294 0.7788 0.6734 0.6188 0.5682 0.3822 0.328 0.2344 0.1982 0.1558 0.1536 0.118 0.1244 0.1704 0.0776 0.0898 0.062 0.0918 0.1202 0.2322 0.2628 0.2852 0.4366 0.421 0.3072 0.401 0.3552 0.3642 0.2406 0.3514 0.3108 0.289 0.2384 0.1936 0.1356 0.1792 0.1382 0.116 0.094 0.1226 0.1294 0.1452 0.1766 0.1622 0.129 0.1564 0.1936 0.1976 0.1914 0.2884 0.2086 0.187 0.1654 0.167 0.1552 0.1428 0.1276 0.1276 0.1456 0.154 0.1898 0.142 0.1374 0.122 0.109 0.0828 0.0826 0.101 0.1016 0.068 0.0666 0.0754 0.0644 0.068 0.0894 0.107 0.08 
0 0 0 0 0 0 0 0 0 0 0 0 0 0 0 0 0 0.0078 0.0902 0.2946 0.439 0.5584 0.6506 0.6248 0.5906 0.637 0.6034 0.4266 0.462 0.461 0.4204 0.3602 0.2552 0.1512 0.1688 0.1362 0.1418 0.1324 0.0916 0.1128 0.0834 0.1492 0.1702 0.1694 0.2172 0.205 0.2638 0.3384 0.2982 0.2714 0.2362 0.299 0.3832 0.34 0.3166 0.3034 0.2436 0.2762 0.2432 0.249 0.2062 0.1986 0.1678 0.1508 0.1202 0.1012 0.0784 0.077 0.1182 0.095 0.1476 0.166 0.2258 0.1774 0.1786 0.1234 0.154 0.1622 0.17 0.1304 0.1446 0.2408 0.1662 0.1996 0.2376 0.1898 0.1586 0.1642 0.1336 0.1302 0.0986 0.1272 0.0554 0.0522 0.0942 0.0444 0.06 0.037 0.0748 0.0674 
0 0 0 0 0 0 0 0 0 0 0 0 0 0 0 0 0.0028 0.0086 0.095 0.1876 0.3514 0.4818 0.5412 0.674 0.746 0.6278 0.516 0.5136 0.3872 0.3598 0.302 0.2368 0.2374 0.1328 0.1712 0.1408 0.1244 0.1336 0.0838 0.0966 0.1142 0.119 0.1196 0.2606 0.224 0.299 0.351 0.3772 0.4336 0.352 0.286 0.2754 0.282 0.286 0.2814 0.2796 0.2208 0.1594 0.1304 0.1122 0.1312 0.105 0.0784 0.0798 0.0848 0.1358 0.1208 0.1252 0.1504 0.2214 0.1966 0.1828 0.2546 0.2542 0.204 0.23 0.2068 0.209 0.1802 0.19 0.2074 0.1544 0.1378 0.0992 0.0778 0.0752 0.1122 0.0672 0.0448 0.0674 0.0822 0.0974 0.1444 0.1296 0.0916 0.0958 0.1428 0.1416 0.1862 0.1644 
0 0 0 0 0 0 0 0 0 0 0 0 0 0 0 0 0 0.0106 0.0784 0.133 0.2912 0.449 0.5402 0.645 0.6986 0.6672 0.5506 0.482 0.4522 0.3554 0.2422 0.2562 0.261 0.2394 0.1636 0.125 0.1818 0.1208 0.1152 0.1226 0.1136 0.1314 0.166 0.1944 0.1704 0.1724 0.2142 0.2914 0.3374 0.3386 0.3276 0.3178 0.2628 0.3702 0.3534 0.2498 0.2614 0.23 0.1528 0.118 0.1538 0.22 0.1486 0.17 0.165 0.1444 0.1706 0.1228 0.1128 0.1278 0.1318 0.1574 0.1724 0.2204 0.2486 0.1802 0.1472 0.1938 0.1866 0.1282 0.1516 0.141 0.1086 0.1284 0.2044 0.1526 0.195 0.1874 0.1 0.0946 0.0672 0.1096 0.1376 0.1302 0.1362 0.106 0.1018 0.099 0.0712 0.09 
0 0 0 0 0 0 0 0 0 0 0 0 0 0 0 0 0 0 0.0414 0.083 0.1824 0.4054 0.5316 0.5622 0.497 0.5164 0.5838 0.5504 0.4774 0.4562 0.3728 0.3246 0.3096 0.2088 0.2232 0.1292 0.0954 0.0646 0.0762 0.1032 0.126 0.117 0.1352 0.1318 0.1574 0.1498 0.155 0.1882 0.2462 0.2606 0.283 0.4036 0.3858 0.3406 0.3448 0.3422 0.3508 0.3496 0.2148 0.1516 0.1764 0.1914 0.1598 0.2042 0.1218 0.1392 0.0854 0.0954 0.1096 0.0942 0.0874 0.1388 0.1106 0.0874 0.1522 0.1414 0.2534 0.1988 0.1608 0.1868 0.1754 0.161 0.2002 0.2104 0.1704 0.1888 0.1382 0.1742 0.1446 0.1096 0.1218 0.129 0.0798 0.0846 0.095 0.0772 0.1108 0.1558 0.1428 0.1032 
0 0 0 0 0 0 0 0 0 0 0 0 0 0 0 0 0 0.014 0.071 0.2548 0.4422 0.5846 0.6978 0.7368 0.5914 0.4424 0.5266 0.531 0.5444 0.441 0.3344 0.3214 0.2886 0.244 0.1588 0.1562 0.1644 0.1108 0.1522 0.1094 0.0658 0.1234 0.1264 0.1642 0.2058 0.2582 0.2836 0.2816 0.3116 0.2942 0.313 0.289 0.3696 0.2886 0.2838 0.2556 0.278 0.293 0.2136 0.1952 0.2106 0.1976 0.1792 0.1538 0.1122 0.0964 0.1136 0.1108 0.1242 0.1438 0.1944 0.1742 0.1456 0.1452 0.1776 0.2386 0.2026 0.188 0.2158 0.2068 0.143 0.0918 0.1178 0.16 0.1614 0.1376 0.1112 0.1374 0.1084 0.0954 0.0786 0.09 0.0998 0.0624 0.0934 0.062 0.1064 0.1062 0.1146 0.1472 
0 0 0 0 0 0 0 0 0 0 0 0 0 0 0 0 0.0014 0.0162 0.045 0.1244 0.3312 0.469 0.6064 0.677 0.5924 0.533 0.5326 0.54 0.433 0.3744 0.2884 0.3024 0.2382 0.253 0.2316 0.1546 0.135 0.1214 0.1264 0.1614 0.1214 0.1218 0.2004 0.202 0.2236 0.2292 0.2072 0.247 0.2794 0.3216 0.383 0.3158 0.2782 0.2252 0.2326 0.2542 0.2262 0.1734 0.2122 0.2446 0.2322 0.1872 0.1562 0.1648 0.142 0.1166 0.1606 0.1414 0.1612 0.1492 0.1126 0.1874 0.266 0.1756 0.17 0.1776 0.1504 0.1934 0.174 0.1344 0.1762 0.17 0.1254 0.1856 0.1662 0.1148 0.127 0.184 0.1564 0.0986 0.0982 0.0796 0.0916 0.1042 0.0706 0.076 0.1506 0.0792 0.0726 0.0872 
0 0 0 0 0 0 0 0 0 0 0 0 0 0 0 0 0 0.0074 0.0718 0.2018 0.3928 0.4836 0.6724 0.63 0.6156 0.6074 0.5704 0.5374 0.5132 0.3262 0.3014 0.2786 0.2976 0.2642 0.1796 0.13 0.1316 0.1918 0.151 0.1344 0.1066 0.1172 0.1406 0.166 0.2108 0.1808 0.2412 0.3062 0.2852 0.335 0.3176 0.3566 0.28 0.2424 0.2298 0.2738 0.1742 0.1868 0.2116 0.2406 0.2526 0.1792 0.2072 0.2116 0.2098 0.2022 0.1096 0.1718 0.129 0.123 0.11 0.1716 0.158 0.096 0.1118 0.1854 0.199 0.1434 0.118 0.1258 0.1962 0.2008 0.1734 0.1404 0.1458 0.1922 0.1796 0.1464 0.1824 0.104 0.1222 0.1278 0.1414 0.0934 0.1052 0.0992 0.081 0.0748 0.07 0.0634 
0 0 0 0 0 0 0 0 0 0 0 0 0 0 0 0 0 0.0064 0.024 0.1284 0.2884 0.4368 0.6164 0.7336 0.702 0.6562 0.5754 0.5618 0.4798 0.4056 0.3538 0.3 0.1818 0.2144 0.148 0.1242 0.1216 0.1058 0.0858 0.069 0.072 0.0764 0.152 0.1632 0.157 0.2152 0.3114 0.329 0.3036 0.3378 0.3244 0.3562 0.4192 0.3702 0.306 0.267 0.2378 0.22 0.1818 0.1666 0.1472 0.1104 0.0956 0.1022 0.075 0.0866 0.0962 0.0932 0.153 0.1998 0.2386 0.1942 0.246 0.2286 0.1686 0.156 0.1488 0.1932 0.2148 0.2196 0.2366 0.1702 0.1274 0.1648 0.1856 0.1022 0.0868 0.087 0.0616 0.0466 0.0616 0.0414 0.0506 0.064 0.1644 0.1598 0.1542 0.1174 0.094 0.1272 
0 0 0 0 0 0 0 0 0 0 0 0 0 0 0 0 0 0.0034 0.0662 0.197 0.3958 0.6196 0.701 0.6112 0.6568 0.6094 0.4926 0.4886 0.4556 0.278 0.2806 0.31 0.1966 0.1866 0.226 0.2294 0.1332 0.1018 0.1036 0.1066 0.1274 0.1738 0.1702 0.179 0.2398 0.3482 0.3686 0.3186 0.2658 0.2602 0.219 0.226 0.244 0.1912 0.2086 0.2664 0.2284 0.2188 0.2374 0.1902 0.1866 0.2016 0.2112 0.1872 0.1368 0.1144 0.211 0.187 0.1778 0.2086 0.2086 0.1364 0.1712 0.1794 0.1762 0.1458 0.1946 0.1532 0.1228 0.1066 0.159 0.1196 0.1868 0.1676 0.1576 0.1206 0.084 0.1188 0.1248 0.1582 0.1504 0.076 0.0646 0.0904 0.0882 0.1238 0.0882 0.0688 0.08 0.0962 
0 0 0 0 0 0 0 0 0 0 0 0 0 0 0 0 0 0.0098 0.0576 0.1596 0.3284 0.5212 0.6886 0.673 0.6604 0.7416 0.5398 0.4608 0.4232 0.3342 0.3264 0.241 0.2264 0.2346 0.1366 0.146 0.1478 0.1498 0.088 0.0902 0.1534 0.137 0.193 0.1612 0.2098 0.2736 0.3052 0.3026 0.3316 0.3888 0.4056 0.3758 0.3904 0.347 0.2434 0.2218 0.2832 0.2164 0.1286 0.1174 0.1736 0.1088 0.099 0.1494 0.1476 0.1434 0.1208 0.1162 0.1096 0.134 0.192 0.1598 0.1428 0.1764 0.1872 0.202 0.2232 0.2396 0.2114 0.217 0.2606 0.2026 0.1936 0.1346 0.128 0.1022 0.1022 0.0894 0.1032 0.0986 0.0978 0.0962 0.0866 0.0928 0.0444 0.0642 0.0644 0.0592 0.0932 0.073 
0 0 0 0 0 0 0 0 0 0 0 0 0 0 0 0 0 0 0.062 0.152 0.2938 0.4572 0.5794 0.6508 0.6346 0.5378 0.6918 0.5656 0.4522 0.339 0.2666 0.2694 0.2204 0.1436 0.144 0.1124 0.2044 0.1038 0.1306 0.109 0.1054 0.0852 0.1244 0.1332 0.1612 0.2266 0.3062 0.315 0.287 0.287 0.331 0.3616 0.3192 0.333 0.2608 0.216 0.2718 0.2578 0.2322 0.1772 0.1624 0.1926 0.2222 0.1168 0.1394 0.1114 0.1494 0.1446 0.1432 0.1374 0.1328 0.1758 0.2058 0.1908 0.1754 0.1392 0.151 0.1248 0.1668 0.18 0.2104 0.2264 0.1828 0.2396 0.1888 0.1096 0.12 0.0974 0.1074 0.1036 0.0916 0.0806 0.1072 0.0862 0.0974 0.1338 0.0764 0.0874 0.0732 0.0562 
0 0 0 0 0 0 0 0 0 0 0 0 0 0 0 0 0 0 0.053 0.1514 0.227 0.4414 0.5692 0.6994 0.6962 0.5802 0.5268 0.5018 0.465 0.5026 0.433 0.3432 0.2732 0.2138 0.2854 0.1932 0.1424 0.1026 0.049 0.0816 0.1048 0.1276 0.1008 0.0978 0.169 0.2208 0.2722 0.276 0.3258 0.33 0.4014 0.3448 0.3316 0.2796 0.2816 0.2268 0.261 0.2212 0.2052 0.178 0.168 0.1404 0.1214 0.0992 0.1558 0.131 0.1406 0.2192 0.2 0.1718 0.1616 0.203 0.2248 0.2076 0.1838 0.1246 0.2068 0.2086 0.2286 0.1696 0.1636 0.1118 0.1444 0.1052 0.0982 0.0778 0.0746 0.0644 0.0782 0.1026 0.1082 0.0874 0.1242 0.112 0.1036 0.1098 0.1484 0.1268 0.1354 0.1246 
0 0 0 0 0 0 0 0 0 0 0 0 0 0 0 0 0 0.003 0.0472 0.164 0.4134 0.5654 0.5566 0.6928 0.743 0.6334 0.5922 0.4736 0.3914 0.3378 0.2962 0.2866 0.2754 0.1978 0.1596 0.1562 0.1974 0.1162 0.1076 0.0978 0.09 0.108 0.0938 0.1232 0.2134 0.2942 0.2694 0.3196 0.3584 0.3862 0.37 0.2528 0.2722 0.2744 0.3178 0.3254 0.3394 0.2496 0.286 0.2264 0.1982 0.1696 0.1482 0.1206 0.0928 0.0908 0.101 0.054 0.0572 0.0952 0.1516 0.2084 0.1442 0.1318 0.1802 0.1996 0.1798 0.1756 0.187 0.2012 0.2034 0.2436 0.2408 0.2034 0.127 0.1536 0.1464 0.0868 0.1388 0.1514 0.0936 0.0712 0.0884 0.0934 0.0668 0.0606 0.0624 0.055 0.0982 0.124 
0 0 0 0 0 0 0 0 0 0 0 0 0 0 0 0 0.0082 0.0284 0.066 0.1906 0.3664 0.4446 0.5364 0.7018 0.663 0.5038 0.543 0.5222 0.4968 0.4458 0.303 0.2308 0.164 0.1816 0.181 0.213 0.1236 0.1254 0.0952 0.0646 0.0538 0.0574 0.1278 0.1284 0.1854 0.1872 0.2698 0.3848 0.3082 0.2994 0.3786 0.3654 0.3674 0.323 0.2678 0.2636 0.2144 0.2708 0.2394 0.183 0.1534 0.1448 0.137 0.1192 0.0848 0.1472 0.1088 0.111 0.1516 0.1506 0.1472 0.192 0.2062 0.2626 0.2168 0.2358 0.2208 0.2234 0.1734 0.142 0.1604 0.1408 0.1138 0.1382 0.1568 0.0774 0.089 0.1162 0.101 0.106 0.097 0.1074 0.0962 0.076 0.0944 0.0716 0.0758 0.0918 0.1294 0.1056 
0 0 0 0 0 0 0 0 0 0 0 0 0 0 0 0 0 0.006 0.0212 0.1206 0.2928 0.418 0.5626 0.6212 0.531 0.5716 0.5592 0.4322 0.4328 0.4438 0.4606 0.359 0.2792 0.2502 0.2514 0.224 0.1544 0.1094 0.086 0.1024 0.1004 0.0956 0.1196 0.1534 0.1158 0.1538 0.1892 0.2126 0.2436 0.2928 0.3518 0.373 0.3768 0.3876 0.3074 0.2918 0.252 0.2712 0.2666 0.2724 0.2592 0.172 0.1476 0.1418 0.1408 0.1244 0.128 0.1268 0.117 0.148 0.1078 0.0996 0.0902 0.1598 0.154 0.1716 0.2512 0.2198 0.1944 0.1726 0.1578 0.1582 0.1224 0.169 0.1542 0.1452 0.1814 0.1256 0.1728 0.1304 0.1276 0.1026 0.0836 0.1014 0.1216 0.1228 0.1114 0.0994 0.0952 0.1258 
0 0 0 0 0 0 0 0 0 0 0 0 0 0 0 0 0 0.016 0.0472 0.1872 0.3418 0.5948 0.6204 0.713 0.7284 0.737 0.6212 0.6228 0.5526 0.3552 0.3208 0.1996 0.1386 0.1542 0.1176 0.084 0.115 0.086 0.1148 0.0906 0.0886 0.1026 0.1712 0.1518 0.1886 0.1938 0.2182 0.343 0.4216 0.39 0.3672 0.4602 0.4112 0.3626 0.3238 0.3028 0.2002 0.2154 0.1744 0.1722 0.1332 0.1118 0.1146 0.1004 0.0764 0.1096 0.1258 0.1306 0.1264 0.144 0.1752 0.1464 0.161 0.2008 0.1492 0.1948 0.2008 0.285 0.2542 0.2572 0.2196 0.1568 0.1248 0.1316 0.16 0.1334 0.1104 0.0774 0.07 0.0772 0.0696 0.0764 0.1192 0.0942 0.0746 0.0944 0.106 0.0452 0.0678 0.119 
0 0 0 0 0 0 0 0 0 0 0 0 0 0 0 0 0 0.016 0.0724 0.2082 0.3776 0.5386 0.6558 0.7194 0.6358 0.774 0.7294 0.5108 0.4174 0.3444 0.2956 0.2078 0.2738 0.2736 0.1794 0.1064 0.094 0.0736 0.0722 0.0918 0.09 0.1014 0.1908 0.1734 0.2434 0.1952 0.323 0.3762 0.3608 0.378 0.402 0.325 0.2964 0.2574 0.2924 0.2676 0.3646 0.212 0.1478 0.1092 0.1248 0.1284 0.1378 0.1188 0.0902 0.1196 0.1594 0.159 0.1524 0.1412 0.151 0.2388 0.209 0.1744 0.19 0.2118 0.2056 0.125 0.2054 0.1884 0.1602 0.1692 0.1672 0.1034 0.1352 0.1228 0.1132 0.126 0.0984 0.1024 0.1178 0.0952 0.1246 0.1 0.1044 0.0884 0.0662 0.0768 0.0596 0.0452 
0 0 0 0 0 0 0 0 0 0 0 0 0 0 0 0 0.0008 0.0084 0.0328 0.1042 0.2274 0.3486 0.4722 0.588 0.6362 0.5772 0.5478 0.547 0.4518 0.3824 0.3536 0.2614 0.2332 0.1972 0.1902 0.16 0.1818 0.1866 0.1314 0.125 0.1546 0.1954 0.1892 0.172 0.1136 0.108 0.1704 0.1666 0.2888 0.3208 0.3008 0.2338 0.2774 0.2978 0.2646 0.2448 0.326 0.2622 0.2156 0.1924 0.2048 0.1602 0.2324 0.1286 0.2 0.2452 0.14 0.1792 0.1936 0.167 0.1428 0.103 0.0934 0.0946 0.0776 0.0714 0.094 0.1492 0.1344 0.1306 0.2108 0.177 0.2202 0.2304 0.2236 0.2158 0.1594 0.1628 0.17 0.1164 0.0902 0.1736 0.1786 0.2066 0.0778 0.0806 0.0838 0.0468 0.052 0.0562 
0 0 0 0 0 0 0 0 0 0 0 0 0 0 0 0 0 0.0046 0.0284 0.1322 0.3012 0.4216 0.5796 0.6376 0.5702 0.505 0.4764 0.5074 0.5108 0.4054 0.3226 0.3294 0.283 0.2604 0.2136 0.1666 0.1408 0.1838 0.1884 0.1312 0.137 0.1112 0.1356 0.149 0.1524 0.1832 0.2368 0.2372 0.2284 0.2358 0.2072 0.2272 0.248 0.2714 0.2456 0.303 0.251 0.2336 0.2482 0.213 0.2356 0.212 0.1852 0.1604 0.1752 0.1966 0.1982 0.1898 0.2018 0.17 0.1868 0.1362 0.127 0.139 0.144 0.1544 0.1634 0.1534 0.1636 0.1062 0.1188 0.141 0.1798 0.1636 0.1798 0.1278 0.0852 0.0656 0.0762 0.0888 0.1638 0.1512 0.1552 0.1428 0.094 0.1554 0.125 0.104 0.0782 0.107 
0 0 0 0 0 0 0 0 0 0 0 0 0 0 0 0 0 0.0066 0.0732 0.1134 0.269 0.4538 0.4952 0.5088 0.4836 0.4944 0.5308 0.5518 0.458 0.4172 0.426 0.3492 0.3296 0.2424 0.1784 0.1114 0.116 0.1964 0.1588 0.0956 0.0966 0.136 0.1472 0.1524 0.1546 0.2022 0.203 0.237 0.3076 0.2396 0.3146 0.337 0.3026 0.301 0.236 0.2962 0.252 0.2344 0.2276 0.1698 0.1446 0.118 0.1636 0.1654 0.1134 0.1142 0.1552 0.1138 0.1334 0.1082 0.0934 0.1064 0.0992 0.12 0.1352 0.2192 0.2012 0.2536 0.2158 0.1882 0.2108 0.2164 0.16 0.1384 0.1704 0.1766 0.2298 0.259 0.1388 0.1124 0.1128 0.0636 0.0716 0.0938 0.0894 0.081 0.068 0.0656 0.0702 0.0488 
0 0 0 0 0 0 0 0 0 0 0 0 0 0 0 0 0 0.0114 0.0582 0.1516 0.2346 0.3546 0.5158 0.689 0.5682 0.6124 0.5294 0.4936 0.4664 0.4134 0.351 0.3676 0.3028 0.2362 0.2082 0.1218 0.0974 0.1034 0.1194 0.1144 0.1378 0.1266 0.1626 0.1366 0.1368 0.1946 0.2854 0.2724 0.2536 0.3254 0.3494 0.289 0.3076 0.2716 0.2464 0.2844 0.1846 0.2502 0.282 0.2964 0.2304 0.2286 0.1366 0.1102 0.1114 0.1414 0.1448 0.1518 0.136 0.1158 0.1392 0.1236 0.145 0.1874 0.1952 0.186 0.1908 0.1376 0.1422 0.1636 0.1588 0.1404 0.2204 0.2336 0.2042 0.1638 0.1546 0.0702 0.0808 0.135 0.1366 0.1132 0.1022 0.1042 0.0588 0.031 0.0682 0.0852 0.0862 0.1436 
0 0 0 0 0 0 0 0 0 0 0 0 0 0 0 0 0.0026 0.018 0.0488 0.1084 0.2626 0.3864 0.4324 0.4954 0.5296 0.5848 0.5664 0.386 0.4 0.345 0.3048 0.2846 0.2638 0.217 0.2056 0.1388 0.1274 0.1328 0.155 0.2218 0.1648 0.151 0.125 0.1518 0.1936 0.2086 0.253 0.283 0.243 0.2366 0.2264 0.2314 0.3608 0.2906 0.292 0.314 0.2282 0.2664 0.2002 0.2002 0.179 0.1758 0.1506 0.1028 0.1346 0.1418 0.1604 0.1778 0.156 0.1482 0.1636 0.1676 0.1546 0.165 0.1388 0.2044 0.1984 0.1618 0.1294 0.1328 0.1634 0.1484 0.1734 0.1262 0.081 0.1338 0.1722 0.099 0.1542 0.175 0.1484 0.1446 0.166 0.113 0.1004 0.0812 0.0788 0.1504 0.1186 0.1044 
0 0 0 0 0 0 0 0 0 0 0 0 0 0 0 0 0 0.005 0.0422 0.1162 0.2372 0.3146 0.467 0.569 0.6586 0.6158 0.6362 0.6094 0.5808 0.4716 0.5194 0.4182 0.2496 0.2198 0.1856 0.1894 0.1248 0.1284 0.1182 0.1186 0.0672 0.0924 0.1032 0.108 0.148 0.1174 0.1368 0.1982 0.2298 0.26 0.3272 0.3414 0.349 0.2754 0.2738 0.324 0.3758 0.3078 0.2906 0.2226 0.1916 0.1974 0.2008 0.1724 0.105 0.116 0.138 0.1614 0.1462 0.1386 0.133 0.143 0.136 0.19 0.1702 0.2074 0.178 0.1388 0.1268 0.1374 0.1436 0.1574 0.1438 0.175 0.1332 0.1414 0.1712 0.1366 0.1004 0.0816 0.1148 0.1426 0.124 0.1124 0.1054 0.1404 0.1466 0.1526 0.1012 0.1676 
0 0 0 0 0 0 0 0 0 0 0 0 0 0 0 0 0 0.0052 0.0826 0.1962 0.3242 0.4284 0.5514 0.616 0.514 0.6862 0.5778 0.435 0.3538 0.3782 0.3936 0.2674 0.2576 0.222 0.1782 0.1968 0.1632 0.1414 0.1242 0.1 0.0966 0.1364 0.1776 0.1712 0.1724 0.2116 0.2916 0.2944 0.2606 0.2606 0.306 0.303 0.3796 0.3268 0.3156 0.3384 0.2844 0.226 0.2322 0.1736 0.1418 0.1428 0.1328 0.1664 0.167 0.1374 0.1586 0.1254 0.1554 0.1412 0.153 0.1522 0.2062 0.1836 0.1916 0.1412 0.1176 0.1644 0.2262 0.1974 0.1604 0.1754 0.1596 0.1088 0.0978 0.0912 0.123 0.1288 0.1254 0.1718 0.1198 0.0924 0.1122 0.116 0.113 0.1778 0.1276 0.1282 0.0836 0.124 
0 0 0 0 0 0 0 0 0 0 0 0 0 0 0 0 0 0.0128 0.0194 0.1566 0.3282 0.416 0.6802 0.7404 0.73 0.6272 0.5686 0.611 0.5362 0.4892 0.4366 0.3552 0.3396 0.2092 0.1948 0.1104 0.0508 0.0434 0.0436 0.037 0.0422 0.1036 0.095 0.1164 0.1046 0.1788 0.1944 0.1996 0.2968 0.3976 0.362 0.4482 0.4442 0.3622 0.4732 0.3878 0.2828 0.2668 0.1888 0.2076 0.1726 0.1066 0.0944 0.079 0.1012 0.1004 0.0904 0.0758 0.0934 0.0788 0.0992 0.1146 0.1494 0.2358 0.31 0.25 0.1998 0.2314 0.2532 0.2712 0.1916 0.183 0.1928 0.1796 0.1334 0.1094 0.1026 0.0912 0.0802 0.0822 0.072 0.0868 0.0522 0.0668 0.0546 0.0676 0.0552 0.0692 0.1128 0.1454 
0 0 0 0 0 0 0 0 0 0 0 0 0 0 0 0 0 0.0022 0.0578 0.2498 0.474 0.605 0.5616 0.5948 0.7546 0.7454 0.6144 0.484 0.457 0.2838 0.2634 0.1458 0.163 0.1242 0.0884 0.1058 0.1078 0.112 0.1096 0.1164 0.0906 0.1092 0.2118 0.2018 0.2742 0.2656 0.323 0.4468 0.4394 0.4314 0.443 0.3958 0.2756 0.1792 0.1932 0.225 0.161 0.1534 0.1696 0.1586 0.107 0.1276 0.1436 0.1536 0.1444 0.1504 0.1408 0.1046 0.1074 0.1558 0.2856 0.312 0.2348 0.1846 0.2186 0.2086 0.209 0.2052 0.1428 0.1416 0.1756 0.1378 0.1408 0.1546 0.1508 0.132 0.118 0.071 0.0594 0.0668 0.0746 0.0438 0.048 0.0782 0.067 0.0998 0.1346 0.1146 0.1368 0.1066 
0 0 0 0 0 0 0 0 0 0 0 0 0 0 0 0 0 0.013 0.0396 0.1482 0.3452 0.549 0.6006 0.8358 0.9248 0.7468 0.635 0.5434 0.4014 0.2866 0.2808 0.3264 0.2382 0.2028 0.2036 0.163 0.1254 0.0838 0.0852 0.0762 0.042 0.0632 0.1326 0.1404 0.2438 0.2048 0.2308 0.3104 0.3884 0.3782 0.3218 0.3352 0.3376 0.344 0.2844 0.278 0.2604 0.2932 0.3906 0.2388 0.1738 0.1408 0.1512 0.2052 0.0974 0.095 0.0564 0.0626 0.0688 0.1556 0.0834 0.1184 0.1746 0.1592 0.2042 0.167 0.1598 0.1854 0.1734 0.1774 0.1718 0.2106 0.2468 0.278 0.2292 0.135 0.1278 0.145 0.1106 0.114 0.1016 0.095 0.0896 0.057 0.077 0.05 0.0414 0.064 0.0396 0.0564 
0 0 0 0 0 0 0 0 0 0 0 0 0 0 0 0 0 0.0132 0.0672 0.3106 0.426 0.673 0.7118 0.7194 0.729 0.6312 0.5484 0.485 0.473 0.409 0.3196 0.2578 0.228 0.2032 0.1922 0.1768 0.1078 0.0512 0.0656 0.0424 0.0602 0.1336 0.2274 0.2262 0.2584 0.2538 0.2998 0.3082 0.3168 0.4132 0.449 0.3798 0.3514 0.335 0.337 0.2694 0.2446 0.2004 0.1046 0.162 0.109 0.1034 0.1208 0.1204 0.1144 0.1162 0.0968 0.1064 0.1048 0.1358 0.191 0.155 0.2368 0.249 0.2332 0.2278 0.229 0.2484 0.2058 0.1464 0.1758 0.207 0.1634 0.0946 0.098 0.0896 0.0692 0.0834 0.0918 0.0746 0.066 0.0692 0.0852 0.073 0.1344 0.0786 0.0712 0.0736 0.0842 0.0706 
0 0 0 0 0 0 0 0 0 0 0 0 0 0 0 0 0 0.0058 0.0662 0.1144 0.2034 0.3212 0.3998 0.3994 0.5426 0.5274 0.4156 0.4396 0.4526 0.3774 0.3482 0.2264 0.2114 0.2478 0.2238 0.2452 0.212 0.2446 0.1998 0.1496 0.1588 0.1404 0.1672 0.1652 0.1398 0.127 0.1548 0.17 0.211 0.2332 0.2534 0.269 0.2578 0.3084 0.2822 0.2742 0.2196 0.202 0.225 0.22 0.1802 0.1454 0.1448 0.1412 0.1508 0.1646 0.1466 0.191 0.1752 0.1608 0.1354 0.1962 0.2276 0.1812 0.2052 0.2116 0.208 0.1738 0.175 0.1858 0.123 0.138 0.1676 0.1198 0.1234 0.1068 0.0868 0.1012 0.1164 0.1068 0.0958 0.1128 0.129 0.1668 0.1824 0.1022 0.0704 0.0804 0.0926 0.0958 
0 0 0 0 0 0 0 0 0 0 0 0 0 0 0 0 0 0.002 0.0454 0.152 0.299 0.3962 0.5788 0.6288 0.7688 0.7756 0.7292 0.596 0.4996 0.3572 0.3348 0.284 0.2742 0.2508 0.2102 0.1222 0.1238 0.0982 0.0568 0.0634 0.0846 0.0856 0.0886 0.1252 0.1666 0.1714 0.1844 0.2516 0.3548 0.3994 0.4448 0.358 0.3874 0.4192 0.3896 0.3436 0.2896 0.285 0.2018 0.2046 0.1614 0.1488 0.1594 0.1172 0.1008 0.0924 0.091 0.1078 0.0988 0.096 0.0616 0.0696 0.1152 0.1562 0.1702 0.2584 0.2022 0.2496 0.2318 0.2236 0.2304 0.2198 0.1984 0.2016 0.1638 0.135 0.146 0.1796 0.1342 0.096 0.0998 0.0648 0.0752 0.0862 0.0442 0.0554 0.0394 0.0562 0.0488 0.0466 
0 0 0 0 0 0 0 0 0 0 0 0 0 0 0 0 0 0.0096 0.0444 0.1582 0.2892 0.4444 0.5498 0.6078 0.6806 0.7618 0.659 0.4688 0.434 0.3174 0.3148 0.304 0.2556 0.297 0.2006 0.1762 0.1738 0.1136 0.0978 0.0702 0.0588 0.0816 0.0726 0.1036 0.2316 0.2786 0.301 0.256 0.291 0.3066 0.2686 0.2508 0.2988 0.2328 0.3032 0.2622 0.299 0.2908 0.279 0.2544 0.2276 0.1688 0.1812 0.1688 0.1354 0.1182 0.1186 0.1148 0.092 0.0662 0.0998 0.1424 0.166 0.1894 0.196 0.1712 0.194 0.1764 0.1882 0.194 0.1934 0.186 0.2324 0.2408 0.1568 0.157 0.1106 0.0908 0.0684 0.065 0.072 0.0974 0.0972 0.0982 0.0858 0.1024 0.0788 0.0994 0.1146 0.1282 
0 0 0 0 0 0 0 0 0 0 0 0 0 0 0 0 0 0.0034 0.0604 0.1836 0.366 0.4148 0.489 0.5612 0.6804 0.6412 0.5844 0.6454 0.4506 0.2988 0.3404 0.3468 0.236 0.161 0.2224 0.2082 0.1942 0.1614 0.1626 0.084 0.1016 0.086 0.106 0.153 0.257 0.223 0.2112 0.2662 0.2718 0.2754 0.2878 0.317 0.2808 0.2514 0.352 0.3524 0.313 0.2984 0.1928 0.2162 0.2018 0.1712 0.1638 0.2016 0.1668 0.1208 0.1148 0.1336 0.1798 0.1576 0.184 0.2044 0.123 0.1236 0.1432 0.196 0.1334 0.135 0.2178 0.2078 0.1696 0.1482 0.1252 0.125 0.118 0.1056 0.119 0.1202 0.1574 0.1736 0.101 0.1068 0.103 0.109 0.0724 0.0556 0.084 0.1162 0.165 0.1256 
0 0 0 0 0 0 0 0 0 0 0 0 0 0 0 0 0.001 0.0176 0.0686 0.2356 0.417 0.5864 0.7752 0.6936 0.7284 0.571 0.5216 0.4708 0.4704 0.3278 0.3728 0.234 0.2336 0.1868 0.123 0.1348 0.1578 0.1644 0.0998 0.1062 0.1104 0.1398 0.2008 0.2122 0.2706 0.29 0.3436 0.355 0.363 0.3436 0.3316 0.3372 0.264 0.2346 0.27 0.2832 0.274 0.2342 0.1758 0.1304 0.1662 0.1794 0.1206 0.1092 0.1158 0.1524 0.1686 0.1322 0.1476 0.1642 0.148 0.1982 0.202 0.1768 0.2356 0.1784 0.203 0.1382 0.1352 0.1198 0.1308 0.1788 0.1856 0.1874 0.1598 0.1636 0.1404 0.1618 0.1012 0.1204 0.0664 0.0634 0.0664 0.0956 0.0826 0.0712 0.0758 0.0676 0.0606 0.0832 
0 0 0 0 0 0 0 0 0 0 0 0 0 0 0 0 0 0.0108 0.1038 0.253 0.4028 0.5658 0.649 0.8004 0.6388 0.5082 0.5604 0.6386 0.4376 0.4206 0.2966 0.2158 0.2004 0.1612 0.1292 0.0974 0.0656 0.0924 0.0692 0.0886 0.2028 0.167 0.246 0.257 0.3734 0.349 0.343 0.297 0.2902 0.3032 0.3396 0.2928 0.2434 0.2266 0.267 0.2354 0.206 0.2332 0.1536 0.1028 0.1484 0.129 0.1344 0.1664 0.1448 0.1474 0.1706 0.2444 0.2612 0.2058 0.175 0.1786 0.2368 0.1758 0.152 0.1662 0.1504 0.1662 0.1774 0.108 0.123 0.117 0.12 0.1396 0.0948 0.0896 0.072 0.1056 0.1186 0.1462 0.1166 0.114 0.1268 0.1278 0.1266 0.1246 0.1294 0.1348 0.1336 0.0728 
0 0 0 0 0 0 0 0 0 0 0 0 0 0 0 0 0 0.0144 0.0984 0.1932 0.383 0.527 0.6622 0.6438 0.6502 0.7274 0.5548 0.5314 0.4362 0.4246 0.383 0.2768 0.3146 0.2716 0.198 0.1698 0.1216 0.0956 0.098 0.079 0.073 0.1002 0.103 0.1254 0.1342 0.1672 0.2166 0.2216 0.2976 0.4256 0.4304 0.3938 0.39 0.394 0.2716 0.298 0.2842 0.214 0.2166 0.175 0.1446 0.1462 0.1364 0.142 0.1414 0.154 0.1002 0.0972 0.1052 0.1116 0.1064 0.1438 0.1246 0.1692 0.2194 0.1682 0.2 0.2498 0.2128 0.1886 0.192 0.1662 0.2104 0.13 0.107 0.1144 0.1728 0.1746 0.1928 0.0922 0.1032 0.0952 0.111 0.1102 0.0524 0.0848 0.0902 0.0708 0.0702 0.0492 
0 0 0 0 0 0 0 0 0 0 0 0 0 0 0 0 0 0.0084 0.0646 0.1688 0.3536 0.5508 0.5758 0.7606 0.646 0.5486 0.5314 0.5664 0.4164 0.3966 0.3352 0.3126 0.2606 0.2626 0.1862 0.1756 0.0956 0.0742 0.0924 0.0884 0.1288 0.1346 0.1668 0.2286 0.2192 0.262 0.3102 0.3242 0.255 0.3402 0.3264 0.2944 0.3284 0.2542 0.2916 0.2866 0.2464 0.3136 0.2514 0.1548 0.1714 0.188 0.1074 0.1024 0.0864 0.0764 0.0928 0.1784 0.1556 0.1408 0.175 0.1916 0.1738 0.1688 0.2052 0.1296 0.188 0.148 0.1824 0.172 0.1736 0.1818 0.1842 0.2024 0.1576 0.1948 0.1456 0.0964 0.0838 0.0674 0.0838 0.1032 0.0996 0.0912 0.0994 0.1036 0.0874 0.1258 0.082 0.0846 
0 0 0 0 0 0 0 0 0 0 0 0 0 0 0 0 0 0.0144 0.0372 0.1212 0.3206 0.4878 0.525 0.673 0.6396 0.717 0.5646 0.6424 0.4306 0.4046 0.3962 0.3556 0.3946 0.1978 0.1728 0.1474 0.1486 0.104 0.0772 0.0404 0.0376 0.0552 0.0958 0.102 0.2476 0.2116 0.213 0.2322 0.2886 0.3334 0.2842 0.4322 0.3082 0.3272 0.3662 0.3604 0.3216 0.2942 0.333 0.2754 0.171 0.1822 0.1544 0.1064 0.1036 0.0712 0.1164 0.0768 0.0678 0.0876 0.1108 0.126 0.1876 0.1994 0.148 0.1064 0.1608 0.174 0.19 0.1964 0.2408 0.2302 0.2298 0.233 0.1708 0.1304 0.1214 0.142 0.143 0.142 0.077 0.0832 0.0704 0.0684 0.0976 0.0862 0.0802 0.053 0.0612 0.0432 
0 0 0 0 0 0 0 0 0 0 0 0 0 0 0 0 0 0.012 0.059 0.2356 0.3866 0.5084 0.698 0.6968 0.6416 0.6326 0.6216 0.5408 0.4538 0.394 0.3406 0.3326 0.2468 0.1798 0.1818 0.1468 0.104 0.0784 0.0976 0.064 0.0774 0.1052 0.1562 0.23 0.1926 0.2068 0.2672 0.2852 0.3106 0.381 0.4064 0.3378 0.381 0.4116 0.335 0.3096 0.2728 0.2298 0.216 0.1704 0.1572 0.1296 0.137 0.1466 0.0934 0.0724 0.0982 0.1078 0.1394 0.1484 0.093 0.1092 0.1134 0.148 0.2162 0.248 0.197 0.2034 0.2648 0.2074 0.1652 0.1848 0.2026 0.2128 0.2134 0.1786 0.1606 0.0928 0.128 0.1076 0.0544 0.055 0.0452 0.0506 0.0378 0.0558 0.0952 0.046 0.0142 0.0478 
0 0 0 0 0 0 0 0 0 0 0 0 0 0 0 0 0 0.005 0.0434 0.1426 0.325 0.635 0.6822 0.6408 0.562 0.5934 0.4674 0.4152 0.4054 0.2898 0.2842 0.2486 0.2446 0.2364 0.2786 0.2144 0.1324 0.0996 0.1202 0.1 0.1328 0.179 0.2004 0.2404 0.2182 0.209 0.2898 0.3174 0.3602 0.3488 0.2796 0.255 0.1944 0.2232 0.1674 0.2024 0.1796 0.2098 0.2226 0.2288 0.185 0.2216 0.186 0.1322 0.1342 0.1416 0.163 0.133 0.158 0.257 0.2588 0.2062 0.1652 0.1086 0.0916 0.1476 0.1964 0.1712 0.1514 0.1458 0.1806 0.1742 0.1444 0.1534 0.133 0.16 0.1186 0.101 0.089 0.1408 0.1054 0.1334 0.174 0.1656 0.1932 0.1642 0.0766 0.0752 0.0814 0.0684 
0 0 0 0 0 0 0 0 0 0 0 0 0 0 0 0 0 0.0042 0.0278 0.1106 0.3006 0.4082 0.5758 0.5444 0.5812 0.5596 0.583 0.4414 0.3522 0.2962 0.2376 0.1974 0.2006 0.1766 0.1854 0.212 0.1552 0.1308 0.1524 0.1486 0.1096 0.1656 0.2044 0.3006 0.288 0.2854 0.2694 0.3724 0.327 0.3488 0.3146 0.2858 0.2464 0.2904 0.2158 0.1954 0.1754 0.1266 0.0942 0.1112 0.0872 0.1436 0.119 0.183 0.1586 0.1682 0.1316 0.1566 0.2548 0.2584 0.243 0.2212 0.233 0.3348 0.2512 0.2558 0.2268 0.1798 0.2016 0.1384 0.1114 0.1076 0.0824 0.0758 0.0798 0.1066 0.0868 0.0572 0.0514 0.0412 0.0454 0.0556 0.0658 0.0592 0.0538 0.0888 0.1036 0.1132 0.2076 0.1564 
0 0 0 0 0 0 0 0 0 0 0 0 0 0 0 0 0 0.0052 0.0314 0.1356 0.2396 0.4184 0.5378 0.627 0.7162 0.5978 0.524 0.4376 0.4242 0.5106 0.3866 0.2698 0.2706 0.251 0.2276 0.1566 0.1224 0.1188 0.088 0.1166 0.1376 0.124 0.1226 0.1232 0.1162 0.226 0.1868 0.2118 0.338 0.3192 0.3208 0.3676 0.2932 0.3292 0.323 0.2654 0.25 0.2552 0.285 0.2572 0.2518 0.2034 0.1988 0.184 0.1334 0.1148 0.1256 0.1282 0.0962 0.1214 0.1152 0.1214 0.1272 0.1944 0.1498 0.1186 0.1874 0.137 0.0996 0.1326 0.1594 0.1628 0.1962 0.2086 0.2472 0.1722 0.205 0.145 0.1296 0.127 0.153 0.0902 0.0778 0.1058 0.089 0.1116 0.1234 0.1126 0.0516 0.0486 
0 0 0 0 0 0 0 0 0 0 0 0 0 0 0 0 0 0.0186 0.0854 0.1818 0.3522 0.5138 0.6192 0.726 0.5882 0.6394 0.5704 0.5876 0.485 0.4268 0.32 0.3334 0.2562 0.2098 0.1978 0.219 0.1908 0.1418 0.1226 0.088 0.0864 0.0714 0.115 0.2294 0.26 0.2248 0.3046 0.2746 0.3378 0.37 0.3518 0.2396 0.217 0.256 0.2792 0.2746 0.261 0.259 0.1884 0.1578 0.1902 0.1736 0.1872 0.2106 0.1666 0.1462 0.1138 0.1146 0.0954 0.1304 0.1798 0.1228 0.1928 0.225 0.2064 0.1516 0.2126 0.229 0.2092 0.1728 0.2086 0.1422 0.1832 0.1308 0.1152 0.0898 0.1176 0.1248 0.1002 0.0684 0.063 0.0736 0.0846 0.0862 0.1004 0.0726 0.0644 0.0872 0.1 0.0792 
0 0 0 0 0 0 0 0 0 0 0 0 0 0 0 0 0 0.018 0.0808 0.1862 0.3852 0.6056 0.5534 0.5144 0.737 0.6372 0.5138 0.5576 0.4582 0.3666 0.3354 0.2528 0.1972 0.1596 0.1442 0.1158 0.145 0.1454 0.0758 0.1 0.0738 0.1378 0.16 0.1716 0.1848 0.2028 0.2228 0.2572 0.248 0.3316 0.3274 0.3586 0.2804 0.28 0.2428 0.2394 0.3122 0.2854 0.2452 0.214 0.1526 0.1152 0.1184 0.1366 0.127 0.183 0.1382 0.1994 0.1744 0.1446 0.1116 0.1224 0.178 0.1274 0.1428 0.1378 0.1168 0.146 0.17 0.1716 0.1534 0.2514 0.289 0.1736 0.1726 0.144 0.1268 0.0954 0.1166 0.1504 0.1678 0.1122 0.1068 0.13 0.113 0.1134 0.0642 0.0562 0.0882 0.0976 
0 0 0 0 0 0 0 0 0 0 0 0 0 0 0 0 0 0.0074 0.0454 0.1936 0.2684 0.4608 0.6026 0.7146 0.7882 0.6738 0.548 0.4296 0.4554 0.4448 0.3374 0.2652 0.1506 0.1768 0.1286 0.0952 0.0854 0.0966 0.1122 0.133 0.093 0.122 0.155 0.229 0.1684 0.237 0.3154 0.4246 0.3476 0.3356 0.2726 0.36 0.3308 0.2526 0.304 0.2336 0.2044 0.1726 0.19 0.1622 0.1734 0.2164 0.1704 0.1338 0.1242 0.1236 0.1394 0.179 0.1634 0.1564 0.1764 0.2014 0.2208 0.2384 0.15 0.1532 0.1482 0.1238 0.0976 0.1022 0.0896 0.124 0.1486 0.1744 0.1588 0.186 0.2136 0.1388 0.1466 0.0992 0.1506 0.1092 0.0856 0.101 0.1108 0.1258 0.0786 0.0896 0.1174 0.1168 
0 0 0 0 0 0 0 0 0 0 0 0 0 0 0 0 0.0016 0.009 0.0542 0.1522 0.3258 0.5206 0.5404 0.6802 0.6358 0.7552 0.718 0.4696 0.3918 0.3188 0.2828 0.3066 0.303 0.3222 0.279 0.147 0.126 0.1132 0.0808 0.0922 0.0744 0.053 0.111 0.1216 0.1276 0.2078 0.2832 0.2836 0.3004 0.3714 0.3316 0.3468 0.3144 0.2426 0.283 0.3468 0.3006 0.2666 0.2048 0.2158 0.2334 0.2112 0.2498 0.2046 0.134 0.1142 0.124 0.1472 0.094 0.0968 0.087 0.077 0.1232 0.1364 0.216 0.1488 0.1664 0.1544 0.1888 0.19 0.2048 0.2122 0.1836 0.1776 0.1518 0.2102 0.1384 0.1458 0.144 0.1106 0.108 0.0906 0.0792 0.0436 0.0466 0.0818 0.0848 0.1232 0.087 0.0914 
0 0 0 0 0 0 0 0 0 0 0 0 0 0 0 0 0 0.0096 0.04 0.1534 0.3522 0.4728 0.6132 0.7462 0.784 0.707 0.5252 0.4998 0.5638 0.3342 0.294 0.2674 0.2802 0.2892 0.1814 0.1458 0.1262 0.0732 0.0668 0.0964 0.1038 0.102 0.164 0.1944 0.1878 0.215 0.327 0.3292 0.2822 0.314 0.3118 0.3116 0.349 0.3068 0.3232 0.3254 0.3008 0.2364 0.2482 0.2156 0.1206 0.1302 0.1082 0.1404 0.1502 0.154 0.1606 0.1168 0.1104 0.1268 0.095 0.1092 0.1704 0.148 0.1926 0.2088 0.2246 0.2026 0.2016 0.2546 0.321 0.2082 0.1264 0.1062 0.0852 0.1096 0.0788 0.096 0.0716 0.1094 0.1302 0.1138 0.0632 0.0574 0.057 0.0832 0.0728 0.1188 0.1046 0.1058 
0 0 0 0 0 0 0 0 0 0 0 0 0 0 0 0 0 0.0114 0.0712 0.2166 0.4628 0.5832 0.6892 0.7502 0.6942 0.6438 0.526 0.4644 0.4446 0.4042 0.4042 0.2784 0.2454 0.2208 0.1988 0.1346 0.108 0.1166 0.0946 0.0934 0.0934 0.0686 0.0958 0.1578 0.2566 0.3596 0.3248 0.34 0.3136 0.3406 0.3288 0.3314 0.3542 0.2586 0.2828 0.2938 0.254 0.2354 0.2796 0.2192 0.179 0.1682 0.129 0.074 0.1188 0.0866 0.0646 0.091 0.1092 0.1148 0.135 0.1058 0.1174 0.1866 0.2292 0.3294 0.221 0.242 0.2902 0.2198 0.1684 0.169 0.1864 0.1982 0.1606 0.1296 0.113 0.1416 0.0896 0.1064 0.0674 0.021 0.0188 0.048 0.0298 0.039 0.0824 0.0814 0.0464 0.0474 
0 0 0 0 0 0 0 0 0 0 0 0 0 0 0 0 0 0.0166 0.078 0.2056 0.3182 0.449 0.4996 0.5424 0.5836 0.7256 0.7836 0.5854 0.541 0.4296 0.3972 0.321 0.2504 0.176 0.1598 0.118 0.0876 0.0876 0.0994 0.1112 0.1328 0.0688 0.1342 0.1868 0.1824 0.2072 0.23 0.2274 0.2662 0.2588 0.39 0.3988 0.2966 0.326 0.25 0.2628 0.278 0.2208 0.239 0.2324 0.2634 0.1412 0.1436 0.105 0.1168 0.146 0.116 0.082 0.1014 0.1436 0.1928 0.1758 0.233 0.1632 0.1602 0.1484 0.1532 0.1266 0.102 0.1362 0.228 0.2648 0.178 0.1574 0.1486 0.202 0.2114 0.148 0.0656 0.0602 0.076 0.0946 0.0604 0.122 0.1628 0.1198 0.0782 0.0812 0.1046 0.0726 
0 0 0 0 0 0 0 0 0 0 0 0 0 0 0 0 0 0.0098 0.0374 0.1912 0.4162 0.5834 0.6694 0.7 0.6122 0.5962 0.4474 0.3336 0.3102 0.2608 0.2974 0.2406 0.292 0.2118 0.2296 0.1702 0.2016 0.1912 0.1154 0.0968 0.112 0.1164 0.1442 0.2104 0.3008 0.3392 0.3448 0.3754 0.3556 0.3204 0.3888 0.3206 0.2544 0.2632 0.2572 0.251 0.1624 0.1076 0.1154 0.156 0.121 0.1148 0.0938 0.1354 0.1406 0.1034 0.168 0.1992 0.2058 0.25 0.242 0.2322 0.2506 0.2498 0.2448 0.218 0.2792 0.1756 0.1324 0.1658 0.1242 0.0924 0.0896 0.0778 0.095 0.0792 0.0434 0.029 0.0348 0.059 0.0808 0.1082 0.1282 0.1276 0.1364 0.1638 0.1218 0.1088 0.1308 0.0982 
0 0 0 0 0 0 0 0 0 0 0 0 0 0 0 0 0 0.0154 0.0594 0.1712 0.3938 0.5678 0.602 0.797 0.6646 0.7116 0.6504 0.4482 0.3968 0.419 0.4234 0.3474 0.2116 0.1892 0.163 0.112 0.1348 0.1136 0.0862 0.0644 0.0442 0.0742 0.0744 0.1108 0.1196 0.177 0.3586 0.3726 0.296 0.3294 0.3146 0.373 0.3856 0.4098 0.312 0.288 0.2954 0.3104 0.2838 0.2388 0.1898 0.1618 0.1344 0.112 0.0948 0.0858 0.0888 0.063 0.0564 0.1002 0.1454 0.0898 0.148 0.1748 0.2008 0.173 0.2202 0.2204 0.1942 0.199 0.279 0.2654 0.2064 0.1744 0.1114 0.1522 0.1756 0.1562 0.1262 0.1066 0.1042 0.0612 0.0884 0.0458 0.0426 0.029 0.0384 0.0346 0.0486 0.0828 
0 0 0 0 0 0 0 0 0 0 0 0 0 0 0 0 0 0.003 0.0578 0.198 0.3668 0.521 0.6526 0.6032 0.604 0.6472 0.5474 0.4334 0.3994 0.3364 0.3796 0.2466 0.2574 0.2258 0.2452 0.247 0.1894 0.1616 0.1362 0.0728 0.0534 0.0692 0.1222 0.1404 0.1672 0.2078 0.2614 0.2848 0.3798 0.3512 0.2704 0.2238 0.2902 0.3 0.2964 0.333 0.333 0.284 0.2624 0.2234 0.248 0.1922 0.134 0.0996 0.1184 0.1348 0.1064 0.1068 0.1146 0.1092 0.0996 0.1236 0.1788 0.1462 0.1786 0.1814 0.1512 0.176 0.2188 0.2212 0.2036 0.2204 0.1866 0.1644 0.1618 0.1628 0.1172 0.1174 0.1272 0.0992 0.1026 0.065 0.1022 0.114 0.0978 0.086 0.0876 0.0986 0.1108 0.1164 
0 0 0 0 0 0 0 0 0 0 0 0 0 0 0 0 0 0.0144 0.0582 0.19 0.3174 0.4176 0.6402 0.6838 0.6596 0.613 0.54 0.4502 0.4524 0.389 0.4026 0.3604 0.2622 0.1814 0.1338 0.162 0.165 0.1012 0.0684 0.0824 0.0998 0.0918 0.1058 0.1412 0.2404 0.2374 0.1924 0.2888 0.2788 0.3112 0.3444 0.3306 0.3204 0.251 0.3096 0.3018 0.2718 0.2756 0.334 0.2382 0.2098 0.146 0.1548 0.178 0.1364 0.1182 0.0772 0.084 0.0796 0.1352 0.1194 0.1248 0.1824 0.1688 0.2274 0.243 0.1862 0.2044 0.1694 0.1498 0.1342 0.1188 0.1704 0.2194 0.1606 0.1446 0.1728 0.163 0.1528 0.1268 0.113 0.1246 0.1582 0.121 0.0676 0.075 0.0512 0.053 0.0922 0.081 
0 0 0 0 0 0 0 0 0 0 0 0 0 0 0 0 0.0008 0.0066 0.07 0.1268 0.391 0.6442 0.7088 0.7084 0.6784 0.749 0.6286 0.5432 0.4694 0.3146 0.3038 0.2602 0.2296 0.19 0.241 0.1894 0.0862 0.096 0.0612 0.0606 0.0648 0.0948 0.1014 0.1974 0.2058 0.297 0.3976 0.41 0.3792 0.3742 0.384 0.317 0.3346 0.2754 0.2704 0.2942 0.2444 0.2014 0.2282 0.1622 0.1954 0.1484 0.0944 0.0868 0.1208 0.114 0.1602 0.1508 0.175 0.178 0.157 0.1708 0.1826 0.1376 0.1458 0.1892 0.2356 0.2356 0.1916 0.1946 0.197 0.1438 0.1212 0.1082 0.105 0.108 0.1388 0.1906 0.0998 0.1148 0.0672 0.0598 0.0998 0.0422 0.0718 0.0836 0.054 0.0678 0.079 0.1138 
0 0 0 0 0 0 0 0 0 0 0 0 0 0 0 0 0 0.0272 0.1262 0.252 0.3894 0.7494 0.7584 0.7384 0.6744 0.5738 0.4448 0.394 0.3912 0.296 0.3224 0.2502 0.1818 0.2154 0.1506 0.1002 0.0974 0.0924 0.164 0.1988 0.1224 0.146 0.2048 0.2182 0.3032 0.3358 0.3374 0.322 0.3684 0.3768 0.285 0.2306 0.164 0.1712 0.1928 0.2278 0.1898 0.1904 0.1552 0.1792 0.163 0.2104 0.2308 0.1926 0.182 0.1928 0.1888 0.1678 0.159 0.1788 0.1504 0.2004 0.1684 0.1952 0.1386 0.1504 0.127 0.1216 0.1546 0.2058 0.1858 0.1366 0.1392 0.1406 0.1728 0.154 0.1252 0.1372 0.113 0.1206 0.1226 0.1482 0.1184 0.0726 0.0666 0.078 0.117 0.1194 0.0958 0.0898 
0 0 0 0 0 0 0 0 0 0 0 0 0 0 0 0 0.0028 0.0112 0.0476 0.1946 0.3496 0.5692 0.5914 0.6468 0.773 0.5916 0.5536 0.4888 0.4426 0.4678 0.4538 0.3156 0.2258 0.2102 0.1622 0.1588 0.1026 0.086 0.0922 0.0442 0.068 0.1236 0.1774 0.1702 0.1444 0.203 0.252 0.317 0.2974 0.359 0.4366 0.4208 0.3068 0.3098 0.3196 0.2764 0.3068 0.2028 0.1842 0.1202 0.1492 0.16 0.1666 0.1606 0.1464 0.1292 0.085 0.1 0.0958 0.1036 0.1422 0.1716 0.146 0.144 0.2048 0.2496 0.213 0.2204 0.2052 0.212 0.2138 0.1916 0.1276 0.1436 0.1788 0.1948 0.1776 0.126 0.1042 0.094 0.0604 0.0684 0.1104 0.0492 0.0596 0.0612 0.07 0.0612 0.058 0.0694 
0 0 0 0 0 0 0 0 0 0 0 0 0 0 0 0 0 0.0156 0.0974 0.259 0.5426 0.5774 0.8402 0.7234 0.692 0.6388 0.4908 0.4888 0.353 0.277 0.266 0.2054 0.179 0.1544 0.1408 0.1258 0.1166 0.1066 0.1208 0.1438 0.1528 0.171 0.2104 0.308 0.335 0.4212 0.4566 0.4218 0.3332 0.3502 0.3654 0.2726 0.2296 0.1962 0.2104 0.2062 0.1464 0.1746 0.1272 0.1248 0.144 0.188 0.135 0.123 0.1412 0.1182 0.167 0.2056 0.2494 0.1914 0.191 0.2538 0.2922 0.1944 0.1954 0.1654 0.156 0.1588 0.1306 0.1074 0.1068 0.0772 0.1038 0.1152 0.1746 0.1394 0.128 0.1074 0.0598 0.0808 0.143 0.1522 0.0928 0.1438 0.1064 0.0772 0.1128 0.0734 0.069 0.0486 
0 0 0 0 0 0 0 0 0 0 0 0 0 0 0 0 0 0.0034 0.0328 0.1312 0.2658 0.392 0.4904 0.726 0.7548 0.6078 0.5418 0.5762 0.4138 0.395 0.334 0.3232 0.2484 0.189 0.2058 0.181 0.1734 0.1282 0.0938 0.0726 0.0916 0.0576 0.0866 0.122 0.1322 0.1724 0.2432 0.3052 0.3532 0.3546 0.2896 0.3536 0.3888 0.3004 0.277 0.2828 0.2504 0.2292 0.2448 0.198 0.2232 0.1788 0.1782 0.1456 0.1234 0.1178 0.0908 0.1122 0.134 0.0976 0.0836 0.1224 0.1742 0.2196 0.1632 0.167 0.1804 0.1816 0.1812 0.2102 0.1774 0.202 0.148 0.2122 0.2054 0.2166 0.2266 0.1746 0.117 0.0764 0.0548 0.053 0.0866 0.0832 0.0538 0.0982 0.0668 0.0974 0.074 0.083 
0 0 0 0 0 0 0 0 0 0 0 0 0 0 0 0 0 0.0046 0.0306 0.2224 0.4192 0.5784 0.6584 0.7834 0.7382 0.6658 0.5374 0.4722 0.3872 0.3158 0.3412 0.3084 0.2818 0.201 0.1732 0.1424 0.129 0.1144 0.1048 0.0806 0.0826 0.1074 0.113 0.2032 0.2916 0.2936 0.3142 0.4146 0.414 0.2796 0.3078 0.3166 0.3176 0.3186 0.3032 0.2282 0.2018 0.1982 0.198 0.1922 0.223 0.1724 0.1446 0.1294 0.1064 0.081 0.159 0.1452 0.1594 0.2076 0.1882 0.1618 0.2344 0.156 0.1266 0.1394 0.1478 0.1492 0.1898 0.185 0.2224 0.1632 0.1764 0.1714 0.133 0.1 0.1358 0.0848 0.0776 0.111 0.1082 0.1358 0.1326 0.1356 0.0864 0.0788 0.063 0.0586 0.0738 0.0734 
0 0 0 0 0 0 0 0 0 0 0 0 0 0 0 0 0 0.0176 0.0894 0.2082 0.3516 0.5308 0.757 0.649 0.642 0.5662 0.5666 0.4956 0.4096 0.3936 0.4078 0.29 0.2096 0.171 0.1634 0.1166 0.1312 0.0836 0.0914 0.061 0.0944 0.1536 0.165 0.1902 0.2612 0.2962 0.335 0.2918 0.3068 0.3062 0.3424 0.3756 0.3534 0.3534 0.2754 0.2484 0.2318 0.2288 0.1838 0.1596 0.1476 0.1334 0.1502 0.1606 0.109 0.1424 0.1414 0.0914 0.0786 0.1228 0.1414 0.1446 0.2322 0.2422 0.1846 0.1486 0.2312 0.1702 0.2088 0.135 0.182 0.2088 0.2088 0.1564 0.173 0.1238 0.0972 0.1162 0.078 0.0856 0.0906 0.0992 0.1362 0.1144 0.1096 0.0952 0.0464 0.0624 0.0688 0.0766 
0 0 0 0 0 0 0 0 0 0 0 0 0 0 0 0 0 0.012 0.0746 0.2282 0.4542 0.5446 0.6442 0.6268 0.569 0.557 0.5634 0.4846 0.4096 0.3558 0.3126 0.4296 0.3636 0.228 0.23 0.132 0.1436 0.1008 0.0604 0.0674 0.0728 0.1444 0.2168 0.194 0.2222 0.2238 0.2542 0.2422 0.3422 0.3212 0.3254 0.2848 0.309 0.3594 0.2896 0.286 0.3188 0.2486 0.366 0.1872 0.163 0.153 0.1574 0.1448 0.1528 0.1754 0.1534 0.1428 0.0908 0.1034 0.1698 0.1408 0.1176 0.1316 0.1396 0.1886 0.1332 0.1594 0.1412 0.1578 0.2104 0.1728 0.1738 0.1528 0.1728 0.167 0.173 0.1432 0.1062 0.0946 0.1612 0.157 0.0822 0.096 0.056 0.059 0.0744 0.0922 0.0908 0.0822 
0 0 0 0 0 0 0 0 0 0 0 0 0 0 0 0 0.0016 0.016 0.0618 0.2282 0.4218 0.6744 0.7552 0.6448 0.7426 0.6412 0.619 0.459 0.391 0.3258 0.312 0.2552 0.1964 0.155 0.143 0.1056 0.0954 0.1026 0.1154 0.0852 0.1198 0.203 0.247 0.1924 0.3106 0.329 0.2902 0.3168 0.3324 0.2998 0.3534 0.2874 0.2324 0.2098 0.214 0.2266 0.1564 0.211 0.2064 0.2206 0.1646 0.2096 0.1708 0.1438 0.187 0.1694 0.15 0.1298 0.1664 0.2234 0.2334 0.144 0.1358 0.179 0.126 0.112 0.121 0.1142 0.1092 0.1322 0.1716 0.219 0.2138 0.21 0.1616 0.1864 0.1398 0.169 0.1044 0.1116 0.161 0.1674 0.0994 0.0806 0.0614 0.05 0.0512 0.0344 0.0406 0.0256 
0 0 0 0 0 0 0 0 0 0 0 0 0 0 0 0 0 0.0052 0.065 0.2224 0.4628 0.5474 0.5968 0.6756 0.6146 0.661 0.5168 0.4572 0.4686 0.3628 0.3508 0.2478 0.2522 0.2248 0.1826 0.1148 0.0924 0.091 0.1042 0.1296 0.076 0.097 0.243 0.1962 0.1804 0.2172 0.2244 0.3112 0.3716 0.2788 0.2374 0.3518 0.2996 0.2918 0.2934 0.251 0.1838 0.2378 0.2196 0.2314 0.2896 0.1716 0.2144 0.148 0.1864 0.1606 0.1078 0.0872 0.0926 0.1136 0.0958 0.1216 0.204 0.1548 0.1818 0.1774 0.1814 0.1448 0.189 0.1866 0.2018 0.1914 0.2498 0.1724 0.1614 0.1998 0.1742 0.1318 0.1252 0.0938 0.0896 0.069 0.0742 0.036 0.0644 0.0594 0.0918 0.098 0.1028 0.1154 
0 0 0 0 0 0 0 0 0 0 0 0 0 0 0 0 0 0.0096 0.0502 0.189 0.244 0.3942 0.451 0.5916 0.5486 0.4406 0.4302 0.5292 0.537 0.4772 0.3918 0.4398 0.302 0.287 0.2702 0.2076 0.1612 0.152 0.1304 0.1494 0.1284 0.1344 0.1064 0.1708 0.1656 0.1768 0.2146 0.199 0.2616 0.2158 0.2264 0.2496 0.2274 0.2026 0.2062 0.223 0.2682 0.2712 0.2984 0.2826 0.1842 0.2234 0.163 0.2048 0.2466 0.2284 0.1484 0.2122 0.2634 0.1962 0.169 0.1854 0.115 0.0924 0.1176 0.1384 0.0926 0.1104 0.0824 0.1496 0.152 0.1124 0.1896 0.119 0.1076 0.1246 0.1238 0.159 0.1666 0.14 0.143 0.1574 0.1656 0.1086 0.1694 0.152 0.1414 0.1136 0.1128 0.1338 
0 0 0 0 0 0 0 0 0 0 0 0 0 0 0 0 0.0012 0.0142 0.0468 0.147 0.3472 0.4786 0.5278 0.6494 0.5476 0.5302 0.4344 0.332 0.3712 0.3864 0.3792 0.3108 0.307 0.222 0.2164 0.2068 0.1746 0.1818 0.173 0.1642 0.1294 0.1396 0.1808 0.1412 0.185 0.1752 0.2156 0.2684 0.343 0.285 0.258 0.3172 0.2244 0.2236 0.1768 0.1834 0.1926 0.233 0.2038 0.264 0.2662 0.2502 0.2418 0.216 0.2146 0.2318 0.2042 0.1464 0.164 0.1798 0.15 0.1696 0.1798 0.1876 0.1954 0.1186 0.119 0.1014 0.1276 0.1546 0.1432 0.126 0.1776 0.1362 0.1302 0.1352 0.138 0.1366 0.1076 0.1198 0.1102 0.1158 0.1248 0.1212 0.1042 0.1228 0.1268 0.1594 0.112 0.0926 
0 0 0 0 0 0 0 0 0 0 0 0 0 0 0 0 0 0.0122 0.0454 0.2068 0.374 0.4804 0.5512 0.6692 0.693 0.583 0.6308 0.4856 0.363 0.2982 0.2424 0.1776 0.2166 0.239 0.2334 0.1628 0.1512 0.1918 0.1646 0.0742 0.1116 0.1904 0.1484 0.1526 0.214 0.35 0.294 0.2516 0.2534 0.3594 0.328 0.236 0.2196 0.2982 0.3122 0.2828 0.2222 0.2014 0.2376 0.1872 0.1584 0.1556 0.1166 0.164 0.128 0.1444 0.1384 0.1334 0.137 0.2404 0.3336 0.2888 0.1846 0.144 0.1424 0.1516 0.159 0.1862 0.2178 0.211 0.1552 0.1396 0.1082 0.0948 0.0868 0.0858 0.0938 0.1092 0.1024 0.0816 0.0702 0.1382 0.0988 0.175 0.1608 0.1602 0.1292 0.1086 0.1062 0.0694 
0 0 0 0 0 0 0 0 0 0 0 0 0 0 0 0 0.0048 0.015 0.0918 0.1574 0.2538 0.3448 0.5218 0.501 0.5944 0.506 0.488 0.4058 0.3176 0.3596 0.3722 0.3104 0.2868 0.3442 0.2732 0.2558 0.195 0.185 0.1654 0.1292 0.0948 0.1046 0.123 0.1354 0.1388 0.2242 0.251 0.2602 0.2404 0.2658 0.2622 0.3104 0.2652 0.2804 0.182 0.2554 0.2168 0.2068 0.2658 0.2588 0.2912 0.2476 0.1682 0.1574 0.2004 0.148 0.1378 0.1392 0.1268 0.1538 0.1676 0.1672 0.2032 0.1814 0.1912 0.1602 0.173 0.147 0.1244 0.1382 0.1688 0.1392 0.1432 0.128 0.0966 0.1004 0.1088 0.0972 0.098 0.1212 0.1086 0.1402 0.1678 0.1484 0.1604 0.201 0.2728 0.154 0.1892 0.0854 
0 0 0 0 0 0 0 0 0 0 0 0 0 0 0 0 0 0.0066 0.0254 0.1654 0.2796 0.454 0.5946 0.5698 0.596 0.5518 0.4624 0.3956 0.3394 0.358 0.2992 0.3622 0.3308 0.2642 0.1758 0.2282 0.1698 0.189 0.1286 0.1312 0.1196 0.1222 0.1428 0.2026 0.2648 0.3002 0.2762 0.247 0.2732 0.2976 0.313 0.332 0.2368 0.3176 0.2452 0.2238 0.2262 0.1776 0.1514 0.1162 0.1198 0.1272 0.1366 0.1154 0.111 0.1426 0.217 0.1826 0.1344 0.1702 0.1798 0.2014 0.2334 0.2324 0.1876 0.2252 0.1926 0.1926 0.1882 0.1596 0.1708 0.1276 0.1392 0.1346 0.1236 0.1334 0.1166 0.1108 0.1084 0.0974 0.0898 0.1126 0.0894 0.0794 0.133 0.0834 0.0886 0.0946 0.0942 0.087 
0 0 0 0 0 0 0 0 0 0 0 0 0 0 0 0 0 0.0034 0.0334 0.1776 0.2578 0.493 0.7952 0.7864 0.691 0.606 0.5536 0.6868 0.5706 0.3576 0.3738 0.2872 0.2482 0.181 0.1982 0.1746 0.0806 0.0862 0.0436 0.0386 0.0538 0.0634 0.0782 0.1182 0.1944 0.2012 0.233 0.2756 0.323 0.2956 0.3344 0.4244 0.3838 0.3098 0.3768 0.3244 0.3618 0.2884 0.249 0.2564 0.1764 0.1592 0.1658 0.1256 0.116 0.1308 0.0538 0.0596 0.0594 0.086 0.1726 0.1736 0.1304 0.143 0.1504 0.1708 0.1814 0.1718 0.2336 0.2556 0.2494 0.2112 0.2016 0.223 0.1678 0.1388 0.1054 0.0918 0.0844 0.136 0.1326 0.0802 0.0526 0.067 0.0528 0.0968 0.108 0.0836 0.0778 0.1168 
0 0 0 0 0 0 0 0 0 0 0 0 0 0 0 0 0 0.0046 0.0464 0.1108 0.2666 0.416 0.5164 0.5772 0.6596 0.6042 0.5376 0.4818 0.439 0.399 0.3504 0.2976 0.2504 0.2508 0.2088 0.1854 0.1872 0.2392 0.213 0.198 0.1476 0.111 0.0844 0.1536 0.1366 0.1696 0.1896 0.2732 0.2922 0.2362 0.2804 0.2692 0.3236 0.2956 0.2978 0.2164 0.1618 0.1858 0.3368 0.3168 0.2992 0.2206 0.1698 0.1726 0.1432 0.1432 0.1166 0.1198 0.1262 0.1338 0.1592 0.1648 0.1638 0.172 0.1344 0.1734 0.1562 0.2342 0.2096 0.122 0.1262 0.1292 0.1648 0.1702 0.1496 0.1246 0.1214 0.1706 0.1096 0.1074 0.1278 0.128 0.1108 0.0958 0.1354 0.1166 0.077 0.0522 0.0946 0.128 
0 0 0 0 0 0 0 0 0 0 0 0 0 0 0 0 0 0.0062 0.0282 0.1472 0.4046 0.4424 0.5362 0.598 0.6486 0.534 0.4362 0.3472 0.3936 0.3128 0.2754 0.2886 0.2314 0.229 0.216 0.1886 0.113 0.128 0.1306 0.1474 0.1668 0.2082 0.1232 0.1896 0.2158 0.2548 0.3156 0.2622 0.3206 0.2044 0.2694 0.241 0.267 0.2142 0.2618 0.288 0.2116 0.2668 0.1992 0.157 0.1512 0.1608 0.1808 0.1502 0.205 0.1254 0.1792 0.1518 0.1424 0.099 0.1328 0.175 0.1586 0.1424 0.1376 0.1712 0.1876 0.196 0.1948 0.2214 0.1622 0.141 0.148 0.1484 0.114 0.138 0.173 0.214 0.1544 0.1292 0.1098 0.1212 0.1158 0.0724 0.051 0.0772 0.0998 0.108 0.1134 0.1134 
0 0 0 0 0 0 0 0 0 0 0 0 0 0 0 0 0 0.0012 0.0522 0.156 0.371 0.5162 0.651 0.7538 0.6652 0.6514 0.6858 0.5748 0.4776 0.3534 0.352 0.3282 0.2678 0.1484 0.1322 0.1246 0.1608 0.1286 0.0958 0.1088 0.0688 0.0976 0.1022 0.1344 0.1966 0.3136 0.2982 0.3992 0.3486 0.3592 0.2928 0.2892 0.2698 0.297 0.3204 0.234 0.1824 0.1842 0.232 0.2222 0.2264 0.2036 0.1438 0.1384 0.0916 0.1188 0.1324 0.12 0.146 0.1364 0.189 0.1778 0.2172 0.1812 0.1994 0.2116 0.1706 0.1818 0.118 0.121 0.1272 0.1398 0.1444 0.1706 0.1818 0.1114 0.1126 0.1228 0.103 0.1846 0.1542 0.1148 0.0652 0.1378 0.1092 0.1152 0.134 0.1356 0.1258 0.092 
0 0 0 0 0 0 0 0 0 0 0 0 0 0 0 0 0 0 0.0488 0.1242 0.2828 0.4098 0.4648 0.6426 0.7184 0.6532 0.6578 0.5598 0.5034 0.434 0.3846 0.2944 0.2722 0.1976 0.2154 0.206 0.1128 0.0942 0.1392 0.1146 0.1676 0.1312 0.108 0.1458 0.138 0.1768 0.1984 0.2556 0.301 0.252 0.247 0.2852 0.356 0.2844 0.4296 0.3944 0.2774 0.2632 0.272 0.2548 0.1798 0.1732 0.207 0.19 0.146 0.1064 0.0986 0.0826 0.099 0.1802 0.1114 0.1296 0.0936 0.1312 0.1176 0.1654 0.1844 0.188 0.1756 0.174 0.1616 0.2042 0.1632 0.2238 0.2322 0.1484 0.1542 0.1506 0.1366 0.1436 0.123 0.1212 0.0882 0.0878 0.117 0.105 0.082 0.0694 0.0542 0.065 
0 0 0 0 0 0 0 0 0 0 0 0 0 0 0 0 0 0.0158 0.0578 0.181 0.3724 0.543 0.6708 0.6898 0.7318 0.6608 0.675 0.4792 0.4614 0.4148 0.2894 0.2734 0.2284 0.1994 0.2134 0.1478 0.1166 0.084 0.0974 0.0668 0.0932 0.0938 0.2188 0.2278 0.2126 0.2202 0.2832 0.3374 0.3864 0.3344 0.3434 0.3854 0.3382 0.323 0.3028 0.258 0.1572 0.1026 0.1484 0.1846 0.1748 0.2024 0.182 0.1468 0.189 0.1594 0.0946 0.0678 0.1434 0.218 0.1842 0.218 0.2596 0.2216 0.2444 0.1998 0.1622 0.1594 0.174 0.1564 0.11 0.1122 0.0822 0.0794 0.0824 0.1314 0.1482 0.1132 0.107 0.1382 0.1022 0.112 0.1238 0.0716 0.0728 0.141 0.1054 0.1166 0.1052 0.083 
0 0 0 0 0 0 0 0 0 0 0 0 0 0 0 0 0.0042 0.018 0.1252 0.2284 0.3712 0.502 0.6888 0.6992 0.6776 0.664 0.5474 0.5478 0.5124 0.388 0.3278 0.299 0.2754 0.1886 0.1654 0.1272 0.115 0.1 0.1262 0.1 0.1022 0.1396 0.2508 0.2124 0.1776 0.2564 0.2496 0.2394 0.2912 0.2866 0.3548 0.323 0.3398 0.295 0.2742 0.2064 0.2662 0.3708 0.2656 0.2166 0.1766 0.1296 0.157 0.1316 0.1442 0.1336 0.1424 0.1116 0.1048 0.1216 0.1458 0.136 0.186 0.1972 0.1852 0.1656 0.1326 0.1258 0.1426 0.1978 0.2398 0.1632 0.1694 0.1608 0.1554 0.162 0.1896 0.164 0.1126 0.1108 0.1194 0.109 0.0722 0.0516 0.0656 0.0786 0.044 0.0688 0.0976 0.0802 
0 0 0 0 0 0 0 0 0 0 0 0 0 0 0 0 0 0.0092 0.1188 0.2242 0.4162 0.5282 0.6788 0.6294 0.6354 0.5864 0.4774 0.3402 0.3294 0.2856 0.3048 0.2596 0.231 0.266 0.181 0.1686 0.201 0.2288 0.1816 0.1218 0.13 0.107 0.1578 0.2258 0.2878 0.3276 0.3064 0.3192 0.318 0.3028 0.3556 0.2398 0.2682 0.2652 0.2464 0.201 0.2544 0.2088 0.2214 0.2204 0.183 0.1738 0.1774 0.18 0.101 0.1146 0.1406 0.1362 0.1488 0.1518 0.142 0.1646 0.2092 0.127 0.1566 0.1656 0.1636 0.1942 0.1676 0.1626 0.1724 0.2172 0.2156 0.183 0.1614 0.1814 0.123 0.079 0.0974 0.1096 0.0932 0.0904 0.1184 0.0812 0.0734 0.0658 0.0986 0.1024 0.0956 0.0952 
0 0 0 0 0 0 0 0 0 0 0 0 0 0 0 0 0 0.0146 0.0764 0.2166 0.3548 0.4746 0.6666 0.6976 0.7112 0.5528 0.4954 0.445 0.4436 0.2686 0.275 0.2478 0.2038 0.1952 0.1962 0.1892 0.1558 0.1528 0.107 0.0754 0.1218 0.146 0.1836 0.2254 0.3682 0.3428 0.2736 0.2318 0.2396 0.2688 0.3368 0.3568 0.274 0.1888 0.2212 0.2134 0.231 0.1886 0.118 0.1732 0.1766 0.195 0.14 0.1856 0.1394 0.2076 0.22 0.211 0.245 0.1692 0.167 0.2036 0.162 0.1512 0.1566 0.2188 0.1396 0.1432 0.1172 0.1056 0.1142 0.1134 0.1072 0.1344 0.1318 0.1636 0.1616 0.159 0.1328 0.221 0.104 0.1168 0.1252 0.135 0.1324 0.0984 0.1118 0.0994 0.0866 0.055 
0 0 0 0 0 0 0 0 0 0 0 0 0 0 0 0 0 0.0022 0.0348 0.1072 0.3004 0.382 0.5126 0.534 0.5704 0.6502 0.5378 0.5014 0.4724 0.4686 0.3224 0.2956 0.225 0.246 0.2126 0.2102 0.1474 0.1854 0.1412 0.1614 0.1438 0.1358 0.1456 0.173 0.1626 0.219 0.3024 0.2186 0.236 0.1772 0.168 0.2404 0.263 0.2928 0.2658 0.2578 0.2176 0.267 0.2 0.1802 0.2452 0.2002 0.2384 0.2022 0.1694 0.1952 0.2122 0.2082 0.1996 0.1482 0.194 0.18 0.133 0.1122 0.1222 0.0994 0.1212 0.1166 0.1772 0.2062 0.1574 0.1854 0.1816 0.1736 0.1224 0.1304 0.1874 0.1598 0.12 0.1158 0.0982 0.0886 0.1264 0.1018 0.1142 0.0982 0.0854 0.0806 0.0862 0.1152 
0 0 0 0 0 0 0 0 0 0 0 0 0 0 0 0 0 0.024 0.047 0.1366 0.3232 0.446 0.5454 0.569 0.6356 0.6316 0.5158 0.4644 0.4054 0.3572 0.2732 0.2366 0.2534 0.2024 0.2004 0.2056 0.1802 0.1592 0.1896 0.1564 0.118 0.0978 0.1094 0.1242 0.1934 0.216 0.2436 0.3518 0.3028 0.3114 0.2484 0.2752 0.2856 0.2894 0.2042 0.2184 0.2172 0.2472 0.262 0.293 0.1904 0.2106 0.1812 0.1636 0.1572 0.149 0.1516 0.1416 0.1432 0.1256 0.1484 0.1786 0.1774 0.1578 0.2192 0.1444 0.159 0.1304 0.1648 0.1538 0.136 0.1464 0.1458 0.16 0.2008 0.1764 0.1898 0.139 0.147 0.1152 0.1064 0.1286 0.1176 0.0942 0.1098 0.1636 0.1714 0.1516 0.0988 0.1126 
0 0 0 0 0 0 0 0 0 0 0 0 0 0 0 0 0 0.0034 0.054 0.2182 0.4012 0.6132 0.7178 0.7598 0.7308 0.6762 0.5548 0.5604 0.4656 0.4136 0.2754 0.2178 0.169 0.1532 0.1606 0.15 0.0772 0.063 0.1316 0.1106 0.1072 0.106 0.1328 0.1662 0.2088 0.3464 0.308 0.3222 0.3862 0.3476 0.3698 0.401 0.3982 0.3418 0.244 0.2646 0.2584 0.159 0.1326 0.1404 0.139 0.1298 0.1258 0.132 0.0832 0.1398 0.1188 0.1484 0.159 0.15 0.14 0.1306 0.1896 0.2262 0.1674 0.2232 0.2634 0.2538 0.1956 0.1638 0.1646 0.121 0.1694 0.1326 0.137 0.1476 0.1496 0.1186 0.1034 0.0816 0.1204 0.0992 0.057 0.0858 0.0754 0.0872 0.0854 0.0968 0.0706 0.066 
0 0 0 0 0 0 0 0 0 0 0 0 0 0 0 0 0 0.008 0.0394 0.0854 0.2078 0.3722 0.495 0.7286 0.7358 0.7474 0.735 0.6626 0.4426 0.3584 0.3492 0.2846 0.2518 0.2086 0.1894 0.0978 0.101 0.0834 0.0758 0.0442 0.033 0.0352 0.0278 0.072 0.1108 0.1494 0.2092 0.235 0.249 0.3346 0.4162 0.3732 0.441 0.3118 0.378 0.3506 0.3752 0.3074 0.2928 0.1948 0.196 0.1618 0.1498 0.1212 0.105 0.0786 0.0684 0.0774 0.0674 0.0708 0.1294 0.131 0.1466 0.202 0.1826 0.1724 0.2682 0.203 0.1846 0.1512 0.2198 0.1874 0.2094 0.178 0.1532 0.1266 0.1602 0.1122 0.1098 0.1184 0.107 0.1066 0.099 0.1092 0.12 0.1028 0.0756 0.0736 0.096 0.147 
0 0 0 0 0 0 0 0 0 0 0 0 0 0 0 0 0 0.0112 0.0802 0.1788 0.3438 0.4516 0.4698 0.6456 0.5628 0.5464 0.4276 0.4516 0.382 0.3574 0.348 0.2752 0.2776 0.2592 0.2948 0.2226 0.1606 0.1892 0.1786 0.2144 0.0916 0.0856 0.1284 0.1008 0.153 0.1894 0.2458 0.2222 0.2086 0.2906 0.265 0.2858 0.2874 0.3246 0.3078 0.305 0.2736 0.2868 0.3332 0.2244 0.2152 0.1706 0.1492 0.1996 0.179 0.1536 0.1852 0.1684 0.1434 0.1546 0.1418 0.1108 0.12 0.1054 0.096 0.148 0.1154 0.1126 0.1102 0.1384 0.1654 0.1838 0.168 0.1982 0.23 0.2568 0.2454 0.1668 0.1596 0.1862 0.1534 0.1314 0.1318 0.119 0.14 0.0894 0.0848 0.071 0.0384 0.0576 
0 0 0 0 0 0 0 0 0 0 0 0 0 0 0 0 0 0.0022 0.0624 0.1664 0.3592 0.435 0.4978 0.5884 0.6778 0.6888 0.5808 0.4618 0.3926 0.3602 0.2872 0.2746 0.3034 0.2278 0.125 0.1928 0.1814 0.1526 0.0956 0.1038 0.1254 0.1926 0.1776 0.173 0.1812 0.213 0.3466 0.327 0.2892 0.342 0.3272 0.2976 0.231 0.1932 0.2072 0.1796 0.2336 0.2106 0.2174 0.1502 0.1494 0.094 0.1434 0.1132 0.1278 0.1484 0.139 0.1734 0.2136 0.2446 0.233 0.371 0.2832 0.2624 0.1318 0.1392 0.1438 0.1298 0.1478 0.1852 0.163 0.1196 0.1638 0.1012 0.0596 0.0554 0.0656 0.0614 0.054 0.0556 0.0832 0.13 0.0888 0.1116 0.1372 0.1612 0.1034 0.1342 0.2012 0.1958 
0 0 0 0 0 0 0 0 0 0 0 0 0 0 0 0 0 0.0146 0.0894 0.1938 0.3528 0.5186 0.5986 0.7408 0.7766 0.7014 0.6714 0.5162 0.5146 0.3688 0.2836 0.3232 0.282 0.2478 0.1692 0.1258 0.1404 0.1336 0.089 0.0618 0.0734 0.1012 0.0938 0.1076 0.1916 0.2182 0.24 0.3096 0.3354 0.3832 0.3686 0.3094 0.31 0.3022 0.2864 0.2046 0.2648 0.2616 0.2448 0.2256 0.2554 0.2298 0.2138 0.1418 0.1096 0.1158 0.1804 0.1102 0.1172 0.14 0.0948 0.1272 0.1588 0.1946 0.1574 0.1068 0.1258 0.1436 0.1616 0.1678 0.1882 0.2218 0.1844 0.1398 0.1578 0.1898 0.2378 0.1548 0.1588 0.1632 0.1402 0.089 0.0874 0.075 0.0602 0.065 0.0524 0.0756 0.0496 0.0522 
0 0 0 0 0 0 0 0 0 0 0 0 0 0 0 0 0.0032 0.0214 0.1206 0.2306 0.4516 0.5802 0.649 0.6434 0.6322 0.495 0.5338 0.4608 0.336 0.295 0.204 0.1596 0.1884 0.1746 0.1422 0.134 0.161 0.1616 0.143 0.1438 0.1564 0.1602 0.2088 0.2218 0.2378 0.3366 0.3606 0.37 0.3578 0.3552 0.346 0.3352 0.244 0.2214 0.1822 0.181 0.1564 0.164 0.1818 0.199 0.1566 0.171 0.141 0.1462 0.1598 0.1352 0.1502 0.2044 0.1966 0.1846 0.2068 0.2038 0.1828 0.1738 0.1974 0.1552 0.0936 0.0784 0.077 0.0966 0.0986 0.1538 0.1004 0.1648 0.1132 0.131 0.136 0.139 0.15 0.1072 0.1184 0.123 0.1556 0.1522 0.1302 0.1566 0.1526 0.108 0.1032 0.0608 
0 0 0 0 0 0 0 0 0 0 0 0 0 0 0 0 0 0.0056 0.0542 0.1824 0.3296 0.5072 0.6812 0.6596 0.6608 0.6052 0.558 0.5212 0.4502 0.4016 0.3204 0.2104 0.178 0.2288 0.1882 0.1192 0.1572 0.0924 0.1078 0.0696 0.0896 0.1988 0.252 0.2774 0.2302 0.215 0.1796 0.2394 0.211 0.3216 0.3322 0.3876 0.2754 0.2888 0.2646 0.335 0.2312 0.2818 0.1596 0.1476 0.212 0.2122 0.1936 0.1484 0.159 0.1426 0.1288 0.1712 0.1826 0.1536 0.1402 0.1204 0.1414 0.1696 0.1892 0.1638 0.1386 0.1722 0.172 0.1546 0.2058 0.1978 0.1898 0.2332 0.1966 0.1548 0.1372 0.1166 0.0616 0.041 0.0584 0.073 0.0664 0.0582 0.097 0.0948 0.0866 0.102 0.0634 0.1108 
0 0 0 0 0 0 0 0 0 0 0 0 0 0 0 0.001 0.0036 0.0104 0.1062 0.2326 0.4024 0.4374 0.5474 0.663 0.6072 0.5354 0.5064 0.5532 0.4894 0.4866 0.3122 0.2536 0.2254 0.2088 0.1838 0.1826 0.1234 0.0992 0.1504 0.0808 0.1416 0.1506 0.1242 0.235 0.2602 0.2854 0.2706 0.2634 0.3308 0.2558 0.2808 0.3616 0.3732 0.2908 0.391 0.286 0.2296 0.1496 0.1546 0.1576 0.1734 0.1912 0.1226 0.1686 0.167 0.1816 0.1816 0.1902 0.1402 0.1286 0.165 0.1414 0.1802 0.169 0.197 0.1142 0.0998 0.1344 0.1492 0.2126 0.2834 0.1318 0.1306 0.0912 0.1012 0.1116 0.147 0.1546 0.1866 0.1424 0.1396 0.1406 0.0992 0.0846 0.1012 0.095 0.0844 0.0866 0.0898 0.0732 
0 0 0 0 0 0 0 0 0 0 0 0 0 0 0 0 0 0.0038 0.0318 0.162 0.3094 0.4726 0.639 0.7038 0.7014 0.6874 0.6198 0.5798 0.5948 0.4814 0.4076 0.3264 0.2194 0.1808 0.1472 0.1134 0.1288 0.1118 0.077 0.0512 0.0796 0.0798 0.0796 0.1062 0.1692 0.1972 0.2464 0.3528 0.4542 0.3342 0.325 0.2874 0.2962 0.3224 0.3298 0.3688 0.283 0.3368 0.2468 0.2564 0.1732 0.194 0.1486 0.123 0.0654 0.045 0.0652 0.0854 0.1074 0.0886 0.1212 0.138 0.181 0.2258 0.2342 0.2088 0.1794 0.162 0.2088 0.1786 0.161 0.1748 0.1818 0.1532 0.2058 0.236 0.1708 0.1706 0.1244 0.1392 0.0818 0.0434 0.058 0.0524 0.046 0.0362 0.0532 0.0446 0.0402 0.0774 
0 0 0 0 0 0 0 0 0 0 0 0 0 0 0 0 0 0.0028 0.0886 0.269 0.3924 0.508 0.7382 0.7208 0.717 0.536 0.4744 0.3388 0.4614 0.3948 0.3388 0.3336 0.264 0.2346 0.2034 0.1316 0.1202 0.1146 0.123 0.1356 0.1262 0.118 0.1698 0.2416 0.285 0.3462 0.407 0.315 0.2614 0.2668 0.256 0.2444 0.26 0.2696 0.3254 0.2796 0.2688 0.2406 0.1508 0.2192 0.1484 0.126 0.1408 0.134 0.1874 0.2336 0.2178 0.2182 0.1732 0.21 0.1784 0.101 0.101 0.1688 0.1558 0.1956 0.1414 0.1592 0.157 0.116 0.2036 0.1644 0.1768 0.1252 0.1586 0.1004 0.0858 0.1018 0.1048 0.0802 0.117 0.1462 0.129 0.087 0.0768 0.0886 0.1142 0.1494 0.146 0.0998 
0 0 0 0 0 0 0 0 0 0 0 0 0 0 0 0 0 0.0082 0.0468 0.146 0.2168 0.4066 0.539 0.6798 0.6186 0.6814 0.5818 0.5104 0.4624 0.4812 0.3436 0.2724 0.3112 0.2558 0.1988 0.1678 0.129 0.1324 0.1202 0.0894 0.0812 0.125 0.13 0.193 0.1526 0.135 0.1884 0.2304 0.3192 0.286 0.3666 0.3658 0.3446 0.3676 0.337 0.3434 0.3018 0.2062 0.256 0.2258 0.1634 0.183 0.167 0.1286 0.0926 0.0892 0.117 0.1018 0.0608 0.1046 0.1198 0.1526 0.1352 0.175 0.125 0.1868 0.243 0.229 0.1984 0.152 0.178 0.1594 0.1756 0.1972 0.186 0.2112 0.1916 0.1284 0.1822 0.1352 0.1192 0.0798 0.0544 0.0734 0.096 0.0756 0.0506 0.032 0.0396 0.03 
0 0 0 0 0 0 0 0 0 0 0 0 0 0 0 0 0.0008 0.012 0.0816 0.1832 0.3756 0.549 0.5914 0.5782 0.5982 0.5948 0.6212 0.526 0.3816 0.2372 0.2506 0.21 0.1872 0.1656 0.133 0.1794 0.1846 0.162 0.1074 0.114 0.1454 0.1952 0.151 0.1214 0.193 0.3342 0.3024 0.3256 0.2968 0.2914 0.4096 0.4012 0.3264 0.2808 0.2064 0.2338 0.2336 0.2392 0.1572 0.1452 0.153 0.2014 0.1198 0.1076 0.085 0.1182 0.1554 0.2246 0.1812 0.1576 0.128 0.125 0.1672 0.1598 0.2278 0.2042 0.2026 0.1918 0.185 0.1738 0.1476 0.126 0.1724 0.1496 0.1358 0.1198 0.1296 0.1188 0.1108 0.1328 0.1162 0.0914 0.1512 0.115 0.1312 0.114 0.1032 0.1052 0.0854 0.0732 
0 0 0 0 0 0 0 0 0 0 0 0 0 0 0 0 0.002 0.0166 0.0546 0.1866 0.3014 0.4392 0.503 0.6948 0.7856 0.6976 0.709 0.6178 0.4786 0.4556 0.3572 0.2512 0.2046 0.1962 0.1328 0.133 0.121 0.11 0.125 0.1134 0.1488 0.1038 0.0934 0.113 0.1242 0.1418 0.243 0.3598 0.4182 0.326 0.3832 0.4474 0.48 0.3164 0.2756 0.2572 0.2864 0.2062 0.1376 0.1814 0.1178 0.152 0.2062 0.159 0.1622 0.1206 0.1286 0.118 0.1212 0.1048 0.1844 0.1826 0.1962 0.194 0.1936 0.1968 0.1644 0.1518 0.1722 0.1462 0.199 0.1674 0.17 0.1898 0.1366 0.1346 0.0826 0.0758 0.1096 0.1122 0.1404 0.075 0.0644 0.0836 0.0742 0.1132 0.144 0.0978 0.11 0.103 
0 0 0 0 0 0 0 0 0 0 0 0 0 0 0 0 0 0.0074 0.0762 0.3016 0.3796 0.5314 0.6182 0.6702 0.599 0.6576 0.569 0.5942 0.3878 0.34 0.3192 0.208 0.1656 0.1462 0.1384 0.1228 0.111 0.133 0.1266 0.1512 0.1356 0.1314 0.1458 0.1166 0.249 0.3034 0.3422 0.3244 0.3714 0.325 0.3844 0.4862 0.2916 0.3158 0.2662 0.2504 0.2054 0.2318 0.2158 0.178 0.1502 0.1818 0.1214 0.1256 0.1302 0.097 0.0646 0.1014 0.1056 0.1122 0.115 0.13 0.1412 0.2024 0.1984 0.1992 0.2416 0.2882 0.2476 0.2738 0.2036 0.1832 0.1904 0.1238 0.0864 0.1424 0.1648 0.1286 0.1166 0.098 0.0922 0.0684 0.046 0.0422 0.1036 0.0732 0.0674 0.0662 0.056 0.0422 
0 0 0 0 0 0 0 0 0 0 0 0 0 0 0 0 0.0008 0.0148 0.0718 0.2544 0.3592 0.54 0.6608 0.663 0.6798 0.5562 0.4576 0.466 0.4528 0.3134 0.269 0.311 0.3528 0.264 0.278 0.1486 0.1318 0.151 0.1184 0.1172 0.153 0.1268 0.1702 0.1894 0.2336 0.2896 0.2384 0.2818 0.2834 0.2302 0.231 0.278 0.2638 0.2712 0.2544 0.2254 0.1788 0.2346 0.2128 0.261 0.2588 0.2424 0.2552 0.2238 0.1574 0.1966 0.1814 0.1662 0.173 0.1562 0.117 0.1494 0.128 0.1434 0.1436 0.1768 0.1068 0.1196 0.1222 0.112 0.113 0.1088 0.1652 0.1858 0.1748 0.1604 0.1388 0.132 0.1812 0.2416 0.1622 0.111 0.0884 0.1012 0.116 0.1348 0.111 0.0964 0.0936 0.0856 
0 0 0 0 0 0 0 0 0 0 0 0 0 0 0 0 0 0.0114 0.041 0.1658 0.3616 0.4328 0.5502 0.613 0.5804 0.533 0.4602 0.4054 0.4418 0.3896 0.3948 0.2802 0.2686 0.224 0.253 0.2028 0.0894 0.1054 0.1068 0.0838 0.0952 0.1344 0.1404 0.2046 0.1732 0.245 0.2274 0.22 0.2006 0.3286 0.3396 0.3332 0.3758 0.2944 0.2876 0.295 0.2 0.1786 0.1372 0.1088 0.1288 0.1214 0.1344 0.1378 0.1258 0.131 0.1442 0.1984 0.1858 0.1636 0.1446 0.1002 0.1714 0.1744 0.2132 0.2158 0.1618 0.1578 0.1326 0.1444 0.1536 0.1624 0.1682 0.124 0.1384 0.0928 0.0998 0.1272 0.1138 0.1234 0.1474 0.1052 0.1164 0.0676 0.0826 0.1272 0.0898 0.1374 0.1372 0.1312 
0 0 0 0 0 0 0 0 0 0 0 0 0 0 0 0 0 0.008 0.0618 0.136 0.2948 0.385 0.499 0.563 0.7142 0.7012 0.5638 0.5246 0.477 0.4952 0.384 0.3302 0.2792 0.2224 0.1686 0.1334 0.1122 0.099 0.1192 0.0998 0.0776 0.0424 0.0758 0.0936 0.1502 0.182 0.2428 0.2946 0.3664 0.4392 0.299 0.3306 0.2906 0.3448 0.3966 0.387 0.2436 0.179 0.2028 0.1738 0.1482 0.1468 0.1394 0.1748 0.1682 0.1416 0.1208 0.1212 0.0926 0.1216 0.152 0.1774 0.1746 0.2004 0.1814 0.1812 0.212 0.1864 0.1788 0.1896 0.2112 0.1826 0.1324 0.083 0.101 0.0848 0.0942 0.14 0.1336 0.147 0.1164 0.1328 0.1324 0.154 0.1152 0.0894 0.0804 0.094 0.1344 0.1622 
0 0 0 0 0 0 0 0 0 0 0 0 0 0 0 0 0 0.0106 0.0292 0.1048 0.1828 0.2344 0.3478 0.4784 0.5778 0.7004 0.6418 0.5886 0.6034 0.4834 0.391 0.3322 0.2576 0.2266 0.2198 0.187 0.1392 0.13 0.0966 0.0802 0.0892 0.1228 0.1498 0.1434 0.0818 0.0904 0.1352 0.1506 0.1788 0.2764 0.2624 0.2466 0.306 0.3832 0.3636 0.3786 0.3342 0.2614 0.2834 0.2628 0.2206 0.1964 0.1742 0.1636 0.1536 0.1522 0.1416 0.1422 0.0884 0.0868 0.0734 0.1326 0.1568 0.146 0.1836 0.142 0.1514 0.1522 0.1338 0.1352 0.159 0.1814 0.2142 0.2194 0.25 0.1928 0.1324 0.1518 0.1568 0.1002 0.0742 0.0992 0.0892 0.1042 0.1472 0.1542 0.156 0.134 0.115 0.1674 
