0.03 0.09 0.15 0.21 0.27 0.33 0.39 0.45 0.51 0.57 0.63 0.69 0.75 0.81 0.87 0.93 0.99 1.05 1.11 1.17 1.23 1.29 1.35 1.41 1.47 1.53 1.59 1.65 1.71 1.77 1.83 1.89 1.95 2.01 2.07 2.13 2.19 2.25 2.31 2.37 2.43 2.49 2.55 2.61 2.67 2.73 2.79 2.85 2.91 2.97 3.03 3.09 3.15 3.21 3.27 3.33 3.39 3.45 3.51 3.57 3.63 3.69 3.75 3.81 3.87 3.93 3.99 4.05 4.11 4.17 4.23 4.29 4.35 4.41 4.47 4.53 4.59 4.65 4.71 4.77 4.83 4.89 4.95 5.01 5.07 5.13 5.19 5.25 5.31 5.37 5.43 5.49 5.55 5.61 5.67 5.73 5.79 5.85 5.91 5.97 
0 0 0 0 0 0 0 0 0 0 0 0 0 0 0 0 0.0348 5.9072 6.5384 0.121 0 0 0 0 0 0 0 0 0 0 0 0 0 0.0262 0.1784 5.5604 4.5814 0.4354 0.0194 0 0 0 0 0 0 0 0 0 0 0.0032 0.0188 0.066 0.4082 4.6484 3.4222 0.3614 0.0572 0.0156 0 0 0 0 0 0 0 0 0.0048 0.0122 0.0354 0.065 0.5412 3.6858 2.4818 0.2764 0.0654 0.0216 0.0112 0 0 0 0 0 0 0.0044 0.0082 0.0088 0.0444 0.047 0.419 2.6894 1.8816 0.193 0.0576 0.029 0.0114 0.0068 0 0 0 0 
0 0 0 0 0 0 0 0 0 0 0 0 0 0 0 0 0 7.1206 6.8202 0.0592 0 0 0 0 0 0 0 0 0 0 0 0 0 0 0.0382 6.8506 4.9178 0.1934 0 0 0 0 0 0 0 0 0 0 0 0 0 0 0.304 6.0462 3.526 0.1238 0 0 0 0 0 0 0 0 0 0 0 0 0 0 0.5332 4.9322 2.471 0.0636 0 0 0 0 0 0 0 0 0 0 0 0 0 0 0.4202 3.746 1.7956 0.0382 0 0 0 0 0 0 0 0 
0 0 0 0 0 0 0 0 0 0 0 0 0 0 0 0 0 7.3384 6.5844 0.0772 0 0 0 0 0 0 0 0 0 0 0 0 0 0 0.039 7.0574 4.701 0.2026 0 0 0 0 0 0 0 0 0 0 0 0 0 0 0.356 6.1912 3.3598 0.093 0 0 0 0 0 0 0 0 0 0 0 0 0 0 0.5926 5.1342 2.2448 0.0284 0 0 0 0 0 0 0 0 0 0 0 0 0 0 0.4278 4.0708 1.4958 0.0056 0 0 0 0 0 0 0 0 
0 0 0 0 0 0 0 0 0 0 0 0 0 0 0 0 0 7.3584 6.5868 0.0548 0 0 0 0 0 0 0 0 0 0 0 0 0 0 0.0574 7.1178 4.6806 0.1442 0 0 0 0 0 0 0 0 0 0 0 0 0 0 0.4068 6.2294 3.2874 0.0764 0 0 0 0 0 0 0 0 0 0 0 0 0 0 0.6784 5.177 2.1088 0.0358 0 0 0 0 0 0 0 0 0 0 0 0 0 0 0.5434 4.0206 1.4258 0.0102 0 0 0 0 0 0 0 0 
0 0 0 0 0 0 0 0 0 0 0 0 0 0 0 0 0 7.4442 6.506 0.0498 0 0 0 0 0 0 0 0 0 0 0 0 0 0 0.0402 7.1378 4.6706 0.1514 0 0 0 0 0 0 0 0 0 0 0 0 0 0 0.3976 6.263 3.2618 0.0776 0 0 0 0 0 0 0 0 0 0 0 0 0 0 0.6674 5.2238 2.077 0.0318 0 0 0 0 0 0 0 0 0 0 0 0 0 0 0.5228 4.0122 1.4488 0.0162 0 0 0 0 0 0 0 0 
0 0 0 0 0 0 0 0 0 0 0 0 0 0 0 0 0 7.5582 6.4064 0.0354 0 0 0 0 0 0 0 0 0 0 0 0 0 0 0.0386 7.3528 4.4858 0.1228 0 0 0 0 0 0 0 0 0 0 0 0 0 0 0.3968 6.414 3.1422 0.047 0 0 0 0 0 0 0 0 0 0 0 0 0 0 0.6986 5.2512 2.0346 0.0156 0 0 0 0 0 0 0 0 0 0 0 0 0 0 0.5032 4.2 1.296 0.0008 0 0 0 0 0 0 0 0 
0 0 0 0 0 0 0 0 0 0 0 0 0 0 0 0 0 7.2772 6.6544 0.0684 0 0 0 0 0 0 0 0 0 0 0 0 0 0 0.04 7.006 4.7918 0.1622 0 0 0 0 0 0 0 0 0 0 0 0 0 0 0.295 6.2438 3.3872 0.074 0 0 0 0 0 0 0 0 0 0 0 0 0 0 0.4896 5.2514 2.2282 0.0308 0 0 0 0 0 0 0 0 0 0 0 0 0 0.0012 0.3496 4.1088 1.5274 0.013 0 0 0 0 0 0 0 0 
0 0 0 0 0 0 0 0 0 0 0 0 0 0 0 0 0 7.4898 6.4818 0.0284 0 0 0 0 0 0 0 0 0 0 0 0 0 0 0.0402 7.2444 4.6172 0.0982 0 0 0 0 0 0 0 0 0 0 0 0 0 0 0.397 6.2444 3.3136 0.045 0 0 0 0 0 0 0 0 0 0 0 0 0 0 0.7116 5.2306 2.0478 0.01 0 0 0 0 0 0 0 0 0 0 0 0 0 0 0.5274 4.1452 1.3274 0 0 0 0 0 0 0 0 0 
0 0 0 0 0 0 0 0 0 0 0 0 0 0 0 0 0 7.4052 6.5596 0.0352 0 0 0 0 0 0 0 0 0 0 0 0 0 0 0.0376 7.2314 4.603 0.128 0 0 0 0 0 0 0 0 0 0 0 0 0 0 0.3488 6.3288 3.265 0.0574 0 0 0 0 0 0 0 0 0 0 0 0 0 0 0.5456 5.4366 2.0048 0.013 0 0 0 0 0 0 0 0 0 0 0 0 0 0 0.3938 4.3752 1.2242 0.0068 0 0 0 0 0 0 0 0 
0 0 0 0 0 0 0 0 0 0 0 0 0 0 0 0 0 7.4488 6.5094 0.0418 0 0 0 0 0 0 0 0 0 0 0 0 0 0 0.0526 7.0328 4.7478 0.1668 0 0 0 0 0 0 0 0 0 0 0 0 0 0 0.4008 6.1036 3.3966 0.099 0 0 0 0 0 0 0 0 0 0 0 0 0 0 0.644 5.1254 2.193 0.0376 0 0 0 0 0 0 0 0 0 0 0 0 0 0 0.5258 3.9516 1.4956 0.027 0 0 0 0 0 0 0 0 
0 0 0 0 0 0 0 0 0 0 0 0 0 0 0 0 0 7.3676 6.577 0.0554 0 0 0 0 0 0 0 0 0 0 0 0 0 0 0.0362 7.0828 4.6878 0.1932 0 0 0 0 0 0 0 0 0 0 0 0 0 0 0.3418 6.2488 3.306 0.1034 0 0 0 0 0 0 0 0 0 0 0 0 0 0 0.5326 5.1972 2.2238 0.0464 0 0 0 0 0 0 0 0 0 0 0 0 0 0 0.419 4.081 1.4806 0.0194 0 0 0 0 0 0 0 0 
0 0 0 0 0 0 0 0 0 0 0 0 0 0 0 0 0 7.3716 6.5702 0.0582 0 0 0 0 0 0 0 0 0 0 0 0 0 0 0.0372 7.1478 4.6696 0.1454 0 0 0 0 0 0 0 0 0 0 0 0 0 0 0.3448 6.245 3.3498 0.0604 0 0 0 0 0 0 0 0 0 0 0 0 0 0 0.6098 5.255 2.1242 0.011 0 0 0 0 0 0 0 0 0 0 0 0 0 0 0.4246 4.246 1.325 0.0044 0 0 0 0 0 0 0 0 
0 0 0 0 0 0 0 0 0 0 0 0 0 0 0 0 0 7.473 6.4546 0.0724 0 0 0 0 0 0 0 0 0 0 0 0 0 0 0.0406 7.323 4.5076 0.1288 0 0 0 0 0 0 0 0 0 0 0 0 0 0 0.2784 6.3738 3.323 0.0248 0 0 0 0 0 0 0 0 0 0 0 0 0 0 0.4876 5.4414 2.0694 0.0016 0 0 0 0 0 0 0 0 0 0 0 0 0 0 0.3052 4.526 1.1688 0 0 0 0 0 0 0 0 0 
0 0 0 0 0 0 0 0 0 0 0 0 0 0 0 0 0 7.3434 6.6196 0.037 0 0 0 0 0 0 0 0 0 0 0 0 0 0 0.0398 7.1622 4.6728 0.1252 0 0 0 0 0 0 0 0 0 0 0 0 0 0 0.3314 6.283 3.3238 0.0618 0 0 0 0 0 0 0 0 0 0 0 0 0 0 0.51 5.4348 2.0456 0.0096 0 0 0 0 0 0 0 0 0 0 0 0 0 0 0.3504 4.3558 1.291 0.0028 0 0 0 0 0 0 0 0 
0 0 0 0 0 0 0 0 0 0 0 0 0 0 0 0 0 7.3662 6.5974 0.0364 0 0 0 0 0 0 0 0 0 0 0 0 0 0 0.0372 7.0824 4.7458 0.1346 0 0 0 0 0 0 0 0 0 0 0 0 0 0 0.3194 6.2584 3.3646 0.0576 0 0 0 0 0 0 0 0 0 0 0 0 0 0 0.5774 5.2736 2.1354 0.0136 0 0 0 0 0 0 0 0 0 0 0 0 0 0 0.397 4.1566 1.4422 0.0042 0 0 0 0 0 0 0 0 
0 0 0 0 0 0 0 0 0 0 0 0 0 0 0 0 0 7.6336 6.3078 0.0586 0 0 0 0 0 0 0 0 0 0 0 0 0 0 0.0642 7.3052 4.4458 0.1848 0 0 0 0 0 0 0 0 0 0 0 0 0 0 0.4764 6.3056 3.1166 0.1014 0 0 0 0 0 0 0 0 0 0 0 0 0 0 0.8138 5.1352 2.0374 0.0136 0 0 0 0 0 0 0 0 0 0 0 0 0 0 0.6172 4.0366 1.3462 0 0 0 0 0 0 0 0 0 
0 0 0 0 0 0 0 0 0 0 0 0 0 0 0 0 0 7.4906 6.4444 0.065 0 0 0 0 0 0 0 0 0 0 0 0 0 0 0.065 7.0856 4.6934 0.156 0 0 0 0 0 0 0 0 0 0 0 0 0 0 0.4968 6.1514 3.277 0.0748 0 0 0 0 0 0 0 0 0 0 0 0 0 0 0.7738 5.1802 2.0256 0.0204 0 0 0 0 0 0 0 0 0 0 0 0 0 0.004 0.5998 4.0606 1.324 0.0116 0 0 0 0 0 0 0 0 
0 0 0 0 0 0 0 0 0 0 0 0 0 0 0 0 0 7.6718 6.3072 0.021 0 0 0 0 0 0 0 0 0 0 0 0 0 0 0.0298 7.369 4.5254 0.0758 0 0 0 0 0 0 0 0 0 0 0 0 0 0 0.3184 6.494 3.1386 0.049 0 0 0 0 0 0 0 0 0 0 0 0 0 0 0.5806 5.5032 1.9036 0.0126 0 0 0 0 0 0 0 0 0 0 0 0 0 0 0.4402 4.393 1.1656 0.0012 0 0 0 0 0 0 0 0 
0 0 0 0 0 0 0 0 0 0 0 0 0 0 0 0 0 7.5482 6.3828 0.069 0 0 0 0 0 0 0 0 0 0 0 0 0 0 0.0718 7.2938 4.4896 0.1448 0 0 0 0 0 0 0 0 0 0 0 0 0 0 0.5452 6.1714 3.2244 0.059 0 0 0 0 0 0 0 0 0 0 0 0 0 0.0026 0.8742 5.0924 2.0188 0.012 0 0 0 0 0 0 0 0 0 0 0 0 0 0.0032 0.6714 3.9954 1.3244 0.0056 0 0 0 0 0 0 0 0 
0 0 0 0 0 0 0 0 0 0 0 0 0 0 0 0 0 7.3016 6.6458 0.0526 0 0 0 0 0 0 0 0 0 0 0 0 0 0 0.0414 7.16 4.6926 0.106 0 0 0 0 0 0 0 0 0 0 0 0 0 0 0.2838 6.2828 3.3714 0.062 0 0 0 0 0 0 0 0 0 0 0 0 0 0 0.5744 5.2764 2.1288 0.0204 0 0 0 0 0 0 0 0 0 0 0 0 0 0 0.4238 4.181 1.386 0.0092 0 0 0 0 0 0 0 0 
0 0 0 0 0 0 0 0 0 0 0 0 0 0 0 0 0 7.5216 6.4122 0.0662 0 0 0 0 0 0 0 0 0 0 0 0 0 0 0.0392 7.2648 4.5132 0.1828 0 0 0 0 0 0 0 0 0 0 0 0 0 0 0.408 6.2178 3.2812 0.093 0 0 0 0 0 0 0 0 0 0 0 0 0 0 0.6878 5.235 2.052 0.0252 0 0 0 0 0 0 0 0 0 0 0 0 0 0 0.4772 4.2248 1.2862 0.0118 0 0 0 0 0 0 0 0 
0 0 0 0 0 0 0 0 0 0 0 0 0 0 0 0 0 7.5346 6.427 0.0384 0 0 0 0 0 0 0 0 0 0 0 0 0 0 0.0272 7.2664 4.5908 0.1156 0 0 0 0 0 0 0 0 0 0 0 0 0 0 0.3262 6.4556 3.1588 0.0594 0 0 0 0 0 0 0 0 0 0 0 0 0 0 0.6308 5.4012 1.9552 0.0128 0 0 0 0 0 0 0 0 0 0 0 0 0 0 0.4726 4.237 1.2874 0.003 0 0 0 0 0 0 0 0 
0 0 0 0 0 0 0 0 0 0 0 0 0 0 0 0 0 7.3928 6.5578 0.0494 0 0 0 0 0 0 0 0 0 0 0 0 0 0 0.0466 7.1176 4.699 0.1368 0 0 0 0 0 0 0 0 0 0 0 0 0 0 0.3792 6.2886 3.2814 0.0508 0 0 0 0 0 0 0 0 0 0 0 0 0 0 0.6128 5.2458 2.1232 0.0182 0 0 0 0 0 0 0 0 0 0 0 0 0 0 0.4668 4.0838 1.4436 0.0058 0 0 0 0 0 0 0 0 
0 0 0 0 0 0 0 0 0 0 0 0 0 0 0 0 0 7.7402 6.2218 0.038 0 0 0 0 0 0 0 0 0 0 0 0 0 0 0.049 7.401 4.4478 0.1022 0 0 0 0 0 0 0 0 0 0 0 0 0 0 0.3938 6.5046 3.0682 0.0334 0 0 0 0 0 0 0 0 0 0 0 0 0 0 0.7438 5.4802 1.7706 0.0054 0 0 0 0 0 0 0 0 0 0 0 0 0 0 0.5608 4.3732 1.0628 0.0032 0 0 0 0 0 0 0 0 
0 0 0 0 0 0 0 0 0 0 0 0 0 0 0 0 0 7.6212 6.3516 0.0272 0 0 0 0 0 0 0 0 0 0 0 0 0 0 0.0486 7.3444 4.5072 0.0998 0 0 0 0 0 0 0 0 0 0 0 0 0 0 0.4172 6.4056 3.1316 0.0456 0 0 0 0 0 0 0 0 0 0 0 0 0 0 0.761 5.432 1.793 0.014 0 0 0 0 0 0 0 0 0 0 0 0 0 0 0.5556 4.3498 1.0918 0.0028 0 0 0 0 0 0 0 0 
0 0 0 0 0 0 0 0 0 0 0 0 0 0 0 0 0 7.7586 6.2096 0.0318 0 0 0 0 0 0 0 0 0 0 0 0 0 0 0.0356 7.454 4.4316 0.0788 0 0 0 0 0 0 0 0 0 0 0 0 0 0 0.306 6.5356 3.1228 0.0356 0 0 0 0 0 0 0 0 0 0 0 0 0 0 0.6658 5.5088 1.8164 0.009 0 0 0 0 0 0 0 0 0 0 0 0 0 0 0.5382 4.35 1.1072 0.0046 0 0 0 0 0 0 0 0 
0 0 0 0 0 0 0 0 0 0 0 0 0 0 0 0 0 7.7168 6.2382 0.045 0 0 0 0 0 0 0 0 0 0 0 0 0 0 0.027 7.5088 4.3436 0.1206 0 0 0 0 0 0 0 0 0 0 0 0 0 0 0.364 6.5096 3.0756 0.0508 0 0 0 0 0 0 0 0 0 0 0 0 0 0 0.6796 5.479 1.8298 0.0116 0 0 0 0 0 0 0 0 0 0 0 0 0 0.001 0.5286 4.44 1.026 0.0044 0 0 0 0 0 0 0 0 
0 0 0 0 0 0 0 0 0 0 0 0 0 0 0 0 0 7.7054 6.2534 0.0412 0 0 0 0 0 0 0 0 0 0 0 0 0 0 0.039 7.4942 4.3578 0.109 0 0 0 0 0 0 0 0 0 0 0 0 0 0 0.4312 6.448 3.0682 0.0526 0 0 0 0 0 0 0 0 0 0 0 0 0 0 0.7302 5.3794 1.8804 0.01 0 0 0 0 0 0 0 0 0 0 0 0 0 0.0016 0.5804 4.269 1.1474 0.0016 0 0 0 0 0 0 0 0 
0 0 0 0 0 0 0 0 0 0 0 0 0 0 0 0 0 7.57 6.3998 0.0302 0 0 0 0 0 0 0 0 0 0 0 0 0 0 0.0662 7.3108 4.4956 0.1274 0 0 0 0 0 0 0 0 0 0 0 0 0 0 0.5082 6.2964 3.1282 0.0672 0 0 0 0 0 0 0 0 0 0 0 0 0 0 0.8314 5.2794 1.8596 0.0296 0 0 0 0 0 0 0 0 0 0 0 0 0 0 0.6336 4.1794 1.1758 0.0112 0 0 0 0 0 0 0 0 
0 0 0 0 0 0 0 0 0 0 0 0 0 0 0 0 0 7.7256 6.2346 0.0398 0 0 0 0 0 0 0 0 0 0 0 0 0 0 0.0426 7.4322 4.4008 0.1244 0 0 0 0 0 0 0 0 0 0 0 0 0 0 0.4352 6.371 3.1476 0.0462 0 0 0 0 0 0 0 0 0 0 0 0 0 0 0.7666 5.3606 1.8614 0.0114 0 0 0 0 0 0 0 0 0 0 0 0 0 0 0.5892 4.2452 1.1566 0.009 0 0 0 0 0 0 0 0 
0 0 0 0 0 0 0 0 0 0 0 0 0 0 0 0 0 7.7114 6.2378 0.0508 0 0 0 0 0 0 0 0 0 0 0 0 0 0 0.0492 7.4358 4.3872 0.1278 0 0 0 0 0 0 0 0 0 0 0 0 0 0 0.433 6.5134 2.9986 0.055 0 0 0 0 0 0 0 0 0 0 0 0 0 0 0.7816 5.3784 1.8252 0.0148 0 0 0 0 0 0 0 0 0 0 0 0 0 0 0.649 4.2382 1.1024 0.0104 0 0 0 0 0 0 0 0 
0 0 0 0 0 0 0 0 0 0 0 0 0 0 0 0 0 7.673 6.2692 0.0578 0 0 0 0 0 0 0 0 0 0 0 0 0 0 0.0586 7.365 4.409 0.1674 0 0 0 0 0 0 0 0 0 0 0 0 0 0 0.531 6.3176 3.0678 0.0836 0 0 0 0 0 0 0 0 0 0 0 0 0 0 0.9012 5.21 1.8736 0.0152 0 0 0 0 0 0 0 0 0 0 0 0 0 0.002 0.6764 4.1892 1.1238 0.0086 0 0 0 0 0 0 0 0 
0 0 0 0 0 0 0 0 0 0 0 0 0 0 0 0 0 7.428 6.5276 0.0444 0 0 0 0 0 0 0 0 0 0 0 0 0 0 0.028 7.2012 4.6374 0.1334 0 0 0 0 0 0 0 0 0 0 0 0 0 0 0.387 6.2202 3.312 0.0808 0 0 0 0 0 0 0 0 0 0 0 0 0 0 0.6078 5.4338 1.9334 0.025 0 0 0 0 0 0 0 0 0 0 0 0 0 0.001 0.443 4.339 1.2096 0.0074 0 0 0 0 0 0 0 0 
0 0 0 0 0 0 0 0 0 0 0 0 0 0 0 0 0 7.5262 6.4132 0.0606 0 0 0 0 0 0 0 0 0 0 0 0 0 0 0.0372 7.2528 4.5384 0.1716 0 0 0 0 0 0 0 0 0 0 0 0 0 0 0.4002 6.2674 3.2522 0.0802 0 0 0 0 0 0 0 0 0 0 0 0 0 0 0.6878 5.2002 2.1018 0.0102 0 0 0 0 0 0 0 0 0 0 0 0 0 0 0.4974 4.1386 1.364 0 0 0 0 0 0 0 0 0 
0 0 0 0 0 0 0 0 0 0 0 0 0 0 0 0 0 7.4598 6.4724 0.0678 0 0 0 0 0 0 0 0 0 0 0 0 0 0 0.0594 7.1198 4.6674 0.1534 0 0 0 0 0 0 0 0 0 0 0 0 0 0 0.459 6.1062 3.3432 0.0916 0 0 0 0 0 0 0 0 0 0 0 0 0 0 0.7234 5.1562 2.0878 0.0326 0 0 0 0 0 0 0 0 0 0 0 0 0 0 0.5596 3.9314 1.4894 0.0196 0 0 0 0 0 0 0 0 
0 0 0 0 0 0 0 0 0 0 0 0 0 0 0 0 0 7.4984 6.4474 0.0542 0 0 0 0 0 0 0 0 0 0 0 0 0 0 0.0416 7.121 4.696 0.1414 0 0 0 0 0 0 0 0 0 0 0 0 0 0 0.3512 6.178 3.4192 0.0516 0 0 0 0 0 0 0 0 0 0 0 0 0 0 0.6142 5.2154 2.1624 0.008 0 0 0 0 0 0 0 0 0 0 0 0 0 0 0.4634 4.0802 1.4552 0.0012 0 0 0 0 0 0 0 0 
0 0 0 0 0 0 0 0 0 0 0 0 0 0 0 0 0 7.352 6.5734 0.0746 0 0 0 0 0 0 0 0 0 0 0 0 0 0 0.0442 7.1508 4.6288 0.1762 0 0 0 0 0 0 0 0 0 0 0 0 0 0 0.3302 6.2204 3.3732 0.0762 0 0 0 0 0 0 0 0 0 0 0 0 0 0 0.5376 5.2586 2.1868 0.017 0 0 0 0 0 0 0 0 0 0 0 0 0 0 0.3928 4.1956 1.4024 0.0092 0 0 0 0 0 0 0 0 
0 0 0 0 0 0 0 0 0 0 0 0 0 0 0 0 0 7.2956 6.6472 0.0572 0 0 0 0 0 0 0 0 0 0 0 0 0 0 0.0496 7.0804 4.7056 0.1644 0 0 0 0 0 0 0 0 0 0 0 0 0 0 0.4398 6.2004 3.2538 0.106 0 0 0 0 0 0 0 0 0 0 0 0 0 0 0.7342 5.1328 2.0968 0.0362 0 0 0 0 0 0 0 0 0 0 0 0 0 0 0.551 3.965 1.4716 0.0124 0 0 0 0 0 0 0 0 
0 0 0 0 0 0 0 0 0 0 0 0 0 0 0 0 0 7.2138 6.7352 0.051 0 0 0 0 0 0 0 0 0 0 0 0 0 0 0.063 6.8912 4.8852 0.1606 0 0 0 0 0 0 0 0 0 0 0 0 0 0 0.4914 5.887 3.5078 0.1138 0 0 0 0 0 0 0 0 0 0 0 0 0 0.002 0.7616 4.8318 2.3422 0.0624 0 0 0 0 0 0 0 0 0 0 0 0 0 0.002 0.6082 3.6412 1.7004 0.0482 0 0 0 0 0 0 0 0 
0 0 0 0 0 0 0 0 0 0 0 0 0 0 0 0 0 7.4254 6.5044 0.0702 0 0 0 0 0 0 0 0 0 0 0 0 0 0 0.0572 7.2558 4.4748 0.2122 0 0 0 0 0 0 0 0 0 0 0 0 0 0 0.426 6.2252 3.242 0.1068 0 0 0 0 0 0 0 0 0 0 0 0 0 0.0016 0.6914 5.1432 2.1262 0.0376 0 0 0 0 0 0 0 0 0 0 0 0 0 0 0.5054 4.044 1.4392 0.0114 0 0 0 0 0 0 0 0 
0 0 0 0 0 0 0 0 0 0 0 0 0 0 0 0 0 7.3706 6.5646 0.0648 0 0 0 0 0 0 0 0 0 0 0 0 0 0 0.047 7.0724 4.7454 0.1352 0 0 0 0 0 0 0 0 0 0 0 0 0 0 0.3258 6.1834 3.4332 0.0576 0 0 0 0 0 0 0 0 0 0 0 0 0 0.0006 0.5036 5.3348 2.141 0.02 0 0 0 0 0 0 0 0 0 0 0 0 0 0.0044 0.3516 4.2928 1.3382 0.013 0 0 0 0 0 0 0 0 
0 0 0 0 0 0 0 0 0 0 0 0 0 0 0 0 0 7.5276 6.394 0.0784 0 0 0 0 0 0 0 0 0 0 0 0 0 0 0.0492 7.2274 4.5622 0.1612 0 0 0 0 0 0 0 0 0 0 0 0 0 0 0.3636 6.2924 3.2672 0.0768 0 0 0 0 0 0 0 0 0 0 0 0 0 0.0006 0.6282 5.1754 2.1792 0.0166 0 0 0 0 0 0 0 0 0 0 0 0 0 0.0028 0.496 4.097 1.3962 0.008 0 0 0 0 0 0 0 0 
0 0 0 0 0 0 0 0 0 0 0 0 0 0 0 0 0 7.2244 6.6994 0.0762 0 0 0 0 0 0 0 0 0 0 0 0 0 0 0.049 6.9478 4.8454 0.1578 0 0 0 0 0 0 0 0 0 0 0 0 0 0 0.323 6.0792 3.498 0.0998 0 0 0 0 0 0 0 0 0 0 0 0 0 0 0.5134 5.1284 2.3172 0.041 0 0 0 0 0 0 0 0 0 0 0 0 0 0 0.4182 3.8914 1.6716 0.0188 0 0 0 0 0 0 0 0 
0 0 0 0 0 0 0 0 0 0 0 0 0 0 0 0 0 7.1964 6.7466 0.057 0 0 0 0 0 0 0 0 0 0 0 0 0 0 0.0582 6.816 4.9618 0.164 0 0 0 0 0 0 0 0 0 0 0 0 0 0 0.4064 5.968 3.518 0.1076 0 0 0 0 0 0 0 0 0 0 0 0 0 0 0.6524 4.9082 2.4002 0.0392 0 0 0 0 0 0 0 0 0 0 0 0 0 0 0.5108 3.7362 1.727 0.026 0 0 0 0 0 0 0 0 
0 0 0 0 0 0 0 0 0 0 0 0 0 0 0 0 0 7.3616 6.6064 0.032 0 0 0 0 0 0 0 0 0 0 0 0 0 0 0.0188 7.1998 4.6708 0.1106 0 0 0 0 0 0 0 0 0 0 0 0 0 0 0.2176 6.3694 3.3762 0.0368 0 0 0 0 0 0 0 0 0 0 0 0 0 0 0.438 5.3582 2.2008 0.003 0 0 0 0 0 0 0 0 0 0 0 0 0 0 0.316 4.2508 1.4332 0 0 0 0 0 0 0 0 0 
0 0 0 0 0 0 0 0 0 0 0 0 0 0 0 0 0 7.4606 6.4792 0.0602 0 0 0 0 0 0 0 0 0 0 0 0 0 0 0.0594 7.1954 4.5696 0.1756 0 0 0 0 0 0 0 0 0 0 0 0 0 0 0.552 6.0606 3.324 0.0634 0 0 0 0 0 0 0 0 0 0 0 0 0 0 0.8064 5.0154 2.1536 0.0246 0 0 0 0 0 0 0 0 0 0 0 0 0 0.0018 0.6374 3.8812 1.4638 0.0158 0 0 0 0 0 0 0 0 
0 0 0 0 0 0 0 0 0 0 0 0 0 0 0 0 0 7.3414 6.6108 0.0478 0 0 0 0 0 0 0 0 0 0 0 0 0 0 0.0642 7.0882 4.7118 0.1358 0 0 0 0 0 0 0 0 0 0 0 0 0 0 0.4312 6.1184 3.4004 0.05 0 0 0 0 0 0 0 0 0 0 0 0 0 0 0.6664 5.1166 2.2032 0.0138 0 0 0 0 0 0 0 0 0 0 0 0 0 0 0.5272 3.9806 1.4862 0.006 0 0 0 0 0 0 0 0 
0 0 0 0 0 0 0 0 0 0 0 0 0 0 0 0 0 7.2366 6.711 0.0524 0 0 0 0 0 0 0 0 0 0 0 0 0 0 0.0382 7.0458 4.769 0.147 0 0 0 0 0 0 0 0 0 0 0 0 0 0 0.2998 6.2074 3.413 0.0798 0 0 0 0 0 0 0 0 0 0 0 0 0 0 0.5484 5.1968 2.231 0.0238 0 0 0 0 0 0 0 0 0 0 0 0 0 0 0.4378 3.9814 1.576 0.0048 0 0 0 0 0 0 0 0 
0 0 0 0 0 0 0 0 0 0 0 0 0 0 0 0 0 7.3704 6.5878 0.0418 0 0 0 0 0 0 0 0 0 0 0 0 0 0 0.0296 7.1046 4.7284 0.1374 0 0 0 0 0 0 0 0 0 0 0 0 0 0 0.2872 6.3696 3.2998 0.0434 0 0 0 0 0 0 0 0 0 0 0 0 0 0 0.541 5.3166 2.1382 0.0042 0 0 0 0 0 0 0 0 0 0 0 0 0 0 0.3976 4.1936 1.4088 0 0 0 0 0 0 0 0 0 
0 0 0 0 0 0 0 0 0 0 0 0 0 0 0 0 0 7.4698 6.4852 0.045 0 0 0 0 0 0 0 0 0 0 0 0 0 0 0.0308 7.2962 4.523 0.15 0 0 0 0 0 0 0 0 0 0 0 0 0 0 0.3272 6.3752 3.2216 0.076 0 0 0 0 0 0 0 0 0 0 0 0 0 0 0.5856 5.2894 2.1062 0.0188 0 0 0 0 0 0 0 0 0 0 0 0 0 0 0.453 4.1698 1.3762 0.001 0 0 0 0 0 0 0 0 
0 0 0 0 0 0 0 0 0 0 0 0 0 0 0 0 0 7.4992 6.4402 0.0606 0 0 0 0 0 0 0 0 0 0 0 0 0 0 0.0346 7.3634 4.4618 0.1402 0 0 0 0 0 0 0 0 0 0 0 0 0 0 0.3738 6.4162 3.1658 0.0442 0 0 0 0 0 0 0 0 0 0 0 0 0 0 0.641 5.3814 1.9666 0.011 0 0 0 0 0 0 0 0 0 0 0 0 0 0 0.4896 4.2934 1.2162 0.0008 0 0 0 0 0 0 0 0 
0 0 0 0 0 0 0 0 0 0 0 0 0 0 0 0 0 7.514 6.434 0.052 0 0 0 0 0 0 0 0 0 0 0 0 0 0 0.0448 7.18 4.6472 0.128 0 0 0 0 0 0 0 0 0 0 0 0 0 0 0.3786 6.2506 3.3078 0.063 0 0 0 0 0 0 0 0 0 0 0 0 0 0 0.6562 5.3046 2.0272 0.012 0 0 0 0 0 0 0 0 0 0 0 0 0 0.0012 0.4792 4.2014 1.3136 0.0046 0 0 0 0 0 0 0 0 
0 0 0 0 0 0 0 0 0 0 0 0 0 0 0 0 0 7.2962 6.644 0.0598 0 0 0 0 0 0 0 0 0 0 0 0 0 0 0.0254 7.026 4.761 0.1876 0 0 0 0 0 0 0 0 0 0 0 0 0 0 0.3334 6.1472 3.4114 0.108 0 0 0 0 0 0 0 0 0 0 0 0 0 0 0.5308 5.1784 2.2466 0.0442 0 0 0 0 0 0 0 0 0 0 0 0 0 0 0.4228 4.0174 1.548 0.0118 0 0 0 0 0 0 0 0 
0 0 0 0 0 0 0 0 0 0 0 0 0 0 0 0 0 7.3898 6.5524 0.0578 0 0 0 0 0 0 0 0 0 0 0 0 0 0 0.0772 7.1108 4.6746 0.1374 0 0 0 0 0 0 0 0 0 0 0 0 0 0 0.4948 6.1252 3.3118 0.0682 0 0 0 0 0 0 0 0 0 0 0 0 0 0.0014 0.8012 5.1476 2.0236 0.0262 0 0 0 0 0 0 0 0 0 0 0 0 0 0.0024 0.613 3.9954 1.3738 0.0154 0 0 0 0 0 0 0 0 
0 0 0 0 0 0 0 0 0 0 0 0 0 0 0 0 0 7.485 6.4662 0.0488 0 0 0 0 0 0 0 0 0 0 0 0 0 0 0.0298 7.214 4.6628 0.0934 0 0 0 0 0 0 0 0 0 0 0 0 0 0 0.3194 6.2712 3.3596 0.0498 0 0 0 0 0 0 0 0 0 0 0 0 0 0 0.6232 5.2754 2.0864 0.015 0 0 0 0 0 0 0 0 0 0 0 0 0 0 0.4766 4.1776 1.3416 0.0042 0 0 0 0 0 0 0 0 
0 0 0 0 0 0 0 0 0 0 0 0 0 0 0 0 0 7.3822 6.5456 0.0722 0 0 0 0 0 0 0 0 0 0 0 0 0 0 0.0522 7.0514 4.705 0.1914 0 0 0 0 0 0 0 0 0 0 0 0 0 0 0.3692 6.1724 3.3538 0.1046 0 0 0 0 0 0 0 0 0 0 0 0 0 0 0.5976 5.2682 2.1 0.0342 0 0 0 0 0 0 0 0 0 0 0 0 0 0 0.4416 4.0782 1.4604 0.0198 0 0 0 0 0 0 0 0 
0 0 0 0 0 0 0 0 0 0 0 0 0 0 0 0 0 7.2882 6.6076 0.1042 0 0 0 0 0 0 0 0 0 0 0 0 0 0 0.0282 6.9782 4.8068 0.1868 0 0 0 0 0 0 0 0 0 0 0 0 0 0 0.274 6.1998 3.4532 0.073 0 0 0 0 0 0 0 0 0 0 0 0 0 0 0.5322 5.1122 2.3352 0.0204 0 0 0 0 0 0 0 0 0 0 0 0 0 0 0.393 4.0514 1.549 0.0066 0 0 0 0 0 0 0 0 
0 0 0 0 0 0 0 0 0 0 0 0 0 0 0 0 0 7.3498 6.5956 0.0546 0 0 0 0 0 0 0 0 0 0 0 0 0 0 0.0198 7.1164 4.7416 0.1222 0 0 0 0 0 0 0 0 0 0 0 0 0 0 0.2156 6.3184 3.4212 0.0448 0 0 0 0 0 0 0 0 0 0 0 0 0 0 0.4254 5.3854 2.1752 0.014 0 0 0 0 0 0 0 0 0 0 0 0 0 0 0.297 4.2664 1.4318 0.0048 0 0 0 0 0 0 0 0 
0 0 0 0 0 0 0 0 0 0 0 0 0 0 0 0 0 7.4548 6.4888 0.0564 0 0 0 0 0 0 0 0 0 0 0 0 0 0 0.0796 7.083 4.6954 0.142 0 0 0 0 0 0 0 0 0 0 0 0 0 0 0.5098 6.0386 3.3766 0.075 0 0 0 0 0 0 0 0 0 0 0 0 0 0 0.7682 5.0942 2.1186 0.019 0 0 0 0 0 0 0 0 0 0 0 0 0 0 0.5986 3.9378 1.4506 0.013 0 0 0 0 0 0 0 0 
0 0 0 0 0 0 0 0 0 0 0 0 0 0 0 0 0 7.6042 6.3438 0.052 0 0 0 0 0 0 0 0 0 0 0 0 0 0 0.0574 7.2674 4.5592 0.116 0 0 0 0 0 0 0 0 0 0 0 0 0 0 0.347 6.3692 3.2384 0.0454 0 0 0 0 0 0 0 0 0 0 0 0 0 0 0.669 5.3844 1.9346 0.012 0 0 0 0 0 0 0 0 0 0 0 0 0 0 0.5186 4.2688 1.2066 0.006 0 0 0 0 0 0 0 0 
0 0 0 0 0 0 0 0 0 0 0 0 0 0 0 0 0 7.7388 6.2254 0.0358 0 0 0 0 0 0 0 0 0 0 0 0 0 0 0.0388 7.3906 4.4528 0.1178 0 0 0 0 0 0 0 0 0 0 0 0 0 0 0.4374 6.3556 3.1514 0.0556 0 0 0 0 0 0 0 0 0 0 0 0 0 0 0.7722 5.3138 1.8964 0.0176 0 0 0 0 0 0 0 0 0 0 0 0 0 0 0.595 4.1658 1.2274 0.0118 0 0 0 0 0 0 0 0 
0 0 0 0 0 0 0 0 0 0 0 0 0 0 0 0 0 7.5456 6.4102 0.0442 0 0 0 0 0 0 0 0 0 0 0 0 0 0 0.025 7.3328 4.5204 0.1218 0 0 0 0 0 0 0 0 0 0 0 0 0 0 0.339 6.3698 3.2586 0.0326 0 0 0 0 0 0 0 0 0 0 0 0 0 0 0.586 5.4664 1.94 0.0076 0 0 0 0 0 0 0 0 0 0 0 0 0 0 0.4252 4.4628 1.11 0.002 0 0 0 0 0 0 0 0 
0 0 0 0 0 0 0 0 0 0 0 0 0 0 0 0 0 7.639 6.3182 0.0428 0 0 0 0 0 0 0 0 0 0 0 0 0 0 0.0688 7.2902 4.5282 0.1128 0 0 0 0 0 0 0 0 0 0 0 0 0 0 0.4666 6.271 3.2126 0.0498 0 0 0 0 0 0 0 0 0 0 0 0 0 0.0006 0.7954 5.2314 1.9556 0.017 0 0 0 0 0 0 0 0 0 0 0 0 0 0.003 0.615 4.1298 1.2372 0.015 0 0 0 0 0 0 0 0 
0 0 0 0 0 0 0 0 0 0 0 0 0 0 0 0 0 7.5336 6.406 0.0604 0 0 0 0 0 0 0 0 0 0 0 0 0 0 0.0652 7.2924 4.4708 0.1716 0 0 0 0 0 0 0 0 0 0 0 0 0 0 0.4402 6.32 3.1708 0.069 0 0 0 0 0 0 0 0 0 0 0 0 0 0 0.701 5.3832 1.9084 0.0074 0 0 0 0 0 0 0 0 0 0 0 0 0 0 0.4972 4.334 1.1666 0.0022 0 0 0 0 0 0 0 0 
0 0 0 0 0 0 0 0 0 0 0 0 0 0 0 0 0 7.269 6.7098 0.0212 0 0 0 0 0 0 0 0 0 0 0 0 0 0 0.0616 6.9608 4.8528 0.1248 0 0 0 0 0 0 0 0 0 0 0 0 0 0 0.461 5.9616 3.4958 0.0816 0 0 0 0 0 0 0 0 0 0 0 0 0 0 0.7666 4.8436 2.35 0.0398 0 0 0 0 0 0 0 0 0 0 0 0 0 0 0.6742 3.5552 1.7508 0.0198 0 0 0 0 0 0 0 0 
0 0 0 0 0 0 0 0 0 0 0 0 0 0 0 0 0 7.3794 6.5754 0.0452 0 0 0 0 0 0 0 0 0 0 0 0 0 0 0.0232 7.2358 4.5988 0.1422 0 0 0 0 0 0 0 0 0 0 0 0 0 0 0.2486 6.3492 3.3242 0.078 0 0 0 0 0 0 0 0 0 0 0 0 0 0 0.4868 5.287 2.197 0.0292 0 0 0 0 0 0 0 0 0 0 0 0 0 0 0.3598 4.1756 1.4546 0.01 0 0 0 0 0 0 0 0 
0 0 0 0 0 0 0 0 0 0 0 0 0 0 0 0 0 7.7388 6.2058 0.0554 0 0 0 0 0 0 0 0 0 0 0 0 0 0 0.0398 7.406 4.4258 0.1284 0 0 0 0 0 0 0 0 0 0 0 0 0 0 0.361 6.41 3.1786 0.0504 0 0 0 0 0 0 0 0 0 0 0 0 0 0 0.6356 5.5038 1.8436 0.017 0 0 0 0 0 0 0 0 0 0 0 0 0 0 0.4814 4.4082 1.1058 0.0046 0 0 0 0 0 0 0 0 
0 0 0 0 0 0 0 0 0 0 0 0 0 0 0 0 0 7.6762 6.2886 0.0352 0 0 0 0 0 0 0 0 0 0 0 0 0 0 0.0588 7.3006 4.5458 0.0948 0 0 0 0 0 0 0 0 0 0 0 0 0 0 0.4632 6.3814 3.1116 0.0438 0 0 0 0 0 0 0 0 0 0 0 0 0 0 0.8406 5.1506 1.9946 0.0142 0 0 0 0 0 0 0 0 0 0 0 0 0 0 0.71 3.9522 1.337 0.0008 0 0 0 0 0 0 0 0 
0 0 0 0 0 0 0 0 0 0 0 0 0 0 0 0 0 7.478 6.4694 0.0526 0 0 0 0 0 0 0 0 0 0 0 0 0 0 0.0374 7.1864 4.6646 0.1116 0 0 0 0 0 0 0 0 0 0 0 0 0 0 0.4028 6.2976 3.241 0.0586 0 0 0 0 0 0 0 0 0 0 0 0 0 0 0.6236 5.3674 1.992 0.017 0 0 0 0 0 0 0 0 0 0 0 0 0 0 0.505 4.1858 1.2982 0.011 0 0 0 0 0 0 0 0 
0 0 0 0 0 0 0 0 0 0 0 0 0 0 0 0 0 7.6912 6.253 0.0558 0 0 0 0 0 0 0 0 0 0 0 0 0 0 0.044 7.3702 4.4482 0.1376 0 0 0 0 0 0 0 0 0 0 0 0 0 0 0.4762 6.2864 3.1832 0.0542 0 0 0 0 0 0 0 0 0 0 0 0 0 0 0.8996 5.1712 1.921 0.0082 0 0 0 0 0 0 0 0 0 0 0 0 0 0 0.6292 4.1606 1.2088 0.0014 0 0 0 0 0 0 0 0 
0 0 0 0 0 0 0 0 0 0 0 0 0 0 0 0 0 7.5866 6.3808 0.0326 0 0 0 0 0 0 0 0 0 0 0 0 0 0 0.0324 7.4062 4.4638 0.0976 0 0 0 0 0 0 0 0 0 0 0 0 0 0 0.4076 6.416 3.1276 0.0488 0 0 0 0 0 0 0 0 0 0 0 0 0 0 0.7264 5.421 1.8468 0.0058 0 0 0 0 0 0 0 0 0 0 0 0 0 0 0.5362 4.3748 1.0884 0.0006 0 0 0 0 0 0 0 0 
0 0 0 0 0 0 0 0 0 0 0 0 0 0 0 0 0 7.6664 6.2966 0.037 0 0 0 0 0 0 0 0 0 0 0 0 0 0 0.0634 7.4018 4.435 0.0998 0 0 0 0 0 0 0 0 0 0 0 0 0 0 0.4874 6.4304 3.0272 0.055 0 0 0 0 0 0 0 0 0 0 0 0 0 0 0.8672 5.34 1.7752 0.0176 0 0 0 0 0 0 0 0 0 0 0 0 0 0.0046 0.7048 4.153 1.1304 0.0072 0 0 0 0 0 0 0 0 
0 0 0 0 0 0 0 0 0 0 0 0 0 0 0 0 0 7.7248 6.244 0.0312 0 0 0 0 0 0 0 0 0 0 0 0 0 0 0.0418 7.4136 4.4294 0.1152 0 0 0 0 0 0 0 0 0 0 0 0 0 0 0.4716 6.4088 3.0562 0.0634 0 0 0 0 0 0 0 0 0 0 0 0 0 0 0.798 5.324 1.8572 0.0208 0 0 0 0 0 0 0 0 0 0 0 0 0 0 0.6236 4.2556 1.1064 0.0144 0 0 0 0 0 0 0 0 
0 0 0 0 0 0 0 0 0 0 0 0 0 0 0 0 0 7.471 6.4914 0.0376 0 0 0 0 0 0 0 0 0 0 0 0 0 0 0.0456 7.252 4.59 0.1124 0 0 0 0 0 0 0 0 0 0 0 0 0 0 0.3542 6.4436 3.1514 0.0508 0 0 0 0 0 0 0 0 0 0 0 0 0 0 0.6664 5.411 1.9082 0.0144 0 0 0 0 0 0 0 0 0 0 0 0 0 0 0.4742 4.3636 1.159 0.0032 0 0 0 0 0 0 0 0 
0 0 0 0 0 0 0 0 0 0 0 0 0 0 0 0 0 7.338 6.6244 0.0376 0 0 0 0 0 0 0 0 0 0 0 0 0 0 0.0608 6.9866 4.8096 0.143 0 0 0 0 0 0 0 0 0 0 0 0 0 0 0.5288 6.0146 3.358 0.0986 0 0 0 0 0 0 0 0 0 0 0 0 0 0.0026 0.8576 4.939 2.1564 0.0444 0 0 0 0 0 0 0 0 0 0 0 0 0 0.0044 0.6702 3.7106 1.586 0.0288 0 0 0 0 0 0 0 0 
0 0 0 0 0 0 0 0 0 0 0 0 0 0 0 0 0 7.365 6.5858 0.0492 0 0 0 0 0 0 0 0 0 0 0 0 0 0 0.0432 7.0938 4.7534 0.1096 0 0 0 0 0 0 0 0 0 0 0 0 0 0 0.3252 6.2826 3.3528 0.0394 0 0 0 0 0 0 0 0 0 0 0 0 0 0 0.5734 5.299 2.1208 0.0068 0 0 0 0 0 0 0 0 0 0 0 0 0 0 0.4476 4.1296 1.421 0.0018 0 0 0 0 0 0 0 0 
0 0 0 0 0 0 0 0 0 0 0 0 0 0 0 0 0 7.575 6.3488 0.0762 0 0 0 0 0 0 0 0 0 0 0 0 0 0 0.0786 7.178 4.5706 0.1728 0 0 0 0 0 0 0 0 0 0 0 0 0 0 0.506 6.165 3.252 0.077 0 0 0 0 0 0 0 0 0 0 0 0 0 0 0.875 5.1548 1.9422 0.028 0 0 0 0 0 0 0 0 0 0 0 0 0 0 0.6728 4.0234 1.2968 0.007 0 0 0 0 0 0 0 0 
0 0 0 0 0 0 0 0 0 0 0 0 0 0 0 0 0 7.5596 6.4142 0.0262 0 0 0 0 0 0 0 0 0 0 0 0 0 0 0.0416 7.3254 4.5174 0.1156 0 0 0 0 0 0 0 0 0 0 0 0 0 0 0.4208 6.3722 3.1584 0.0486 0 0 0 0 0 0 0 0 0 0 0 0 0 0 0.7596 5.3102 1.9252 0.005 0 0 0 0 0 0 0 0 0 0 0 0 0 0 0.574 4.179 1.247 0 0 0 0 0 0 0 0 0 
0 0 0 0 0 0 0 0 0 0 0 0 0 0 0 0 0 7.5662 6.3746 0.0592 0 0 0 0 0 0 0 0 0 0 0 0 0 0 0.0434 7.2644 4.573 0.1192 0 0 0 0 0 0 0 0 0 0 0 0 0 0 0.3942 6.3042 3.2576 0.044 0 0 0 0 0 0 0 0 0 0 0 0 0 0 0.685 5.2524 2.054 0.0086 0 0 0 0 0 0 0 0 0 0 0 0 0 0 0.4788 4.1848 1.3308 0.0056 0 0 0 0 0 0 0 0 
0 0 0 0 0 0 0 0 0 0 0 0 0 0 0 0 0 7.4066 6.4892 0.1042 0 0 0 0 0 0 0 0 0 0 0 0 0 0 0.046 7.1254 4.6346 0.194 0 0 0 0 0 0 0 0 0 0 0 0 0 0 0.4112 6.1518 3.3492 0.0878 0 0 0 0 0 0 0 0 0 0 0 0 0 0 0.6916 5.0808 2.2 0.0276 0 0 0 0 0 0 0 0 0 0 0 0 0 0 0.5162 4.0196 1.4522 0.012 0 0 0 0 0 0 0 0 
0 0 0 0 0 0 0 0 0 0 0 0 0 0 0 0 0 7.4104 6.5262 0.0634 0 0 0 0 0 0 0 0 0 0 0 0 0 0 0.051 7.1594 4.627 0.1626 0 0 0 0 0 0 0 0 0 0 0 0 0 0 0.3842 6.1792 3.3694 0.0672 0 0 0 0 0 0 0 0 0 0 0 0 0 0 0.6742 5.113 2.1856 0.0272 0 0 0 0 0 0 0 0 0 0 0 0 0 0 0.5118 3.979 1.501 0.0082 0 0 0 0 0 0 0 0 
0 0 0 0 0 0 0 0 0 0 0 0 0 0 0 0 0 7.3734 6.5506 0.076 0 0 0 0 0 0 0 0 0 0 0 0 0 0 0.0648 7.1156 4.6406 0.179 0 0 0 0 0 0 0 0 0 0 0 0 0 0 0.4768 6.0956 3.326 0.1016 0 0 0 0 0 0 0 0 0 0 0 0 0 0 0.7236 5.091 2.1508 0.0346 0 0 0 0 0 0 0 0 0 0 0 0 0 0 0.5614 4.021 1.4034 0.0142 0 0 0 0 0 0 0 0 
0 0 0 0 0 0 0 0 0 0 0 0 0 0 0 0 0 7.616 6.2948 0.0892 0 0 0 0 0 0 0 0 0 0 0 0 0 0 0.0636 7.2638 4.488 0.1846 0 0 0 0 0 0 0 0 0 0 0 0 0 0 0.5188 6.1746 3.2188 0.0878 0 0 0 0 0 0 0 0 0 0 0 0 0 0 0.8522 5.1 2.0258 0.022 0 0 0 0 0 0 0 0 0 0 0 0 0 0 0.6608 4.0466 1.2898 0.0028 0 0 0 0 0 0 0 0 
0 0 0 0 0 0 0 0 0 0 0 0 0 0 0 0 0 7.57 6.3958 0.0342 0 0 0 0 0 0 0 0 0 0 0 0 0 0 0.0406 7.3202 4.5484 0.0908 0 0 0 0 0 0 0 0 0 0 0 0 0 0 0.4088 6.3564 3.2068 0.028 0 0 0 0 0 0 0 0 0 0 0 0 0 0 0.7054 5.321 1.9622 0.0114 0 0 0 0 0 0 0 0 0 0 0 0 0 0 0.5758 4.195 1.2292 0 0 0 0 0 0 0 0 0 
0 0 0 0 0 0 0 0 0 0 0 0 0 0 0 0 0 7.4574 6.4982 0.0444 0 0 0 0 0 0 0 0 0 0 0 0 0 0 0.0556 7.2784 4.544 0.122 0 0 0 0 0 0 0 0 0 0 0 0 0 0 0.3876 6.3618 3.189 0.0616 0 0 0 0 0 0 0 0 0 0 0 0 0 0 0.6696 5.3508 1.952 0.0276 0 0 0 0 0 0 0 0 0 0 0 0 0 0.0032 0.4922 4.224 1.2586 0.022 0 0 0 0 0 0 0 0 
0 0 0 0 0 0 0 0 0 0 0 0 0 0 0 0 0 7.4714 6.476 0.0526 0 0 0 0 0 0 0 0 0 0 0 0 0 0 0.0448 7.1582 4.657 0.14 0 0 0 0 0 0 0 0 0 0 0 0 0 0 0.4244 6.2182 3.2924 0.065 0 0 0 0 0 0 0 0 0 0 0 0 0 0 0.6508 5.1698 2.1566 0.0228 0 0 0 0 0 0 0 0 0 0 0 0 0 0.0024 0.5136 4.0154 1.4524 0.0162 0 0 0 0 0 0 0 0 
0 0 0 0 0 0 0 0 0 0 0 0 0 0 0 0 0 7.504 6.4464 0.0496 0 0 0 0 0 0 0 0 0 0 0 0 0 0 0.0268 7.207 4.6406 0.1256 0 0 0 0 0 0 0 0 0 0 0 0 0 0 0.2712 6.3132 3.3698 0.0458 0 0 0 0 0 0 0 0 0 0 0 0 0 0 0.5442 5.3526 2.0994 0.0038 0 0 0 0 0 0 0 0 0 0 0 0 0 0 0.3614 4.3164 1.3222 0 0 0 0 0 0 0 0 0 
0 0 0 0 0 0 0 0 0 0 0 0 0 0 0 0 0 7.5246 6.413 0.0624 0 0 0 0 0 0 0 0 0 0 0 0 0 0 0.0554 7.2696 4.5338 0.1412 0 0 0 0 0 0 0 0 0 0 0 0 0 0 0.4296 6.2474 3.2732 0.0498 0 0 0 0 0 0 0 0 0 0 0 0 0 0 0.7216 5.285 1.9868 0.0066 0 0 0 0 0 0 0 0 0 0 0 0 0 0.0004 0.5076 4.2242 1.2678 0 0 0 0 0 0 0 0 0 
0 0 0 0 0 0 0 0 0 0 0 0 0 0 0 0 0 7.6248 6.3254 0.0498 0 0 0 0 0 0 0 0 0 0 0 0 0 0 0.0352 7.4176 4.4086 0.1386 0 0 0 0 0 0 0 0 0 0 0 0 0 0 0.377 6.3356 3.2186 0.0688 0 0 0 0 0 0 0 0 0 0 0 0 0 0 0.7374 5.2808 1.9638 0.018 0 0 0 0 0 0 0 0 0 0 0 0 0 0 0.5126 4.313 1.1708 0.0036 0 0 0 0 0 0 0 0 
0 0 0 0 0 0 0 0 0 0 0 0 0 0 0 0 0 7.4024 6.5468 0.0508 0 0 0 0 0 0 0 0 0 0 0 0 0 0 0.0464 7.1454 4.6742 0.134 0 0 0 0 0 0 0 0 0 0 0 0 0 0 0.4066 6.156 3.3692 0.0682 0 0 0 0 0 0 0 0 0 0 0 0 0 0 0.6714 5.1468 2.1594 0.0224 0 0 0 0 0 0 0 0 0 0 0 0 0 0 0.4894 4.0562 1.4436 0.0108 0 0 0 0 0 0 0 0 
0 0 0 0 0 0 0 0 0 0 0 0 0 0 0 0 0 7.3516 6.5894 0.059 0 0 0 0 0 0 0 0 0 0 0 0 0 0 0.0296 7.135 4.7128 0.1226 0 0 0 0 0 0 0 0 0 0 0 0 0 0 0.263 6.2282 3.4648 0.044 0 0 0 0 0 0 0 0 0 0 0 0 0 0 0.4314 5.3702 2.1872 0.0112 0 0 0 0 0 0 0 0 0 0 0 0 0 0 0.3308 4.2478 1.4134 0.008 0 0 0 0 0 0 0 0 
0 0 0 0 0 0 0 0 0 0 0 0 0 0 0 0 0 7.3436 6.6014 0.055 0 0 0 0 0 0 0 0 0 0 0 0 0 0 0.0572 7.0788 4.705 0.159 0 0 0 0 0 0 0 0 0 0 0 0 0 0 0.3818 6.1284 3.4116 0.0782 0 0 0 0 0 0 0 0 0 0 0 0 0 0 0.63 5.181 2.163 0.026 0 0 0 0 0 0 0 0 0 0 0 0 0 0 0.4526 3.9828 1.549 0.0156 0 0 0 0 0 0 0 0 
0 0 0 0 0 0 0 0 0 0 0 0 0 0 0 0 0 7.4288 6.5444 0.0268 0 0 0 0 0 0 0 0 0 0 0 0 0 0 0.0348 7.1436 4.7422 0.0794 0 0 0 0 0 0 0 0 0 0 0 0 0 0 0.4188 6.18 3.3514 0.0498 0 0 0 0 0 0 0 0 0 0 0 0 0 0 0.7328 5.1986 2.0564 0.0122 0 0 0 0 0 0 0 0 0 0 0 0 0 0 0.5674 4.026 1.4032 0.0034 0 0 0 0 0 0 0 0 
0 0 0 0 0 0 0 0 0 0 0 0 0 0 0 0 0 7.412 6.5468 0.0412 0 0 0 0 0 0 0 0 0 0 0 0 0 0 0.0656 7.1758 4.6336 0.125 0 0 0 0 0 0 0 0 0 0 0 0 0 0 0.4038 6.2588 3.286 0.0514 0 0 0 0 0 0 0 0 0 0 0 0 0 0.0024 0.6356 5.3128 2.0418 0.0074 0 0 0 0 0 0 0 0 0 0 0 0 0 0.0076 0.4994 4.1888 1.297 0.0072 0 0 0 0 0 0 0 0 
0 0 0 0 0 0 0 0 0 0 0 0 0 0 0 0 0 7.2704 6.679 0.0506 0 0 0 0 0 0 0 0 0 0 0 0 0 0 0.0312 7.0034 4.7966 0.1688 0 0 0 0 0 0 0 0 0 0 0 0 0 0 0.3186 6.1814 3.4252 0.0748 0 0 0 0 0 0 0 0 0 0 0 0 0 0 0.518 5.1332 2.3292 0.0196 0 0 0 0 0 0 0 0 0 0 0 0 0 0.0014 0.396 4.0684 1.5254 0.0088 0 0 0 0 0 0 0 0 
0 0 0 0 0 0 0 0 0 0 0 0 0 0 0 0 0 7.3798 6.5676 0.0526 0 0 0 0 0 0 0 0 0 0 0 0 0 0 0.0406 7.0714 4.7304 0.1576 0 0 0 0 0 0 0 0 0 0 0 0 0 0 0.3076 6.1878 3.4068 0.0978 0 0 0 0 0 0 0 0 0 0 0 0 0 0 0.532 5.1146 2.3092 0.0442 0 0 0 0 0 0 0 0 0 0 0 0 0 0 0.421 4.0052 1.5528 0.021 0 0 0 0 0 0 0 0 
0 0 0 0 0 0 0 0 0 0 0 0 0 0 0 0 0 7.2656 6.693 0.0414 0 0 0 0 0 0 0 0 0 0 0 0 0 0 0.04 6.9494 4.872 0.1386 0 0 0 0 0 0 0 0 0 0 0 0 0 0 0.3632 6.0772 3.4754 0.0842 0 0 0 0 0 0 0 0 0 0 0 0 0 0 0.6032 5.0138 2.3634 0.0196 0 0 0 0 0 0 0 0 0 0 0 0 0 0.0014 0.4838 3.8102 1.6962 0.0084 0 0 0 0 0 0 0 0 
0 0 0 0 0 0 0 0 0 0 0 0 0 0 0 0 0 7.461 6.5012 0.0378 0 0 0 0 0 0 0 0 0 0 0 0 0 0 0.0352 7.225 4.6368 0.103 0 0 0 0 0 0 0 0 0 0 0 0 0 0 0.282 6.3394 3.3364 0.0422 0 0 0 0 0 0 0 0 0 0 0 0 0 0 0.4836 5.4826 2.0268 0.007 0 0 0 0 0 0 0 0 0 0 0 0 0 0 0.34 4.3888 1.2712 0 0 0 0 0 0 0 0 0 
0 0 0 0 0 0 0 0 0 0 0 0 0 0 0 0 0 7.5262 6.4302 0.0436 0 0 0 0 0 0 0 0 0 0 0 0 0 0 0.0382 7.3102 4.5506 0.101 0 0 0 0 0 0 0 0 0 0 0 0 0 0 0.2976 6.4158 3.2468 0.0398 0 0 0 0 0 0 0 0 0 0 0 0 0 0 0.5834 5.3896 2.0168 0.0102 0 0 0 0 0 0 0 0 0 0 0 0 0 0 0.4206 4.3402 1.235 0.0042 0 0 0 0 0 0 0 0 
0 0 0 0 0 0 0 0 0 0 0 0 0 0 0 0 0 7.5468 6.4242 0.029 0 0 0 0 0 0 0 0 0 0 0 0 0 0 0.052 7.3708 4.5084 0.0688 0 0 0 0 0 0 0 0 0 0 0 0 0 0 0.3528 6.3264 3.3022 0.0186 0 0 0 0 0 0 0 0 0 0 0 0 0 0 0.62 5.443 1.9364 0.0006 0 0 0 0 0 0 0 0 0 0 0 0 0 0 0.4656 4.438 1.0964 0 0 0 0 0 0 0 0 0 
