0.03 0.09 0.15 0.21 0.27 0.33 0.39 0.45 0.51 0.57 0.63 0.69 0.75 0.81 0.87 0.93 0.99 1.05 1.11 1.17 1.23 1.29 1.35 1.41 1.47 1.53 1.59 1.65 1.71 1.77 1.83 1.89 1.95 2.01 2.07 2.13 2.19 2.25 2.31 2.37 2.43 2.49 2.55 2.61 2.67 2.73 2.79 2.85 2.91 2.97 3.03 3.09 3.15 3.21 3.27 3.33 3.39 3.45 3.51 3.57 3.63 3.69 3.75 3.81 3.87 3.93 3.99 4.05 4.11 4.17 4.23 4.29 4.35 4.41 4.47 4.53 4.59 4.65 4.71 4.77 4.83 4.89 4.95 5.01 5.07 5.13 5.19 5.25 5.31 5.37 5.43 5.49 5.55 5.61 5.67 5.73 5.79 5.85 5.91 5.97 
0 0 0 0 0 0 0 0 0 0 0 0 0 0 0 0 0.0002 5.776 6.2828 0.5424 0 0 0 0 0 0 0 0 0 0 0 0 0 0 0.142 5.374 4.3668 0.9096 0.0088 0 0 0 0 0 0 0 0 0 0 0 0 0 0.4516 4.4374 3.4386 0.6622 0.0112 0 0 0 0 0 0 0 0 0 0 0 0 0.0174 0.5514 3.4996 2.735 0.3848 0.0126 0 0 0 0 0 0 0 0 0 0 0 0 0.0152 0.3358 2.492 2.2746 0.2646 0.0184 0 0 0 0 0 0 0 
0 0 0 0 0 0 0 0 0 0 0 0 0 0 0 0 0 6.5798 6.7884 0.6296 0.0022 0 0 0 0 0 0 0 0 0 0 0 0 0 0.1008 6.1904 4.8018 0.8982 0.0088 0 0 0 0 0 0 0 0 0 0 0 0 0 0.4552 5.1234 3.7828 0.6352 0.0034 0 0 0 0 0 0 0 0 0 0 0 0 0 0.5478 4.058 3.0522 0.342 0 0 0 0 0 0 0 0 0 0 0 0 0 0.0016 0.34 2.8868 2.5332 0.2378 0.0006 0 0 0 0 0 0 0 
0 0 0 0 0 0 0 0 0 0 0 0 0 0 0 0 0 6.4902 7.0284 0.4814 0 0 0 0 0 0 0 0 0 0 0 0 0 0 0.1062 6.1258 5.029 0.736 0.003 0 0 0 0 0 0 0 0 0 0 0 0 0 0.3878 5.1252 3.9674 0.5186 0.001 0 0 0 0 0 0 0 0 0 0 0 0 0.0008 0.5068 4.0886 3.1044 0.2994 0 0 0 0 0 0 0 0 0 0 0 0 0 0.0014 0.3296 2.8876 2.59 0.1914 0 0 0 0 0 0 0 0 
0 0 0 0 0 0 0 0 0 0 0 0 0 0 0 0 0.0006 6.5948 6.9286 0.476 0 0 0 0 0 0 0 0 0 0 0 0 0 0 0.1112 6.1354 4.9466 0.801 0.0058 0 0 0 0 0 0 0 0 0 0 0 0 0 0.4366 5.2542 3.7626 0.5376 0.009 0 0 0 0 0 0 0 0 0 0 0 0 0 0.5142 4.194 3.0146 0.2734 0.0038 0 0 0 0 0 0 0 0 0 0 0 0 0.0012 0.2838 3.026 2.5044 0.1824 0.0022 0 0 0 0 0 0 0 
0 0 0 0 0 0 0 0 0 0 0 0 0 0 0 0 0 6.5204 6.9044 0.5752 0 0 0 0 0 0 0 0 0 0 0 0 0 0 0.091 6.1452 4.8682 0.8854 0.0102 0 0 0 0 0 0 0 0 0 0 0 0 0 0.3578 5.2386 3.8124 0.584 0.0072 0 0 0 0 0 0 0 0 0 0 0 0 0 0.4618 4.1178 3.1138 0.3066 0 0 0 0 0 0 0 0 0 0 0 0 0 0 0.2736 2.9942 2.5434 0.1888 0 0 0 0 0 0 0 0 
0 0 0 0 0 0 0 0 0 0 0 0 0 0 0 0 0 6.5606 6.8934 0.546 0 0 0 0 0 0 0 0 0 0 0 0 0 0 0.0928 6.1894 4.8424 0.8704 0.005 0 0 0 0 0 0 0 0 0 0 0 0 0 0.3294 5.3386 3.7452 0.5826 0.0042 0 0 0 0 0 0 0 0 0 0 0 0 0 0.4592 4.1224 3.1012 0.3158 0.0014 0 0 0 0 0 0 0 0 0 0 0 0 0 0.26 3.0116 2.5532 0.174 0.0012 0 0 0 0 0 0 0 
0 0 0 0 0 0 0 0 0 0 0 0 0 0 0 0 0 6.5666 7.0218 0.4106 0.001 0 0 0 0 0 0 0 0 0 0 0 0 0 0.0678 6.2478 4.8654 0.8146 0.0044 0 0 0 0 0 0 0 0 0 0 0 0 0 0.3718 5.3746 3.6762 0.5714 0.006 0 0 0 0 0 0 0 0 0 0 0 0 0 0.489 4.323 2.9006 0.2842 0.0032 0 0 0 0 0 0 0 0 0 0 0 0 0.0004 0.2896 3.1274 2.3922 0.1904 0 0 0 0 0 0 0 0 
0 0 0 0 0 0 0 0 0 0 0 0 0 0 0 0 0.0006 6.597 6.9364 0.466 0 0 0 0 0 0 0 0 0 0 0 0 0 0 0.071 6.1836 4.9568 0.7854 0.0032 0 0 0 0 0 0 0 0 0 0 0 0 0 0.3234 5.3118 3.868 0.4938 0.003 0 0 0 0 0 0 0 0 0 0 0 0 0 0.409 4.2034 3.1542 0.2326 0.0008 0 0 0 0 0 0 0 0 0 0 0 0 0 0.2306 3.031 2.6038 0.1346 0 0 0 0 0 0 0 0 
0 0 0 0 0 0 0 0 0 0 0 0 0 0 0 0 0.0012 6.4664 7.093 0.4394 0 0 0 0 0 0 0 0 0 0 0 0 0 0 0.1244 6.0192 5.0824 0.7662 0.0078 0 0 0 0 0 0 0 0 0 0 0 0 0 0.4412 4.9726 4.041 0.535 0.0102 0 0 0 0 0 0 0 0 0 0 0 0 0.0014 0.5704 3.9126 3.1796 0.331 0.005 0 0 0 0 0 0 0 0 0 0 0 0 0 0.369 2.7728 2.5802 0.2758 0.0022 0 0 0 0 0 0 0 
0 0 0 0 0 0 0 0 0 0 0 0 0 0 0 0 0 6.4248 7.1286 0.4466 0 0 0 0 0 0 0 0 0 0 0 0 0 0 0.0896 6.039 5.1602 0.7058 0.0054 0 0 0 0 0 0 0 0 0 0 0 0 0 0.3772 5.0702 4.0462 0.5004 0.006 0 0 0 0 0 0 0 0 0 0 0 0 0.001 0.5058 3.9796 3.251 0.2578 0.0048 0 0 0 0 0 0 0 0 0 0 0 0 0.0068 0.3186 2.884 2.5962 0.1892 0.0052 0 0 0 0 0 0 0 
0 0 0 0 0 0 0 0 0 0 0 0 0 0 0 0 0 6.5098 7.0796 0.4106 0 0 0 0 0 0 0 0 0 0 0 0 0 0 0.0804 6.1272 5.0164 0.7692 0.0068 0 0 0 0 0 0 0 0 0 0 0 0 0 0.3456 5.2316 3.8508 0.5662 0.0058 0 0 0 0 0 0 0 0 0 0 0 0 0 0.4546 4.2384 3.0046 0.3024 0 0 0 0 0 0 0 0 0 0 0 0 0 0 0.2874 3.012 2.489 0.2092 0.0024 0 0 0 0 0 0 0 
0 0 0 0 0 0 0 0 0 0 0 0 0 0 0 0 0 6.4692 7.0388 0.492 0 0 0 0 0 0 0 0 0 0 0 0 0 0 0.1256 5.9882 5.0174 0.863 0.0058 0 0 0 0 0 0 0 0 0 0 0 0 0 0.5036 4.9446 3.8946 0.6504 0.0068 0 0 0 0 0 0 0 0 0 0 0 0 0 0.6632 3.8416 3.0968 0.3968 0.0016 0 0 0 0 0 0 0 0 0 0 0 0 0.0006 0.4428 2.7398 2.4848 0.3292 0.0028 0 0 0 0 0 0 0 
0 0 0 0 0 0 0 0 0 0 0 0 0 0 0 0 0 6.51 7.0342 0.4558 0 0 0 0 0 0 0 0 0 0 0 0 0 0 0.1266 6.0342 5.0354 0.7978 0.006 0 0 0 0 0 0 0 0 0 0 0 0 0 0.4286 5.042 3.9954 0.5324 0.0016 0 0 0 0 0 0 0 0 0 0 0 0 0.0028 0.5358 3.9394 3.184 0.3338 0.0042 0 0 0 0 0 0 0 0 0 0 0 0 0 0.3388 2.8626 2.5664 0.2292 0.003 0 0 0 0 0 0 0 
0 0 0 0 0 0 0 0 0 0 0 0 0 0 0 0 0 6.406 7.2234 0.369 0.0016 0 0 0 0 0 0 0 0 0 0 0 0 0 0.0794 6.1206 5.1254 0.6668 0.0078 0 0 0 0 0 0 0 0 0 0 0 0 0 0.3344 5.1818 3.9888 0.4908 0.0042 0 0 0 0 0 0 0 0 0 0 0 0 0 0.4044 4.1194 3.2254 0.2474 0.0034 0 0 0 0 0 0 0 0 0 0 0 0 0 0.2392 2.9764 2.6158 0.1652 0.0034 0 0 0 0 0 0 0 
0 0 0 0 0 0 0 0 0 0 0 0 0 0 0 0 0 6.4794 7.077 0.4436 0 0 0 0 0 0 0 0 0 0 0 0 0 0 0.0768 6.1264 5.0006 0.7912 0.005 0 0 0 0 0 0 0 0 0 0 0 0 0 0.3986 5.133 3.9322 0.5306 0.0056 0 0 0 0 0 0 0 0 0 0 0 0 0 0.5198 4.0378 3.1526 0.2832 0.0066 0 0 0 0 0 0 0 0 0 0 0 0 0.0014 0.3334 2.904 2.532 0.2278 0.0014 0 0 0 0 0 0 0 
0 0 0 0 0 0 0 0 0 0 0 0 0 0 0 0 0 6.56 7.0072 0.4328 0 0 0 0 0 0 0 0 0 0 0 0 0 0 0.0558 6.188 5.0568 0.6964 0.003 0 0 0 0 0 0 0 0 0 0 0 0 0 0.2878 5.2662 3.9914 0.4526 0.002 0 0 0 0 0 0 0 0 0 0 0 0 0 0.3816 4.2364 3.1512 0.2308 0 0 0 0 0 0 0 0 0 0 0 0 0 0 0.2208 3.0136 2.637 0.1286 0 0 0 0 0 0 0 0 
0 0 0 0 0 0 0 0 0 0 0 0 0 0 0 0 0 6.4696 7.14 0.3904 0 0 0 0 0 0 0 0 0 0 0 0 0 0 0.0808 6.0732 5.083 0.761 0.002 0 0 0 0 0 0 0 0 0 0 0 0 0 0.378 5.1606 3.899 0.557 0.0054 0 0 0 0 0 0 0 0 0 0 0 0 0.0008 0.4952 4.0446 3.1398 0.3158 0.0038 0 0 0 0 0 0 0 0 0 0 0 0 0.0038 0.3302 2.8268 2.6072 0.2292 0.0028 0 0 0 0 0 0 0 
0 0 0 0 0 0 0 0 0 0 0 0 0 0 0 0 0.0004 6.3786 7.1638 0.455 0.0022 0 0 0 0 0 0 0 0 0 0 0 0 0 0.1086 6.0044 5.0424 0.8354 0.0092 0 0 0 0 0 0 0 0 0 0 0 0 0 0.4182 5.0552 3.8682 0.6558 0.0026 0 0 0 0 0 0 0 0 0 0 0 0 0.0006 0.5022 4.0056 3.1522 0.3394 0 0 0 0 0 0 0 0 0 0 0 0 0 0 0.3446 2.8126 2.6074 0.2354 0 0 0 0 0 0 0 0 
0 0 0 0 0 0 0 0 0 0 0 0 0 0 0 0 0 6.616 6.8574 0.5266 0 0 0 0 0 0 0 0 0 0 0 0 0 0 0.086 6.2084 4.821 0.8794 0.0052 0 0 0 0 0 0 0 0 0 0 0 0 0 0.4296 5.2376 3.7102 0.6166 0.006 0 0 0 0 0 0 0 0 0 0 0 0 0 0.5228 4.1306 2.9762 0.3704 0 0 0 0 0 0 0 0 0 0 0 0 0 0.0014 0.3508 2.938 2.459 0.2508 0 0 0 0 0 0 0 0 
0 0 0 0 0 0 0 0 0 0 0 0 0 0 0 0 0 6.502 7.1106 0.3874 0 0 0 0 0 0 0 0 0 0 0 0 0 0 0.093 6.0734 5.0298 0.8014 0.0024 0 0 0 0 0 0 0 0 0 0 0 0 0 0.3616 5.1796 3.8954 0.5618 0.0016 0 0 0 0 0 0 0 0 0 0 0 0 0 0.4578 4.126 3.1388 0.2774 0 0 0 0 0 0 0 0 0 0 0 0 0 0.0012 0.2684 2.9654 2.5614 0.2036 0 0 0 0 0 0 0 0 
0 0 0 0 0 0 0 0 0 0 0 0 0 0 0 0 0 6.48 7.0856 0.4338 0.0006 0 0 0 0 0 0 0 0 0 0 0 0 0 0.133 5.942 5.1976 0.7252 0.0022 0 0 0 0 0 0 0 0 0 0 0 0 0 0.4372 4.9292 4.0628 0.5708 0 0 0 0 0 0 0 0 0 0 0 0 0 0.0036 0.5986 3.861 3.1708 0.3648 0.0012 0 0 0 0 0 0 0 0 0 0 0 0 0.0022 0.413 2.7616 2.5196 0.3016 0.002 0 0 0 0 0 0 0 
0 0 0 0 0 0 0 0 0 0 0 0 0 0 0 0 0.0008 6.502 7.0022 0.495 0 0 0 0 0 0 0 0 0 0 0 0 0 0 0.0902 6.1624 4.9972 0.748 0.0022 0 0 0 0 0 0 0 0 0 0 0 0 0 0.3688 5.205 3.9572 0.4686 0.0004 0 0 0 0 0 0 0 0 0 0 0 0 0 0.4808 4.1022 3.1852 0.2312 0.0006 0 0 0 0 0 0 0 0 0 0 0 0 0.0012 0.3216 2.889 2.6094 0.1774 0.0014 0 0 0 0 0 0 0 
0 0 0 0 0 0 0 0 0 0 0 0 0 0 0 0 0 6.4402 7.0964 0.4634 0 0 0 0 0 0 0 0 0 0 0 0 0 0 0.0972 6.025 5.032 0.8422 0.0036 0 0 0 0 0 0 0 0 0 0 0 0 0 0.4368 4.9894 3.9672 0.6026 0.004 0 0 0 0 0 0 0 0 0 0 0 0 0.0018 0.5872 3.8962 3.1614 0.351 0.0024 0 0 0 0 0 0 0 0 0 0 0 0 0.0028 0.4062 2.71 2.6106 0.2666 0.0038 0 0 0 0 0 0 0 
0 0 0 0 0 0 0 0 0 0 0 0 0 0 0 0 0 6.449 7.0346 0.5148 0.0016 0 0 0 0 0 0 0 0 0 0 0 0 0 0.1142 6.0288 5.0176 0.8324 0.007 0 0 0 0 0 0 0 0 0 0 0 0 0 0.4094 5.0676 3.9708 0.5484 0.0038 0 0 0 0 0 0 0 0 0 0 0 0 0.0006 0.535 3.9638 3.2078 0.2928 0 0 0 0 0 0 0 0 0 0 0 0 0 0.0024 0.2894 2.9426 2.5568 0.2088 0 0 0 0 0 0 0 0 
0 0 0 0 0 0 0 0 0 0 0 0 0 0 0 0 0.0008 6.5342 6.879 0.585 0.001 0 0 0 0 0 0 0 0 0 0 0 0 0 0.1318 6.0692 4.8988 0.8864 0.0138 0 0 0 0 0 0 0 0 0 0 0 0 0 0.4444 5.0968 3.7838 0.666 0.009 0 0 0 0 0 0 0 0 0 0 0 0 0.0026 0.5228 4.0512 3.0108 0.402 0.0106 0 0 0 0 0 0 0 0 0 0 0 0 0.0028 0.3492 2.8886 2.4794 0.2786 0.0014 0 0 0 0 0 0 0 
0 0 0 0 0 0 0 0 0 0 0 0 0 0 0 0 0 6.4764 7.0072 0.5146 0.0018 0 0 0 0 0 0 0 0 0 0 0 0 0 0.1032 6.1034 4.9058 0.8764 0.0112 0 0 0 0 0 0 0 0 0 0 0 0 0 0.3996 5.1888 3.8098 0.5986 0.0032 0 0 0 0 0 0 0 0 0 0 0 0 0.002 0.462 4.0956 3.1524 0.2834 0.0046 0 0 0 0 0 0 0 0 0 0 0 0 0.003 0.2786 2.9222 2.6172 0.179 0 0 0 0 0 0 0 0 
0 0 0 0 0 0 0 0 0 0 0 0 0 0 0 0 0.0004 6.5316 6.9592 0.5088 0 0 0 0 0 0 0 0 0 0 0 0 0 0 0.0764 6.191 4.9442 0.7862 0.0022 0 0 0 0 0 0 0 0 0 0 0 0 0 0.3508 5.2352 3.901 0.511 0.002 0 0 0 0 0 0 0 0 0 0 0 0 0 0.434 4.1894 3.1114 0.2634 0.0018 0 0 0 0 0 0 0 0 0 0 0 0 0.0016 0.2596 3.0168 2.5746 0.145 0.0024 0 0 0 0 0 0 0 
0 0 0 0 0 0 0 0 0 0 0 0 0 0 0 0 0 6.5518 6.9398 0.5084 0 0 0 0 0 0 0 0 0 0 0 0 0 0 0.0752 6.1966 4.9576 0.7706 0 0 0 0 0 0 0 0 0 0 0 0 0 0 0.3044 5.301 3.855 0.537 0.0026 0 0 0 0 0 0 0 0 0 0 0 0 0 0.4048 4.2258 3.0928 0.2766 0 0 0 0 0 0 0 0 0 0 0 0 0 0 0.2266 3.0668 2.5546 0.152 0 0 0 0 0 0 0 0 
0 0 0 0 0 0 0 0 0 0 0 0 0 0 0 0 0 6.5022 7.0616 0.4362 0 0 0 0 0 0 0 0 0 0 0 0 0 0 0.1156 6.0474 5.062 0.774 0.001 0 0 0 0 0 0 0 0 0 0 0 0 0 0.444 5.0964 3.8998 0.5572 0.0026 0 0 0 0 0 0 0 0 0 0 0 0 0 0.549 4.0182 3.1158 0.317 0 0 0 0 0 0 0 0 0 0 0 0 0 0.0018 0.3584 2.936 2.4346 0.2692 0 0 0 0 0 0 0 0 
0 0 0 0 0 0 0 0 0 0 0 0 0 0 0 0 0 6.5496 6.9112 0.5392 0 0 0 0 0 0 0 0 0 0 0 0 0 0 0.1356 6.0612 4.9024 0.9008 0 0 0 0 0 0 0 0 0 0 0 0 0 0 0.5216 4.9876 3.8648 0.626 0 0 0 0 0 0 0 0 0 0 0 0 0 0.0018 0.6914 3.8456 3.0692 0.392 0 0 0 0 0 0 0 0 0 0 0 0 0 0.0006 0.4544 2.7384 2.5262 0.2804 0 0 0 0 0 0 0 0 
0 0 0 0 0 0 0 0 0 0 0 0 0 0 0 0 0.0008 6.4908 7.0474 0.461 0 0 0 0 0 0 0 0 0 0 0 0 0 0 0.083 6.1018 5.0342 0.781 0 0 0 0 0 0 0 0 0 0 0 0 0 0.0018 0.2784 5.2212 3.944 0.5546 0 0 0 0 0 0 0 0 0 0 0 0 0 0.0014 0.3494 4.2016 3.1582 0.2894 0 0 0 0 0 0 0 0 0 0 0 0 0 0.0012 0.201 2.9896 2.636 0.1722 0 0 0 0 0 0 0 0 
0 0 0 0 0 0 0 0 0 0 0 0 0 0 0 0 0 6.4446 7.0124 0.543 0 0 0 0 0 0 0 0 0 0 0 0 0 0 0.1002 6.1658 4.8252 0.8986 0.0102 0 0 0 0 0 0 0 0 0 0 0 0 0 0.4702 5.0564 3.8506 0.6092 0.0136 0 0 0 0 0 0 0 0 0 0 0 0 0 0.6092 3.8538 3.1358 0.3964 0.0048 0 0 0 0 0 0 0 0 0 0 0 0 0.0012 0.3966 2.7732 2.5408 0.2862 0.002 0 0 0 0 0 0 0 
0 0 0 0 0 0 0 0 0 0 0 0 0 0 0 0 0.0006 6.3984 7.11 0.4906 0.0004 0 0 0 0 0 0 0 0 0 0 0 0 0 0.1318 5.9644 5.0506 0.8338 0.0194 0 0 0 0 0 0 0 0 0 0 0 0 0 0.4964 4.9716 3.8838 0.633 0.0152 0 0 0 0 0 0 0 0 0 0 0 0 0.0014 0.5994 3.9058 3.0646 0.4196 0.0092 0 0 0 0 0 0 0 0 0 0 0 0 0.0034 0.4278 2.6818 2.5596 0.321 0.0064 0 0 0 0 0 0 0 
0 0 0 0 0 0 0 0 0 0 0 0 0 0 0 0 0.0004 6.4892 7.085 0.4254 0 0 0 0 0 0 0 0 0 0 0 0 0 0 0.1566 6.0062 5.113 0.7116 0.0126 0 0 0 0 0 0 0 0 0 0 0 0 0 0.512 4.9932 3.8946 0.5876 0.0126 0 0 0 0 0 0 0 0 0 0 0 0 0.0084 0.6818 3.92 2.987 0.3946 0.0082 0 0 0 0 0 0 0 0 0 0 0 0 0.013 0.5084 2.723 2.4182 0.3286 0.0088 0 0 0 0 0 0 0 
0 0 0 0 0 0 0 0 0 0 0 0 0 0 0 0 0 6.5006 7.1106 0.3888 0 0 0 0 0 0 0 0 0 0 0 0 0 0 0.1196 5.9994 5.1294 0.7484 0.0032 0 0 0 0 0 0 0 0 0 0 0 0 0 0.379 5.1016 3.956 0.5556 0.0078 0 0 0 0 0 0 0 0 0 0 0 0 0.0078 0.4906 4.1104 3.0432 0.3404 0.0076 0 0 0 0 0 0 0 0 0 0 0 0 0.0082 0.3284 2.9248 2.4846 0.2484 0.0056 0 0 0 0 0 0 0 
0 0 0 0 0 0 0 0 0 0 0 0 0 0 0 0 0 6.5414 6.9736 0.485 0 0 0 0 0 0 0 0 0 0 0 0 0 0 0.076 6.2984 4.8458 0.7706 0.0092 0 0 0 0 0 0 0 0 0 0 0 0 0 0.3084 5.3496 3.7576 0.581 0.0034 0 0 0 0 0 0 0 0 0 0 0 0 0 0.4458 4.18 3.0518 0.3224 0 0 0 0 0 0 0 0 0 0 0 0 0 0 0.2664 3.0082 2.5248 0.2006 0 0 0 0 0 0 0 0 
0 0 0 0 0 0 0 0 0 0 0 0 0 0 0 0 0 6.5212 6.9868 0.492 0 0 0 0 0 0 0 0 0 0 0 0 0 0 0.0796 6.1382 4.9928 0.7842 0.0052 0 0 0 0 0 0 0 0 0 0 0 0 0 0.3766 5.2252 3.823 0.5726 0.0026 0 0 0 0 0 0 0 0 0 0 0 0 0 0.4744 4.1578 3.0294 0.3358 0.0026 0 0 0 0 0 0 0 0 0 0 0 0 0 0.294 3.0194 2.444 0.2426 0 0 0 0 0 0 0 0 
0 0 0 0 0 0 0 0 0 0 0 0 0 0 0 0 0 6.4866 7.0642 0.4492 0 0 0 0 0 0 0 0 0 0 0 0 0 0 0.0754 6.1164 5.0222 0.784 0.002 0 0 0 0 0 0 0 0 0 0 0 0 0 0.3348 5.209 3.9028 0.5514 0.002 0 0 0 0 0 0 0 0 0 0 0 0 0 0.4512 4.145 3.1068 0.297 0 0 0 0 0 0 0 0 0 0 0 0 0 0.003 0.2564 2.9526 2.5956 0.1924 0 0 0 0 0 0 0 0 
0 0 0 0 0 0 0 0 0 0 0 0 0 0 0 0 0 6.4162 7.0754 0.5084 0 0 0 0 0 0 0 0 0 0 0 0 0 0 0.128 6.0654 4.9562 0.8416 0.0088 0 0 0 0 0 0 0 0 0 0 0 0 0.0012 0.4804 5.026 3.83 0.6516 0.0108 0 0 0 0 0 0 0 0 0 0 0 0 0.005 0.611 3.8926 3.1016 0.3832 0.0066 0 0 0 0 0 0 0 0 0 0 0 0 0.0062 0.3958 2.7868 2.5264 0.2792 0.0056 0 0 0 0 0 0 0 
0 0 0 0 0 0 0 0 0 0 0 0 0 0 0 0 0 6.3986 7.1644 0.437 0 0 0 0 0 0 0 0 0 0 0 0 0 0 0.1086 5.9924 5.1152 0.7824 0.0014 0 0 0 0 0 0 0 0 0 0 0 0 0 0.4362 4.9764 4.0218 0.5648 0.0008 0 0 0 0 0 0 0 0 0 0 0 0 0.0004 0.524 3.983 3.1232 0.3694 0 0 0 0 0 0 0 0 0 0 0 0 0 0.0042 0.3416 2.8394 2.5486 0.2662 0 0 0 0 0 0 0 0 
0 0 0 0 0 0 0 0 0 0 0 0 0 0 0 0 0 6.5906 6.8962 0.5092 0.004 0 0 0 0 0 0 0 0 0 0 0 0 0 0.0986 6.142 4.891 0.8576 0.0108 0 0 0 0 0 0 0 0 0 0 0 0 0 0.4408 5.1134 3.7872 0.6538 0.0048 0 0 0 0 0 0 0 0 0 0 0 0 0 0.56 4.0376 3.035 0.3634 0.004 0 0 0 0 0 0 0 0 0 0 0 0 0 0.3784 2.8116 2.5552 0.252 0.0028 0 0 0 0 0 0 0 
0 0 0 0 0 0 0 0 0 0 0 0 0 0 0 0 0 6.4282 7.196 0.3758 0 0 0 0 0 0 0 0 0 0 0 0 0 0 0.1078 5.9472 5.166 0.7766 0.0024 0 0 0 0 0 0 0 0 0 0 0 0 0 0.4196 5.02 3.9712 0.5846 0.0046 0 0 0 0 0 0 0 0 0 0 0 0 0.0022 0.5692 3.9478 3.0888 0.3888 0.0032 0 0 0 0 0 0 0 0 0 0 0 0 0.0016 0.4144 2.7988 2.44 0.342 0.0032 0 0 0 0 0 0 0 
0 0 0 0 0 0 0 0 0 0 0 0 0 0 0 0 0 6.6104 6.8678 0.5212 0.0006 0 0 0 0 0 0 0 0 0 0 0 0 0 0.1034 6.2108 4.891 0.7902 0.0046 0 0 0 0 0 0 0 0 0 0 0 0 0 0.4374 5.1774 3.843 0.5394 0.0028 0 0 0 0 0 0 0 0 0 0 0 0 0 0.5752 4.0902 3.03 0.3046 0 0 0 0 0 0 0 0 0 0 0 0 0 0 0.3816 2.9454 2.446 0.227 0 0 0 0 0 0 0 0 
0 0 0 0 0 0 0 0 0 0 0 0 0 0 0 0 0.0004 6.5412 6.9286 0.5298 0 0 0 0 0 0 0 0 0 0 0 0 0 0 0.1264 6.16 4.8088 0.9016 0.0032 0 0 0 0 0 0 0 0 0 0 0 0 0 0.4436 5.191 3.724 0.6374 0.004 0 0 0 0 0 0 0 0 0 0 0 0 0.002 0.536 4.141 2.9582 0.3628 0 0 0 0 0 0 0 0 0 0 0 0 0 0.0048 0.3338 2.984 2.451 0.2264 0 0 0 0 0 0 0 0 
0 0 0 0 0 0 0 0 0 0 0 0 0 0 0 0 0.0008 6.4842 7.0804 0.4346 0 0 0 0 0 0 0 0 0 0 0 0 0 0 0.0864 6.0898 5.0834 0.7362 0.0042 0 0 0 0 0 0 0 0 0 0 0 0 0.0006 0.377 5.1156 3.9538 0.5462 0.0068 0 0 0 0 0 0 0 0 0 0 0 0 0.0008 0.5056 3.9918 3.1496 0.3516 0.0006 0 0 0 0 0 0 0 0 0 0 0 0 0.0018 0.3308 2.8696 2.5422 0.2538 0.0018 0 0 0 0 0 0 0 
0 0 0 0 0 0 0 0 0 0 0 0 0 0 0 0 0 6.5222 7.038 0.4398 0 0 0 0 0 0 0 0 0 0 0 0 0 0 0.0744 6.2916 4.8364 0.793 0.0046 0 0 0 0 0 0 0 0 0 0 0 0 0 0.3596 5.3902 3.6878 0.5544 0.008 0 0 0 0 0 0 0 0 0 0 0 0 0 0.451 4.3352 2.9166 0.2946 0.0026 0 0 0 0 0 0 0 0 0 0 0 0 0 0.2704 3.062 2.4778 0.1898 0 0 0 0 0 0 0 0 
0 0 0 0 0 0 0 0 0 0 0 0 0 0 0 0 0.0006 6.5012 7.104 0.3942 0 0 0 0 0 0 0 0 0 0 0 0 0 0 0.095 6.0834 5.116 0.7046 0.001 0 0 0 0 0 0 0 0 0 0 0 0 0 0.3862 5.1968 3.928 0.489 0 0 0 0 0 0 0 0 0 0 0 0 0 0.0012 0.4538 4.181 3.1104 0.2536 0 0 0 0 0 0 0 0 0 0 0 0 0 0.0058 0.279 3.0296 2.529 0.1566 0 0 0 0 0 0 0 0 
0 0 0 0 0 0 0 0 0 0 0 0 0 0 0 0 0 6.4852 7.0964 0.4184 0 0 0 0 0 0 0 0 0 0 0 0 0 0 0.0946 6.171 5.0056 0.717 0.0118 0 0 0 0 0 0 0 0 0 0 0 0 0 0.3694 5.2262 3.861 0.5346 0.0088 0 0 0 0 0 0 0 0 0 0 0 0 0.0016 0.5012 4.0994 3.092 0.2964 0.0084 0.001 0 0 0 0 0 0 0 0 0 0 0 0.0036 0.3384 2.9046 2.5286 0.2166 0.0082 0 0 0 0 0 0 0 
0 0 0 0 0 0 0 0 0 0 0 0 0 0 0 0 0.0008 6.5142 7.0388 0.4432 0.003 0 0 0 0 0 0 0 0 0 0 0 0 0 0.1422 6.012 5.0168 0.82 0.009 0 0 0 0 0 0 0 0 0 0 0 0 0 0.5214 4.9516 3.9262 0.5948 0.006 0 0 0 0 0 0 0 0 0 0 0 0 0.007 0.6074 4.0304 3.0164 0.3364 0.0024 0 0 0 0 0 0 0 0 0 0 0 0 0.0082 0.4094 2.8648 2.4406 0.273 0.004 0 0 0 0 0 0 0 
0 0 0 0 0 0 0 0 0 0 0 0 0 0 0 0 0 6.4848 7.075 0.4402 0 0 0 0 0 0 0 0 0 0 0 0 0 0 0.1112 6.0306 5.0768 0.7762 0.0052 0 0 0 0 0 0 0 0 0 0 0 0 0.0004 0.428 5.0714 3.9502 0.542 0.008 0 0 0 0 0 0 0 0 0 0 0 0 0.0028 0.5478 3.9788 3.131 0.3396 0 0 0 0 0 0 0 0 0 0 0 0 0 0.006 0.362 2.8566 2.5084 0.267 0 0 0 0 0 0 0 0 
0 0 0 0 0 0 0 0 0 0 0 0 0 0 0 0 0.0004 6.44 7.1558 0.4038 0 0 0 0 0 0 0 0 0 0 0 0 0 0 0.105 6.0582 5.0986 0.7344 0.0038 0 0 0 0 0 0 0 0 0 0 0 0 0 0.4442 5.0564 3.9972 0.5008 0.0014 0 0 0 0 0 0 0 0 0 0 0 0 0 0.5698 3.8988 3.2404 0.291 0 0 0 0 0 0 0 0 0 0 0 0 0 0.0014 0.3378 2.8546 2.5818 0.2236 0.0008 0 0 0 0 0 0 0 
0 0 0 0 0 0 0 0 0 0 0 0 0 0 0 0 0 6.4344 7.1208 0.4448 0 0 0 0 0 0 0 0 0 0 0 0 0 0 0.089 6.1324 4.9648 0.8102 0.0036 0 0 0 0 0 0 0 0 0 0 0 0 0.0002 0.3762 5.099 3.9454 0.5756 0.0036 0 0 0 0 0 0 0 0 0 0 0 0 0.0022 0.4962 4.047 3.1044 0.3472 0.003 0 0 0 0 0 0 0 0 0 0 0 0 0.0014 0.328 2.885 2.5292 0.2546 0.0018 0 0 0 0 0 0 0 
0 0 0 0 0 0 0 0 0 0 0 0 0 0 0 0 0.0002 6.6148 6.9018 0.4832 0 0 0 0 0 0 0 0 0 0 0 0 0 0 0.1088 6.1026 4.9318 0.852 0.0048 0 0 0 0 0 0 0 0 0 0 0 0 0 0.3784 5.2324 3.7828 0.6064 0 0 0 0 0 0 0 0 0 0 0 0 0 0.001 0.499 4.1806 3.031 0.2884 0 0 0 0 0 0 0 0 0 0 0 0 0 0.0014 0.3188 2.9328 2.5294 0.2176 0 0 0 0 0 0 0 0 
0 0 0 0 0 0 0 0 0 0 0 0 0 0 0 0 0 6.4902 6.9918 0.5174 0.0006 0 0 0 0 0 0 0 0 0 0 0 0 0 0.0984 6.1072 4.9762 0.8156 0.0026 0 0 0 0 0 0 0 0 0 0 0 0 0 0.4068 5.1116 3.9238 0.5578 0 0 0 0 0 0 0 0 0 0 0 0 0 0 0.5042 4.1104 3.1052 0.2802 0 0 0 0 0 0 0 0 0 0 0 0 0 0 0.2762 2.998 2.5528 0.173 0 0 0 0 0 0 0 0 
0 0 0 0 0 0 0 0 0 0 0 0 0 0 0 0 0 6.436 6.9992 0.5648 0 0 0 0 0 0 0 0 0 0 0 0 0 0 0.1234 6.0042 4.9784 0.8862 0.0078 0 0 0 0 0 0 0 0 0 0 0 0 0.0004 0.4694 5.0656 3.7738 0.6878 0.003 0 0 0 0 0 0 0 0 0 0 0 0 0.0018 0.6004 3.9878 2.98 0.43 0 0 0 0 0 0 0 0 0 0 0 0 0 0 0.3942 2.8144 2.4636 0.3252 0.0026 0 0 0 0 0 0 0 
0 0 0 0 0 0 0 0 0 0 0 0 0 0 0 0 0 6.4696 7.0754 0.4542 0.0008 0 0 0 0 0 0 0 0 0 0 0 0 0 0.129 6.004 5.0928 0.7702 0.004 0 0 0 0 0 0 0 0 0 0 0 0 0 0.4344 5.0388 3.9732 0.552 0.0016 0 0 0 0 0 0 0 0 0 0 0 0 0 0.5356 3.9572 3.1702 0.3364 0.0006 0 0 0 0 0 0 0 0 0 0 0 0 0.0016 0.3234 2.865 2.5624 0.2472 0.0004 0 0 0 0 0 0 0 
0 0 0 0 0 0 0 0 0 0 0 0 0 0 0 0 0 6.5446 7.0248 0.4286 0.002 0 0 0 0 0 0 0 0 0 0 0 0 0 0.103 6.0728 5.0266 0.7956 0.002 0 0 0 0 0 0 0 0 0 0 0 0 0 0.4388 5.0468 3.994 0.5204 0 0 0 0 0 0 0 0 0 0 0 0 0 0 0.5782 3.9966 3.1212 0.304 0 0 0 0 0 0 0 0 0 0 0 0 0 0 0.4002 2.847 2.4994 0.252 0.0014 0 0 0 0 0 0 0 
0 0 0 0 0 0 0 0 0 0 0 0 0 0 0 0 0 6.6492 6.7342 0.6156 0.001 0 0 0 0 0 0 0 0 0 0 0 0 0 0.1452 6.208 4.7698 0.868 0.009 0 0 0 0 0 0 0 0 0 0 0 0 0.0012 0.5472 5.0548 3.753 0.6322 0.0116 0 0 0 0 0 0 0 0 0 0 0 0 0.0048 0.6808 3.927 3.0114 0.3716 0.0044 0 0 0 0 0 0 0 0 0 0 0 0 0.0022 0.4496 2.855 2.4038 0.284 0.0054 0 0 0 0 0 0 0 
0 0 0 0 0 0 0 0 0 0 0 0 0 0 0 0 0.001 6.5282 7.0144 0.4564 0 0 0 0 0 0 0 0 0 0 0 0 0 0 0.1312 6.0222 5.0698 0.7684 0.0084 0 0 0 0 0 0 0 0 0 0 0 0 0 0.4928 4.9958 3.9666 0.5372 0.0076 0 0 0 0 0 0 0 0 0 0 0 0 0.0042 0.6192 3.947 3.128 0.298 0.0036 0 0 0 0 0 0 0 0 0 0 0 0 0.0044 0.3902 2.8478 2.5076 0.248 0.002 0 0 0 0 0 0 0 
0 0 0 0 0 0 0 0 0 0 0 0 0 0 0 0 0 6.6032 6.8284 0.5684 0 0 0 0 0 0 0 0 0 0 0 0 0 0 0.1138 6.2042 4.7634 0.9078 0.0108 0 0 0 0 0 0 0 0 0 0 0 0 0 0.4508 5.1652 3.7172 0.6508 0.016 0 0 0 0 0 0 0 0 0 0 0 0 0.0014 0.5786 4.0998 2.9376 0.3736 0.009 0 0 0 0 0 0 0 0 0 0 0 0 0.0024 0.3558 2.9238 2.465 0.253 0 0 0 0 0 0 0 0 
0 0 0 0 0 0 0 0 0 0 0 0 0 0 0 0 0 6.4916 7.0176 0.4896 0.0012 0 0 0 0 0 0 0 0 0 0 0 0 0 0.0772 6.117 4.9182 0.8804 0.0072 0 0 0 0 0 0 0 0 0 0 0 0 0 0.3138 5.1956 3.874 0.6116 0.005 0 0 0 0 0 0 0 0 0 0 0 0 0.0014 0.4122 4.0964 3.1838 0.3034 0.0028 0 0 0 0 0 0 0 0 0 0 0 0 0 0.253 2.9352 2.594 0.2162 0.0016 0 0 0 0 0 0 0 
0 0 0 0 0 0 0 0 0 0 0 0 0 0 0 0 0 6.5448 6.9942 0.46 0.001 0 0 0 0 0 0 0 0 0 0 0 0 0 0.1186 6.1484 4.943 0.7882 0.0018 0 0 0 0 0 0 0 0 0 0 0 0 0.0006 0.4384 5.1294 3.8448 0.5846 0.0022 0 0 0 0 0 0 0 0 0 0 0 0 0.0046 0.5988 3.9614 3.086 0.3458 0.0034 0 0 0 0 0 0 0 0 0 0 0 0 0.0062 0.4078 2.8276 2.4928 0.2656 0 0 0 0 0 0 0 0 
0 0 0 0 0 0 0 0 0 0 0 0 0 0 0 0 0.0006 6.5082 7.084 0.4072 0 0 0 0 0 0 0 0 0 0 0 0 0 0 0.0888 6.1492 5.0684 0.6936 0 0 0 0 0 0 0 0 0 0 0 0 0 0 0.3452 5.191 4.008 0.4558 0 0 0 0 0 0 0 0 0 0 0 0 0 0.0034 0.4626 4.1146 3.172 0.2474 0 0 0 0 0 0 0 0 0 0 0 0 0 0.0014 0.3 2.8794 2.6556 0.1636 0 0 0 0 0 0 0 0 
0 0 0 0 0 0 0 0 0 0 0 0 0 0 0 0 0 6.3588 7.1884 0.4528 0 0 0 0 0 0 0 0 0 0 0 0 0 0 0.1184 5.9794 5.0904 0.8042 0.0076 0 0 0 0 0 0 0 0 0 0 0 0 0 0.4504 4.9988 4.0004 0.5432 0.0072 0 0 0 0 0 0 0 0 0 0 0 0 0.0008 0.5486 3.983 3.1788 0.2888 0 0 0 0 0 0 0 0 0 0 0 0 0 0 0.3318 2.8916 2.5782 0.1976 0.0008 0 0 0 0 0 0 0 
0 0 0 0 0 0 0 0 0 0 0 0 0 0 0 0 0.0002 6.476 7.0826 0.4412 0 0 0 0 0 0 0 0 0 0 0 0 0 0 0.0866 6.0784 5.0346 0.798 0.0024 0 0 0 0 0 0 0 0 0 0 0 0 0 0.4148 5.0564 3.934 0.5948 0 0 0 0 0 0 0 0 0 0 0 0 0 0 0.5818 3.8744 3.1676 0.3762 0 0 0 0 0 0 0 0 0 0 0 0 0 0.0002 0.4202 2.7592 2.5518 0.2686 0 0 0 0 0 0 0 0 
0 0 0 0 0 0 0 0 0 0 0 0 0 0 0 0 0 6.4722 7.104 0.4238 0 0 0 0 0 0 0 0 0 0 0 0 0 0 0.0978 6.0626 5.028 0.8058 0.0058 0 0 0 0 0 0 0 0 0 0 0 0 0 0.3728 5.0752 3.9642 0.5878 0 0 0 0 0 0 0 0 0 0 0 0 0 0.002 0.504 4.0944 3.0212 0.3784 0 0 0 0 0 0 0 0 0 0 0 0 0 0.0018 0.3438 2.8864 2.488 0.28 0 0 0 0 0 0 0 0 
0 0 0 0 0 0 0 0 0 0 0 0 0 0 0 0 0.0002 6.5542 6.9542 0.4888 0.0026 0 0 0 0 0 0 0 0 0 0 0 0 0 0.078 6.1964 4.9614 0.7596 0.0046 0 0 0 0 0 0 0 0 0 0 0 0 0 0.368 5.2018 3.9186 0.5116 0 0 0 0 0 0 0 0 0 0 0 0 0 0 0.466 4.054 3.2414 0.2358 0.0028 0 0 0 0 0 0 0 0 0 0 0 0 0.003 0.2788 2.94 2.6206 0.1562 0.0014 0 0 0 0 0 0 0 
0 0 0 0 0 0 0 0 0 0 0 0 0 0 0 0 0 6.4196 7.1426 0.4378 0 0 0 0 0 0 0 0 0 0 0 0 0 0 0.078 6.0006 5.1486 0.7728 0 0 0 0 0 0 0 0 0 0 0 0 0 0 0.3642 5.0278 4.0674 0.5406 0 0 0 0 0 0 0 0 0 0 0 0 0 0 0.4896 3.9744 3.2246 0.3114 0 0 0 0 0 0 0 0 0 0 0 0 0 0 0.3136 2.8012 2.6614 0.2238 0 0 0 0 0 0 0 0 
0 0 0 0 0 0 0 0 0 0 0 0 0 0 0 0 0 6.4392 7.0906 0.4702 0 0 0 0 0 0 0 0 0 0 0 0 0 0 0.1022 6.063 4.9898 0.8356 0.0094 0 0 0 0 0 0 0 0 0 0 0 0 0 0.4594 5.0228 3.9058 0.6074 0.0046 0 0 0 0 0 0 0 0 0 0 0 0 0.0012 0.5544 3.9998 3.0974 0.3456 0.0016 0 0 0 0 0 0 0 0 0 0 0 0 0.0014 0.3342 2.8584 2.5594 0.2442 0.0024 0 0 0 0 0 0 0 
0 0 0 0 0 0 0 0 0 0 0 0 0 0 0 0 0 6.4918 7.0426 0.4638 0.0018 0 0 0 0 0 0 0 0 0 0 0 0 0 0.0938 6.1414 4.9628 0.7966 0.0054 0 0 0 0 0 0 0 0 0 0 0 0 0 0.405 5.2014 3.8244 0.5662 0.003 0 0 0 0 0 0 0 0 0 0 0 0 0 0.4908 4.1534 3.0226 0.331 0.0022 0 0 0 0 0 0 0 0 0 0 0 0 0 0.3216 2.9524 2.4992 0.2268 0 0 0 0 0 0 0 0 
0 0 0 0 0 0 0 0 0 0 0 0 0 0 0 0 0.0006 6.5734 6.8938 0.5306 0.0016 0 0 0 0 0 0 0 0 0 0 0 0 0 0.1206 6.1624 4.8426 0.8696 0.0048 0 0 0 0 0 0 0 0 0 0 0 0 0 0.4022 5.2112 3.7384 0.6482 0 0 0 0 0 0 0 0 0 0 0 0 0 0 0.5524 4.051 3.0284 0.3682 0 0 0 0 0 0 0 0 0 0 0 0 0 0.0046 0.346 2.885 2.532 0.2324 0 0 0 0 0 0 0 0 
0 0 0 0 0 0 0 0 0 0 0 0 0 0 0 0 0 6.448 7.121 0.431 0 0 0 0 0 0 0 0 0 0 0 0 0 0 0.0928 6.1176 5.0114 0.7776 0.0006 0 0 0 0 0 0 0 0 0 0 0 0 0 0.3444 5.1134 4.0332 0.509 0 0 0 0 0 0 0 0 0 0 0 0 0 0 0.4388 4.161 3.1308 0.269 0.0004 0 0 0 0 0 0 0 0 0 0 0 0 0 0.2688 2.9778 2.5736 0.1798 0 0 0 0 0 0 0 0 
0 0 0 0 0 0 0 0 0 0 0 0 0 0 0 0 0 6.292 7.341 0.363 0.004 0 0 0 0 0 0 0 0 0 0 0 0 0 0.1098 5.9548 5.208 0.717 0.0104 0 0 0 0 0 0 0 0 0 0 0 0 0 0.4044 5.098 3.92 0.5692 0.0084 0 0 0 0 0 0 0 0 0 0 0 0 0 0.5044 4.081 3.1018 0.3068 0.006 0 0 0 0 0 0 0 0 0 0 0 0 0.0008 0.343 2.8184 2.6034 0.2312 0.0032 0 0 0 0 0 0 0 
0 0 0 0 0 0 0 0 0 0 0 0 0 0 0 0 0.0004 6.5112 6.9936 0.4928 0.002 0 0 0 0 0 0 0 0 0 0 0 0 0 0.1168 6.1096 4.9314 0.836 0.0062 0 0 0 0 0 0 0 0 0 0 0 0 0.001 0.4754 5.0442 3.851 0.625 0.0034 0 0 0 0 0 0 0 0 0 0 0 0 0.0042 0.6016 3.9366 3.0466 0.411 0 0 0 0 0 0 0 0 0 0 0 0 0 0.005 0.4112 2.774 2.5018 0.3058 0.0022 0 0 0 0 0 0 0 
0 0 0 0 0 0 0 0 0 0 0 0 0 0 0 0 0 6.4288 7.0704 0.5008 0 0 0 0 0 0 0 0 0 0 0 0 0 0 0.1208 6.0084 5.0458 0.8182 0.0068 0 0 0 0 0 0 0 0 0 0 0 0 0.0012 0.4186 5.0322 3.9536 0.588 0.0064 0 0 0 0 0 0 0 0 0 0 0 0 0.0062 0.5082 3.9504 3.1796 0.3548 0.0008 0 0 0 0 0 0 0 0 0 0 0 0 0.0076 0.3434 2.7816 2.6048 0.2626 0 0 0 0 0 0 0 0 
0 0 0 0 0 0 0 0 0 0 0 0 0 0 0 0 0.0004 6.518 7.0452 0.4364 0 0 0 0 0 0 0 0 0 0 0 0 0 0 0.083 6.163 4.9912 0.762 0.0008 0 0 0 0 0 0 0 0 0 0 0 0 0 0.3316 5.1556 3.995 0.516 0.0018 0 0 0 0 0 0 0 0 0 0 0 0 0 0.4328 4.0744 3.2156 0.2736 0.0036 0 0 0 0 0 0 0 0 0 0 0 0 0 0.2472 2.9708 2.6006 0.1782 0.0032 0 0 0 0 0 0 0 
0 0 0 0 0 0 0 0 0 0 0 0 0 0 0 0 0 6.5394 6.9388 0.5218 0 0 0 0 0 0 0 0 0 0 0 0 0 0 0.116 6.1398 4.8844 0.8586 0.0012 0 0 0 0 0 0 0 0 0 0 0 0 0 0.4716 5.1168 3.7856 0.624 0.002 0 0 0 0 0 0 0 0 0 0 0 0 0.0014 0.6088 3.9764 3.0486 0.3624 0.0024 0 0 0 0 0 0 0 0 0 0 0 0 0.0024 0.3772 2.8322 2.5008 0.2874 0 0 0 0 0 0 0 0 
0 0 0 0 0 0 0 0 0 0 0 0 0 0 0 0 0.0008 6.4422 7.122 0.435 0 0 0 0 0 0 0 0 0 0 0 0 0 0 0.0736 6.1108 5.101 0.71 0.0046 0 0 0 0 0 0 0 0 0 0 0 0 0 0.3124 5.2062 4.0046 0.4732 0.0036 0 0 0 0 0 0 0 0 0 0 0 0 0.0002 0.4344 4.1062 3.1942 0.2638 0.0012 0 0 0 0 0 0 0 0 0 0 0 0 0 0.2792 2.9598 2.5742 0.1868 0 0 0 0 0 0 0 0 
0 0 0 0 0 0 0 0 0 0 0 0 0 0 0 0 0 6.4442 7.1348 0.421 0 0 0 0 0 0 0 0 0 0 0 0 0 0 0.0852 6.1374 4.9862 0.785 0.0062 0 0 0 0 0 0 0 0 0 0 0 0 0 0.359 5.1978 3.9034 0.5366 0.0032 0 0 0 0 0 0 0 0 0 0 0 0 0 0.4456 4.2504 3.0388 0.2652 0 0 0 0 0 0 0 0 0 0 0 0 0 0 0.2978 3.0206 2.4712 0.2094 0.001 0 0 0 0 0 0 0 
0 0 0 0 0 0 0 0 0 0 0 0 0 0 0 0 0 6.4556 7.1178 0.425 0.0016 0 0 0 0 0 0 0 0 0 0 0 0 0 0.0664 6.0234 5.1494 0.7546 0.0062 0 0 0 0 0 0 0 0 0 0 0 0 0 0.2848 5.1882 3.9716 0.5508 0.0046 0 0 0 0 0 0 0 0 0 0 0 0 0.0008 0.3782 4.158 3.1454 0.3176 0 0 0 0 0 0 0 0 0 0 0 0 0 0.0014 0.213 2.9678 2.5954 0.2224 0 0 0 0 0 0 0 0 
0 0 0 0 0 0 0 0 0 0 0 0 0 0 0 0 0 6.5596 6.934 0.5064 0 0 0 0 0 0 0 0 0 0 0 0 0 0 0.0854 6.237 4.8352 0.839 0.0034 0 0 0 0 0 0 0 0 0 0 0 0 0 0.3672 5.2322 3.8022 0.5972 0.0012 0 0 0 0 0 0 0 0 0 0 0 0 0 0.4462 4.1406 3.0742 0.3368 0.0022 0 0 0 0 0 0 0 0 0 0 0 0 0.0012 0.3118 2.922 2.5516 0.2106 0.0028 0 0 0 0 0 0 0 
0 0 0 0 0 0 0 0 0 0 0 0 0 0 0 0 0 6.5386 6.932 0.5294 0 0 0 0 0 0 0 0 0 0 0 0 0 0 0.1108 6.1924 4.7834 0.9078 0.0056 0 0 0 0 0 0 0 0 0 0 0 0 0 0.4124 5.2048 3.7968 0.581 0.005 0 0 0 0 0 0 0 0 0 0 0 0 0 0.5286 4.0968 3.0816 0.2894 0.0036 0 0 0 0 0 0 0 0 0 0 0 0 0.002 0.328 2.968 2.5174 0.1824 0.0022 0 0 0 0 0 0 0 
0 0 0 0 0 0 0 0 0 0 0 0 0 0 0 0 0 6.4992 6.983 0.5178 0 0 0 0 0 0 0 0 0 0 0 0 0 0 0.0966 6.1162 4.9214 0.8588 0.007 0 0 0 0 0 0 0 0 0 0 0 0 0 0.4088 5.157 3.7818 0.6518 0.0006 0 0 0 0 0 0 0 0 0 0 0 0 0 0.5274 4.006 3.0932 0.3734 0 0 0 0 0 0 0 0 0 0 0 0 0 0.0008 0.3652 2.8294 2.562 0.241 0.0016 0 0 0 0 0 0 0 
0 0 0 0 0 0 0 0 0 0 0 0 0 0 0 0 0.0004 6.6114 6.8382 0.5478 0.0022 0 0 0 0 0 0 0 0 0 0 0 0 0 0.096 6.174 4.7668 0.9546 0.0086 0 0 0 0 0 0 0 0 0 0 0 0 0 0.4358 5.2038 3.6922 0.6616 0.0066 0 0 0 0 0 0 0 0 0 0 0 0 0 0.5628 4.0824 2.9922 0.357 0.0056 0 0 0 0 0 0 0 0 0 0 0 0 0.0006 0.3588 2.8972 2.518 0.2236 0.0018 0 0 0 0 0 0 0 
0 0 0 0 0 0 0 0 0 0 0 0 0 0 0 0 0 6.4766 7.0808 0.4426 0 0 0 0 0 0 0 0 0 0 0 0 0 0 0.1112 6.0528 5.0262 0.8098 0 0 0 0 0 0 0 0 0 0 0 0 0 0 0.4022 5.1252 3.915 0.5576 0 0 0 0 0 0 0 0 0 0 0 0 0 0.0002 0.5104 4.069 3.1238 0.2966 0 0 0 0 0 0 0 0 0 0 0 0 0 0.0018 0.3342 2.877 2.5796 0.2066 0.0008 0 0 0 0 0 0 0 
0 0 0 0 0 0 0 0 0 0 0 0 0 0 0 0 0 6.4738 7.0822 0.444 0 0 0 0 0 0 0 0 0 0 0 0 0 0 0.1092 6.1826 4.861 0.8452 0.002 0 0 0 0 0 0 0 0 0 0 0 0 0 0.4024 5.2544 3.748 0.5912 0.004 0 0 0 0 0 0 0 0 0 0 0 0 0.0014 0.5026 4.0916 3.1062 0.2956 0.0026 0 0 0 0 0 0 0 0 0 0 0 0 0.003 0.3002 2.9698 2.5398 0.184 0.0032 0 0 0 0 0 0 0 
0 0 0 0 0 0 0 0 0 0 0 0 0 0 0 0 0 6.4582 7.0108 0.531 0 0 0 0 0 0 0 0 0 0 0 0 0 0 0.1098 6.0938 4.9166 0.8788 0.001 0 0 0 0 0 0 0 0 0 0 0 0 0 0.4874 4.9638 3.944 0.6044 0.0004 0 0 0 0 0 0 0 0 0 0 0 0 0 0.5872 3.9212 3.1504 0.3392 0.002 0 0 0 0 0 0 0 0 0 0 0 0 0.0032 0.3838 2.8272 2.5476 0.2352 0.003 0 0 0 0 0 0 0 
0 0 0 0 0 0 0 0 0 0 0 0 0 0 0 0 0 6.53 7.0622 0.4066 0.0012 0 0 0 0 0 0 0 0 0 0 0 0 0 0.0906 6.1556 4.9876 0.7662 0 0 0 0 0 0 0 0 0 0 0 0 0 0 0.3968 5.2126 3.8476 0.5402 0.0028 0 0 0 0 0 0 0 0 0 0 0 0 0.0024 0.4906 4.1646 3.0334 0.309 0 0 0 0 0 0 0 0 0 0 0 0 0 0.0004 0.3248 2.9272 2.53 0.2176 0 0 0 0 0 0 0 0 
0 0 0 0 0 0 0 0 0 0 0 0 0 0 0 0 0 6.4642 7.0184 0.5174 0 0 0 0 0 0 0 0 0 0 0 0 0 0 0.111 6.1492 4.8648 0.872 0.003 0 0 0 0 0 0 0 0 0 0 0 0 0 0.4156 5.118 3.8178 0.6416 0.007 0 0 0 0 0 0 0 0 0 0 0 0 0.002 0.5018 4.0314 3.046 0.415 0.0038 0 0 0 0 0 0 0 0 0 0 0 0 0 0.3508 2.8452 2.5196 0.2836 0.0008 0 0 0 0 0 0 0 
0 0 0 0 0 0 0 0 0 0 0 0 0 0 0 0 0 6.559 6.7898 0.6446 0.0066 0 0 0 0 0 0 0 0 0 0 0 0 0 0.1412 6.1464 4.7464 0.946 0.02 0 0 0 0 0 0 0 0 0 0 0 0 0.0008 0.4842 5.1088 3.73 0.6616 0.0146 0 0 0 0 0 0 0 0 0 0 0 0 0.0018 0.63 3.9532 3.0614 0.3528 0.0008 0 0 0 0 0 0 0 0 0 0 0 0 0 0.409 2.8442 2.4808 0.266 0 0 0 0 0 0 0 0 
0 0 0 0 0 0 0 0 0 0 0 0 0 0 0 0 0 6.5256 6.954 0.5204 0 0 0 0 0 0 0 0 0 0 0 0 0 0 0.0988 6.1634 4.8618 0.8732 0.0028 0 0 0 0 0 0 0 0 0 0 0 0 0 0.4102 5.1948 3.8282 0.5636 0.0032 0 0 0 0 0 0 0 0 0 0 0 0 0.0016 0.5174 4.0416 3.1596 0.2774 0.0024 0 0 0 0 0 0 0 0 0 0 0 0 0.0014 0.3126 2.9568 2.5248 0.2044 0 0 0 0 0 0 0 0 
0 0 0 0 0 0 0 0 0 0 0 0 0 0 0 0 0 6.4968 6.9862 0.517 0 0 0 0 0 0 0 0 0 0 0 0 0 0 0.1188 6.0234 5.0278 0.8186 0.0114 0 0 0 0 0 0 0 0 0 0 0 0 0 0.4484 5.0356 3.8818 0.6324 0.0018 0 0 0 0 0 0 0 0 0 0 0 0 0 0.528 4.0286 3.0708 0.3726 0 0 0 0 0 0 0 0 0 0 0 0 0 0.0004 0.3508 2.8306 2.5474 0.2708 0 0 0 0 0 0 0 0 
0 0 0 0 0 0 0 0 0 0 0 0 0 0 0 0 0 6.4918 7.0614 0.4468 0 0 0 0 0 0 0 0 0 0 0 0 0 0 0.0854 6.0066 5.1906 0.7136 0.0038 0 0 0 0 0 0 0 0 0 0 0 0 0 0.393 5.038 4.0836 0.4854 0 0 0 0 0 0 0 0 0 0 0 0 0 0 0.516 4.0278 3.1522 0.304 0 0 0 0 0 0 0 0 0 0 0 0 0 0 0.3384 2.8694 2.5584 0.2338 0 0 0 0 0 0 0 0 
0 0 0 0 0 0 0 0 0 0 0 0 0 0 0 0 0 6.5316 6.943 0.5254 0 0 0 0 0 0 0 0 0 0 0 0 0 0 0.1118 6.093 4.9436 0.8342 0.0174 0 0 0 0 0 0 0 0 0 0 0 0 0 0.4652 5.05 3.8212 0.6336 0.03 0 0 0 0 0 0 0 0 0 0 0 0 0.0018 0.5878 3.9158 3.0698 0.4092 0.0156 0 0 0 0 0 0 0 0 0 0 0 0 0 0.4234 2.7282 2.5262 0.3146 0.0076 0 0 0 0 0 0 0 
0 0 0 0 0 0 0 0 0 0 0 0 0 0 0 0 0 6.3102 7.247 0.4428 0 0 0 0 0 0 0 0 0 0 0 0 0 0 0.1488 5.8194 5.2308 0.7982 0.0028 0 0 0 0 0 0 0 0 0 0 0 0 0.0008 0.4942 4.8224 4.0512 0.6288 0.0026 0 0 0 0 0 0 0 0 0 0 0 0 0.0054 0.6008 3.7712 3.2194 0.4014 0.0018 0 0 0 0 0 0 0 0 0 0 0 0 0.0064 0.3926 2.6874 2.5736 0.3386 0.0014 0 0 0 0 0 0 0 
0 0 0 0 0 0 0 0 0 0 0 0 0 0 0 0 0 6.54 6.9956 0.4644 0 0 0 0 0 0 0 0 0 0 0 0 0 0 0.0932 6.1248 4.9414 0.8386 0.002 0 0 0 0 0 0 0 0 0 0 0 0 0 0.3982 5.0452 3.9424 0.6116 0.0026 0 0 0 0 0 0 0 0 0 0 0 0 0 0.5824 3.9156 3.1344 0.3676 0 0 0 0 0 0 0 0 0 0 0 0 0 0.001 0.3692 2.7652 2.5934 0.2712 0 0 0 0 0 0 0 0 
0 0 0 0 0 0 0 0 0 0 0 0 0 0 0 0 0.0006 6.3296 7.22 0.4498 0 0 0 0 0 0 0 0 0 0 0 0 0 0 0.1248 5.902 5.1938 0.773 0.0064 0 0 0 0 0 0 0 0 0 0 0 0 0 0.4374 4.926 4.031 0.5934 0.0122 0 0 0 0 0 0 0 0 0 0 0 0 0.0012 0.5772 3.8602 3.1696 0.3854 0.0064 0 0 0 0 0 0 0 0 0 0 0 0 0.0026 0.3462 2.7574 2.6018 0.2906 0.0014 0 0 0 0 0 0 0 
0 0 0 0 0 0 0 0 0 0 0 0 0 0 0 0 0 6.452 7.1668 0.3812 0 0 0 0 0 0 0 0 0 0 0 0 0 0 0.1184 6.0228 5.0668 0.7874 0.0046 0 0 0 0 0 0 0 0 0 0 0 0 0 0.5052 5.0158 3.8722 0.6014 0.0054 0 0 0 0 0 0 0 0 0 0 0 0 0.0026 0.6724 3.9118 3.0534 0.354 0.0058 0 0 0 0 0 0 0 0 0 0 0 0 0 0.4632 2.7398 2.5376 0.2548 0.0046 0 0 0 0 0 0 0 
0 0 0 0 0 0 0 0 0 0 0 0 0 0 0 0 0.0008 6.4184 7.1692 0.4116 0 0 0 0 0 0 0 0 0 0 0 0 0 0 0.0948 5.9956 5.1722 0.7262 0.0112 0 0 0 0 0 0 0 0 0 0 0 0 0 0.3686 5.1008 4.008 0.518 0.0046 0 0 0 0 0 0 0 0 0 0 0 0 0 0.4514 4.1106 3.147 0.2878 0.0032 0 0 0 0 0 0 0 0 0 0 0 0 0.0012 0.3004 2.8804 2.626 0.1904 0.0016 0 0 0 0 0 0 0 
0 0 0 0 0 0 0 0 0 0 0 0 0 0 0 0 0 6.3554 7.1848 0.4598 0 0 0 0 0 0 0 0 0 0 0 0 0 0 0.1262 5.953 5.1314 0.7894 0 0 0 0 0 0 0 0 0 0 0 0 0 0 0.4818 4.9746 3.9018 0.6418 0 0 0 0 0 0 0 0 0 0 0 0 0 0 0.6254 3.8366 3.1792 0.3588 0 0 0 0 0 0 0 0 0 0 0 0 0 0.0012 0.4336 2.6992 2.5844 0.2816 0 0 0 0 0 0 0 0 
