0.03 0.09 0.15 0.21 0.27 0.33 0.39 0.45 0.51 0.57 0.63 0.69 0.75 0.81 0.87 0.93 0.99 1.05 1.11 1.17 1.23 1.29 1.35 1.41 1.47 1.53 1.59 1.65 1.71 1.77 1.83 1.89 1.95 2.01 2.07 2.13 2.19 2.25 2.31 2.37 2.43 2.49 2.55 2.61 2.67 2.73 2.79 2.85 2.91 2.97 3.03 3.09 3.15 3.21 3.27 3.33 3.39 3.45 3.51 3.57 3.63 3.69 3.75 3.81 3.87 3.93 3.99 4.05 4.11 4.17 4.23 4.29 4.35 4.41 4.47 4.53 4.59 4.65 4.71 4.77 4.83 4.89 4.95 5.01 5.07 5.13 5.19 5.25 5.31 5.37 5.43 5.49 5.55 5.61 5.67 5.73 5.79 5.85 5.91 5.97 
0 0 0 0 0 0 0 0 0 0 0 0 0 0 0 0 0.0164 2.55 3.8736 0.7142 0.0404 0.0062 0 0 0 0 0 0 0 0 0 0 0 0 0.1042 1.5152 2.5124 1.1186 0.1322 0.018 0 0 0 0 0 0 0 0 0 0 0 0.0018 0.0928 0.7408 1.5138 0.968 0.2478 0.0308 0.0046 0 0 0 0 0 0 0 0 0 0 0.0012 0.0506 0.254 0.5626 0.614 0.242 0.0606 0.0152 0 0 0 0 0 0 0 0 0 0 0 0 0 0 0 0 0 0 0 0 0 0 0 
0 0 0 0 0 0 0 0 0 0 0 0 0 0 0 0 0.0114 2.7268 4.6258 0.6126 0.0234 0 0 0 0 0 0 0 0 0 0 0 0 0 0.072 1.647 3.1228 1.0518 0.1048 0.0016 0 0 0 0 0 0 0 0 0 0 0 0 0.0766 0.8578 1.8316 0.9972 0.2282 0.0086 0 0 0 0 0 0 0 0 0 0 0 0 0.0434 0.2758 0.7492 0.6296 0.2604 0.0394 0.0022 0 0 0 0 0 0 0 0 0 0 0 0 0 0 0 0 0 0 0 0 0 0 0 
0 0 0 0 0 0 0 0 0 0 0 0 0 0 0 0 0.013 2.6696 4.4302 0.835 0.0466 0.0056 0 0 0 0 0 0 0 0 0 0 0 0 0.1178 1.5928 2.7942 1.2778 0.2 0.0124 0.005 0 0 0 0 0 0 0 0 0 0 0.003 0.1142 0.786 1.6122 1.0986 0.3274 0.0546 0.004 0 0 0 0 0 0 0 0 0 0 0 0.0496 0.2776 0.6234 0.612 0.325 0.1014 0.011 0 0 0 0 0 0 0 0 0 0 0 0 0 0 0 0 0 0 0 0 0 0 0 
0 0 0 0 0 0 0 0 0 0 0 0 0 0 0 0 0.0338 2.7302 4.2262 0.899 0.1092 0.0016 0 0 0 0 0 0 0 0 0 0 0 0 0.1582 1.6236 2.6506 1.19 0.316 0.0552 0.0064 0 0 0 0 0 0 0 0 0 0 0.0036 0.146 0.8394 1.4702 1.0258 0.395 0.0936 0.0192 0.0072 0 0 0 0 0 0 0 0 0 0.0026 0.0524 0.3094 0.609 0.51 0.3474 0.1216 0.0382 0.0044 0.005 0 0 0 0 0 0 0 0 0 0 0 0 0 0 0 0 0 0 0 0 0 
0 0 0 0 0 0 0 0 0 0 0 0 0 0 0 0 0.0124 2.776 4.4618 0.7098 0.04 0 0 0 0 0 0 0 0 0 0 0 0 0 0.1178 1.7168 2.8684 1.1166 0.1756 0.0048 0 0 0 0 0 0 0 0 0 0 0 0 0.1202 0.91 1.6262 1.0146 0.2786 0.0478 0.0026 0 0 0 0 0 0 0 0 0 0 0 0.0454 0.3458 0.6376 0.603 0.2684 0.0826 0.0172 0 0 0 0 0 0 0 0 0 0 0 0 0 0 0 0 0 0 0 0 0 0 0 
0 0 0 0 0 0 0 0 0 0 0 0 0 0 0 0 0.016 2.7246 4.4192 0.7818 0.0544 0.004 0 0 0 0 0 0 0 0 0 0 0 0 0.104 1.6142 2.8616 1.238 0.1714 0.0108 0 0 0 0 0 0 0 0 0 0 0 0.003 0.0832 0.854 1.6146 1.117 0.2922 0.0346 0.0014 0 0 0 0 0 0 0 0 0 0 0.0026 0.0414 0.2922 0.6378 0.6104 0.3376 0.072 0.006 0 0 0 0 0 0 0 0 0 0 0 0 0 0 0 0 0 0 0 0 0 0 0 
0 0 0 0 0 0 0 0 0 0 0 0 0 0 0 0 0.0294 2.771 4.3518 0.7946 0.0532 0 0 0 0 0 0 0 0 0 0 0 0 0 0.1312 1.6692 2.8116 1.1628 0.1996 0.0256 0 0 0 0 0 0 0 0 0 0 0 0.005 0.1276 0.8486 1.5812 1.0846 0.2922 0.0572 0.0036 0 0 0 0 0 0 0 0 0 0 0.0034 0.0566 0.2908 0.6442 0.6014 0.3022 0.0848 0.0146 0.002 0 0 0 0 0 0 0 0 0 0 0 0 0 0 0 0 0 0 0 0 0 0 
0 0 0 0 0 0 0 0 0 0 0 0 0 0 0 0 0.0218 2.7438 4.2886 0.8836 0.0556 0.0066 0 0 0 0 0 0 0 0 0 0 0 0.0002 0.1216 1.6052 2.7744 1.305 0.1766 0.017 0 0 0 0 0 0 0 0 0 0 0 0 0.1018 0.796 1.6534 1.0854 0.3124 0.051 0 0 0 0 0 0 0 0 0 0 0 0.0012 0.0472 0.2724 0.6228 0.6518 0.2976 0.0944 0.0126 0 0 0 0 0 0 0 0 0 0 0 0 0 0 0 0 0 0 0 0 0 0 0 
0 0 0 0 0 0 0 0 0 0 0 0 0 0 0 0 0.0154 2.6996 4.4818 0.7578 0.0454 0 0 0 0 0 0 0 0 0 0 0 0 0 0.0978 1.633 2.8992 1.1668 0.1984 0.0048 0 0 0 0 0 0 0 0 0 0 0 0.0006 0.1114 0.835 1.6122 1.108 0.3056 0.0272 0 0 0 0 0 0 0 0 0 0 0 0.0016 0.0468 0.2906 0.6274 0.6332 0.3178 0.0796 0.003 0 0 0 0 0 0 0 0 0 0 0 0 0 0 0 0 0 0 0 0 0 0 0 
0 0 0 0 0 0 0 0 0 0 0 0 0 0 0 0 0.016 2.78 4.2784 0.8726 0.0464 0.0066 0 0 0 0 0 0 0 0 0 0 0 0 0.0968 1.6864 2.7778 1.2122 0.202 0.0218 0.003 0 0 0 0 0 0 0 0 0 0 0.002 0.0978 0.8648 1.5454 1.138 0.2964 0.0504 0.0052 0 0 0 0 0 0 0 0 0 0 0.0006 0.0452 0.3132 0.581 0.6674 0.3084 0.0606 0.0214 0.0022 0 0 0 0 0 0 0 0 0 0 0 0 0 0 0 0 0 0 0 0 0 0 
0 0 0 0 0 0 0 0 0 0 0 0 0 0 0 0 0.0098 2.773 4.5672 0.629 0.021 0 0 0 0 0 0 0 0 0 0 0 0 0 0.0774 1.7628 2.9976 1.0478 0.112 0.0024 0 0 0 0 0 0 0 0 0 0 0 0.0012 0.0734 0.9156 1.7848 1.0318 0.1854 0.0078 0 0 0 0 0 0 0 0 0 0 0 0 0.0372 0.28 0.748 0.6564 0.2444 0.034 0 0 0 0 0 0 0 0 0 0 0 0 0 0 0 0 0 0 0 0 0 0 0 0 
0 0 0 0 0 0 0 0 0 0 0 0 0 0 0 0 0.0118 2.7204 4.559 0.6672 0.0396 0.002 0 0 0 0 0 0 0 0 0 0 0 0 0.093 1.6502 3.0004 1.0834 0.1604 0.0126 0 0 0 0 0 0 0 0 0 0 0 0 0.0896 0.8312 1.7558 1.0336 0.2736 0.0162 0 0 0 0 0 0 0 0 0 0 0 0 0.0376 0.2834 0.6828 0.6614 0.2878 0.047 0 0 0 0 0 0 0 0 0 0 0 0 0 0 0 0 0 0 0 0 0 0 0 0 
0 0 0 0 0 0 0 0 0 0 0 0 0 0 0 0 0.0234 2.781 4.3554 0.7718 0.065 0.0034 0 0 0 0 0 0 0 0 0 0 0 0.001 0.1218 1.7018 2.7862 1.1798 0.1968 0.0126 0 0 0 0 0 0 0 0 0 0 0 0.0014 0.1162 0.8842 1.605 1.0202 0.3342 0.0388 0 0 0 0 0 0 0 0 0 0 0 0.002 0.0414 0.3228 0.6446 0.5876 0.3082 0.0858 0.0076 0 0 0 0 0 0 0 0 0 0 0 0 0 0 0 0 0 0 0 0 0 0 0 
0 0 0 0 0 0 0 0 0 0 0 0 0 0 0 0 0.008 2.7068 4.5466 0.6872 0.0514 0 0 0 0 0 0 0 0 0 0 0 0 0 0.0932 1.6724 2.9002 1.1266 0.1972 0.0104 0 0 0 0 0 0 0 0 0 0 0 0 0.1036 0.8796 1.636 1.0232 0.2966 0.0592 0.0018 0 0 0 0 0 0 0 0 0 0 0.0016 0.0444 0.3044 0.6664 0.5896 0.3002 0.0814 0.012 0 0 0 0 0 0 0 0 0 0 0 0 0 0 0 0 0 0 0 0 0 0 0 
0 0 0 0 0 0 0 0 0 0 0 0 0 0 0 0 0.017 2.787 4.4506 0.6966 0.0488 0 0 0 0 0 0 0 0 0 0 0 0 0 0.1242 1.7052 2.8126 1.2 0.1418 0.0162 0 0 0 0 0 0 0 0 0 0 0 0 0.1376 0.8978 1.5376 1.1564 0.2446 0.02 0.006 0 0 0 0 0 0 0 0 0 0 0.0028 0.0504 0.3248 0.6316 0.6104 0.3156 0.0486 0.015 0.0008 0 0 0 0 0 0 0 0 0 0 0 0 0 0 0 0 0 0 0 0 0 0 
0 0 0 0 0 0 0 0 0 0 0 0 0 0 0 0 0.0196 2.775 4.4192 0.7398 0.0464 0 0 0 0 0 0 0 0 0 0 0 0 0 0.1334 1.622 2.9258 1.1024 0.2076 0.0088 0 0 0 0 0 0 0 0 0 0 0 0.0034 0.1386 0.8274 1.6484 0.9984 0.3562 0.0276 0 0 0 0 0 0 0 0 0 0 0 0.006 0.0558 0.2846 0.6846 0.58 0.2798 0.1054 0.0038 0 0 0 0 0 0 0 0 0 0 0 0 0 0 0 0 0 0 0 0 0 0 0 
0 0 0 0 0 0 0 0 0 0 0 0 0 0 0 0 0.0246 2.8546 4.2194 0.844 0.0524 0.005 0 0 0 0 0 0 0 0 0 0 0 0 0.1308 1.6968 2.7524 1.2044 0.1964 0.0192 0 0 0 0 0 0 0 0 0 0 0 0.0008 0.102 0.9334 1.5506 1.0458 0.3134 0.0458 0.0082 0 0 0 0 0 0 0 0 0 0 0 0.0524 0.326 0.6216 0.5798 0.3158 0.0868 0.0176 0 0 0 0 0 0 0 0 0 0 0 0 0 0 0 0 0 0 0 0 0 0 0 
0 0 0 0 0 0 0 0 0 0 0 0 0 0 0 0 0.0118 2.8044 4.4488 0.7022 0.0278 0.005 0 0 0 0 0 0 0 0 0 0 0 0 0.1182 1.726 2.8334 1.1494 0.16 0.0088 0.0042 0 0 0 0 0 0 0 0 0 0 0 0.1568 0.8846 1.6042 1.023 0.2774 0.0436 0.0104 0 0 0 0 0 0 0 0 0 0 0.0036 0.0764 0.314 0.6412 0.5924 0.2712 0.0796 0.017 0.0046 0 0 0 0 0 0 0 0 0 0 0 0 0 0 0 0 0 0 0 0 0 0 
0 0 0 0 0 0 0 0 0 0 0 0 0 0 0 0 0.0198 2.6916 4.464 0.7652 0.0574 0.002 0 0 0 0 0 0 0 0 0 0 0 0 0.1358 1.616 2.8424 1.1956 0.1794 0.0308 0 0 0 0 0 0 0 0 0 0 0 0.0056 0.1286 0.826 1.6264 1.046 0.2938 0.0672 0.0064 0 0 0 0 0 0 0 0 0 0 0.0024 0.0506 0.2986 0.6632 0.5694 0.2994 0.101 0.0154 0 0 0 0 0 0 0 0 0 0 0 0 0 0 0 0 0 0 0 0 0 0 0 
0 0 0 0 0 0 0 0 0 0 0 0 0 0 0 0 0.013 2.7658 4.524 0.6602 0.037 0 0 0 0 0 0 0 0 0 0 0 0 0 0.0748 1.6896 2.9526 1.1166 0.163 0.0034 0 0 0 0 0 0 0 0 0 0 0 0 0.0848 0.9158 1.7184 0.9664 0.2666 0.0452 0.0028 0 0 0 0 0 0 0 0 0 0 0 0.0382 0.3086 0.6914 0.6304 0.242 0.074 0.0154 0 0 0 0 0 0 0 0 0 0 0 0 0 0 0 0 0 0 0 0 0 0 0 
0 0 0 0 0 0 0 0 0 0 0 0 0 0 0 0 0.0292 2.6596 4.4546 0.7788 0.0734 0.0044 0 0 0 0 0 0 0 0 0 0 0 0 0.1244 1.604 2.766 1.2868 0.1934 0.0218 0.0036 0 0 0 0 0 0 0 0 0 0 0.0032 0.093 0.8778 1.506 1.1238 0.3224 0.0632 0.0106 0 0 0 0 0 0 0 0 0 0 0.0014 0.0496 0.3138 0.5852 0.6018 0.323 0.0984 0.0242 0.0026 0 0 0 0 0 0 0 0 0 0 0 0 0 0 0 0 0 0 0 0 0 0 
0 0 0 0 0 0 0 0 0 0 0 0 0 0 0 0 0.0082 2.685 4.6888 0.5946 0.0234 0 0 0 0 0 0 0 0 0 0 0 0 0.0002 0.0714 1.6328 3.1622 1.0012 0.1246 0.0076 0 0 0 0 0 0 0 0 0 0 0 0.0032 0.0756 0.8668 1.8508 0.9444 0.2204 0.0368 0.002 0 0 0 0 0 0 0 0 0 0 0.002 0.043 0.276 0.7874 0.5622 0.2686 0.0458 0.015 0 0 0 0 0 0 0 0 0 0 0 0 0 0 0 0 0 0 0 0 0 0 0 
0 0 0 0 0 0 0 0 0 0 0 0 0 0 0 0 0.0154 2.7894 4.4586 0.6952 0.0388 0.0026 0 0 0 0 0 0 0 0 0 0 0 0.0004 0.1084 1.7054 2.9052 1.1074 0.1588 0.0144 0 0 0 0 0 0 0 0 0 0 0 0.0018 0.1144 0.8716 1.7438 0.9584 0.2584 0.05 0.0016 0 0 0 0 0 0 0 0 0 0 0 0.0528 0.2872 0.7166 0.6082 0.2568 0.0588 0.0172 0.0024 0 0 0 0 0 0 0 0 0 0 0 0 0 0 0 0 0 0 0 0 0 0 
0 0 0 0 0 0 0 0 0 0 0 0 0 0 0 0 0.0078 2.6792 4.7148 0.573 0.0234 0.0018 0 0 0 0 0 0 0 0 0 0 0 0 0.0706 1.6352 3.1194 1.0454 0.1294 0 0 0 0 0 0 0 0 0 0 0 0 0 0.102 0.8408 1.809 0.9954 0.214 0.0388 0 0 0 0 0 0 0 0 0 0 0 0.0032 0.048 0.303 0.6878 0.6432 0.2548 0.047 0.011 0.002 0 0 0 0 0 0 0 0 0 0 0 0 0 0 0 0 0 0 0 0 0 0 
0 0 0 0 0 0 0 0 0 0 0 0 0 0 0 0 0.0102 2.7546 4.5994 0.6134 0.0224 0 0 0 0 0 0 0 0 0 0 0 0 0 0.093 1.6818 3.063 1.0298 0.1184 0.0118 0.0022 0 0 0 0 0 0 0 0 0 0 0.0024 0.0874 0.8892 1.8066 0.9626 0.2136 0.0322 0.006 0 0 0 0 0 0 0 0 0 0 0 0.0448 0.3014 0.7414 0.6168 0.2328 0.0474 0.013 0.0024 0 0 0 0 0 0 0 0 0 0 0 0 0 0 0 0 0 0 0 0 0 0 
0 0 0 0 0 0 0 0 0 0 0 0 0 0 0 0 0.0044 2.7692 4.685 0.5266 0.0148 0 0 0 0 0 0 0 0 0 0 0 0 0 0.064 1.6552 3.196 1.0216 0.0632 0 0 0 0 0 0 0 0 0 0 0 0 0 0.0844 0.8774 1.8446 1.0212 0.168 0.0044 0 0 0 0 0 0 0 0 0 0 0 0 0.0436 0.3192 0.6812 0.7092 0.214 0.0306 0.0022 0 0 0 0 0 0 0 0 0 0 0 0 0 0 0 0 0 0 0 0 0 0 0 
0 0 0 0 0 0 0 0 0 0 0 0 0 0 0 0 0.0164 2.7642 4.554 0.6248 0.0386 0.002 0 0 0 0 0 0 0 0 0 0 0 0 0.0944 1.6838 3.0758 1.0332 0.0978 0.0148 0.0002 0 0 0 0 0 0 0 0 0 0 0.001 0.0922 0.8982 1.8056 0.9524 0.23 0.015 0.0056 0 0 0 0 0 0 0 0 0 0 0 0.0316 0.334 0.7106 0.6138 0.2444 0.0516 0.014 0 0 0 0 0 0 0 0 0 0 0 0 0 0 0 0 0 0 0 0 0 0 0 
0 0 0 0 0 0 0 0 0 0 0 0 0 0 0 0 0.0298 2.8 4.3112 0.7908 0.065 0.0032 0 0 0 0 0 0 0 0 0 0 0 0.0006 0.1306 1.6706 2.8126 1.1312 0.2338 0.0206 0 0 0 0 0 0 0 0 0 0 0 0.0002 0.1584 0.862 1.5562 1.0076 0.322 0.092 0.0016 0 0 0 0 0 0 0 0 0 0 0.0068 0.0686 0.3138 0.6172 0.5764 0.2804 0.1008 0.0332 0.0028 0 0 0 0 0 0 0 0 0 0 0 0 0 0 0 0 0 0 0 0 0 0 
0 0 0 0 0 0 0 0 0 0 0 0 0 0 0 0 0.0218 2.7006 4.5006 0.7182 0.0588 0 0 0 0 0 0 0 0 0 0 0 0 0 0.1014 1.6244 3.022 1.0432 0.1992 0.0098 0 0 0 0 0 0 0 0 0 0 0 0 0.0796 0.8482 1.7496 1.0146 0.2702 0.0354 0.0024 0 0 0 0 0 0 0 0 0 0 0 0.0338 0.292 0.682 0.6578 0.2532 0.0718 0.0094 0 0 0 0 0 0 0 0 0 0 0 0 0 0 0 0 0 0 0 0 0 0 0 
0 0 0 0 0 0 0 0 0 0 0 0 0 0 0 0 0.0332 2.8002 4.3388 0.78 0.0464 0.0014 0 0 0 0 0 0 0 0 0 0 0 0 0.1346 1.6846 2.783 1.1884 0.1982 0.0112 0 0 0 0 0 0 0 0 0 0 0 0.0016 0.1402 0.9204 1.498 1.0494 0.3594 0.0298 0.0012 0 0 0 0 0 0 0 0 0 0 0.0008 0.062 0.3724 0.5564 0.5692 0.3548 0.0714 0.013 0 0 0 0 0 0 0 0 0 0 0 0 0 0 0 0 0 0 0 0 0 0 0 
0 0 0 0 0 0 0 0 0 0 0 0 0 0 0 0 0.0206 2.7656 4.417 0.7412 0.0556 0 0 0 0 0 0 0 0 0 0 0 0 0 0.1052 1.6632 2.9358 1.0806 0.2062 0.009 0 0 0 0 0 0 0 0 0 0 0 0 0.1148 0.8584 1.7348 0.9546 0.2826 0.051 0.0038 0 0 0 0 0 0 0 0 0 0 0 0.054 0.285 0.6976 0.5974 0.2862 0.0728 0.004 0.003 0 0 0 0 0 0 0 0 0 0 0 0 0 0 0 0 0 0 0 0 0 0 
0 0 0 0 0 0 0 0 0 0 0 0 0 0 0 0 0.0148 2.8028 4.4068 0.7484 0.027 0.0002 0 0 0 0 0 0 0 0 0 0 0 0 0.09 1.666 2.9452 1.1792 0.1196 0 0 0 0 0 0 0 0 0 0 0 0 0.0014 0.0786 0.8776 1.6944 1.0672 0.2786 0.0022 0 0 0 0 0 0 0 0 0 0 0 0 0.032 0.314 0.6754 0.6184 0.317 0.0432 0 0 0 0 0 0 0 0 0 0 0 0 0 0 0 0 0 0 0 0 0 0 0 0 
0 0 0 0 0 0 0 0 0 0 0 0 0 0 0 0 0.0156 2.7496 4.4984 0.6942 0.0378 0.0044 0 0 0 0 0 0 0 0 0 0 0 0 0.0966 1.6418 2.9566 1.1498 0.145 0.0096 0.0006 0 0 0 0 0 0 0 0 0 0 0 0.0812 0.8132 1.8282 0.9978 0.2342 0.044 0.0014 0 0 0 0 0 0 0 0 0 0 0.0014 0.029 0.2564 0.7134 0.7048 0.2288 0.06 0.0062 0 0 0 0 0 0 0 0 0 0 0 0 0 0 0 0 0 0 0 0 0 0 0 
0 0 0 0 0 0 0 0 0 0 0 0 0 0 0 0 0.0276 2.7136 4.3882 0.8146 0.056 0 0 0 0 0 0 0 0 0 0 0 0 0 0.1402 1.6208 2.7768 1.21 0.2282 0.024 0 0 0 0 0 0 0 0 0 0 0 0.0022 0.1414 0.8574 1.519 1.0432 0.3616 0.0724 0.0028 0 0 0 0 0 0 0 0 0 0 0.0006 0.0736 0.309 0.5744 0.6008 0.3148 0.1064 0.019 0.0014 0 0 0 0 0 0 0 0 0 0 0 0 0 0 0 0 0 0 0 0 0 0 
0 0 0 0 0 0 0 0 0 0 0 0 0 0 0 0 0.0242 2.8354 4.3128 0.7588 0.0652 0.0036 0 0 0 0 0 0 0 0 0 0 0 0 0.133 1.7938 2.7312 1.0918 0.2182 0.032 0 0 0 0 0 0 0 0 0 0 0 0.0038 0.1268 0.9308 1.6298 0.949 0.2806 0.0664 0.0128 0 0 0 0 0 0 0 0 0 0 0.0062 0.0538 0.3098 0.684 0.5784 0.2608 0.074 0.0232 0.0098 0 0 0 0 0 0 0 0 0 0 0 0 0 0 0 0 0 0 0 0 0 0 
0 0 0 0 0 0 0 0 0 0 0 0 0 0 0 0 0.0232 2.8288 4.314 0.755 0.079 0 0 0 0 0 0 0 0 0 0 0 0 0 0.1444 1.6848 2.8092 1.1412 0.1984 0.022 0 0 0 0 0 0 0 0 0 0 0 0.0012 0.1042 0.9226 1.6208 1.0188 0.2752 0.0572 0 0 0 0 0 0 0 0 0 0 0 0 0.0378 0.327 0.631 0.6314 0.2896 0.066 0.015 0.0022 0 0 0 0 0 0 0 0 0 0 0 0 0 0 0 0 0 0 0 0 0 0 
0 0 0 0 0 0 0 0 0 0 0 0 0 0 0 0 0.0176 2.7146 4.3998 0.8004 0.0652 0.0024 0 0 0 0 0 0 0 0 0 0 0 0 0.101 1.641 2.8454 1.1874 0.2002 0.024 0.001 0 0 0 0 0 0 0 0 0 0 0 0.0848 0.8524 1.6004 1.122 0.2794 0.061 0 0 0 0 0 0 0 0 0 0 0 0 0.0314 0.2938 0.6382 0.6412 0.302 0.077 0.0164 0 0 0 0 0 0 0 0 0 0 0 0 0 0 0 0 0 0 0 0 0 0 0 
0 0 0 0 0 0 0 0 0 0 0 0 0 0 0 0 0.015 2.8164 4.4106 0.7224 0.0296 0.0034 0.0026 0 0 0 0 0 0 0 0 0 0 0 0.0918 1.6588 2.9406 1.1522 0.144 0.0086 0.004 0 0 0 0 0 0 0 0 0 0 0.0006 0.0778 0.8662 1.7756 0.9872 0.2502 0.0354 0.0052 0.0018 0 0 0 0 0 0 0 0 0 0.0014 0.0246 0.3038 0.7008 0.6408 0.2556 0.0596 0.008 0.0026 0.0028 0 0 0 0 0 0 0 0 0 0 0 0 0 0 0 0 0 0 0 0 0 
0 0 0 0 0 0 0 0 0 0 0 0 0 0 0 0 0.0178 2.7364 4.4236 0.766 0.0562 0 0 0 0 0 0 0 0 0 0 0 0 0 0.111 1.6632 2.8826 1.1418 0.1964 0.005 0 0 0 0 0 0 0 0 0 0 0 0 0.102 0.8236 1.6744 1.1064 0.2614 0.0322 0 0 0 0 0 0 0 0 0 0 0 0 0.0388 0.2828 0.642 0.6786 0.2832 0.0704 0.0042 0 0 0 0 0 0 0 0 0 0 0 0 0 0 0 0 0 0 0 0 0 0 0 
0 0 0 0 0 0 0 0 0 0 0 0 0 0 0 0 0.0172 2.8504 4.3164 0.7704 0.0456 0 0 0 0 0 0 0 0 0 0 0 0 0 0.084 1.6768 2.976 1.1068 0.1502 0.0062 0 0 0 0 0 0 0 0 0 0 0 0 0.071 0.8842 1.7486 1.0018 0.2722 0.0222 0 0 0 0 0 0 0 0 0 0 0 0 0.0282 0.3194 0.6908 0.6008 0.2982 0.0626 0 0 0 0 0 0 0 0 0 0 0 0 0 0 0 0 0 0 0 0 0 0 0 0 
0 0 0 0 0 0 0 0 0 0 0 0 0 0 0 0 0.0228 2.6752 4.4374 0.7888 0.0702 0.0056 0 0 0 0 0 0 0 0 0 0 0 0 0.1252 1.626 2.6974 1.2324 0.2842 0.0348 0 0 0 0 0 0 0 0 0 0 0 0.0046 0.1284 0.8474 1.4376 1.066 0.4372 0.076 0.0028 0 0 0 0 0 0 0 0 0 0 0.0016 0.064 0.3044 0.578 0.565 0.334 0.1338 0.0192 0 0 0 0 0 0 0 0 0 0 0 0 0 0 0 0 0 0 0 0 0 0 0 
0 0 0 0 0 0 0 0 0 0 0 0 0 0 0 0 0.0202 2.7712 4.511 0.6528 0.0448 0 0 0 0 0 0 0 0 0 0 0 0 0 0.1106 1.6932 3.0044 1.0258 0.1538 0.0122 0 0 0 0 0 0 0 0 0 0 0 0.0022 0.1028 0.9308 1.709 0.9842 0.2366 0.0316 0.0028 0 0 0 0 0 0 0 0 0 0 0 0.0576 0.3118 0.692 0.6278 0.2474 0.0492 0.0142 0 0 0 0 0 0 0 0 0 0 0 0 0 0 0 0 0 0 0 0 0 0 0 
0 0 0 0 0 0 0 0 0 0 0 0 0 0 0 0 0.019 2.8078 4.2392 0.8652 0.0688 0 0 0 0 0 0 0 0 0 0 0 0 0 0.1008 1.5872 2.898 1.2022 0.2028 0.009 0 0 0 0 0 0 0 0 0 0 0 0 0.083 0.7972 1.6902 1.1016 0.297 0.031 0 0 0 0 0 0 0 0 0 0 0 0 0.0238 0.2806 0.685 0.6084 0.3188 0.0802 0.0032 0 0 0 0 0 0 0 0 0 0 0 0 0 0 0 0 0 0 0 0 0 0 0 
0 0 0 0 0 0 0 0 0 0 0 0 0 0 0 0 0.0178 2.6954 4.5322 0.7002 0.0544 0 0 0 0 0 0 0 0 0 0 0 0 0 0.1148 1.6436 2.9472 1.074 0.1974 0.023 0 0 0 0 0 0 0 0 0 0 0 0 0.1144 0.8502 1.6624 1.0386 0.2796 0.0488 0.006 0 0 0 0 0 0 0 0 0 0 0 0.0444 0.3038 0.6818 0.5782 0.3034 0.0734 0.015 0 0 0 0 0 0 0 0 0 0 0 0 0 0 0 0 0 0 0 0 0 0 0 
0 0 0 0 0 0 0 0 0 0 0 0 0 0 0 0 0.014 2.7316 4.5392 0.6864 0.0288 0 0 0 0 0 0 0 0 0 0 0 0 0 0.0574 1.6764 3.0088 1.1006 0.1552 0.0016 0 0 0 0 0 0 0 0 0 0 0 0 0.0692 0.873 1.7426 1.0278 0.2522 0.0352 0 0 0 0 0 0 0 0 0 0 0 0 0.0122 0.3174 0.7136 0.6152 0.276 0.0584 0.0072 0 0 0 0 0 0 0 0 0 0 0 0 0 0 0 0 0 0 0 0 0 0 0 
0 0 0 0 0 0 0 0 0 0 0 0 0 0 0 0 0.0206 2.7046 4.5428 0.6926 0.0354 0.004 0 0 0 0 0 0 0 0 0 0 0 0 0.076 1.6226 3.0264 1.1424 0.119 0.0098 0.0038 0 0 0 0 0 0 0 0 0 0 0 0.0656 0.8528 1.789 0.9994 0.2602 0.0284 0.0028 0.0018 0 0 0 0 0 0 0 0 0 0 0.0264 0.272 0.7596 0.5994 0.2682 0.059 0.0154 0 0 0 0 0 0 0 0 0 0 0 0 0 0 0 0 0 0 0 0 0 0 0 
0 0 0 0 0 0 0 0 0 0 0 0 0 0 0 0 0.0356 2.7802 4.1306 0.9402 0.1016 0.0104 0.0014 0 0 0 0 0 0 0 0 0 0 0 0.1648 1.6214 2.6026 1.2598 0.311 0.0354 0.005 0 0 0 0 0 0 0 0 0 0 0.0002 0.138 0.846 1.4408 1.0782 0.3908 0.0914 0.0124 0.0022 0 0 0 0 0 0 0 0 0 0 0.049 0.3258 0.5236 0.6144 0.319 0.1324 0.0322 0.0036 0 0 0 0 0 0 0 0 0 0 0 0 0 0 0 0 0 0 0 0 0 0 
0 0 0 0 0 0 0 0 0 0 0 0 0 0 0 0 0.0182 2.7306 4.5044 0.6974 0.0448 0.0028 0.0018 0 0 0 0 0 0 0 0 0 0 0 0.1166 1.6608 2.9224 1.1106 0.1748 0.0142 0.0006 0 0 0 0 0 0 0 0 0 0 0 0.09 0.9306 1.5824 1.0518 0.3086 0.0346 0.002 0 0 0 0 0 0 0 0 0 0 0 0.0366 0.3484 0.6206 0.5924 0.3012 0.0906 0.01 0.0002 0 0 0 0 0 0 0 0 0 0 0 0 0 0 0 0 0 0 0 0 0 0 
0 0 0 0 0 0 0 0 0 0 0 0 0 0 0 0 0.0216 2.763 4.3562 0.8084 0.0472 0.0036 0 0 0 0 0 0 0 0 0 0 0 0 0.171 1.7092 2.63 1.2248 0.2356 0.0294 0 0 0 0 0 0 0 0 0 0 0 0.003 0.1654 0.9382 1.4178 1.0094 0.3774 0.0794 0.0094 0 0 0 0 0 0 0 0 0 0 0.002 0.0906 0.3316 0.564 0.5394 0.3464 0.0964 0.0248 0.0048 0 0 0 0 0 0 0 0 0 0 0 0 0 0 0 0 0 0 0 0 0 0 
0 0 0 0 0 0 0 0 0 0 0 0 0 0 0 0 0.0118 2.8564 4.4192 0.6724 0.0378 0.0024 0 0 0 0 0 0 0 0 0 0 0 0 0.0694 1.7698 2.9684 1.087 0.0946 0.0108 0 0 0 0 0 0 0 0 0 0 0 0 0.064 0.9542 1.7266 1.0466 0.1866 0.0172 0.0048 0 0 0 0 0 0 0 0 0 0 0 0.034 0.3184 0.7556 0.5774 0.275 0.034 0.0056 0 0 0 0 0 0 0 0 0 0 0 0 0 0 0 0 0 0 0 0 0 0 0 
0 0 0 0 0 0 0 0 0 0 0 0 0 0 0 0 0.0296 2.7824 4.2384 0.8982 0.047 0.0044 0 0 0 0 0 0 0 0 0 0 0 0.0014 0.1474 1.573 2.784 1.29 0.1878 0.0126 0.0038 0 0 0 0 0 0 0 0 0 0 0.0022 0.1138 0.8482 1.5494 1.07 0.375 0.0368 0.0046 0 0 0 0 0 0 0 0 0 0 0.0024 0.0416 0.323 0.605 0.5594 0.3606 0.0998 0.0082 0 0 0 0 0 0 0 0 0 0 0 0 0 0 0 0 0 0 0 0 0 0 0 
0 0 0 0 0 0 0 0 0 0 0 0 0 0 0 0 0.0142 2.7988 4.527 0.6442 0.0158 0 0 0 0 0 0 0 0 0 0 0 0 0 0.112 1.6614 3.0728 1.0376 0.1142 0.002 0 0 0 0 0 0 0 0 0 0 0 0 0.1236 0.878 1.7568 0.9962 0.2188 0.0266 0 0 0 0 0 0 0 0 0 0 0 0.0028 0.057 0.3184 0.6698 0.6538 0.243 0.0448 0.0076 0.0028 0 0 0 0 0 0 0 0 0 0 0 0 0 0 0 0 0 0 0 0 0 0 
0 0 0 0 0 0 0 0 0 0 0 0 0 0 0 0 0.014 2.7912 4.3932 0.7346 0.0578 0.0066 0.0026 0 0 0 0 0 0 0 0 0 0 0 0.089 1.6344 3.0174 1.073 0.159 0.0196 0.0076 0 0 0 0 0 0 0 0 0 0 0.0014 0.0864 0.8334 1.7484 1.0502 0.2288 0.037 0.0144 0 0 0 0 0 0 0 0 0 0 0.002 0.039 0.2966 0.6518 0.6686 0.2582 0.0642 0.0196 0 0 0 0 0 0 0 0 0 0 0 0 0 0 0 0 0 0 0 0 0 0 0 
0 0 0 0 0 0 0 0 0 0 0 0 0 0 0 0 0.0372 2.7072 4.334 0.8524 0.0664 0.0028 0 0 0 0 0 0 0 0 0 0 0 0.0026 0.1476 1.5654 2.7936 1.204 0.2622 0.0246 0 0 0 0 0 0 0 0 0 0 0 0.0078 0.157 0.8404 1.477 1.0406 0.3924 0.0772 0.0076 0 0 0 0 0 0 0 0 0 0 0.0064 0.0658 0.324 0.5738 0.542 0.3496 0.1068 0.0294 0.0022 0 0 0 0 0 0 0 0 0 0 0 0 0 0 0 0 0 0 0 0 0 0 
0 0 0 0 0 0 0 0 0 0 0 0 0 0 0 0 0.0152 2.736 4.5826 0.646 0.0192 0.001 0 0 0 0 0 0 0 0 0 0 0 0 0.0764 1.665 3.1474 0.9906 0.12 0.0006 0 0 0 0 0 0 0 0 0 0 0 0 0.0706 0.866 1.8972 0.9378 0.1994 0.029 0 0 0 0 0 0 0 0 0 0 0 0.001 0.0324 0.2848 0.7682 0.6474 0.2066 0.0512 0.008 0.0004 0 0 0 0 0 0 0 0 0 0 0 0 0 0 0 0 0 0 0 0 0 0 
0 0 0 0 0 0 0 0 0 0 0 0 0 0 0 0 0.0146 2.706 4.602 0.6484 0.026 0.003 0 0 0 0 0 0 0 0 0 0 0 0 0.1164 1.6214 2.9958 1.1416 0.1166 0.0082 0 0 0 0 0 0 0 0 0 0 0 0.002 0.121 0.844 1.6642 1.1164 0.2306 0.0202 0.0016 0 0 0 0 0 0 0 0 0 0 0 0.061 0.2998 0.6454 0.6578 0.2794 0.0508 0.0058 0 0 0 0 0 0 0 0 0 0 0 0 0 0 0 0 0 0 0 0 0 0 0 
0 0 0 0 0 0 0 0 0 0 0 0 0 0 0 0 0.0238 2.8292 4.357 0.7374 0.045 0.0054 0.0022 0 0 0 0 0 0 0 0 0 0 0 0.1252 1.7446 2.8304 1.0972 0.1876 0.015 0 0 0 0 0 0 0 0 0 0 0 0.0002 0.1162 0.9334 1.6598 0.9562 0.2774 0.0516 0.0052 0 0 0 0 0 0 0 0 0 0 0 0.0602 0.2972 0.689 0.6032 0.2614 0.0692 0.0198 0 0 0 0 0 0 0 0 0 0 0 0 0 0 0 0 0 0 0 0 0 0 0 
0 0 0 0 0 0 0 0 0 0 0 0 0 0 0 0 0.028 2.779 4.254 0.86 0.0744 0.0046 0 0 0 0 0 0 0 0 0 0 0 0.0008 0.1384 1.6344 2.8294 1.146 0.2314 0.0184 0.0012 0 0 0 0 0 0 0 0 0 0 0.003 0.1008 0.826 1.6624 1.0586 0.3124 0.0348 0.002 0 0 0 0 0 0 0 0 0 0 0 0.0378 0.249 0.6738 0.6448 0.3128 0.0774 0.0044 0 0 0 0 0 0 0 0 0 0 0 0 0 0 0 0 0 0 0 0 0 0 0 
0 0 0 0 0 0 0 0 0 0 0 0 0 0 0 0 0.0136 2.8282 4.3618 0.7714 0.0234 0.0016 0 0 0 0 0 0 0 0 0 0 0 0 0.1142 1.6864 2.8218 1.2334 0.1366 0.0076 0 0 0 0 0 0 0 0 0 0 0 0.0012 0.1008 0.876 1.6666 1.0578 0.27 0.0276 0 0 0 0 0 0 0 0 0 0 0 0.0046 0.0434 0.2918 0.6654 0.6554 0.2712 0.0644 0.0038 0 0 0 0 0 0 0 0 0 0 0 0 0 0 0 0 0 0 0 0 0 0 0 
0 0 0 0 0 0 0 0 0 0 0 0 0 0 0 0 0.0158 2.7742 4.4476 0.716 0.0438 0.0026 0 0 0 0 0 0 0 0 0 0 0 0 0.0666 1.6614 2.9998 1.145 0.1144 0.0128 0 0 0 0 0 0 0 0 0 0 0 0 0.0464 0.9138 1.7212 1.0426 0.251 0.025 0 0 0 0 0 0 0 0 0 0 0 0 0.0148 0.3132 0.6734 0.6816 0.2514 0.063 0.0026 0 0 0 0 0 0 0 0 0 0 0 0 0 0 0 0 0 0 0 0 0 0 0 
0 0 0 0 0 0 0 0 0 0 0 0 0 0 0 0 0.0166 2.7366 4.5916 0.6224 0.0328 0 0 0 0 0 0 0 0 0 0 0 0 0 0.0932 1.6868 2.984 1.085 0.14 0.011 0 0 0 0 0 0 0 0 0 0 0 0.001 0.0924 0.8956 1.6944 1.0456 0.2494 0.0216 0 0 0 0 0 0 0 0 0 0 0 0.0008 0.031 0.324 0.7148 0.586 0.289 0.0484 0.006 0 0 0 0 0 0 0 0 0 0 0 0 0 0 0 0 0 0 0 0 0 0 0 
0 0 0 0 0 0 0 0 0 0 0 0 0 0 0 0 0.0186 2.7554 4.4804 0.7066 0.039 0 0 0 0 0 0 0 0 0 0 0 0 0 0.0876 1.6838 2.9694 1.1284 0.122 0.0088 0 0 0 0 0 0 0 0 0 0 0 0 0.086 0.8972 1.6814 1.0736 0.2426 0.0192 0 0 0 0 0 0 0 0 0 0 0 0.0018 0.026 0.309 0.6928 0.6332 0.2746 0.0562 0.0064 0 0 0 0 0 0 0 0 0 0 0 0 0 0 0 0 0 0 0 0 0 0 0 
0 0 0 0 0 0 0 0 0 0 0 0 0 0 0 0 0.0224 2.749 4.3928 0.775 0.055 0.0052 0.0006 0 0 0 0 0 0 0 0 0 0 0 0.0878 1.6334 2.9252 1.1876 0.147 0.0126 0.0064 0 0 0 0 0 0 0 0 0 0 0.001 0.0662 0.8594 1.6976 1.0808 0.2434 0.0424 0.0074 0.0018 0 0 0 0 0 0 0 0 0 0.0018 0.0368 0.281 0.6486 0.6612 0.2906 0.0622 0.0154 0.0024 0 0 0 0 0 0 0 0 0 0 0 0 0 0 0 0 0 0 0 0 0 0 
0 0 0 0 0 0 0 0 0 0 0 0 0 0 0 0 0.0198 2.7238 4.392 0.8058 0.0552 0.0034 0 0 0 0 0 0 0 0 0 0 0 0 0.1228 1.5714 2.8714 1.197 0.2046 0.0282 0.0046 0 0 0 0 0 0 0 0 0 0 0.0068 0.0954 0.8082 1.6382 1.0928 0.2934 0.049 0.013 0.0032 0 0 0 0 0 0 0 0 0 0.0042 0.0316 0.289 0.6196 0.663 0.304 0.0662 0.0164 0.0022 0.0038 0 0 0 0 0 0 0 0 0 0 0 0 0 0 0 0 0 0 0 0 0 
0 0 0 0 0 0 0 0 0 0 0 0 0 0 0 0 0.0218 2.764 4.3364 0.825 0.0466 0.0048 0.0014 0 0 0 0 0 0 0 0 0 0 0 0.1144 1.645 2.866 1.1676 0.1874 0.0196 0 0 0 0 0 0 0 0 0 0 0 0 0.1114 0.8262 1.6776 1.0196 0.3232 0.0388 0.0032 0 0 0 0 0 0 0 0 0 0 0 0.0488 0.2598 0.6936 0.6084 0.2928 0.0792 0.0174 0 0 0 0 0 0 0 0 0 0 0 0 0 0 0 0 0 0 0 0 0 0 0 
0 0 0 0 0 0 0 0 0 0 0 0 0 0 0 0 0.0216 2.7364 4.3892 0.7992 0.0536 0 0 0 0 0 0 0 0 0 0 0 0 0 0.1376 1.6076 2.7954 1.2472 0.1954 0.0144 0.0024 0 0 0 0 0 0 0 0 0 0 0.0036 0.1446 0.8524 1.5422 1.055 0.3322 0.0596 0.0104 0 0 0 0 0 0 0 0 0 0 0.001 0.075 0.2842 0.6252 0.607 0.2928 0.0894 0.018 0.0074 0 0 0 0 0 0 0 0 0 0 0 0 0 0 0 0 0 0 0 0 0 0 
0 0 0 0 0 0 0 0 0 0 0 0 0 0 0 0 0.0092 2.827 4.4934 0.6348 0.0316 0.0026 0.0014 0 0 0 0 0 0 0 0 0 0 0 0.0896 1.7728 2.9084 1.0538 0.1596 0.0158 0 0 0 0 0 0 0 0 0 0 0 0.002 0.0902 0.9864 1.5938 1.0208 0.2708 0.036 0 0 0 0 0 0 0 0 0 0 0 0.0006 0.0474 0.3386 0.684 0.5466 0.3132 0.0592 0.0104 0 0 0 0 0 0 0 0 0 0 0 0 0 0 0 0 0 0 0 0 0 0 0 
0 0 0 0 0 0 0 0 0 0 0 0 0 0 0 0 0.0218 2.6706 4.528 0.719 0.0586 0.002 0 0 0 0 0 0 0 0 0 0 0 0.0006 0.1444 1.6732 2.7956 1.1384 0.2172 0.0282 0.0024 0 0 0 0 0 0 0 0 0 0 0.0034 0.1512 0.846 1.6194 0.983 0.3326 0.0624 0.002 0 0 0 0 0 0 0 0 0 0 0.0018 0.0766 0.2934 0.606 0.6142 0.2994 0.0886 0.02 0 0 0 0 0 0 0 0 0 0 0 0 0 0 0 0 0 0 0 0 0 0 0 
0 0 0 0 0 0 0 0 0 0 0 0 0 0 0 0 0.023 2.7666 4.3064 0.8416 0.057 0.0054 0 0 0 0 0 0 0 0 0 0 0 0.0008 0.1138 1.7432 2.6368 1.2684 0.21 0.027 0 0 0 0 0 0 0 0 0 0 0 0.0014 0.12 0.8904 1.5272 1.054 0.3328 0.067 0.0072 0 0 0 0 0 0 0 0 0 0 0.0018 0.044 0.3056 0.6386 0.5724 0.3172 0.086 0.0336 0.0008 0 0 0 0 0 0 0 0 0 0 0 0 0 0 0 0 0 0 0 0 0 0 
0 0 0 0 0 0 0 0 0 0 0 0 0 0 0 0 0.0104 2.7754 4.4568 0.7056 0.049 0.0028 0 0 0 0 0 0 0 0 0 0 0 0.0006 0.089 1.68 2.9294 1.1602 0.1308 0.01 0 0 0 0 0 0 0 0 0 0 0 0 0.0668 0.8776 1.7158 1.1102 0.2104 0.0192 0 0 0 0 0 0 0 0 0 0 0 0 0.0218 0.2764 0.7102 0.6728 0.2814 0.0374 0 0 0 0 0 0 0 0 0 0 0 0 0 0 0 0 0 0 0 0 0 0 0 0 
0 0 0 0 0 0 0 0 0 0 0 0 0 0 0 0 0.0152 2.746 4.5056 0.7008 0.0296 0.0028 0 0 0 0 0 0 0 0 0 0 0 0 0.1072 1.7026 2.9218 1.0966 0.159 0.0128 0 0 0 0 0 0 0 0 0 0 0 0.001 0.1198 0.8806 1.6798 1.0048 0.2652 0.0406 0.0082 0 0 0 0 0 0 0 0 0 0 0.0014 0.0524 0.3208 0.6698 0.608 0.2514 0.0772 0.0154 0.0036 0 0 0 0 0 0 0 0 0 0 0 0 0 0 0 0 0 0 0 0 0 0 
0 0 0 0 0 0 0 0 0 0 0 0 0 0 0 0 0.0138 2.777 4.5194 0.644 0.0458 0 0 0 0 0 0 0 0 0 0 0 0 0 0.1008 1.6952 3.0534 1.0226 0.112 0.016 0 0 0 0 0 0 0 0 0 0 0 0 0.0966 0.872 1.817 0.9694 0.2174 0.026 0.0016 0 0 0 0 0 0 0 0 0 0 0 0.0374 0.3126 0.7384 0.6142 0.228 0.0612 0.0082 0 0 0 0 0 0 0 0 0 0 0 0 0 0 0 0 0 0 0 0 0 0 0 
0 0 0 0 0 0 0 0 0 0 0 0 0 0 0 0 0.0222 2.7522 4.3646 0.8128 0.0468 0.0014 0 0 0 0 0 0 0 0 0 0 0 0.0008 0.0984 1.5968 2.9946 1.0928 0.1898 0.0218 0.005 0 0 0 0 0 0 0 0 0 0 0.0052 0.09 0.778 1.7874 0.9868 0.291 0.0416 0.018 0.002 0 0 0 0 0 0 0 0 0 0.0058 0.035 0.2416 0.7574 0.5928 0.272 0.0768 0.0106 0.0048 0.0032 0 0 0 0 0 0 0 0 0 0 0 0 0 0 0 0 0 0 0 0 0 
0 0 0 0 0 0 0 0 0 0 0 0 0 0 0 0 0.021 2.7954 4.4582 0.6878 0.0376 0 0 0 0 0 0 0 0 0 0 0 0 0 0.102 1.667 2.9796 1.0846 0.1548 0.012 0 0 0 0 0 0 0 0 0 0 0 0 0.1044 0.861 1.7618 0.9818 0.2394 0.0454 0.0062 0 0 0 0 0 0 0 0 0 0 0.0024 0.0434 0.3078 0.6906 0.6372 0.2472 0.0598 0.0116 0 0 0 0 0 0 0 0 0 0 0 0 0 0 0 0 0 0 0 0 0 0 0 
0 0 0 0 0 0 0 0 0 0 0 0 0 0 0 0 0.0124 2.8598 4.4978 0.595 0.035 0 0 0 0 0 0 0 0 0 0 0 0 0 0.0926 1.6834 3.1322 0.9694 0.12 0.0024 0 0 0 0 0 0 0 0 0 0 0 0 0.076 0.9118 1.8488 0.9256 0.2242 0.0136 0 0 0 0 0 0 0 0 0 0 0 0.0012 0.0314 0.324 0.759 0.585 0.2568 0.037 0.0056 0 0 0 0 0 0 0 0 0 0 0 0 0 0 0 0 0 0 0 0 0 0 0 
0 0 0 0 0 0 0 0 0 0 0 0 0 0 0 0 0.011 2.8182 4.5428 0.6076 0.0204 0 0 0 0 0 0 0 0 0 0 0 0 0 0.125 1.6786 3.0428 1.0546 0.096 0.003 0 0 0 0 0 0 0 0 0 0 0 0 0.1258 0.886 1.7496 1.0206 0.1992 0.0188 0 0 0 0 0 0 0 0 0 0 0 0.0014 0.0666 0.2872 0.7348 0.6294 0.2288 0.0474 0.0044 0 0 0 0 0 0 0 0 0 0 0 0 0 0 0 0 0 0 0 0 0 0 0 
0 0 0 0 0 0 0 0 0 0 0 0 0 0 0 0 0.0136 2.779 4.4746 0.6862 0.045 0.0016 0 0 0 0 0 0 0 0 0 0 0 0 0.0882 1.6516 2.9698 1.129 0.1496 0.0118 0 0 0 0 0 0 0 0 0 0 0 0.0012 0.0864 0.81 1.7906 1.0524 0.2298 0.0296 0 0 0 0 0 0 0 0 0 0 0 0.0018 0.0328 0.264 0.7182 0.668 0.2558 0.0526 0.0068 0 0 0 0 0 0 0 0 0 0 0 0 0 0 0 0 0 0 0 0 0 0 0 
0 0 0 0 0 0 0 0 0 0 0 0 0 0 0 0 0.0246 2.7072 4.4486 0.7576 0.0526 0.0072 0.0022 0 0 0 0 0 0 0 0 0 0 0 0.1064 1.6178 2.932 1.1402 0.1786 0.0186 0.0064 0 0 0 0 0 0 0 0 0 0 0.0032 0.0714 0.8282 1.7306 1.0368 0.2738 0.047 0.0076 0.0014 0 0 0 0 0 0 0 0 0 0.002 0.0194 0.2824 0.6582 0.6714 0.2846 0.0606 0.0194 0.002 0 0 0 0 0 0 0 0 0 0 0 0 0 0 0 0 0 0 0 0 0 0 
0 0 0 0 0 0 0 0 0 0 0 0 0 0 0 0 0.0194 2.6518 4.5658 0.7156 0.0474 0 0 0 0 0 0 0 0 0 0 0 0 0 0.103 1.5658 2.9692 1.176 0.1714 0.0146 0 0 0 0 0 0 0 0 0 0 0 0.0012 0.0884 0.8288 1.6442 1.1164 0.272 0.0402 0.0088 0 0 0 0 0 0 0 0 0 0 0.0012 0.0382 0.2876 0.656 0.6578 0.2616 0.0808 0.0168 0 0 0 0 0 0 0 0 0 0 0 0 0 0 0 0 0 0 0 0 0 0 0 
0 0 0 0 0 0 0 0 0 0 0 0 0 0 0 0 0.0252 2.8224 4.3866 0.7032 0.0608 0.0018 0 0 0 0 0 0 0 0 0 0 0 0 0.1118 1.6218 2.9754 1.1266 0.1552 0.0092 0 0 0 0 0 0 0 0 0 0 0 0 0.0888 0.9096 1.6654 1.0176 0.287 0.0298 0.0018 0 0 0 0 0 0 0 0 0 0 0.0024 0.0284 0.3238 0.6826 0.5848 0.3038 0.066 0.0082 0 0 0 0 0 0 0 0 0 0 0 0 0 0 0 0 0 0 0 0 0 0 0 
0 0 0 0 0 0 0 0 0 0 0 0 0 0 0 0 0.027 2.7342 4.4488 0.7348 0.054 0.0012 0 0 0 0 0 0 0 0 0 0 0 0 0.15 1.6356 2.8704 1.1352 0.1954 0.012 0.0014 0 0 0 0 0 0 0 0 0 0 0.004 0.1416 0.9014 1.5856 0.979 0.3272 0.0612 0 0 0 0 0 0 0 0 0 0 0 0 0.073 0.3488 0.5966 0.5624 0.3028 0.1036 0.0128 0 0 0 0 0 0 0 0 0 0 0 0 0 0 0 0 0 0 0 0 0 0 0 
0 0 0 0 0 0 0 0 0 0 0 0 0 0 0 0 0.0308 2.7896 4.2552 0.8588 0.0608 0.0048 0 0 0 0 0 0 0 0 0 0 0 0.0012 0.1394 1.6472 2.7538 1.2358 0.2018 0.0208 0 0 0 0 0 0 0 0 0 0 0 0.0044 0.0972 0.8736 1.5856 1.0672 0.3218 0.046 0.0042 0 0 0 0 0 0 0 0 0 0 0.0042 0.0426 0.2798 0.646 0.652 0.2598 0.0952 0.0204 0 0 0 0 0 0 0 0 0 0 0 0 0 0 0 0 0 0 0 0 0 0 0 
0 0 0 0 0 0 0 0 0 0 0 0 0 0 0 0 0.0196 2.7502 4.4792 0.7006 0.0472 0.0032 0 0 0 0 0 0 0 0 0 0 0 0 0.0972 1.6136 3.0628 1.0442 0.17 0.0122 0 0 0 0 0 0 0 0 0 0 0 0 0.0924 0.8632 1.7112 1.0124 0.2782 0.0426 0 0 0 0 0 0 0 0 0 0 0 0 0.0336 0.3048 0.712 0.5954 0.2744 0.063 0.0144 0.0024 0 0 0 0 0 0 0 0 0 0 0 0 0 0 0 0 0 0 0 0 0 0 
0 0 0 0 0 0 0 0 0 0 0 0 0 0 0 0 0.0122 2.7584 4.5638 0.635 0.0306 0 0 0 0 0 0 0 0 0 0 0 0 0 0.107 1.7632 2.8874 1.095 0.1326 0.0148 0 0 0 0 0 0 0 0 0 0 0 0.0004 0.1068 0.8968 1.7656 0.9542 0.2488 0.025 0.0024 0 0 0 0 0 0 0 0 0 0 0 0.0402 0.3036 0.7456 0.5974 0.2502 0.0588 0.0042 0 0 0 0 0 0 0 0 0 0 0 0 0 0 0 0 0 0 0 0 0 0 0 
0 0 0 0 0 0 0 0 0 0 0 0 0 0 0 0 0.0212 2.7566 4.4118 0.7292 0.0718 0.0094 0 0 0 0 0 0 0 0 0 0 0 0 0.1156 1.5646 3.0216 1.0814 0.1904 0.0264 0 0 0 0 0 0 0 0 0 0 0 0 0.0932 0.82 1.738 1.0162 0.2654 0.0632 0.004 0 0 0 0 0 0 0 0 0 0 0 0.0288 0.2882 0.7238 0.5724 0.2938 0.0714 0.0216 0 0 0 0 0 0 0 0 0 0 0 0 0 0 0 0 0 0 0 0 0 0 0 
0 0 0 0 0 0 0 0 0 0 0 0 0 0 0 0 0.0224 2.7668 4.486 0.6806 0.0424 0.0018 0 0 0 0 0 0 0 0 0 0 0 0 0.102 1.7166 2.8996 1.1316 0.1472 0.003 0 0 0 0 0 0 0 0 0 0 0 0 0.103 0.8854 1.6674 1.065 0.2688 0.0104 0 0 0 0 0 0 0 0 0 0 0 0 0.0466 0.299 0.6376 0.6674 0.2966 0.05 0.0028 0 0 0 0 0 0 0 0 0 0 0 0 0 0 0 0 0 0 0 0 0 0 0 
0 0 0 0 0 0 0 0 0 0 0 0 0 0 0 0 0.021 2.7736 4.4746 0.6958 0.035 0 0 0 0 0 0 0 0 0 0 0 0 0 0.0914 1.7316 2.9428 1.087 0.1394 0.007 0.0008 0 0 0 0 0 0 0 0 0 0 0.0018 0.0792 0.926 1.7254 1.0036 0.2348 0.0268 0.0024 0 0 0 0 0 0 0 0 0 0 0.0014 0.031 0.3178 0.716 0.6086 0.2706 0.0464 0.006 0.0022 0 0 0 0 0 0 0 0 0 0 0 0 0 0 0 0 0 0 0 0 0 0 
0 0 0 0 0 0 0 0 0 0 0 0 0 0 0 0 0.0118 2.7258 4.485 0.7274 0.0496 0.0004 0 0 0 0 0 0 0 0 0 0 0 0 0.0848 1.6306 2.9582 1.1376 0.1744 0.0124 0.002 0 0 0 0 0 0 0 0 0 0 0 0.0912 0.8742 1.6508 1.0248 0.3106 0.0468 0.0016 0 0 0 0 0 0 0 0 0 0 0 0.0462 0.3212 0.6338 0.6098 0.2788 0.0984 0.0118 0 0 0 0 0 0 0 0 0 0 0 0 0 0 0 0 0 0 0 0 0 0 0 
0 0 0 0 0 0 0 0 0 0 0 0 0 0 0 0 0.0176 2.7596 4.4416 0.734 0.0472 0 0 0 0 0 0 0 0 0 0 0 0 0.001 0.1286 1.6558 2.845 1.1724 0.1898 0.0074 0 0 0 0 0 0 0 0 0 0 0 0.0014 0.1282 0.8662 1.6118 1.074 0.294 0.0232 0.0012 0 0 0 0 0 0 0 0 0 0 0.0016 0.0538 0.296 0.665 0.6252 0.2738 0.0758 0.0088 0 0 0 0 0 0 0 0 0 0 0 0 0 0 0 0 0 0 0 0 0 0 0 
0 0 0 0 0 0 0 0 0 0 0 0 0 0 0 0 0.0144 2.731 4.5918 0.6282 0.028 0.0066 0 0 0 0 0 0 0 0 0 0 0 0.0002 0.1208 1.633 2.9156 1.1578 0.1614 0.009 0.0022 0 0 0 0 0 0 0 0 0 0 0.003 0.155 0.8194 1.6412 1.057 0.2788 0.0426 0.003 0 0 0 0 0 0 0 0 0 0 0.0034 0.071 0.2872 0.6478 0.6204 0.282 0.0756 0.0102 0.0024 0 0 0 0 0 0 0 0 0 0 0 0 0 0 0 0 0 0 0 0 0 0 
0 0 0 0 0 0 0 0 0 0 0 0 0 0 0 0 0.0156 2.749 4.3462 0.8414 0.0422 0.003 0.0026 0 0 0 0 0 0 0 0 0 0 0 0.076 1.645 2.8584 1.2376 0.1638 0.0138 0.0054 0 0 0 0 0 0 0 0 0 0 0.0026 0.0794 0.8332 1.6152 1.157 0.2682 0.0264 0.0134 0.0046 0 0 0 0 0 0 0 0 0 0.0028 0.0326 0.2626 0.6622 0.6714 0.289 0.0596 0.0076 0.007 0.0052 0 0 0 0 0 0 0 0 0 0 0 0 0 0 0 0 0 0 0 0 0 
0 0 0 0 0 0 0 0 0 0 0 0 0 0 0 0 0.027 2.7368 4.4472 0.7326 0.0492 0.0072 0 0 0 0 0 0 0 0 0 0 0 0 0.1266 1.6826 2.8092 1.2172 0.136 0.026 0.0024 0 0 0 0 0 0 0 0 0 0 0.0012 0.105 0.9134 1.5684 1.0908 0.2722 0.0464 0.0026 0 0 0 0 0 0 0 0 0 0 0 0.05 0.2974 0.6622 0.6304 0.2648 0.0802 0.015 0 0 0 0 0 0 0 0 0 0 0 0 0 0 0 0 0 0 0 0 0 0 0 
0 0 0 0 0 0 0 0 0 0 0 0 0 0 0 0 0.0166 2.773 4.3844 0.7948 0.029 0.0022 0 0 0 0 0 0 0 0 0 0 0 0.0004 0.096 1.658 2.941 1.139 0.1544 0.0112 0 0 0 0 0 0 0 0 0 0 0 0.002 0.0814 0.8296 1.7806 1.0076 0.2692 0.026 0.0036 0 0 0 0 0 0 0 0 0 0 0.0016 0.0342 0.257 0.7234 0.6518 0.2552 0.0714 0.0054 0 0 0 0 0 0 0 0 0 0 0 0 0 0 0 0 0 0 0 0 0 0 0 
0 0 0 0 0 0 0 0 0 0 0 0 0 0 0 0 0.0114 2.813 4.4568 0.672 0.0468 0 0 0 0 0 0 0 0 0 0 0 0 0 0.0928 1.707 2.9598 1.0754 0.155 0.01 0 0 0 0 0 0 0 0 0 0 0 0 0.0994 0.866 1.7524 1.024 0.2242 0.034 0 0 0 0 0 0 0 0 0 0 0 0.0008 0.0484 0.2568 0.7606 0.6136 0.2426 0.0684 0.0088 0 0 0 0 0 0 0 0 0 0 0 0 0 0 0 0 0 0 0 0 0 0 0 
0 0 0 0 0 0 0 0 0 0 0 0 0 0 0 0 0.0328 2.7106 4.337 0.843 0.0612 0.0062 0.0052 0.004 0 0 0 0 0 0 0 0 0 0 0.1416 1.6352 2.6802 1.2852 0.2238 0.0222 0.0076 0.0032 0.001 0 0 0 0 0 0 0 0 0.0008 0.122 0.8994 1.4398 1.0816 0.3742 0.0642 0.012 0.006 0 0 0 0 0 0 0 0 0 0 0.0522 0.333 0.5804 0.5468 0.3606 0.0888 0.0286 0.0096 0 0 0 0 0 0 0 0 0 0 0 0 0 0 0 0 0 0 0 0 0 0 
0 0 0 0 0 0 0 0 0 0 0 0 0 0 0 0 0.0286 2.7582 4.329 0.8134 0.062 0.0088 0 0 0 0 0 0 0 0 0 0 0 0 0.1312 1.6392 2.7808 1.2024 0.2028 0.0402 0.0034 0 0 0 0 0 0 0 0 0 0 0.0006 0.1268 0.8538 1.6172 0.9726 0.3454 0.0696 0.014 0 0 0 0 0 0 0 0 0 0 0.0008 0.0508 0.3002 0.6306 0.5966 0.3082 0.0808 0.028 0.004 0 0 0 0 0 0 0 0 0 0 0 0 0 0 0 0 0 0 0 0 0 0 
0 0 0 0 0 0 0 0 0 0 0 0 0 0 0 0 0.0212 2.8382 4.3596 0.729 0.048 0.004 0 0 0 0 0 0 0 0 0 0 0 0.0012 0.1128 1.7218 2.8342 1.1082 0.1888 0.0314 0.0016 0 0 0 0 0 0 0 0 0 0 0.0076 0.1094 0.9116 1.5906 1.04 0.256 0.077 0.0078 0 0 0 0 0 0 0 0 0 0 0.006 0.0352 0.3248 0.6742 0.5848 0.271 0.0802 0.0238 0 0 0 0 0 0 0 0 0 0 0 0 0 0 0 0 0 0 0 0 0 0 0 
0 0 0 0 0 0 0 0 0 0 0 0 0 0 0 0 0.012 2.769 4.4424 0.738 0.0386 0 0 0 0 0 0 0 0 0 0 0 0 0 0.0952 1.6294 2.9358 1.1852 0.1486 0.0058 0 0 0 0 0 0 0 0 0 0 0 0.001 0.1092 0.8298 1.6702 1.092 0.2826 0.0152 0 0 0 0 0 0 0 0 0 0 0 0.0006 0.045 0.2696 0.6802 0.6418 0.3204 0.0414 0.001 0 0 0 0 0 0 0 0 0 0 0 0 0 0 0 0 0 0 0 0 0 0 0 
0 0 0 0 0 0 0 0 0 0 0 0 0 0 0 0 0.011 2.7932 4.4012 0.7452 0.047 0.0024 0 0 0 0 0 0 0 0 0 0 0 0 0.096 1.706 2.8972 1.087 0.2016 0.0122 0 0 0 0 0 0 0 0 0 0 0 0 0.1104 0.8478 1.7134 1.0028 0.2768 0.0446 0.0042 0 0 0 0 0 0 0 0 0 0 0 0.0478 0.2906 0.6858 0.6218 0.2624 0.0776 0.014 0 0 0 0 0 0 0 0 0 0 0 0 0 0 0 0 0 0 0 0 0 0 0 
0 0 0 0 0 0 0 0 0 0 0 0 0 0 0 0 0.035 2.7264 4.3208 0.8268 0.0874 0.0036 0 0 0 0 0 0 0 0 0 0 0 0.0004 0.154 1.6914 2.5622 1.3046 0.2456 0.0356 0.0036 0.0026 0 0 0 0 0 0 0 0 0 0.0046 0.164 0.8132 1.5042 1.0334 0.3862 0.076 0.0138 0.0046 0 0 0 0 0 0 0 0 0 0.0058 0.064 0.2856 0.5804 0.6252 0.2832 0.1166 0.0342 0.005 0 0 0 0 0 0 0 0 0 0 0 0 0 0 0 0 0 0 0 0 0 0 
