0.03 0.09 0.15 0.21 0.27 0.33 0.39 0.45 0.51 0.57 0.63 0.69 0.75 0.81 0.87 0.93 0.99 1.05 1.11 1.17 1.23 1.29 1.35 1.41 1.47 1.53 1.59 1.65 1.71 1.77 1.83 1.89 1.95 2.01 2.07 2.13 2.19 2.25 2.31 2.37 2.43 2.49 2.55 2.61 2.67 2.73 2.79 2.85 2.91 2.97 3.03 3.09 3.15 3.21 3.27 3.33 3.39 3.45 3.51 3.57 3.63 3.69 3.75 3.81 3.87 3.93 3.99 4.05 4.11 4.17 4.23 4.29 4.35 4.41 4.47 4.53 4.59 4.65 4.71 4.77 4.83 4.89 4.95 5.01 5.07 5.13 5.19 5.25 5.31 5.37 5.43 5.49 5.55 5.61 5.67 5.73 5.79 5.85 5.91 5.97 
0 0 0 0 0 0 0 0 0 0 0 0 0 0 0 0 0.0544 0.5194 1.712 2.6712 2.5914 1.828 1.2356 0.7686 0.4656 0.3098 0.1948 0.1228 0.05 0.0208 0.0198 0.0194 0.0042 0.0042 0.0212 0.0928 0.3198 0.8284 1.304 1.505 1.6018 1.3174 1.082 0.8518 0.5956 0.4266 0.3138 0.2226 0.131 0.0722 0.0538 0.028 0.0274 0.0242 0.0716 0.2044 0.401 0.656 0.9192 1.0412 1.0752 1.0676 0.875 0.691 0.5572 0.444 0.3178 0.2364 0.1774 0.085 0.0676 0.045 0.0458 0.0484 0.0846 0.1978 0.321 0.4616 0.6074 0.7438 0.7696 0.7714 0.7342 0.6006 0.4518 0.408 0.3168 0.232 0.1602 0.1064 0.0906 0.0508 0.0382 0.049 0.0736 0.14 0.176 0.2918 0.3902 0.4446 
0 0 0 0 0 0 0 0 0 0 0 0 0 0 0 0.0002 0.0374 0.5082 1.716 2.6934 2.91 2.2576 1.548 0.9454 0.6044 0.3086 0.1916 0.107 0.0612 0.0394 0.021 0.0198 0.0154 0.0062 0.0106 0.0772 0.2844 0.6616 1.1782 1.6522 1.691 1.6476 1.373 1.0944 0.807 0.5452 0.3788 0.2422 0.1334 0.0754 0.0488 0.0354 0.034 0.032 0.057 0.118 0.2936 0.5132 0.7958 1.0728 1.2874 1.2528 1.0938 0.9858 0.7842 0.5682 0.398 0.2684 0.1634 0.1008 0.0864 0.056 0.043 0.0508 0.0566 0.1104 0.1884 0.358 0.5334 0.7256 0.8712 0.9484 0.8716 0.8258 0.7114 0.5464 0.398 0.2968 0.1908 0.1378 0.075 0.0506 0.0524 0.047 0.03 0.0626 0.1006 0.1812 0.3034 0.4322 
0 0 0 0 0 0 0 0 0 0 0 0 0 0 0 0 0.0404 0.5582 1.8684 2.9592 2.8784 2.1888 1.4564 0.837 0.5058 0.2854 0.185 0.1064 0.053 0.0396 0.0172 0.0094 0.0042 0.0038 0.0146 0.0866 0.3012 0.859 1.3958 1.7096 1.8208 1.588 1.2892 0.9386 0.6364 0.5014 0.3562 0.1998 0.1174 0.0846 0.0548 0.023 0.0164 0.0158 0.0548 0.1558 0.3872 0.681 0.9702 1.189 1.3034 1.1868 1.012 0.8654 0.6672 0.5234 0.3496 0.2694 0.1482 0.0916 0.0702 0.0304 0.022 0.0342 0.0782 0.1484 0.2856 0.4552 0.6536 0.8572 0.9278 0.9146 0.8114 0.7052 0.6026 0.4902 0.3868 0.2338 0.1482 0.1038 0.0716 0.0544 0.0348 0.0334 0.0526 0.0838 0.1694 0.3084 0.421 0.5238 
0 0 0 0 0 0 0 0 0 0 0 0 0 0 0 0 0.0352 0.5688 1.9474 2.902 2.998 2.2804 1.3846 0.805 0.4368 0.2732 0.1474 0.1074 0.0602 0.0204 0.019 0.011 0.0032 0.0004 0.0042 0.078 0.3138 0.7856 1.4022 1.8356 1.9206 1.7426 1.327 0.9266 0.6124 0.395 0.2446 0.1748 0.11 0.056 0.0356 0.0198 0.0086 0.0116 0.0496 0.1406 0.3674 0.682 0.9522 1.244 1.3696 1.3422 1.1838 0.8764 0.6388 0.4434 0.288 0.179 0.0988 0.0634 0.0392 0.0206 0.0138 0.0166 0.0608 0.1372 0.2638 0.4484 0.6918 0.8784 0.9918 1.0058 0.961 0.8084 0.566 0.4338 0.309 0.195 0.1074 0.058 0.034 0.0158 0.019 0.0178 0.032 0.079 0.141 0.2506 0.4126 0.5678 
0 0 0 0 0 0 0 0 0 0 0 0 0 0 0 0 0.034 0.5174 1.7996 2.9 2.8948 2.135 1.423 0.9316 0.5362 0.3276 0.2076 0.1222 0.069 0.0322 0.0286 0.0164 0.0118 0.0052 0.0128 0.0818 0.2862 0.7776 1.3196 1.7166 1.716 1.6256 1.2882 0.974 0.7092 0.5298 0.3702 0.2206 0.123 0.0778 0.0568 0.0392 0.042 0.0346 0.054 0.17 0.3576 0.6318 0.8624 1.119 1.2162 1.2514 1.0566 0.8726 0.7182 0.549 0.3776 0.2512 0.1618 0.141 0.0828 0.0432 0.0338 0.044 0.0966 0.16 0.265 0.4268 0.6246 0.7296 0.8352 0.8534 0.8078 0.7646 0.6546 0.5286 0.3592 0.2784 0.206 0.1522 0.1234 0.0548 0.0346 0.044 0.0802 0.0978 0.164 0.262 0.3814 0.4598 
0 0 0 0 0 0 0 0 0 0 0 0 0 0 0 0 0.0432 0.5266 1.7786 2.8502 2.9688 2.15 1.392 0.8906 0.5478 0.332 0.1958 0.125 0.0702 0.05 0.0388 0.0156 0.0098 0.0094 0.011 0.0704 0.295 0.7028 1.2704 1.6256 1.8784 1.6652 1.3626 1.0136 0.7558 0.482 0.3316 0.1942 0.1334 0.0782 0.058 0.0292 0.0224 0.0232 0.0558 0.1466 0.3028 0.5212 0.874 1.1218 1.2252 1.2488 1.1924 0.9422 0.719 0.5686 0.396 0.2424 0.1572 0.108 0.0538 0.0452 0.0414 0.0438 0.0688 0.1186 0.2246 0.3412 0.557 0.768 0.8734 0.9186 0.8792 0.79 0.6616 0.5634 0.4324 0.2876 0.2026 0.1042 0.0774 0.0548 0.0402 0.0346 0.0514 0.0616 0.115 0.2168 0.332 0.4362 
0 0 0 0 0 0 0 0 0 0 0 0 0 0 0 0.0006 0.0326 0.4778 1.713 2.741 2.8406 2.2946 1.5004 0.9696 0.6018 0.3426 0.2106 0.1326 0.0586 0.0382 0.015 0.0148 0.0062 0.0026 0.0084 0.059 0.2598 0.6462 1.1392 1.594 1.727 1.745 1.439 1.0624 0.7332 0.5768 0.4032 0.2564 0.1362 0.0924 0.0586 0.0302 0.0174 0.017 0.0268 0.1188 0.262 0.4966 0.7512 1.0332 1.2112 1.281 1.2478 0.996 0.7624 0.597 0.432 0.2678 0.192 0.1394 0.0866 0.047 0.0242 0.0188 0.0422 0.0984 0.1846 0.32 0.4614 0.6478 0.7962 0.979 0.9892 0.8554 0.7494 0.5908 0.429 0.2908 0.2142 0.1502 0.0988 0.0448 0.0304 0.0224 0.0212 0.0548 0.0934 0.1626 0.2658 0.372 
0 0 0 0 0 0 0 0 0 0 0 0 0 0 0 0 0.0372 0.5254 1.8398 2.9128 2.8548 2.1328 1.507 0.8974 0.5398 0.3096 0.1946 0.1036 0.0562 0.0448 0.0198 0.013 0.0056 0.0006 0.0056 0.072 0.3036 0.7696 1.2774 1.6572 1.774 1.6726 1.3776 1.0314 0.7346 0.4918 0.3232 0.2184 0.1156 0.082 0.0408 0.0328 0.01 0.0156 0.0382 0.1386 0.3316 0.6538 0.9014 1.1126 1.1384 1.2762 1.1302 0.9912 0.7392 0.554 0.3714 0.2266 0.1606 0.0974 0.064 0.0316 0.026 0.014 0.0464 0.1092 0.2702 0.439 0.5954 0.7806 0.85 0.8688 0.9496 0.8064 0.674 0.5912 0.387 0.245 0.1542 0.0994 0.0476 0.0316 0.0252 0.0192 0.039 0.0724 0.14 0.2258 0.354 0.483 
0 0 0 0 0 0 0 0 0 0 0 0 0 0 0 0.0004 0.0314 0.4768 1.679 2.8894 3.0286 2.307 1.4764 0.909 0.5358 0.3068 0.1518 0.0864 0.0516 0.0412 0.0112 0.0078 0.0036 0.0058 0.0044 0.0546 0.2306 0.6472 1.2014 1.7862 1.9254 1.7132 1.3928 1.056 0.7166 0.4912 0.3134 0.1994 0.1054 0.056 0.0506 0.0296 0.0124 0.0102 0.0336 0.1036 0.2324 0.559 0.8752 1.1692 1.2748 1.2838 1.2386 0.9942 0.755 0.5166 0.3602 0.2448 0.1454 0.0782 0.0626 0.0426 0.0148 0.0162 0.0414 0.0806 0.182 0.352 0.5918 0.7874 0.9432 0.938 0.9692 0.8312 0.7012 0.5422 0.3976 0.2408 0.1644 0.1038 0.06 0.0394 0.0228 0.016 0.0166 0.042 0.0868 0.2014 0.3338 0.4618 
0 0 0 0 0 0 0 0 0 0 0 0 0 0 0 0 0.0276 0.4542 1.8398 2.9824 3.0022 2.2522 1.4626 0.8558 0.5012 0.2542 0.178 0.0862 0.0418 0.0226 0.0114 0.006 0.0096 0.0072 0.0116 0.0684 0.2918 0.7384 1.3144 1.6898 1.853 1.729 1.4148 1.004 0.6886 0.4272 0.291 0.1962 0.1324 0.072 0.0338 0.0196 0.008 0.015 0.0474 0.1512 0.356 0.5868 0.8418 1.155 1.3312 1.2962 1.1904 0.9142 0.7112 0.5022 0.3302 0.2194 0.1702 0.1014 0.047 0.0142 0.0184 0.0156 0.06 0.1422 0.2592 0.4204 0.6096 0.7294 0.8632 0.9622 0.9372 0.8358 0.7158 0.4924 0.3458 0.2602 0.177 0.0846 0.043 0.031 0.0246 0.013 0.0308 0.0858 0.1566 0.2604 0.3338 0.4494 
0 0 0 0 0 0 0 0 0 0 0 0 0 0 0 0 0.0512 0.5754 1.7634 2.7956 2.822 2.2022 1.5124 0.9416 0.5696 0.3346 0.1962 0.108 0.07 0.034 0.015 0.0034 0.0012 0.0034 0.0182 0.1036 0.3118 0.7378 1.2066 1.5954 1.801 1.671 1.3488 1.0908 0.7346 0.4926 0.3324 0.2154 0.135 0.0766 0.059 0.0276 0.021 0.0298 0.0586 0.1808 0.3254 0.573 0.8414 1.0572 1.2186 1.2516 1.1996 0.9598 0.7434 0.5326 0.372 0.2592 0.1774 0.0994 0.0588 0.0424 0.0296 0.0398 0.0658 0.145 0.236 0.3526 0.5872 0.764 0.823 0.9088 0.9456 0.8316 0.651 0.494 0.4046 0.2692 0.192 0.1494 0.0684 0.0428 0.027 0.0334 0.0518 0.0752 0.1422 0.2344 0.3438 0.4462 
0 0 0 0 0 0 0 0 0 0 0 0 0 0 0 0.0004 0.0382 0.4746 1.7906 2.7186 2.7944 2.308 1.525 0.9254 0.6094 0.3392 0.1948 0.1482 0.0606 0.0272 0.025 0.011 0.0054 0.0046 0.0094 0.0592 0.275 0.7202 1.2188 1.5804 1.7586 1.6194 1.339 1.1006 0.8132 0.5518 0.3764 0.2324 0.1404 0.0808 0.0488 0.0342 0.0208 0.0216 0.041 0.134 0.2672 0.566 0.8414 1.095 1.186 1.1928 1.1486 0.9418 0.7688 0.6088 0.4522 0.2978 0.1758 0.0982 0.0722 0.0414 0.0288 0.035 0.0596 0.1216 0.2116 0.4032 0.58 0.6968 0.7994 0.8784 0.8612 0.7548 0.6944 0.5718 0.4348 0.3294 0.2206 0.1414 0.1022 0.0612 0.0394 0.0298 0.044 0.0866 0.1572 0.2332 0.324 0.3952 
0 0 0 0 0 0 0 0 0 0 0 0 0 0 0 0 0.0428 0.5158 1.832 2.8436 2.913 2.197 1.5256 0.86 0.5394 0.3114 0.1562 0.0984 0.0598 0.0364 0.0192 0.0192 0.0078 0.007 0.017 0.084 0.289 0.7628 1.2982 1.658 1.7644 1.6478 1.351 1.0158 0.7168 0.521 0.3336 0.2042 0.1262 0.0772 0.0538 0.0368 0.0206 0.0264 0.0584 0.1368 0.3136 0.6422 0.9288 1.1092 1.2104 1.2504 1.143 0.881 0.6946 0.5034 0.4166 0.2552 0.159 0.1044 0.0714 0.0504 0.031 0.0312 0.0638 0.1358 0.2616 0.416 0.6442 0.7796 0.9036 0.8684 0.8224 0.7694 0.6246 0.4764 0.4184 0.282 0.1788 0.1376 0.098 0.0544 0.0378 0.0302 0.043 0.0662 0.1438 0.2742 0.3942 0.4982 
0 0 0 0 0 0 0 0 0 0 0 0 0 0 0 0 0.03 0.4946 1.7292 2.764 2.894 2.251 1.543 0.9654 0.5704 0.3178 0.1906 0.1006 0.0696 0.0364 0.0198 0.0162 0.0048 0.0034 0.0068 0.059 0.2538 0.6488 1.1366 1.6212 1.8128 1.677 1.4236 1.088 0.8154 0.5204 0.3864 0.2122 0.145 0.083 0.0504 0.031 0.0152 0.0144 0.0312 0.1182 0.2588 0.4952 0.7642 1.0758 1.229 1.2898 1.122 1.0226 0.8132 0.6166 0.4014 0.2868 0.1956 0.1168 0.0664 0.0484 0.0248 0.014 0.0432 0.0968 0.204 0.3232 0.5252 0.7018 0.823 0.9212 0.8718 0.8228 0.7396 0.5708 0.4338 0.3552 0.235 0.1326 0.0884 0.0534 0.0314 0.016 0.036 0.0584 0.1196 0.214 0.2722 0.4082 
0 0 0 0 0 0 0 0 0 0 0 0 0 0 0 0 0.0384 0.5236 1.7234 2.81 2.8286 2.2486 1.5278 0.9584 0.5542 0.3094 0.1856 0.1148 0.07 0.032 0.0224 0.0254 0.0088 0.0072 0.0108 0.0946 0.3188 0.7094 1.2442 1.547 1.6684 1.6516 1.401 1.1036 0.752 0.5142 0.339 0.2468 0.1576 0.0966 0.062 0.04 0.0206 0.0266 0.0788 0.1848 0.3534 0.5614 0.8254 0.9992 1.1608 1.1516 1.1042 0.9812 0.7774 0.5382 0.4308 0.2928 0.224 0.1416 0.0944 0.0504 0.0332 0.058 0.0806 0.1722 0.3058 0.3982 0.518 0.6588 0.7186 0.8106 0.7924 0.743 0.7174 0.5842 0.4782 0.3346 0.2444 0.155 0.1022 0.0672 0.058 0.0418 0.0788 0.1168 0.1964 0.2532 0.3354 0.3756 
0 0 0 0 0 0 0 0 0 0 0 0 0 0 0 0 0.028 0.43 1.6818 2.9082 2.8944 2.365 1.545 0.92 0.5228 0.2958 0.1722 0.0992 0.0608 0.0346 0.0182 0.013 0.007 0.0034 0.0098 0.054 0.2256 0.607 1.1682 1.6444 1.7778 1.7202 1.4854 1.1556 0.817 0.5378 0.3134 0.1934 0.1188 0.0696 0.0442 0.0276 0.0148 0.0114 0.031 0.0824 0.2164 0.46 0.7884 1.1208 1.273 1.2786 1.233 1.058 0.8238 0.5896 0.3738 0.2904 0.1704 0.092 0.0516 0.0332 0.0236 0.0132 0.0172 0.0594 0.1542 0.2922 0.5064 0.7156 0.9096 0.9928 0.9616 0.8884 0.7542 0.5802 0.435 0.2964 0.176 0.1106 0.0728 0.0366 0.025 0.013 0.0104 0.0236 0.0682 0.1538 0.2534 0.3962 
0 0 0 0 0 0 0 0 0 0 0 0 0 0 0 0 0.0484 0.474 1.7436 2.7054 2.75 2.2772 1.5336 0.9762 0.6226 0.3684 0.2112 0.1048 0.078 0.0494 0.021 0.0126 0.0072 0.0042 0.0158 0.0762 0.2898 0.6878 1.1732 1.5558 1.7112 1.5936 1.362 1.0884 0.817 0.603 0.3788 0.2382 0.1728 0.1014 0.0582 0.039 0.0262 0.021 0.0418 0.1348 0.3038 0.5438 0.8086 1.0682 1.1848 1.1974 1.076 0.9136 0.8042 0.6168 0.4416 0.3156 0.2002 0.137 0.0876 0.058 0.0368 0.0316 0.0596 0.1216 0.235 0.357 0.5194 0.6696 0.8136 0.8656 0.8812 0.8276 0.6992 0.5342 0.4356 0.3464 0.2214 0.1554 0.0922 0.0726 0.0508 0.033 0.0456 0.0736 0.1306 0.1982 0.277 0.3826 
0 0 0 0 0 0 0 0 0 0 0 0 0 0 0 0.0002 0.0382 0.4622 1.6462 2.7564 2.9942 2.3238 1.5238 0.9158 0.55 0.3118 0.2184 0.11 0.0614 0.0416 0.0134 0.009 0.0116 0.0052 0.0132 0.0714 0.2644 0.6396 1.0986 1.6376 1.7444 1.6822 1.4506 1.0978 0.8368 0.5604 0.3594 0.2112 0.1258 0.0774 0.0484 0.0322 0.0248 0.0198 0.0432 0.1268 0.2768 0.5054 0.749 1.0028 1.1542 1.2656 1.1708 1.0454 0.8606 0.6444 0.4486 0.2536 0.1816 0.12 0.0596 0.0428 0.0282 0.0188 0.0442 0.102 0.1992 0.3348 0.4786 0.6906 0.7944 0.8696 0.9098 0.8246 0.7972 0.6536 0.4496 0.313 0.1988 0.1466 0.0826 0.04 0.0316 0.0278 0.0302 0.0536 0.0986 0.1736 0.3046 0.399 
0 0 0 0 0 0 0 0 0 0 0 0 0 0 0 0.0004 0.0422 0.5218 1.77 2.7998 2.9456 2.2298 1.515 0.9 0.523 0.3278 0.1902 0.103 0.0568 0.0328 0.0146 0.01 0.008 0.0032 0.015 0.0836 0.3268 0.6732 1.2174 1.6662 1.774 1.6546 1.3578 1.0214 0.7374 0.5514 0.3502 0.2208 0.1472 0.0896 0.055 0.0186 0.0182 0.034 0.0652 0.1652 0.3054 0.5362 0.8186 1.0944 1.255 1.265 1.0854 0.916 0.7316 0.5632 0.4092 0.2748 0.1978 0.1218 0.084 0.0406 0.0454 0.0506 0.0802 0.1458 0.224 0.3874 0.558 0.6964 0.8114 0.8956 0.9044 0.7964 0.635 0.5064 0.4008 0.2852 0.2234 0.1588 0.0976 0.0652 0.0494 0.0644 0.0738 0.0872 0.1494 0.237 0.3514 0.3928 
0 0 0 0 0 0 0 0 0 0 0 0 0 0 0 0 0.0306 0.508 1.738 2.785 2.8408 2.1578 1.4744 0.9656 0.6022 0.3636 0.22 0.1328 0.0774 0.0402 0.0276 0.02 0.0098 0.0062 0.005 0.0758 0.2984 0.7012 1.2058 1.5858 1.7866 1.5942 1.3346 1.1058 0.7474 0.4978 0.3746 0.24 0.1568 0.106 0.0672 0.041 0.0366 0.0306 0.0484 0.1326 0.309 0.608 0.825 1.057 1.2018 1.169 1.1628 0.9512 0.7392 0.545 0.4262 0.309 0.1706 0.1246 0.0834 0.0644 0.0472 0.0352 0.0488 0.1232 0.2462 0.401 0.5882 0.6828 0.7906 0.8402 0.8708 0.837 0.6906 0.5362 0.4038 0.2944 0.226 0.1612 0.0966 0.07 0.044 0.0364 0.036 0.0786 0.1304 0.2296 0.3528 0.43 
0 0 0 0 0 0 0 0 0 0 0 0 0 0 0 0 0.0262 0.4584 1.7282 2.8592 2.9192 2.2812 1.4934 0.8956 0.5408 0.3516 0.2056 0.1044 0.0642 0.028 0.0164 0.0134 0.0036 0.0024 0.0094 0.046 0.2362 0.6796 1.217 1.6072 1.8468 1.7588 1.421 1.0566 0.7222 0.51 0.3538 0.2318 0.1324 0.0762 0.0428 0.0234 0.0122 0.006 0.0278 0.0944 0.2508 0.5324 0.834 1.1218 1.2712 1.3356 1.2162 0.9808 0.7624 0.5332 0.3912 0.2568 0.1538 0.114 0.0602 0.039 0.0178 0.0112 0.0272 0.086 0.186 0.3468 0.5354 0.7242 0.864 0.996 1.011 0.8666 0.7172 0.5622 0.4146 0.2428 0.1936 0.1012 0.0646 0.0348 0.0094 0.0094 0.0184 0.0436 0.0906 0.175 0.2942 0.4068 
0 0 0 0 0 0 0 0 0 0 0 0 0 0 0 0 0.0332 0.5404 1.7358 2.8558 2.8922 2.1668 1.4842 0.8734 0.5748 0.3386 0.197 0.144 0.0828 0.0396 0.0224 0.011 0.0028 0.0052 0.0074 0.0722 0.2452 0.6912 1.3376 1.7334 1.7544 1.6916 1.3094 0.9444 0.7148 0.5216 0.3536 0.23 0.1684 0.1018 0.053 0.0308 0.0228 0.013 0.028 0.1172 0.2922 0.5728 0.921 1.169 1.2386 1.2492 1.103 0.91 0.748 0.4902 0.3936 0.2852 0.1844 0.1146 0.07 0.0376 0.0392 0.028 0.0436 0.0852 0.2244 0.3934 0.6376 0.7452 0.8572 0.9086 0.9228 0.807 0.6958 0.5602 0.3658 0.2554 0.1774 0.1152 0.0778 0.0486 0.0442 0.0376 0.0288 0.0512 0.1232 0.2268 0.342 0.4226 
0 0 0 0 0 0 0 0 0 0 0 0 0 0 0 0.0004 0.042 0.521 1.7778 2.8346 2.9274 2.2872 1.5508 0.9 0.5498 0.2774 0.156 0.0894 0.0358 0.025 0.0136 0.0078 0.0046 0.0016 0.0112 0.0708 0.2892 0.7182 1.2724 1.705 1.7442 1.7358 1.4716 1.041 0.699 0.4686 0.297 0.2024 0.1308 0.0626 0.0356 0.0254 0.0128 0.0192 0.0456 0.1226 0.3148 0.5886 0.9096 1.0974 1.2756 1.2698 1.1636 0.9858 0.7424 0.5218 0.3434 0.2208 0.1512 0.1062 0.0632 0.0388 0.0246 0.0268 0.0524 0.115 0.2372 0.3898 0.5722 0.77 0.9546 0.9382 0.877 0.81 0.6958 0.5206 0.367 0.233 0.1814 0.1204 0.0698 0.0428 0.0294 0.0242 0.0356 0.0594 0.1322 0.2296 0.3604 0.4496 
0 0 0 0 0 0 0 0 0 0 0 0 0 0 0 0.0002 0.0358 0.468 1.571 2.7402 2.9016 2.3528 1.5848 0.9434 0.556 0.3328 0.1896 0.1264 0.0588 0.0438 0.031 0.0114 0.0098 0.0174 0.0204 0.057 0.2368 0.6364 1.1614 1.5696 1.7296 1.7222 1.4456 1.1226 0.815 0.5374 0.3556 0.215 0.1366 0.0822 0.0522 0.0368 0.035 0.0272 0.0418 0.0948 0.2458 0.4976 0.7844 1.068 1.1832 1.2444 1.172 1.044 0.8454 0.6036 0.3968 0.2756 0.1802 0.1338 0.0768 0.0426 0.0328 0.0322 0.0378 0.0848 0.2026 0.34 0.5524 0.6738 0.7448 0.874 0.8898 0.8724 0.767 0.5682 0.4414 0.3406 0.222 0.1518 0.0936 0.0704 0.0384 0.026 0.0316 0.0624 0.1194 0.1982 0.2916 0.3672 
0 0 0 0 0 0 0 0 0 0 0 0 0 0 0 0 0.046 0.5068 1.7462 2.8182 2.8832 2.1896 1.4556 0.9732 0.6066 0.3686 0.1868 0.1072 0.0562 0.0266 0.0106 0.0084 0.0044 0.0026 0.0214 0.0748 0.3154 0.6934 1.1916 1.6462 1.73 1.586 1.367 1.0632 0.798 0.5762 0.3846 0.2266 0.1484 0.081 0.035 0.0282 0.0224 0.0252 0.0504 0.1598 0.3484 0.5652 0.8582 1.0452 1.169 1.0722 1.049 0.972 0.8142 0.6586 0.4204 0.3244 0.1866 0.1108 0.0796 0.0426 0.038 0.0498 0.0912 0.1352 0.277 0.4078 0.5644 0.634 0.746 0.7894 0.785 0.7784 0.7288 0.6258 0.4858 0.3418 0.2262 0.1194 0.091 0.0682 0.0406 0.0536 0.0686 0.1208 0.1826 0.2426 0.3202 0.4104 
0 0 0 0 0 0 0 0 0 0 0 0 0 0 0 0.0004 0.0522 0.5778 1.9002 2.8264 2.7734 2.1064 1.478 0.8964 0.504 0.3436 0.2126 0.1192 0.07 0.0476 0.0282 0.0258 0.0142 0.0106 0.0314 0.1342 0.4064 0.8266 1.3472 1.6068 1.6206 1.4948 1.2858 0.9416 0.6824 0.5328 0.3656 0.2708 0.16 0.1026 0.0814 0.0512 0.0462 0.0564 0.1056 0.259 0.4252 0.6374 0.901 1.0876 1.1376 1.0788 0.9554 0.79 0.6594 0.5212 0.4308 0.3092 0.225 0.1532 0.1248 0.0762 0.0654 0.1008 0.1408 0.2272 0.313 0.4342 0.6246 0.7436 0.7366 0.7816 0.7406 0.6386 0.5372 0.5072 0.401 0.3084 0.2388 0.1784 0.1378 0.1092 0.0884 0.106 0.1098 0.146 0.2108 0.2558 0.3518 0.451 
0 0 0 0 0 0 0 0 0 0 0 0 0 0 0 0 0.0212 0.4582 1.8422 3.055 3.0554 2.1884 1.4382 0.82 0.4852 0.2642 0.1656 0.0844 0.052 0.0286 0.015 0.0104 0.0056 0.003 0.0048 0.0452 0.2782 0.7354 1.3208 1.8144 1.939 1.68 1.377 0.989 0.651 0.4264 0.315 0.164 0.1218 0.0726 0.0372 0.0162 0.0098 0.0056 0.0214 0.1048 0.3074 0.5878 0.8838 1.2384 1.4204 1.3868 1.16 0.9064 0.6652 0.4786 0.339 0.2106 0.1322 0.073 0.0334 0.026 0.0132 0.0144 0.0366 0.0956 0.2184 0.3784 0.6268 0.8554 0.9386 1.0356 0.9604 0.8618 0.6538 0.4866 0.368 0.2114 0.1244 0.0534 0.0454 0.0218 0.0096 0.0154 0.0242 0.0546 0.1306 0.2298 0.3098 0.4698 
0 0 0 0 0 0 0 0 0 0 0 0 0 0 0 0.0002 0.0398 0.5526 1.8592 2.8952 2.934 2.1902 1.3788 0.9112 0.5226 0.2782 0.1818 0.1208 0.076 0.041 0.0106 0.0048 0.003 0.0006 0.0116 0.0934 0.3412 0.809 1.3522 1.6934 1.768 1.6214 1.2574 1.0062 0.719 0.4898 0.3314 0.2106 0.1288 0.0758 0.0358 0.0228 0.0202 0.029 0.0638 0.193 0.3834 0.6444 0.9104 1.1336 1.2006 1.2614 1.0922 0.8738 0.6722 0.5712 0.3716 0.2236 0.1658 0.0838 0.0688 0.0288 0.0336 0.0492 0.0952 0.186 0.265 0.4486 0.5872 0.738 0.8806 0.9502 0.8966 0.7528 0.6304 0.4944 0.3626 0.235 0.1566 0.1094 0.076 0.0512 0.0234 0.0396 0.0706 0.1094 0.1766 0.2768 0.37 0.4396 
0 0 0 0 0 0 0 0 0 0 0 0 0 0 0 0.0004 0.0418 0.5306 1.7986 2.806 2.8062 2.2588 1.4836 0.9558 0.5444 0.3014 0.1662 0.1152 0.087 0.0554 0.0314 0.0098 0.0048 0.0012 0.015 0.0922 0.3176 0.7624 1.2316 1.6552 1.7468 1.652 1.2854 1.021 0.7874 0.5012 0.3268 0.222 0.1298 0.096 0.073 0.0426 0.0232 0.0252 0.0584 0.1748 0.3622 0.602 0.8694 1.104 1.1874 1.2308 1.1278 0.8898 0.7114 0.5458 0.3962 0.2622 0.1642 0.1188 0.0748 0.0444 0.0422 0.0424 0.0654 0.1536 0.255 0.3962 0.634 0.7768 0.905 0.8508 0.7936 0.764 0.634 0.5506 0.3814 0.3084 0.1928 0.1202 0.0824 0.0616 0.0362 0.0326 0.043 0.0774 0.1316 0.2374 0.4022 0.4588 
0 0 0 0 0 0 0 0 0 0 0 0 0 0 0 0 0.0342 0.4922 1.7242 2.784 2.8284 2.2328 1.5462 0.9348 0.5458 0.337 0.1976 0.1208 0.0816 0.0588 0.0362 0.0166 0.007 0.0072 0.0106 0.0676 0.3012 0.6936 1.2238 1.5762 1.7406 1.637 1.389 1.0544 0.795 0.5224 0.3398 0.2412 0.1442 0.0892 0.0594 0.053 0.032 0.021 0.0492 0.144 0.3444 0.5632 0.8524 1.002 1.1558 1.1894 1.1798 0.9516 0.7438 0.5902 0.4222 0.2892 0.1742 0.1172 0.0832 0.0632 0.0496 0.0462 0.0652 0.1398 0.2548 0.41 0.569 0.6394 0.8066 0.8248 0.8686 0.7798 0.7116 0.5828 0.4132 0.3166 0.2148 0.1428 0.0818 0.066 0.0536 0.0548 0.0674 0.0934 0.1546 0.2034 0.329 0.422 
0 0 0 0 0 0 0 0 0 0 0 0 0 0 0 0.0006 0.0474 0.4994 1.8758 2.9208 2.8112 2.125 1.4104 0.939 0.5758 0.3262 0.1894 0.1138 0.0684 0.0448 0.0282 0.0154 0.0036 0.0026 0.0138 0.1126 0.3578 0.7762 1.3012 1.6652 1.7418 1.4752 1.292 1.0328 0.7312 0.4896 0.3726 0.262 0.1546 0.0958 0.0496 0.0238 0.0232 0.0444 0.0946 0.194 0.3558 0.6654 0.9272 1.1128 1.186 1.1042 1.0298 0.8484 0.675 0.5228 0.417 0.3072 0.1788 0.1374 0.0994 0.0584 0.0536 0.0596 0.112 0.1682 0.2916 0.503 0.6228 0.7254 0.8154 0.7976 0.7626 0.6752 0.6062 0.5224 0.3886 0.2952 0.244 0.1552 0.104 0.077 0.0716 0.0666 0.067 0.1296 0.1928 0.2886 0.3686 0.4626 
0 0 0 0 0 0 0 0 0 0 0 0 0 0 0 0.0002 0.04 0.526 1.8508 2.8136 2.8554 2.1696 1.4546 0.931 0.5486 0.3144 0.1978 0.1266 0.0856 0.0384 0.025 0.0072 0.0048 0.0036 0.0118 0.0692 0.3174 0.757 1.272 1.6772 1.7394 1.6228 1.3452 0.997 0.7432 0.473 0.3354 0.2366 0.1406 0.0914 0.0674 0.0458 0.0254 0.0336 0.0494 0.1338 0.335 0.6238 0.8848 1.1272 1.2102 1.1894 1.045 0.9044 0.7624 0.5864 0.3872 0.2544 0.1594 0.1182 0.0824 0.059 0.057 0.0304 0.0534 0.1448 0.2596 0.4302 0.5894 0.702 0.8482 0.8962 0.8412 0.7902 0.6734 0.5158 0.3848 0.295 0.2126 0.1284 0.0826 0.0604 0.0472 0.0364 0.0382 0.088 0.158 0.24 0.3692 0.43 
0 0 0 0 0 0 0 0 0 0 0 0 0 0 0 0 0.0338 0.5562 1.8548 2.8444 2.8312 2.2004 1.4612 0.8938 0.577 0.33 0.178 0.103 0.0544 0.0312 0.0212 0.0088 0.0104 0.0018 0.0156 0.0908 0.361 0.7848 1.2812 1.6292 1.7088 1.5678 1.3336 1.0446 0.7556 0.5444 0.368 0.1858 0.1272 0.0734 0.0448 0.0374 0.0276 0.0304 0.0734 0.2072 0.3902 0.6224 0.8758 1.078 1.1708 1.1338 1.0372 0.9446 0.7658 0.579 0.3838 0.2698 0.1584 0.0966 0.0598 0.041 0.0482 0.0802 0.092 0.1866 0.3114 0.4796 0.5942 0.7124 0.7596 0.789 0.7808 0.7894 0.6386 0.5272 0.4282 0.2992 0.1816 0.1362 0.0914 0.0632 0.0568 0.0514 0.0862 0.1222 0.2052 0.2982 0.3764 0.4384 
0 0 0 0 0 0 0 0 0 0 0 0 0 0 0 0.0002 0.0614 0.6218 1.8562 2.7446 2.6862 2.1976 1.4544 0.91 0.526 0.3524 0.1954 0.1184 0.0992 0.075 0.0472 0.0144 0.0136 0.0116 0.0332 0.143 0.4022 0.7838 1.2602 1.5704 1.629 1.535 1.2966 1.015 0.6864 0.5134 0.3972 0.266 0.1622 0.1016 0.0842 0.048 0.05 0.0526 0.1116 0.2214 0.388 0.6498 0.9154 1.0086 1.0688 1.0448 1.0262 0.8794 0.7108 0.5296 0.429 0.3144 0.246 0.1652 0.1032 0.0702 0.0776 0.072 0.1112 0.1996 0.3268 0.4726 0.6128 0.6666 0.7134 0.7516 0.744 0.6612 0.6014 0.5264 0.4198 0.3504 0.2506 0.1812 0.125 0.1036 0.073 0.0738 0.1004 0.1526 0.2062 0.2706 0.3784 0.4506 
0 0 0 0 0 0 0 0 0 0 0 0 0 0 0 0 0.0332 0.4528 1.6254 2.7808 2.9256 2.3032 1.552 0.9216 0.6106 0.319 0.193 0.1058 0.0728 0.042 0.031 0.0092 0.0062 0.0064 0.0108 0.0562 0.246 0.6058 1.1502 1.574 1.7972 1.7298 1.481 1.0772 0.7496 0.5626 0.3764 0.2362 0.1492 0.079 0.0542 0.0286 0.0178 0.0132 0.0294 0.112 0.2606 0.5008 0.7476 1.0546 1.229 1.257 1.2294 0.996 0.8036 0.5966 0.39 0.2994 0.216 0.1234 0.0766 0.0386 0.0196 0.0224 0.047 0.0814 0.1716 0.3154 0.4716 0.7296 0.8848 0.9008 0.9192 0.8056 0.7258 0.6222 0.4506 0.3382 0.2324 0.1456 0.0746 0.0426 0.0174 0.0236 0.0248 0.0438 0.1014 0.1822 0.2538 0.3812 
0 0 0 0 0 0 0 0 0 0 0 0 0 0 0 0 0.0478 0.501 1.7538 2.8232 2.8586 2.2898 1.5192 0.876 0.5248 0.3168 0.2068 0.1264 0.0672 0.0384 0.0276 0.0086 0.004 0.003 0.0204 0.0752 0.2912 0.7132 1.201 1.643 1.807 1.6948 1.3602 1.078 0.7122 0.4736 0.3448 0.219 0.1608 0.0974 0.0506 0.037 0.0186 0.01 0.0458 0.1448 0.3138 0.6088 0.839 1.083 1.2264 1.2742 1.208 0.983 0.6768 0.5068 0.3178 0.2744 0.192 0.1316 0.0778 0.0454 0.0352 0.0234 0.0522 0.1216 0.2488 0.3866 0.5544 0.772 0.8684 0.9134 0.9526 0.8034 0.68 0.473 0.389 0.2658 0.1962 0.1226 0.0788 0.0578 0.034 0.0212 0.041 0.0764 0.1292 0.21 0.3282 0.4322 
0 0 0 0 0 0 0 0 0 0 0 0 0 0 0 0 0.031 0.488 1.7572 2.8848 2.9318 2.2726 1.4706 0.8582 0.556 0.3136 0.156 0.1086 0.0626 0.048 0.0274 0.0086 0.0054 0.0058 0.0096 0.0698 0.265 0.722 1.229 1.6642 1.8458 1.6666 1.3714 1.0018 0.769 0.4958 0.3182 0.223 0.1336 0.0886 0.0544 0.0348 0.0174 0.0192 0.0446 0.1414 0.3034 0.553 0.8792 1.1072 1.236 1.2 1.0846 1.0054 0.7658 0.558 0.3896 0.2744 0.1546 0.1094 0.0732 0.0558 0.0358 0.0384 0.0548 0.115 0.2488 0.38 0.5528 0.768 0.8508 0.8484 0.8224 0.8306 0.7262 0.5828 0.3874 0.28 0.2 0.1264 0.0888 0.0598 0.0338 0.0264 0.0538 0.075 0.134 0.2272 0.3402 0.4452 
0 0 0 0 0 0 0 0 0 0 0 0 0 0 0 0.0004 0.0426 0.5738 1.8336 2.7766 2.8322 2.1506 1.4406 0.9672 0.5832 0.3134 0.2004 0.1202 0.0782 0.0334 0.0246 0.0132 0.0126 0.0018 0.0126 0.094 0.312 0.7584 1.2882 1.64 1.6538 1.6216 1.3396 1.0662 0.7822 0.5158 0.334 0.2122 0.1298 0.0806 0.075 0.0368 0.0264 0.0264 0.064 0.1542 0.3368 0.5964 0.873 1.0654 1.245 1.226 1.1072 0.9638 0.7706 0.5274 0.3858 0.2546 0.1456 0.1124 0.0528 0.0478 0.0472 0.0424 0.0704 0.1164 0.241 0.3726 0.5598 0.73 0.883 0.9098 0.9654 0.783 0.6916 0.5502 0.3696 0.2566 0.1834 0.1142 0.0776 0.0406 0.0392 0.0294 0.0362 0.0588 0.115 0.211 0.3252 0.4358 
0 0 0 0 0 0 0 0 0 0 0 0 0 0 0 0.0006 0.0434 0.5856 1.9744 2.9658 2.9222 2.1992 1.3772 0.7914 0.48 0.247 0.1676 0.0984 0.0676 0.036 0.0194 0.0074 0.0042 0.0052 0.0168 0.1114 0.3734 0.8234 1.4084 1.788 1.824 1.6172 1.3008 0.9626 0.6106 0.3976 0.2784 0.1882 0.131 0.0648 0.0272 0.0168 0.0172 0.0472 0.0832 0.1912 0.408 0.7406 1.0068 1.1646 1.2568 1.2156 1.1004 0.84 0.6358 0.4564 0.316 0.2176 0.1348 0.0836 0.0526 0.0264 0.0308 0.0552 0.097 0.2218 0.35 0.515 0.666 0.8016 0.8854 0.8718 0.8074 0.7404 0.5944 0.4708 0.3342 0.225 0.1362 0.0948 0.0564 0.043 0.0406 0.0436 0.0892 0.132 0.2312 0.3542 0.4208 0.4926 
0 0 0 0 0 0 0 0 0 0 0 0 0 0 0 0 0.0294 0.4908 1.7796 2.8666 2.9974 2.2916 1.5046 0.8474 0.4866 0.2868 0.1728 0.1022 0.0692 0.0262 0.0246 0.0074 0.0086 0.006 0.0128 0.0748 0.2848 0.6774 1.223 1.699 1.8438 1.7224 1.3806 1.048 0.7582 0.469 0.2886 0.2064 0.1258 0.0734 0.0508 0.0356 0.0122 0.0202 0.0548 0.1384 0.303 0.5586 0.855 1.1526 1.2836 1.2578 1.066 0.9622 0.759 0.5576 0.3708 0.2614 0.1656 0.1008 0.0596 0.0516 0.0338 0.0286 0.053 0.1232 0.243 0.385 0.6082 0.781 0.8454 0.8854 0.906 0.8148 0.6346 0.5294 0.38 0.2898 0.1888 0.1212 0.092 0.0532 0.0286 0.0246 0.0456 0.0724 0.1512 0.2406 0.3662 0.459 
0 0 0 0 0 0 0 0 0 0 0 0 0 0 0 0 0.0392 0.4866 1.6672 2.6456 2.9414 2.2798 1.5394 0.9766 0.554 0.3808 0.2244 0.119 0.0814 0.0406 0.0134 0.0046 0.0026 0.001 0.0138 0.0716 0.2788 0.6124 1.1438 1.5428 1.7106 1.676 1.4128 1.1088 0.7958 0.5768 0.3962 0.2522 0.165 0.1104 0.0684 0.039 0.0262 0.0184 0.0476 0.1172 0.2616 0.5258 0.742 0.9858 1.172 1.1824 1.1356 1.0386 0.8198 0.6522 0.4398 0.3098 0.2042 0.1384 0.096 0.0632 0.039 0.042 0.0546 0.1066 0.2014 0.3232 0.517 0.6278 0.7588 0.8172 0.8284 0.8442 0.758 0.6076 0.4558 0.3596 0.2486 0.1744 0.1272 0.0782 0.048 0.0302 0.0402 0.091 0.1364 0.1878 0.2848 0.3656 
0 0 0 0 0 0 0 0 0 0 0 0 0 0 0 0.0006 0.0472 0.5276 1.7744 2.6832 2.8448 2.2638 1.5018 0.996 0.6346 0.317 0.1772 0.0908 0.0536 0.0336 0.0192 0.0074 0.0082 0.0072 0.0128 0.0884 0.3204 0.7152 1.1416 1.5474 1.705 1.629 1.4714 1.0862 0.829 0.562 0.3194 0.219 0.1486 0.0922 0.0592 0.0306 0.0118 0.0282 0.0664 0.1564 0.3204 0.4794 0.799 1.0012 1.1746 1.2342 1.1146 1.0112 0.877 0.5984 0.4078 0.2546 0.1926 0.1278 0.073 0.0506 0.0374 0.0464 0.0794 0.138 0.2298 0.3534 0.457 0.628 0.8114 0.8638 0.8868 0.8218 0.7712 0.5986 0.4024 0.3006 0.2304 0.1568 0.103 0.0606 0.0534 0.0336 0.0692 0.0952 0.1256 0.192 0.2942 0.3892 
0 0 0 0 0 0 0 0 0 0 0 0 0 0 0 0 0.032 0.4952 1.7094 2.906 2.927 2.2482 1.447 0.875 0.6064 0.3292 0.1882 0.0974 0.0682 0.039 0.0254 0.0064 0 0 0.0054 0.0656 0.2638 0.6602 1.2058 1.727 1.8748 1.7046 1.2786 1.03 0.765 0.5516 0.3316 0.2294 0.1632 0.075 0.0426 0.0186 0.0086 0.0092 0.0304 0.1006 0.2562 0.5374 0.8468 1.1766 1.3002 1.269 1.0928 0.9276 0.7448 0.5938 0.4228 0.2694 0.1788 0.109 0.0736 0.0366 0.0174 0.0166 0.0342 0.0894 0.2108 0.37 0.567 0.7212 0.9098 0.959 0.8498 0.8028 0.6856 0.5524 0.4344 0.3042 0.1954 0.1442 0.0796 0.0468 0.0158 0.012 0.0344 0.064 0.1308 0.203 0.342 0.4234 
0 0 0 0 0 0 0 0 0 0 0 0 0 0 0 0 0.0336 0.5342 1.8886 2.9274 3.0262 2.224 1.4172 0.808 0.455 0.2718 0.1832 0.1134 0.058 0.0212 0.0142 0.0108 0.004 0.0012 0.012 0.082 0.3288 0.793 1.3624 1.7864 1.8756 1.6806 1.3152 0.9634 0.6546 0.4078 0.3138 0.1894 0.1058 0.0516 0.0268 0.0268 0.022 0.0132 0.0414 0.1724 0.3666 0.6956 0.9586 1.2134 1.3356 1.2724 1.048 0.8968 0.6326 0.4776 0.3162 0.233 0.1386 0.085 0.0498 0.0318 0.0204 0.0188 0.0714 0.1586 0.3298 0.4974 0.6602 0.7982 0.9442 0.919 0.8418 0.7306 0.6106 0.4326 0.3766 0.2614 0.1486 0.0928 0.0548 0.0366 0.0164 0.018 0.0642 0.1156 0.216 0.2756 0.3878 0.4916 
0 0 0 0 0 0 0 0 0 0 0 0 0 0 0 0 0.0334 0.4348 1.7274 2.9252 2.994 2.1806 1.508 0.902 0.5524 0.2964 0.1858 0.122 0.0514 0.0368 0.0196 0.0124 0.0144 0.0034 0.0046 0.039 0.2194 0.6484 1.2428 1.7256 1.8896 1.736 1.3858 1.0664 0.7606 0.481 0.302 0.1938 0.1164 0.0732 0.0492 0.03 0.0202 0.0092 0.0176 0.0882 0.2478 0.5046 0.8824 1.1568 1.2848 1.3352 1.2418 0.9462 0.7488 0.5504 0.3836 0.2298 0.1596 0.0946 0.061 0.0292 0.0228 0.0102 0.03 0.0756 0.1708 0.3594 0.5146 0.7562 0.934 0.9768 1.0022 0.86 0.6984 0.5858 0.3738 0.2654 0.164 0.108 0.0684 0.0354 0.0168 0.012 0.0096 0.03 0.076 0.1762 0.316 0.453 
0 0 0 0 0 0 0 0 0 0 0 0 0 0 0 0.0002 0.0382 0.5724 1.9684 2.9142 2.749 2.0876 1.4432 0.898 0.5804 0.3274 0.1996 0.0916 0.0564 0.0336 0.024 0.0098 0.0012 0.0014 0.0086 0.081 0.3514 0.8578 1.358 1.6824 1.7118 1.6868 1.2942 0.933 0.7134 0.458 0.3102 0.2276 0.1444 0.0856 0.0486 0.0168 0.0166 0.0214 0.0594 0.1882 0.4074 0.6772 0.9448 1.1632 1.169 1.1272 1.089 0.87 0.6608 0.5262 0.3886 0.2758 0.1846 0.0906 0.0688 0.047 0.0416 0.0434 0.07 0.186 0.3206 0.4788 0.6784 0.768 0.79 0.8558 0.7926 0.6912 0.5824 0.5472 0.3796 0.2868 0.2092 0.1242 0.0986 0.0532 0.0332 0.0424 0.0732 0.1172 0.2134 0.2986 0.4198 0.4624 
0 0 0 0 0 0 0 0 0 0 0 0 0 0 0 0 0.0474 0.5318 1.7984 2.8056 2.8312 2.1918 1.4814 0.945 0.5778 0.3406 0.2112 0.0968 0.075 0.036 0.0142 0.0038 0.0054 0.005 0.0152 0.1024 0.2978 0.7532 1.2074 1.5618 1.7722 1.6738 1.3948 1.0922 0.7378 0.4902 0.3548 0.2388 0.1328 0.081 0.0362 0.0252 0.021 0.0222 0.053 0.1446 0.3378 0.5746 0.8204 1.1136 1.1956 1.223 1.1192 0.9554 0.737 0.5778 0.4468 0.2838 0.1592 0.1014 0.0632 0.0362 0.028 0.0308 0.0546 0.1422 0.2526 0.3994 0.5312 0.7132 0.813 0.901 0.9546 0.757 0.665 0.5382 0.4408 0.304 0.2066 0.134 0.0772 0.0406 0.035 0.027 0.0498 0.0922 0.1564 0.2146 0.3134 0.4346 
0 0 0 0 0 0 0 0 0 0 0 0 0 0 0 0 0.0304 0.5 1.7308 2.7872 2.9264 2.2252 1.5666 0.9486 0.582 0.3026 0.1608 0.1 0.0588 0.0418 0.0214 0.0136 0.0028 0.0022 0.0098 0.0602 0.2594 0.6428 1.2038 1.547 1.7922 1.7302 1.5058 1.12 0.795 0.515 0.2904 0.1878 0.139 0.0834 0.0542 0.0276 0.0152 0.017 0.0506 0.1066 0.2594 0.4908 0.744 1.0696 1.3118 1.3436 1.2182 0.9758 0.7926 0.5794 0.3558 0.24 0.164 0.1284 0.0838 0.0356 0.0236 0.029 0.0424 0.0944 0.2084 0.3586 0.459 0.6786 0.8746 0.9824 0.9622 0.853 0.7418 0.5384 0.41 0.2922 0.204 0.1252 0.0704 0.0524 0.023 0.0206 0.034 0.0628 0.1174 0.1758 0.2894 0.3958 
0 0 0 0 0 0 0 0 0 0 0 0 0 0 0 0 0.0406 0.5056 1.7728 2.912 2.9214 2.2494 1.4834 0.8728 0.5274 0.3054 0.149 0.1052 0.0694 0.0354 0.0208 0.009 0.012 0.003 0.0046 0.0554 0.2888 0.7622 1.2722 1.6548 1.768 1.6976 1.3634 1.1102 0.718 0.487 0.319 0.2142 0.1072 0.0748 0.037 0.0246 0.0228 0.0142 0.0436 0.1234 0.3044 0.5818 0.8668 1.1304 1.2782 1.3186 1.127 0.8956 0.803 0.5058 0.3852 0.2476 0.1664 0.1034 0.058 0.0278 0.0236 0.016 0.042 0.1036 0.2136 0.3732 0.6174 0.7906 0.9136 0.942 0.9034 0.7668 0.6776 0.5296 0.392 0.289 0.2062 0.1088 0.0522 0.0402 0.022 0.0118 0.027 0.0534 0.096 0.2368 0.3512 0.4384 
0 0 0 0 0 0 0 0 0 0 0 0 0 0 0 0 0.0328 0.4792 1.7056 2.8372 2.9026 2.2212 1.5054 0.9152 0.538 0.3554 0.222 0.1176 0.0556 0.0318 0.0238 0.0216 0.0184 0.0096 0.0094 0.0406 0.2444 0.6688 1.2116 1.6862 1.781 1.702 1.4366 1.0462 0.7582 0.5016 0.345 0.2192 0.1516 0.0834 0.0458 0.0284 0.019 0.014 0.0344 0.0934 0.2522 0.5092 0.824 1.1602 1.2788 1.2752 1.185 0.9954 0.7408 0.5588 0.3908 0.2606 0.1926 0.1008 0.0572 0.0502 0.0286 0.0206 0.038 0.0784 0.1582 0.3232 0.5514 0.7942 0.9012 0.9316 0.9418 0.8928 0.6916 0.5346 0.4118 0.2708 0.1786 0.1098 0.077 0.0574 0.0418 0.0176 0.0144 0.042 0.0908 0.1912 0.311 0.4304 
0 0 0 0 0 0 0 0 0 0 0 0 0 0 0 0 0.0376 0.444 1.6036 2.849 2.9342 2.2836 1.5726 0.9598 0.5476 0.2862 0.1838 0.107 0.0718 0.0476 0.0288 0.0186 0.0058 0.0066 0.0088 0.0506 0.2182 0.652 1.1042 1.626 1.8212 1.6496 1.4482 1.103 0.8454 0.5312 0.3372 0.2298 0.1512 0.0952 0.0494 0.0308 0.027 0.0212 0.0328 0.0926 0.217 0.4644 0.7884 1.0318 1.243 1.309 1.1986 1.0558 0.8172 0.5838 0.4424 0.2916 0.1878 0.0952 0.066 0.04 0.0224 0.0224 0.0294 0.0656 0.169 0.2968 0.4454 0.6672 0.8716 0.961 0.9886 0.9126 0.7538 0.598 0.4128 0.3074 0.2128 0.1352 0.0714 0.0508 0.0266 0.0164 0.0176 0.0356 0.0824 0.1362 0.2194 0.342 
0 0 0 0 0 0 0 0 0 0 0 0 0 0 0 0 0.0434 0.5936 1.8654 2.9292 2.9058 2.1602 1.4638 0.8416 0.4794 0.2616 0.155 0.1044 0.0666 0.0394 0.0188 0.0134 0.0158 0.0142 0.0232 0.1104 0.3658 0.797 1.2906 1.7082 1.7522 1.6638 1.3906 0.9952 0.6454 0.4398 0.2736 0.1836 0.1384 0.0832 0.0446 0.0302 0.026 0.0334 0.0764 0.195 0.3888 0.6464 0.927 1.1552 1.2612 1.2526 1.0384 0.8604 0.6836 0.5408 0.3538 0.205 0.1414 0.0974 0.065 0.053 0.0316 0.0576 0.0868 0.1624 0.28 0.4766 0.63 0.849 0.9286 0.8592 0.7902 0.704 0.6234 0.4938 0.3468 0.246 0.1614 0.1176 0.0788 0.0614 0.0478 0.04 0.0668 0.1034 0.1958 0.2744 0.3894 0.5324 
0 0 0 0 0 0 0 0 0 0 0 0 0 0 0 0.0002 0.0318 0.54 1.9034 2.937 2.9518 2.2294 1.4508 0.7988 0.4744 0.2956 0.1578 0.1038 0.0502 0.0244 0.0264 0.0072 0.0058 0.005 0.013 0.069 0.2874 0.775 1.344 1.7074 1.912 1.7996 1.3638 0.9712 0.652 0.4072 0.2752 0.167 0.1004 0.0568 0.0384 0.0272 0.015 0.018 0.0416 0.1458 0.3304 0.5914 0.9532 1.1888 1.2998 1.3816 1.1354 0.8906 0.719 0.4598 0.32 0.228 0.1342 0.0748 0.0432 0.0256 0.0146 0.0348 0.0504 0.119 0.2448 0.4412 0.6242 0.828 0.938 0.9098 0.931 0.8202 0.621 0.491 0.3458 0.2448 0.1682 0.1188 0.0372 0.0252 0.0206 0.0206 0.0272 0.0822 0.1436 0.255 0.3976 0.4918 
0 0 0 0 0 0 0 0 0 0 0 0 0 0 0 0 0.0302 0.4578 1.6174 2.7214 2.9022 2.3326 1.6504 0.9902 0.5456 0.3238 0.1848 0.0986 0.0512 0.0348 0.0204 0.0106 0.0122 0.0106 0.0082 0.0462 0.249 0.5964 1.076 1.5612 1.8452 1.7296 1.4352 1.1582 0.8124 0.5858 0.345 0.1966 0.1196 0.08 0.065 0.0444 0.0168 0.0162 0.029 0.1088 0.2188 0.4618 0.7304 1.0134 1.2558 1.3454 1.2604 1.0158 0.7666 0.6086 0.464 0.2706 0.183 0.0956 0.078 0.0504 0.0238 0.0202 0.0408 0.0776 0.1666 0.2922 0.4214 0.6744 0.8732 0.9884 0.9724 0.8652 0.7194 0.5978 0.4298 0.3084 0.2004 0.1584 0.0894 0.0574 0.0326 0.0258 0.0274 0.0402 0.0924 0.1568 0.2362 0.3784 
0 0 0 0 0 0 0 0 0 0 0 0 0 0 0 0 0.0392 0.5252 1.7926 2.9588 2.8432 2.2164 1.496 0.8758 0.5 0.2984 0.1684 0.1124 0.075 0.044 0.0306 0.017 0.0042 0.0028 0.0058 0.075 0.2896 0.7692 1.3178 1.6898 1.7422 1.6896 1.3936 1.0236 0.7056 0.4872 0.3002 0.1734 0.1296 0.0788 0.0554 0.0408 0.0222 0.016 0.0422 0.1298 0.307 0.6198 0.9292 1.1134 1.2624 1.2698 1.1452 0.9816 0.727 0.502 0.3348 0.2442 0.1376 0.0904 0.055 0.0398 0.0354 0.0262 0.055 0.1108 0.2312 0.4306 0.5732 0.7416 0.9152 0.9734 0.9238 0.8396 0.6686 0.5006 0.3504 0.2442 0.1534 0.1206 0.066 0.0402 0.0374 0.0294 0.0364 0.059 0.1264 0.2302 0.3504 0.4776 
0 0 0 0 0 0 0 0 0 0 0 0 0 0 0 0.001 0.0484 0.6788 1.982 2.964 2.8774 2.0682 1.321 0.8176 0.491 0.3228 0.191 0.108 0.0704 0.0242 0.02 0.0046 0.0046 0.0022 0.027 0.1522 0.4396 0.9322 1.4356 1.6952 1.7632 1.5612 1.1994 0.903 0.5984 0.4204 0.324 0.2346 0.1468 0.0796 0.0392 0.0206 0.0264 0.0416 0.118 0.2774 0.4486 0.7194 0.9836 1.1904 1.2126 1.1266 1.0572 0.8314 0.6088 0.4228 0.3048 0.2038 0.1882 0.1234 0.0672 0.0426 0.0508 0.078 0.131 0.2328 0.3744 0.514 0.62 0.7766 0.9116 0.8622 0.8198 0.6976 0.5906 0.4032 0.2916 0.2088 0.1576 0.1208 0.0862 0.0588 0.0608 0.0896 0.0986 0.1496 0.2124 0.3168 0.3986 0.5116 
0 0 0 0 0 0 0 0 0 0 0 0 0 0 0 0 0.0424 0.5594 1.9392 3.1236 3.0254 2.1734 1.4036 0.7924 0.4454 0.221 0.1264 0.0732 0.0286 0.0194 0.0128 0.0038 0.0046 0.0056 0.008 0.0838 0.3334 0.8232 1.4954 1.876 1.8966 1.7168 1.2484 0.9456 0.644 0.4022 0.2278 0.13 0.0714 0.0482 0.0224 0.015 0.0064 0.0074 0.0422 0.1864 0.3834 0.7052 1.044 1.3446 1.4022 1.2952 1.0418 0.907 0.6118 0.42 0.2452 0.168 0.0938 0.0498 0.0276 0.0172 0.0118 0.0156 0.061 0.1594 0.284 0.5116 0.7514 0.9294 0.9836 1.0004 0.9402 0.7448 0.5872 0.3946 0.2504 0.166 0.1112 0.0612 0.024 0.0134 0.009 0.0194 0.0346 0.109 0.1834 0.3308 0.4466 0.5794 
0 0 0 0 0 0 0 0 0 0 0 0 0 0 0 0.0008 0.0278 0.4324 1.7 2.793 2.8356 2.2592 1.4632 0.9654 0.6146 0.3918 0.2174 0.1384 0.0612 0.0364 0.0212 0.0186 0.0082 0.0072 0.0098 0.0648 0.2204 0.5734 1.1932 1.6508 1.7504 1.6338 1.4088 1.087 0.7848 0.534 0.3802 0.2702 0.1742 0.112 0.0646 0.0352 0.0196 0.0168 0.0366 0.0984 0.2518 0.4914 0.7808 1.0794 1.1854 1.2524 1.1336 1.0222 0.8246 0.5596 0.4132 0.2892 0.2054 0.1376 0.0998 0.0546 0.0386 0.0368 0.0478 0.0878 0.221 0.3596 0.5314 0.6294 0.7448 0.8416 0.9136 0.819 0.7454 0.6014 0.4452 0.3522 0.223 0.1648 0.1102 0.066 0.052 0.0312 0.0418 0.0846 0.1278 0.1992 0.2822 0.3688 
0 0 0 0 0 0 0 0 0 0 0 0 0 0 0 0.0004 0.046 0.4958 1.6432 2.7352 2.772 2.288 1.638 0.9628 0.57 0.3446 0.2302 0.1136 0.0664 0.0354 0.0276 0.0102 0.0108 0.0044 0.012 0.0614 0.2614 0.6068 1.1394 1.5676 1.8164 1.6368 1.4368 1.049 0.8212 0.5892 0.4102 0.2478 0.1462 0.0898 0.047 0.029 0.0172 0.0158 0.0356 0.0914 0.2574 0.4752 0.8526 1.0424 1.1596 1.2418 1.1244 0.9778 0.7826 0.6802 0.4686 0.3132 0.1998 0.1444 0.0706 0.0344 0.0168 0.0226 0.0366 0.0864 0.1988 0.3394 0.5116 0.6718 0.8146 0.936 0.8822 0.7928 0.7104 0.591 0.4674 0.3312 0.2508 0.1856 0.1048 0.045 0.0238 0.0218 0.026 0.055 0.098 0.1768 0.2884 0.4032 
0 0 0 0 0 0 0 0 0 0 0 0 0 0 0 0.0008 0.0398 0.4648 1.6504 2.7482 2.8544 2.2614 1.5936 0.978 0.5856 0.3474 0.2188 0.111 0.0714 0.0436 0.016 0.0092 0.0056 0.0018 0.009 0.0816 0.268 0.6156 1.144 1.5004 1.7796 1.5916 1.3764 1.0986 0.8552 0.6738 0.3908 0.2406 0.1642 0.0912 0.0472 0.0376 0.0286 0.021 0.0532 0.1438 0.2812 0.4676 0.753 0.9828 1.1338 1.1836 1.1278 0.9842 0.7738 0.6722 0.5184 0.3538 0.2126 0.1532 0.0844 0.0424 0.0338 0.0454 0.069 0.138 0.2102 0.3368 0.4508 0.6036 0.7466 0.8282 0.874 0.7776 0.7126 0.606 0.5098 0.3644 0.2498 0.209 0.1182 0.0738 0.0616 0.0572 0.0676 0.0822 0.1246 0.183 0.263 0.3692 
0 0 0 0 0 0 0 0 0 0 0 0 0 0 0 0.001 0.0398 0.49 1.7058 2.7176 2.7602 2.3012 1.6062 0.9612 0.543 0.3322 0.1946 0.1204 0.0842 0.0434 0.0302 0.0204 0.0146 0.0138 0.0164 0.077 0.2948 0.6646 1.064 1.4822 1.765 1.6864 1.4936 1.1016 0.7856 0.5108 0.3762 0.2462 0.1336 0.1038 0.0716 0.053 0.0304 0.0286 0.0618 0.1298 0.299 0.5058 0.7066 0.9924 1.1296 1.2418 1.2274 1.0076 0.7404 0.6002 0.4536 0.3222 0.1918 0.1104 0.094 0.067 0.0418 0.0558 0.0664 0.1076 0.2316 0.3288 0.4894 0.6346 0.7396 0.8628 0.916 0.8226 0.7388 0.589 0.437 0.329 0.2132 0.1762 0.1226 0.0814 0.0522 0.0614 0.057 0.0838 0.1106 0.2016 0.2892 0.3496 
0 0 0 0 0 0 0 0 0 0 0 0 0 0 0 0.0002 0.0296 0.4188 1.643 2.8616 2.9772 2.3926 1.5806 0.896 0.5534 0.2788 0.1334 0.0862 0.0564 0.0386 0.0226 0.0118 0.0046 0.0022 0.0112 0.0474 0.2254 0.6062 1.168 1.5948 1.8252 1.7464 1.539 1.1798 0.7704 0.4828 0.3192 0.201 0.1366 0.0582 0.0456 0.029 0.0098 0.0132 0.0306 0.0944 0.211 0.4612 0.771 1.0688 1.2796 1.3174 1.2252 1.0364 0.7966 0.573 0.4318 0.3024 0.1766 0.1072 0.049 0.0304 0.014 0.0254 0.0388 0.0714 0.1558 0.318 0.4988 0.6816 0.8252 0.9244 0.9884 0.8522 0.7828 0.629 0.4304 0.328 0.217 0.1246 0.0568 0.0318 0.025 0.0132 0.0182 0.0396 0.1024 0.17 0.2484 0.388 
0 0 0 0 0 0 0 0 0 0 0 0 0 0 0 0.0008 0.0562 0.55 1.8384 2.7746 2.7716 2.1678 1.4516 0.9298 0.5486 0.3566 0.2218 0.1176 0.0896 0.0504 0.0254 0.018 0.0092 0.005 0.026 0.0972 0.3506 0.7768 1.2652 1.6022 1.7476 1.5514 1.3058 0.9656 0.7576 0.5118 0.3504 0.2288 0.1486 0.111 0.0664 0.0608 0.0388 0.0388 0.0778 0.2084 0.3814 0.6054 0.8778 1.0214 1.1534 1.1214 1.0844 0.9014 0.7254 0.5876 0.39 0.2846 0.2028 0.1152 0.0942 0.0658 0.0532 0.0664 0.1194 0.1914 0.2932 0.4242 0.558 0.6726 0.782 0.7606 0.8152 0.7638 0.6544 0.5548 0.402 0.3148 0.1968 0.1458 0.1188 0.0914 0.064 0.062 0.0954 0.1248 0.1952 0.2696 0.3352 0.3896 
0 0 0 0 0 0 0 0 0 0 0 0 0 0 0 0 0.048 0.4858 1.6812 2.8546 2.9336 2.2094 1.4866 0.9696 0.5558 0.3088 0.172 0.1254 0.0622 0.0376 0.025 0.0184 0.007 0.0104 0.029 0.0802 0.2902 0.6496 1.1658 1.6302 1.8132 1.6678 1.3296 1.0344 0.8108 0.5746 0.347 0.21 0.1454 0.108 0.047 0.0316 0.0244 0.0374 0.0508 0.143 0.2984 0.5276 0.7986 1.0322 1.2282 1.2322 1.1006 0.9734 0.7848 0.5742 0.3878 0.2832 0.2422 0.1394 0.0838 0.0622 0.0426 0.0284 0.0652 0.1218 0.2288 0.3404 0.5264 0.6646 0.7954 0.9002 0.938 0.8366 0.6626 0.5158 0.4102 0.3354 0.235 0.1578 0.1066 0.0756 0.0378 0.0366 0.0454 0.079 0.1408 0.2026 0.277 0.381 
0 0 0 0 0 0 0 0 0 0 0 0 0 0 0 0.0006 0.036 0.498 1.8572 2.8364 2.8552 2.2246 1.5056 0.9018 0.5348 0.3292 0.176 0.0906 0.0626 0.0464 0.0176 0.011 0.0048 0.004 0.0198 0.0614 0.3016 0.7492 1.309 1.6444 1.7412 1.6206 1.3696 1.051 0.7596 0.5474 0.335 0.19 0.1202 0.0734 0.0462 0.0226 0.0202 0.0188 0.0434 0.1302 0.3028 0.6378 0.9288 1.1376 1.2482 1.2646 1.0788 0.8774 0.76 0.5534 0.3888 0.2558 0.1542 0.0964 0.0602 0.0402 0.0234 0.026 0.0578 0.1118 0.2422 0.4294 0.6024 0.7572 0.9576 0.9182 0.8372 0.7644 0.6964 0.5082 0.383 0.2758 0.1824 0.1072 0.0606 0.0398 0.0324 0.033 0.0406 0.0774 0.1526 0.2316 0.3298 0.4784 
0 0 0 0 0 0 0 0 0 0 0 0 0 0 0 0 0.04 0.5416 1.8178 2.8474 2.762 2.1878 1.4508 0.962 0.5622 0.3216 0.205 0.1168 0.0806 0.0504 0.021 0.014 0.0106 0.0048 0.0128 0.0742 0.3136 0.786 1.2416 1.5766 1.748 1.5808 1.3078 1.0768 0.8112 0.5264 0.3294 0.1828 0.1346 0.1104 0.088 0.0548 0.023 0.0202 0.0482 0.1694 0.3506 0.5644 0.87 1.1018 1.1964 1.1188 1.098 0.9534 0.7508 0.5956 0.4154 0.2642 0.1586 0.1198 0.0888 0.0566 0.0422 0.0414 0.0872 0.1308 0.241 0.3984 0.6016 0.7058 0.7764 0.8574 0.8352 0.7846 0.701 0.5608 0.457 0.2852 0.1878 0.1322 0.0994 0.0686 0.051 0.051 0.0474 0.0794 0.158 0.191 0.3376 0.4228 
0 0 0 0 0 0 0 0 0 0 0 0 0 0 0 0 0.0492 0.6078 1.9688 2.8944 2.8466 2.1796 1.3888 0.8516 0.5016 0.2806 0.1656 0.1072 0.0666 0.0364 0.0222 0.0162 0.0112 0.0054 0.027 0.1002 0.3912 0.8916 1.3804 1.6638 1.776 1.575 1.3066 0.9986 0.6508 0.4518 0.2902 0.1762 0.1104 0.0926 0.061 0.0272 0.0154 0.0308 0.0916 0.2304 0.4464 0.6988 0.9346 1.1556 1.211 1.1552 1.0714 0.8998 0.6814 0.453 0.3248 0.213 0.1444 0.0988 0.0768 0.052 0.0458 0.0588 0.1344 0.2284 0.302 0.4774 0.6612 0.8186 0.8488 0.834 0.7944 0.711 0.6036 0.4674 0.3696 0.26 0.1612 0.0946 0.0726 0.0542 0.0364 0.063 0.101 0.139 0.2118 0.2612 0.407 0.516 
0 0 0 0 0 0 0 0 0 0 0 0 0 0 0 0 0.0598 0.636 1.8714 2.8948 2.7496 2.1314 1.4646 0.9174 0.554 0.2972 0.1634 0.103 0.0732 0.0434 0.023 0.0134 0.003 0.002 0.0206 0.131 0.3876 0.8898 1.2544 1.6132 1.704 1.5634 1.2792 0.9854 0.7098 0.4588 0.3376 0.239 0.1574 0.107 0.0668 0.0454 0.0288 0.0402 0.111 0.246 0.4502 0.6668 0.8824 1.02 1.1524 1.1306 0.9512 0.826 0.6974 0.5284 0.4172 0.277 0.2028 0.1484 0.1154 0.0674 0.0634 0.082 0.1444 0.2258 0.3806 0.4884 0.5908 0.6634 0.7512 0.7646 0.7098 0.658 0.57 0.5096 0.4248 0.3138 0.2122 0.1742 0.1336 0.0998 0.0946 0.0972 0.1224 0.1694 0.2664 0.3348 0.3358 0.3934 
0 0 0 0 0 0 0 0 0 0 0 0 0 0 0 0.0008 0.0282 0.4978 1.8446 2.9422 2.9348 2.2516 1.4774 0.8998 0.4936 0.2594 0.1758 0.0822 0.0392 0.0288 0.02 0.0142 0.0044 0.0026 0.012 0.0842 0.2966 0.7206 1.2652 1.707 1.832 1.677 1.4488 1.0646 0.7044 0.4526 0.3114 0.1842 0.0994 0.0664 0.0318 0.0174 0.0136 0.0162 0.0484 0.1712 0.3218 0.5688 0.8884 1.158 1.2884 1.2376 1.1492 0.9474 0.7152 0.5568 0.394 0.227 0.1524 0.0774 0.035 0.0236 0.0256 0.0372 0.0696 0.1414 0.2334 0.4034 0.5544 0.7796 0.8992 0.985 0.8928 0.8082 0.6508 0.5364 0.3926 0.2542 0.1576 0.099 0.0478 0.0364 0.0354 0.0364 0.0508 0.084 0.1516 0.2276 0.3128 0.4274 
0 0 0 0 0 0 0 0 0 0 0 0 0 0 0 0 0.038 0.538 1.7516 2.802 2.8318 2.2838 1.4916 0.9678 0.588 0.3098 0.176 0.0998 0.065 0.0284 0.017 0.0038 0.0028 0.0036 0.013 0.0754 0.3184 0.702 1.203 1.5992 1.8128 1.6464 1.4054 1.0544 0.7842 0.5464 0.3504 0.2046 0.1212 0.0638 0.0488 0.0274 0.0098 0.0222 0.0494 0.1352 0.296 0.5626 0.8296 1.0894 1.2256 1.2408 1.1564 0.9432 0.7672 0.6002 0.4362 0.247 0.1608 0.099 0.063 0.0444 0.0252 0.0382 0.0528 0.1 0.2242 0.3866 0.548 0.6946 0.8316 0.9724 0.8942 0.869 0.6486 0.555 0.4136 0.2868 0.177 0.1246 0.075 0.0624 0.038 0.0306 0.0376 0.0756 0.1402 0.1956 0.2922 0.4204 
0 0 0 0 0 0 0 0 0 0 0 0 0 0 0 0 0.0262 0.4556 1.5926 2.69 2.9034 2.3814 1.5896 0.999 0.5702 0.3318 0.1866 0.1248 0.0772 0.0446 0.018 0.0058 0.002 0.0012 0.0046 0.0474 0.2424 0.6362 1.0904 1.5636 1.7352 1.651 1.4402 1.1598 0.8532 0.5728 0.3706 0.234 0.1652 0.1158 0.0674 0.0334 0.0148 0.0096 0.035 0.0912 0.224 0.488 0.75 1.0272 1.1678 1.248 1.1832 0.9906 0.8524 0.6378 0.468 0.2948 0.218 0.1532 0.08 0.0444 0.0268 0.0186 0.0398 0.08 0.1762 0.3084 0.471 0.6644 0.7956 0.8732 0.8842 0.8388 0.8042 0.665 0.4648 0.304 0.2234 0.1632 0.1068 0.0654 0.0376 0.0218 0.0288 0.0498 0.0836 0.164 0.259 0.3606 
0 0 0 0 0 0 0 0 0 0 0 0 0 0 0 0 0.0382 0.5674 1.9058 2.8992 2.8138 2.1952 1.3822 0.908 0.5846 0.316 0.1818 0.095 0.0604 0.0224 0.0118 0.0108 0.003 0.0024 0.015 0.0842 0.341 0.8124 1.3564 1.6788 1.8068 1.65 1.2986 0.9082 0.7422 0.4984 0.3416 0.1946 0.1198 0.075 0.0314 0.024 0.0144 0.0246 0.0604 0.1754 0.392 0.613 0.9508 1.2246 1.2252 1.1884 1.0658 0.8924 0.6782 0.5462 0.3468 0.2288 0.177 0.0932 0.0604 0.0386 0.0294 0.0328 0.0984 0.1772 0.279 0.4562 0.6362 0.792 0.8006 0.8828 0.859 0.7514 0.632 0.4894 0.339 0.252 0.2006 0.1392 0.086 0.0554 0.0414 0.048 0.0876 0.132 0.18 0.254 0.3572 0.4762 
0 0 0 0 0 0 0 0 0 0 0 0 0 0 0 0 0.0404 0.562 1.9 2.891 2.8856 2.2032 1.433 0.8958 0.545 0.3022 0.131 0.0788 0.0494 0.0286 0.0236 0.0152 0.0046 0.0036 0.0096 0.0868 0.3602 0.7604 1.3142 1.7196 1.8662 1.6324 1.3738 1.0122 0.7324 0.4446 0.2514 0.1746 0.1096 0.0688 0.0414 0.0174 0.0112 0.0242 0.0578 0.157 0.3528 0.6236 0.9466 1.1718 1.3918 1.2946 1.0776 0.9248 0.683 0.4664 0.3348 0.2192 0.1204 0.0728 0.042 0.0218 0.0208 0.0238 0.0606 0.1408 0.2548 0.4382 0.6388 0.835 0.9968 0.9546 0.9434 0.7792 0.6096 0.5082 0.3214 0.218 0.1102 0.069 0.0506 0.0234 0.0136 0.0226 0.0356 0.0688 0.1756 0.2426 0.3956 0.4908 
0 0 0 0 0 0 0 0 0 0 0 0 0 0 0 0 0.046 0.4936 1.7778 2.8938 2.9388 2.232 1.4646 0.8512 0.5522 0.327 0.1726 0.1242 0.063 0.0334 0.0138 0.0122 0.0038 0.0008 0.0076 0.0834 0.3102 0.6992 1.259 1.7074 1.8136 1.6912 1.3564 1.0156 0.7734 0.4982 0.2858 0.1792 0.1226 0.0888 0.0442 0.0362 0.0108 0.0222 0.0544 0.1494 0.3348 0.5666 0.8518 1.1138 1.2634 1.347 1.0996 0.898 0.7688 0.5272 0.397 0.2554 0.1522 0.0962 0.0442 0.0298 0.022 0.0332 0.0642 0.1476 0.2608 0.398 0.5396 0.733 0.8482 0.933 0.8818 0.8394 0.6738 0.559 0.4372 0.2906 0.1608 0.0956 0.052 0.0248 0.0242 0.0218 0.054 0.09 0.1644 0.22 0.3354 0.4484 
0 0 0 0 0 0 0 0 0 0 0 0 0 0 0 0.001 0.0466 0.5432 1.7992 2.7416 2.854 2.2262 1.4764 0.9088 0.5856 0.3454 0.2008 0.1124 0.071 0.0378 0.0198 0.011 0.007 0.0062 0.0232 0.0974 0.3632 0.7374 1.2458 1.6358 1.6898 1.6118 1.2972 1.0462 0.7736 0.4924 0.351 0.2456 0.1514 0.0954 0.0628 0.0192 0.0218 0.045 0.0948 0.1814 0.3602 0.618 0.886 1.0402 1.1374 1.1402 1.0768 0.936 0.7102 0.548 0.4112 0.3044 0.2158 0.135 0.0698 0.0502 0.0338 0.0586 0.0892 0.1752 0.2762 0.439 0.5918 0.691 0.797 0.862 0.832 0.694 0.6386 0.5078 0.411 0.2958 0.2186 0.1652 0.1248 0.075 0.0548 0.0542 0.076 0.116 0.1828 0.2464 0.3252 0.4454 
0 0 0 0 0 0 0 0 0 0 0 0 0 0 0 0 0.0346 0.491 1.6502 2.8148 2.9324 2.3052 1.5512 0.9344 0.5006 0.3116 0.1802 0.1138 0.072 0.0408 0.0268 0.0186 0.0102 0.0054 0.0144 0.0782 0.254 0.6406 1.1636 1.6534 1.8424 1.7108 1.3568 1.0518 0.7608 0.5094 0.3614 0.2164 0.1506 0.0858 0.0596 0.0464 0.0214 0.0288 0.0422 0.121 0.2748 0.5306 0.8238 1.0796 1.2134 1.2634 1.1532 0.9506 0.7088 0.584 0.4204 0.2968 0.1832 0.1296 0.1 0.0524 0.0364 0.034 0.0542 0.1202 0.2218 0.3616 0.5542 0.6814 0.853 0.8806 0.8754 0.7586 0.6874 0.5844 0.4194 0.316 0.2198 0.1446 0.111 0.0728 0.0426 0.0318 0.0484 0.0804 0.1244 0.2046 0.3236 0.4288 
0 0 0 0 0 0 0 0 0 0 0 0 0 0 0 0.0006 0.0466 0.5786 1.9874 3.026 2.8506 2.1124 1.3568 0.8038 0.4818 0.2956 0.1682 0.1118 0.068 0.05 0.0252 0.0158 0.0046 0.0022 0.0186 0.1212 0.4088 0.825 1.3842 1.8582 1.7952 1.58 1.2396 0.9202 0.667 0.4244 0.277 0.1962 0.1166 0.0744 0.044 0.0268 0.0146 0.0322 0.0818 0.189 0.4158 0.7506 1.032 1.1514 1.2792 1.2534 1.0674 0.8216 0.6298 0.4226 0.325 0.228 0.1408 0.0862 0.0492 0.031 0.0254 0.0486 0.088 0.1868 0.33 0.5388 0.7446 0.7842 0.907 0.9656 0.8148 0.6744 0.5476 0.4442 0.3314 0.2284 0.1516 0.086 0.0584 0.0284 0.0402 0.0464 0.0554 0.1346 0.209 0.3116 0.3984 0.5824 
0 0 0 0 0 0 0 0 0 0 0 0 0 0 0 0.0004 0.0506 0.543 1.789 2.839 2.8576 2.2806 1.475 0.8992 0.5482 0.2832 0.1786 0.1136 0.0474 0.037 0.021 0.0128 0.0064 0.0064 0.0092 0.0792 0.3058 0.737 1.2824 1.6694 1.7876 1.6784 1.3748 1.039 0.772 0.4804 0.325 0.1992 0.1106 0.0602 0.039 0.0196 0.011 0.0108 0.0354 0.1396 0.3372 0.6088 0.897 1.1348 1.2512 1.2454 1.1504 0.9062 0.7472 0.5646 0.3872 0.2606 0.1632 0.0816 0.0346 0.0218 0.016 0.0218 0.054 0.115 0.2438 0.4364 0.6168 0.778 0.8308 0.896 0.8804 0.808 0.6744 0.5542 0.4356 0.26 0.1736 0.114 0.0572 0.0298 0.0226 0.02 0.034 0.0826 0.1342 0.2426 0.3412 0.4816 
0 0 0 0 0 0 0 0 0 0 0 0 0 0 0 0 0.0446 0.5754 1.863 2.7628 2.9418 2.2106 1.3892 0.9002 0.5364 0.3058 0.195 0.1162 0.065 0.039 0.026 0.0168 0.0086 0.004 0.016 0.1064 0.3648 0.8376 1.2986 1.6324 1.7728 1.619 1.3446 0.9734 0.6836 0.4802 0.3354 0.1928 0.1246 0.088 0.0518 0.0352 0.0278 0.04 0.0694 0.1984 0.4072 0.6552 0.933 1.1298 1.2186 1.1506 1.0058 0.9228 0.7102 0.5174 0.3464 0.2228 0.1752 0.1222 0.079 0.0562 0.0442 0.0526 0.0908 0.1848 0.2888 0.48 0.6594 0.7974 0.797 0.8258 0.794 0.7596 0.6288 0.517 0.3578 0.2504 0.1786 0.149 0.0766 0.0564 0.0474 0.057 0.0648 0.1078 0.2012 0.2886 0.3882 0.4922 
0 0 0 0 0 0 0 0 0 0 0 0 0 0 0 0 0.0462 0.5576 1.8364 2.9196 2.8356 2.1438 1.4526 0.9038 0.555 0.3118 0.1688 0.105 0.08 0.0424 0.0284 0.0064 0.0054 0.002 0.0124 0.0984 0.3508 0.825 1.3288 1.689 1.7648 1.5564 1.2446 1.0024 0.763 0.5158 0.3274 0.1992 0.1242 0.0816 0.0518 0.0356 0.0196 0.0232 0.061 0.1858 0.3746 0.6688 0.97 1.138 1.1824 1.1566 1.0866 0.8822 0.7002 0.537 0.3752 0.2308 0.1672 0.11 0.0668 0.0476 0.0378 0.0282 0.0766 0.1736 0.2902 0.4678 0.6076 0.7838 0.9162 0.8672 0.795 0.7538 0.6868 0.5006 0.349 0.2426 0.174 0.129 0.0766 0.046 0.0228 0.0346 0.0586 0.0886 0.1816 0.2726 0.3846 0.4776 
0 0 0 0 0 0 0 0 0 0 0 0 0 0 0 0 0.0474 0.5152 1.7526 2.9406 2.9866 2.2702 1.4476 0.8686 0.5226 0.2864 0.1506 0.0842 0.0462 0.0342 0.018 0.0062 0.0026 0.0048 0.017 0.0696 0.3146 0.7508 1.3012 1.732 1.8394 1.6276 1.364 1.0526 0.7156 0.487 0.2954 0.1804 0.1006 0.072 0.0422 0.0188 0.0122 0.0196 0.0434 0.1322 0.3376 0.6082 0.9282 1.1454 1.3048 1.254 1.1736 0.953 0.7436 0.4964 0.2916 0.2224 0.1532 0.091 0.0534 0.0292 0.026 0.0256 0.0476 0.1052 0.2496 0.4198 0.6534 0.8254 0.8664 0.9244 0.9118 0.8244 0.7158 0.4844 0.3488 0.235 0.1468 0.0892 0.0608 0.0322 0.0258 0.0214 0.0328 0.0672 0.1398 0.236 0.3688 0.5096 
0 0 0 0 0 0 0 0 0 0 0 0 0 0 0 0 0.0604 0.565 1.8302 2.8678 2.9232 2.2564 1.418 0.8258 0.5052 0.3018 0.1798 0.1056 0.0762 0.033 0.0222 0.0102 0.0044 0.0082 0.021 0.1174 0.3844 0.7696 1.2276 1.6072 1.778 1.7234 1.339 0.9806 0.6816 0.4838 0.3342 0.2012 0.141 0.0978 0.0572 0.0316 0.022 0.0264 0.102 0.2182 0.4168 0.5834 0.8174 1.0288 1.1948 1.2464 1.129 0.913 0.6528 0.5032 0.39 0.2822 0.1788 0.14 0.0912 0.0566 0.0356 0.0798 0.1134 0.212 0.3152 0.3988 0.5452 0.6622 0.7866 0.8532 0.873 0.7362 0.638 0.5028 0.3768 0.2786 0.2112 0.167 0.1154 0.0712 0.0636 0.0728 0.1006 0.137 0.2022 0.2712 0.3474 0.3962 
0 0 0 0 0 0 0 0 0 0 0 0 0 0 0 0.0006 0.0394 0.4654 1.6986 2.896 3.0232 2.3696 1.4162 0.8756 0.5124 0.2764 0.1804 0.1098 0.0534 0.0382 0.0212 0.0088 0.0056 0.0072 0.0106 0.0466 0.2356 0.6374 1.165 1.7498 1.9712 1.7508 1.431 1.045 0.72 0.4314 0.2962 0.1866 0.1358 0.0808 0.0492 0.025 0.0176 0.0108 0.034 0.079 0.2242 0.5104 0.8348 1.1856 1.3446 1.356 1.2272 1.0134 0.718 0.5044 0.3422 0.2338 0.1776 0.089 0.0576 0.0356 0.0214 0.021 0.0248 0.0636 0.1562 0.3068 0.5282 0.8548 0.9962 1.015 0.9428 0.8452 0.7386 0.5364 0.3636 0.2584 0.1574 0.088 0.0402 0.0332 0.0228 0.0166 0.0194 0.0424 0.0666 0.1398 0.2908 0.4718 
0 0 0 0 0 0 0 0 0 0 0 0 0 0 0 0 0.031 0.4462 1.7702 2.8826 3.0016 2.2898 1.468 0.8898 0.5146 0.287 0.1738 0.0988 0.0562 0.0314 0.0222 0.011 0.01 0.0116 0.0128 0.0564 0.238 0.6262 1.2522 1.717 1.8604 1.7096 1.429 1.0742 0.7598 0.4748 0.3168 0.1814 0.0984 0.08 0.046 0.0322 0.0118 0.0222 0.0408 0.1156 0.2348 0.5184 0.8414 1.118 1.3344 1.3214 1.197 0.9774 0.7732 0.552 0.3412 0.226 0.156 0.1022 0.0578 0.0458 0.021 0.0268 0.055 0.1068 0.1868 0.3438 0.5644 0.754 0.9128 0.9176 0.9376 0.7538 0.6914 0.5762 0.4354 0.2876 0.176 0.1134 0.0738 0.0464 0.0282 0.0298 0.0478 0.0618 0.1108 0.2078 0.3284 0.443 
0 0 0 0 0 0 0 0 0 0 0 0 0 0 0 0.0002 0.0428 0.4532 1.563 2.8222 3.0538 2.4186 1.5864 0.9224 0.543 0.2842 0.1496 0.0716 0.0344 0.0206 0.0138 0.0098 0.008 0.0024 0.0092 0.0646 0.2288 0.5802 1.1324 1.5826 1.8278 1.8446 1.5062 1.1218 0.8122 0.5014 0.3252 0.1942 0.1144 0.06 0.044 0.0256 0.0142 0.0116 0.0324 0.095 0.2546 0.4996 0.757 1.023 1.192 1.301 1.2808 1.0232 0.8014 0.6422 0.4028 0.226 0.1774 0.1262 0.0774 0.0462 0.0196 0.0216 0.0444 0.0854 0.209 0.3378 0.5358 0.6746 0.7604 0.8614 0.8894 0.8656 0.7506 0.6362 0.4586 0.3166 0.2074 0.1498 0.1048 0.0544 0.0256 0.0202 0.0328 0.0772 0.147 0.2046 0.3082 0.4034 
0 0 0 0 0 0 0 0 0 0 0 0 0 0 0 0 0.0426 0.5474 1.7772 2.8178 2.7994 2.1912 1.5034 0.9696 0.58 0.3292 0.1908 0.1162 0.0744 0.0294 0.0146 0.0096 0.005 0.0046 0.0124 0.0862 0.3036 0.7542 1.259 1.5806 1.6762 1.6084 1.4068 1.0816 0.7398 0.531 0.3616 0.2332 0.156 0.091 0.053 0.0296 0.0184 0.0208 0.0614 0.174 0.323 0.6254 0.8724 1.0202 1.0934 1.2074 1.0994 0.9798 0.7688 0.5766 0.437 0.2686 0.1802 0.1406 0.076 0.0504 0.022 0.0374 0.0862 0.1416 0.2832 0.4154 0.5168 0.6472 0.8174 0.8412 0.8362 0.8262 0.7418 0.587 0.401 0.2732 0.2064 0.1466 0.0932 0.0624 0.0434 0.0384 0.0502 0.1166 0.1684 0.2502 0.2896 0.3802 
0 0 0 0 0 0 0 0 0 0 0 0 0 0 0 0 0.0366 0.4574 1.6374 2.8458 2.9594 2.3396 1.525 0.9454 0.511 0.308 0.1728 0.0976 0.0688 0.0528 0.026 0.008 0.0026 0.0018 0.014 0.0658 0.2526 0.6638 1.1938 1.58 1.7492 1.727 1.5304 1.0888 0.724 0.486 0.3466 0.2262 0.1268 0.1068 0.0482 0.0254 0.028 0.0256 0.0524 0.131 0.283 0.5238 0.8272 1.0134 1.1736 1.2278 1.206 1.0806 0.8048 0.5292 0.376 0.2784 0.1768 0.0972 0.0816 0.0534 0.0386 0.0372 0.0688 0.1402 0.2272 0.364 0.5094 0.696 0.8228 0.871 0.8292 0.8752 0.7098 0.5078 0.4568 0.331 0.1912 0.1278 0.1046 0.0676 0.0436 0.0514 0.0542 0.0862 0.1402 0.2194 0.2894 0.4366 
0 0 0 0 0 0 0 0 0 0 0 0 0 0 0 0.0008 0.0408 0.4618 1.6794 2.7852 2.867 2.2894 1.551 0.9954 0.5706 0.2952 0.1992 0.1008 0.0708 0.0384 0.0198 0.0084 0.006 0.0078 0.015 0.0788 0.275 0.6208 1.1728 1.4874 1.7918 1.6672 1.4298 1.0858 0.8474 0.5498 0.3692 0.241 0.1344 0.0972 0.058 0.0322 0.023 0.0188 0.0534 0.11 0.2638 0.5258 0.7556 1.0328 1.179 1.256 1.1596 1.0214 0.7504 0.585 0.4222 0.2808 0.236 0.169 0.0922 0.0518 0.0296 0.0252 0.0532 0.0904 0.173 0.3482 0.4952 0.6646 0.7932 0.9316 0.9602 0.86 0.6968 0.5202 0.3916 0.3434 0.2478 0.202 0.123 0.0514 0.0304 0.0224 0.0284 0.0474 0.1036 0.1858 0.2566 0.3784 
0 0 0 0 0 0 0 0 0 0 0 0 0 0 0 0 0.0278 0.5024 1.7938 2.8576 2.9566 2.3 1.4756 0.8592 0.5104 0.291 0.186 0.1008 0.059 0.036 0.024 0.0082 0.0054 0.0028 0.011 0.072 0.255 0.6806 1.285 1.7236 1.81 1.7432 1.43 1.005 0.6872 0.4938 0.2996 0.184 0.1318 0.0794 0.0528 0.0228 0.0156 0.0166 0.0446 0.1462 0.298 0.5626 0.9238 1.0938 1.3022 1.2838 1.116 0.9182 0.7316 0.5588 0.3892 0.2422 0.143 0.0844 0.0754 0.0338 0.0282 0.032 0.0574 0.142 0.2182 0.4164 0.5976 0.7922 0.892 0.8604 0.838 0.782 0.684 0.591 0.375 0.2862 0.1798 0.1016 0.0652 0.0496 0.0386 0.0334 0.0546 0.0796 0.1492 0.2346 0.3588 0.4738 
0 0 0 0 0 0 0 0 0 0 0 0 0 0 0 0.0008 0.046 0.5072 1.6244 2.64 2.7934 2.3396 1.6052 1.02 0.5774 0.3374 0.1996 0.1202 0.0786 0.0458 0.0288 0.0144 0.0112 0.007 0.0128 0.0668 0.2578 0.631 1.0906 1.4906 1.7172 1.7204 1.4476 1.1308 0.8058 0.6092 0.4136 0.2262 0.1398 0.0888 0.0778 0.0326 0.0222 0.0254 0.0388 0.1314 0.251 0.4544 0.711 0.9714 1.175 1.264 1.2078 1.0416 0.8302 0.6124 0.4356 0.3156 0.1982 0.1382 0.09 0.063 0.0534 0.0378 0.0554 0.1 0.1608 0.2746 0.4476 0.6076 0.7542 0.9216 0.9534 0.8828 0.7208 0.6206 0.462 0.3522 0.241 0.1544 0.1096 0.0748 0.0582 0.0406 0.0394 0.0604 0.0998 0.1392 0.2386 0.3118 
0 0 0 0 0 0 0 0 0 0 0 0 0 0 0 0.001 0.0568 0.5202 1.7456 2.7768 2.8492 2.24 1.4914 0.955 0.5772 0.335 0.178 0.094 0.063 0.042 0.0318 0.018 0.0138 0.0084 0.02 0.1014 0.297 0.7062 1.1882 1.626 1.7648 1.681 1.369 0.9868 0.7758 0.5398 0.344 0.218 0.1264 0.0886 0.069 0.0404 0.0332 0.0384 0.071 0.1494 0.3074 0.5332 0.8584 1.0646 1.2186 1.2144 1.146 0.9408 0.743 0.5508 0.4062 0.262 0.1786 0.1274 0.0826 0.0636 0.0454 0.0504 0.0796 0.131 0.2502 0.3634 0.5278 0.7344 0.8222 0.8562 0.871 0.7846 0.7046 0.5552 0.4024 0.284 0.2186 0.1508 0.0926 0.0584 0.0622 0.049 0.066 0.0844 0.1422 0.2034 0.3042 0.4136 
0 0 0 0 0 0 0 0 0 0 0 0 0 0 0 0 0.0368 0.4896 1.8886 2.946 2.8936 2.2558 1.3974 0.8176 0.5052 0.3144 0.1672 0.1234 0.0672 0.0354 0.0278 0.0132 0.0084 0.0088 0.0084 0.0758 0.301 0.7304 1.285 1.8522 1.8488 1.6778 1.3576 0.9144 0.6526 0.4776 0.3138 0.1924 0.1304 0.0762 0.0584 0.024 0.0178 0.0196 0.0488 0.1574 0.295 0.577 0.928 1.2356 1.3522 1.2998 1.1032 0.9034 0.6804 0.4624 0.328 0.2324 0.1572 0.1102 0.0538 0.0362 0.0248 0.0258 0.0546 0.1302 0.2288 0.3826 0.6334 0.8808 0.92 0.9546 0.8976 0.7828 0.6058 0.4948 0.3478 0.2548 0.1668 0.1008 0.0656 0.0444 0.0302 0.0232 0.0294 0.0704 0.126 0.25 0.3878 0.5194 
0 0 0 0 0 0 0 0 0 0 0 0 0 0 0 0.0004 0.0334 0.4808 1.6802 2.9416 3.0612 2.2556 1.4678 0.8766 0.5336 0.2986 0.1984 0.0808 0.0364 0.0252 0.0178 0.0078 0.0038 0.0006 0.0118 0.0636 0.2444 0.6442 1.2334 1.7196 1.8996 1.7572 1.4198 1.0204 0.7582 0.4846 0.3088 0.188 0.0968 0.0594 0.0314 0.0212 0.014 0.02 0.039 0.1076 0.2782 0.547 0.844 1.1492 1.2694 1.3306 1.1844 0.976 0.7912 0.5556 0.3952 0.2076 0.1236 0.0868 0.0456 0.0258 0.0188 0.027 0.057 0.0918 0.1936 0.383 0.5612 0.7192 0.899 0.9618 0.9632 0.8846 0.6998 0.5542 0.3956 0.2522 0.1358 0.1012 0.0732 0.0352 0.0282 0.016 0.0298 0.0576 0.1028 0.1962 0.3226 0.4502 
0 0 0 0 0 0 0 0 0 0 0 0 0 0 0 0 0.052 0.6172 1.7472 2.8136 2.8364 2.1864 1.4372 0.8472 0.5706 0.3314 0.1812 0.1428 0.0766 0.0618 0.0488 0.022 0.014 0.0064 0.0246 0.1172 0.389 0.7808 1.221 1.6012 1.697 1.6072 1.2954 0.9754 0.7292 0.5106 0.3282 0.2498 0.1812 0.1202 0.06 0.0484 0.0246 0.0396 0.0902 0.2342 0.4098 0.5872 0.8542 1.0482 1.1326 1.1964 1.0804 0.8464 0.7222 0.539 0.406 0.2724 0.213 0.1326 0.0858 0.0604 0.0394 0.0686 0.1134 0.2038 0.3086 0.4234 0.5588 0.7022 0.8216 0.8344 0.7954 0.7102 0.6364 0.5354 0.4094 0.3222 0.2152 0.1474 0.094 0.0554 0.0504 0.0598 0.0864 0.128 0.194 0.2538 0.3604 0.412 
0 0 0 0 0 0 0 0 0 0 0 0 0 0 0 0.0004 0.0406 0.508 1.8464 2.862 2.923 2.2728 1.456 0.8798 0.511 0.2996 0.1948 0.098 0.0604 0.0302 0.0092 0.0016 0.0018 0.0044 0.0206 0.0862 0.3354 0.7374 1.2752 1.6936 1.756 1.6696 1.3598 1.0236 0.7284 0.5056 0.3182 0.1972 0.136 0.0866 0.0426 0.0146 0.0072 0.0232 0.0518 0.1632 0.3496 0.5772 0.8768 1.1228 1.2688 1.2306 1.2038 0.9674 0.7164 0.528 0.3208 0.2318 0.1688 0.0888 0.05 0.0298 0.0244 0.0404 0.08 0.1428 0.2648 0.3944 0.5534 0.7238 0.8934 0.9702 0.9708 0.8628 0.6376 0.4816 0.3568 0.2442 0.1518 0.0978 0.0746 0.0352 0.0264 0.0306 0.0548 0.092 0.156 0.2258 0.323 0.4496 
0 0 0 0 0 0 0 0 0 0 0 0 0 0 0 0.0002 0.0412 0.5966 1.9082 2.9038 2.8828 2.1156 1.3984 0.8694 0.5578 0.287 0.1884 0.115 0.0614 0.037 0.0172 0.006 0.007 0.005 0.0128 0.0868 0.3468 0.8096 1.3528 1.736 1.8494 1.6582 1.2374 0.9258 0.6494 0.464 0.3088 0.2264 0.1434 0.0744 0.0594 0.0238 0.0198 0.02 0.057 0.169 0.3666 0.6436 0.9534 1.2404 1.3394 1.2492 1.0504 0.8062 0.6724 0.5104 0.3416 0.203 0.146 0.1098 0.065 0.0408 0.0212 0.026 0.064 0.1516 0.2824 0.4322 0.704 0.8674 0.911 0.9342 0.8422 0.7092 0.6354 0.4698 0.3372 0.2196 0.15 0.1266 0.0746 0.035 0.0266 0.0258 0.0486 0.0702 0.1598 0.247 0.4086 0.539 
0 0 0 0 0 0 0 0 0 0 0 0 0 0 0 0 0.0278 0.4608 1.678 2.7008 2.9704 2.3852 1.601 0.9118 0.5338 0.2938 0.1878 0.1048 0.0622 0.0378 0.0242 0.0096 0.0064 0.0032 0.0086 0.0588 0.2366 0.6534 1.1126 1.6004 1.82 1.7688 1.5104 1.113 0.7484 0.4942 0.3348 0.222 0.1336 0.0974 0.0448 0.0274 0.0106 0.0096 0.0292 0.111 0.2604 0.4592 0.7708 1.0798 1.2772 1.321 1.2628 1.0238 0.8042 0.557 0.3854 0.2394 0.168 0.1304 0.0624 0.0276 0.018 0.0156 0.0288 0.0868 0.1882 0.3082 0.4566 0.711 0.888 1.0264 1.015 0.841 0.7224 0.567 0.378 0.264 0.2138 0.1334 0.0778 0.044 0.023 0.0166 0.0234 0.0548 0.0966 0.1532 0.2532 0.3684 
0 0 0 0 0 0 0 0 0 0 0 0 0 0 0 0.0002 0.0352 0.5408 1.8268 2.888 2.8896 2.1974 1.4086 0.8666 0.5298 0.3382 0.2074 0.1102 0.0626 0.032 0.026 0.0146 0.0102 0.0034 0.0088 0.0834 0.3154 0.805 1.301 1.6656 1.8228 1.5904 1.304 0.9594 0.7218 0.5576 0.3082 0.2028 0.1484 0.09 0.0574 0.029 0.0186 0.0156 0.0536 0.1718 0.3476 0.62 0.9276 1.1316 1.2716 1.2238 1.1256 0.8764 0.6392 0.5126 0.3614 0.2682 0.189 0.118 0.0654 0.042 0.04 0.0432 0.053 0.1286 0.2928 0.4412 0.6218 0.7884 0.878 0.8852 0.8638 0.7408 0.6324 0.4856 0.379 0.2894 0.1874 0.1138 0.0692 0.062 0.0472 0.0322 0.045 0.079 0.1462 0.2448 0.3608 0.5082 
0 0 0 0 0 0 0 0 0 0 0 0 0 0 0 0.0006 0.0412 0.4822 1.7474 2.8256 2.9614 2.3204 1.5674 0.8856 0.4878 0.3148 0.1636 0.0734 0.057 0.0344 0.0168 0.005 0.0042 0.007 0.0092 0.0726 0.2692 0.6826 1.186 1.667 1.7924 1.6994 1.4504 1.1304 0.782 0.5346 0.2906 0.1906 0.0988 0.0592 0.0372 0.0222 0.0176 0.0112 0.0432 0.1162 0.2694 0.5776 0.8472 1.0716 1.2108 1.2598 1.1688 1.0072 0.7892 0.6044 0.4242 0.273 0.1318 0.0974 0.0412 0.0302 0.019 0.0214 0.0496 0.1134 0.2512 0.3912 0.556 0.7388 0.806 0.8536 0.8596 0.8156 0.7216 0.5946 0.4712 0.3194 0.1882 0.117 0.0672 0.034 0.021 0.0162 0.0398 0.0842 0.1522 0.2762 0.3606 0.4312 
0 0 0 0 0 0 0 0 0 0 0 0 0 0 0 0.0002 0.041 0.6058 1.9338 3.0206 2.9034 2.195 1.3746 0.7708 0.4742 0.266 0.1508 0.079 0.0604 0.0464 0.0204 0.0196 0.0084 0.0062 0.0154 0.0998 0.3492 0.8276 1.3826 1.8122 1.8884 1.7342 1.3198 0.8828 0.6184 0.3706 0.2594 0.1528 0.097 0.07 0.0478 0.0304 0.012 0.0324 0.0812 0.1898 0.3696 0.6798 0.9738 1.1798 1.3864 1.2934 1.1122 0.8612 0.6446 0.4108 0.2706 0.1926 0.1258 0.0958 0.0558 0.0374 0.0298 0.047 0.0928 0.179 0.2946 0.4378 0.6488 0.898 0.9428 0.9292 0.9002 0.7544 0.5726 0.4114 0.2974 0.2188 0.134 0.0968 0.067 0.0506 0.028 0.0342 0.0648 0.1206 0.1996 0.3168 0.3794 0.506 
