0.03 0.09 0.15 0.21 0.27 0.33 0.39 0.45 0.51 0.57 0.63 0.69 0.75 0.81 0.87 0.93 0.99 1.05 1.11 1.17 1.23 1.29 1.35 1.41 1.47 1.53 1.59 1.65 1.71 1.77 1.83 1.89 1.95 2.01 2.07 2.13 2.19 2.25 2.31 2.37 2.43 2.49 2.55 2.61 2.67 2.73 2.79 2.85 2.91 2.97 3.03 3.09 3.15 3.21 3.27 3.33 3.39 3.45 3.51 3.57 3.63 3.69 3.75 3.81 3.87 3.93 3.99 4.05 4.11 4.17 4.23 4.29 4.35 4.41 4.47 4.53 4.59 4.65 4.71 4.77 4.83 4.89 4.95 5.01 5.07 5.13 5.19 5.25 5.31 5.37 5.43 5.49 5.55 5.61 5.67 5.73 5.79 5.85 5.91 5.97 
0 0 0 0 0 0 0 0 0 0 0 0 0 0 0 0 0 0 0.118 0.7432 1.6048 1.8228 1.1736 0.8388 0.4896 0.2276 0.0968 0.058 0.0276 0 0 0 0 0 0 0 0.009 0.0156 0.0954 0.3318 0.5526 0.6914 0.9954 0.6892 0.7216 0.558 0.3466 0.1632 0.1318 0.0576 0.0414 0 0 0 0 0 0.0006 0.0062 0.1146 0.1126 0.1734 0.2686 0.2984 0.308 0.5638 0.4884 0.4406 0.2432 0.1828 0.1438 0.1338 0.086 0.0174 0.0182 0 0 0 0.0048 0.0074 0.066 0.0458 0.0534 0.089 0.1218 0.0926 0.131 0.1442 0.153 0.1772 0.2202 0.158 0.1022 0.1188 0.0486 0.026 0.0192 0.021 0 0 0 
0 0 0 0 0 0 0 0 0 0 0 0 0 0 0 0 0 0 0.0276 0.3624 1.4324 2.1986 1.556 1.4464 0.5488 0.249 0.1576 0.0212 0 0 0 0 0 0 0 0 0 0 0 0.0356 0.2434 0.6872 0.9486 1.1586 1.174 0.849 0.5856 0.2494 0.0686 0 0 0 0 0 0 0 0 0 0 0.0066 0.0148 0.0496 0.1746 0.3726 0.694 0.7492 0.689 0.684 0.3262 0.171 0.0684 0 0 0 0 0 0 0 0 0 0 0 0 0.0494 0.0566 0.1472 0.1524 0.229 0.3122 0.3688 0.3676 0.1594 0.0992 0.0582 0 0 0 0 0 0 
0 0 0 0 0 0 0 0 0 0 0 0 0 0 0 0 0 0 0.0272 0.3934 1.2094 2.0204 1.8092 1.2638 0.7648 0.2902 0.1744 0.0352 0.012 0 0 0 0 0 0 0 0 0 0.0104 0.0674 0.1634 0.6162 0.9176 1.1384 1.2546 0.77 0.5268 0.26 0.2332 0.042 0 0 0 0 0 0 0 0 0 0 0.0038 0.0896 0.1816 0.3948 0.5934 0.6692 0.6538 0.5648 0.3124 0.2746 0.2028 0.0268 0.0124 0.02 0 0 0 0 0 0 0 0 0 0.0188 0.0524 0.094 0.216 0.275 0.3234 0.231 0.2392 0.1546 0.1562 0.0892 0.0768 0.0734 0 0 0 0 
0 0 0 0 0 0 0 0 0 0 0 0 0 0 0 0 0 0 0.0378 0.4326 1.5308 2.2412 1.7158 1.0614 0.6242 0.272 0.0842 0 0 0 0 0 0 0 0 0 0 0 0.0236 0.0752 0.3092 0.7016 1.1926 1.2414 0.9482 0.6306 0.5268 0.2176 0.1106 0.0226 0 0 0 0 0 0 0 0 0.0082 0.0108 0.041 0.1446 0.2948 0.4952 0.6642 0.6852 0.6968 0.3974 0.2272 0.1518 0.1196 0.0372 0.026 0 0 0 0 0 0 0 0 0.0194 0.0324 0.0906 0.119 0.171 0.2108 0.24 0.262 0.2646 0.2366 0.1424 0.1108 0.0822 0.0182 0 0 0 0 0 
0 0 0 0 0 0 0 0 0 0 0 0 0 0 0 0 0 0 0.0394 0.4854 1.5054 1.9196 1.8864 1.0748 0.5686 0.2784 0.1802 0.0618 0 0 0 0 0 0 0 0 0 0 0.0136 0.144 0.3626 0.5496 0.9722 1.1592 1.1348 0.6972 0.4718 0.2622 0.1418 0.0806 0.0104 0 0 0 0 0 0 0 0.006 0.0228 0.0402 0.1596 0.256 0.486 0.6104 0.6392 0.5472 0.4032 0.2728 0.3356 0.1562 0.0386 0.0262 0 0 0 0 0 0 0 0 0.0234 0.035 0.0694 0.0556 0.1032 0.2024 0.2464 0.2848 0.3114 0.1888 0.2176 0.1728 0.051 0.0298 0.0064 0.002 0 0 0 
0 0 0 0 0 0 0 0 0 0 0 0 0 0 0 0 0 0 0.0312 0.3122 1.4256 1.7892 2.0066 1.246 0.5488 0.2836 0.2282 0.1162 0.0124 0 0 0 0 0 0 0 0 0 0 0.0274 0.1904 0.6268 0.9536 1.2754 1.0538 0.6544 0.5164 0.3178 0.2124 0.0982 0.0438 0.0296 0 0 0 0 0 0 0 0 0 0.0246 0.2414 0.299 0.6702 0.689 0.602 0.5006 0.4458 0.249 0.14 0.0508 0.0648 0.0228 0 0 0 0 0 0 0 0 0 0.0036 0.0482 0.12 0.1622 0.2868 0.2914 0.2872 0.211 0.2726 0.0988 0.123 0.0202 0.034 0.041 0 0 0 
0 0 0 0 0 0 0 0 0 0 0 0 0 0 0 0 0 0.0032 0.0572 0.5438 1.4764 2.0188 1.709 1.0674 0.6296 0.2844 0.164 0.0164 0.0218 0.008 0 0 0 0 0 0 0 0 0.009 0.1546 0.3162 0.6598 1.0894 1.352 1.1046 0.53 0.3884 0.1992 0.0672 0.099 0.0266 0.004 0 0 0 0 0 0 0 0 0.023 0.1454 0.2806 0.4514 0.6768 0.9218 0.5984 0.3938 0.2778 0.0874 0.1048 0.0388 0 0 0 0 0 0 0 0 0 0 0.0232 0.0268 0.0338 0.1158 0.2824 0.4276 0.2922 0.233 0.237 0.1406 0.097 0.0906 0 0 0 0 0 0 
0 0 0 0 0 0 0 0 0 0 0 0 0 0 0 0 0 0 0.0194 0.2824 1.4368 2.002 2.0684 0.9542 0.5436 0.3864 0.1852 0.064 0.032 0.0256 0 0 0 0 0 0 0 0 0.0088 0.0334 0.177 0.532 1.1026 1.3534 0.988 0.7586 0.424 0.2914 0.2098 0.0898 0.0312 0 0 0 0 0 0 0 0 0 0.0308 0.051 0.1772 0.3976 0.6496 0.6874 0.6054 0.479 0.4342 0.2376 0.1838 0.0352 0.0312 0 0 0 0 0 0 0 0 0 0.0092 0.0444 0.0626 0.1162 0.2014 0.301 0.1624 0.2298 0.233 0.2484 0.1832 0.1214 0.027 0.0096 0.01 0.0204 0.02 0 
0 0 0 0 0 0 0 0 0 0 0 0 0 0 0 0 0 0 0.0098 0.4582 1.4334 2.1818 1.7536 1.0742 0.636 0.321 0.1032 0.0288 0 0 0 0 0 0 0 0 0 0 0 0.0816 0.2496 0.6926 1.1112 1.1068 1.1064 0.8326 0.4352 0.2012 0.166 0.0168 0 0 0 0 0 0 0 0 0 0.0084 0.0236 0.0928 0.2992 0.425 0.6626 0.638 0.6804 0.5356 0.2976 0.1902 0.08 0.0666 0 0 0 0 0 0 0 0 0 0 0.0314 0.0564 0.0984 0.1304 0.219 0.218 0.3154 0.3438 0.215 0.128 0.1038 0.0666 0.052 0.0218 0 0 0 0 
0 0 0 0 0 0 0 0 0 0 0 0 0 0 0 0 0 0 0.0434 0.4962 1.3608 1.9216 1.7572 1.1516 0.634 0.4494 0.1326 0.0372 0.016 0 0 0 0 0 0 0 0 0 0.0078 0.068 0.2362 0.615 1.085 1.1366 1.0406 0.7878 0.4982 0.3616 0.0836 0.0348 0.0158 0.0074 0.0106 0.011 0 0 0 0 0 0 0 0.0444 0.246 0.5204 0.6038 0.5274 0.653 0.595 0.4838 0.2236 0.0544 0.0254 0.0182 0.0046 0 0 0 0 0 0 0 0 0 0 0.073 0.2008 0.156 0.2248 0.2156 0.3502 0.3402 0.2254 0.1202 0.0514 0.0424 0 0 0 0 0 
0 0 0 0 0 0 0 0 0 0 0 0 0 0 0 0 0 0 0.0106 0.4952 1.2602 2.115 1.8624 1.1354 0.634 0.2834 0.1418 0.027 0.009 0.0132 0.0128 0 0 0 0 0 0 0 0 0.072 0.2962 0.539 0.9442 1.4098 1.105 0.729 0.442 0.235 0.1088 0.066 0.027 0.026 0 0 0 0 0 0 0 0.0026 0.048 0.0578 0.205 0.421 0.673 0.7994 0.6122 0.4416 0.2746 0.187 0.1406 0.0864 0.0508 0 0 0 0 0 0 0 0 0 0.0218 0.032 0.0958 0.1356 0.2312 0.2554 0.2952 0.227 0.2066 0.2004 0.1412 0.0342 0.0436 0.035 0.0128 0.0322 0 0 
0 0 0 0 0 0 0 0 0 0 0 0 0 0 0 0 0 0 0.0616 0.5648 1.8758 2.0602 1.4852 0.9918 0.5198 0.2884 0.1012 0.0512 0 0 0 0 0 0 0 0 0 0 0 0.1632 0.418 1.0354 1.252 1.2214 0.7672 0.4808 0.3074 0.2276 0.067 0.048 0.012 0 0 0 0 0 0 0 0 0 0.0358 0.2116 0.443 0.7254 0.8982 0.5826 0.3302 0.278 0.242 0.164 0.0622 0.0222 0.0048 0 0 0 0 0 0 0 0 0 0.0126 0.1098 0.2318 0.2854 0.2776 0.247 0.122 0.138 0.2156 0.167 0.0568 0.0892 0.0472 0 0 0 0 0 
0 0 0 0 0 0 0 0 0 0 0 0 0 0 0 0 0 0.0062 0.0576 0.5396 1.5172 2.0206 1.7692 1.01 0.6198 0.2786 0.1744 0.0068 0 0 0 0 0 0 0 0 0 0 0.0184 0.148 0.3436 0.7752 1.0964 1.0496 0.945 0.7976 0.3944 0.3016 0.1212 0.009 0 0 0 0 0 0 0 0 0 0.0112 0.0296 0.1586 0.4404 0.5554 0.5756 0.5366 0.5346 0.4774 0.3036 0.2198 0.137 0.0202 0 0 0 0 0 0 0 0 0 0 0.027 0.0968 0.142 0.1536 0.2666 0.2858 0.2376 0.1588 0.172 0.1944 0.1438 0.0528 0.0434 0.0226 0.0028 0 0 0 
0 0 0 0 0 0 0 0 0 0 0 0 0 0 0 0 0 0 0.0906 0.8038 1.4876 1.7954 1.4214 1.1814 0.7742 0.29 0.0964 0.042 0.0172 0 0 0 0 0 0 0 0 0 0.0506 0.24 0.5018 0.6646 1.1184 1.0258 0.8044 0.7366 0.5168 0.2578 0.0484 0.008 0.0088 0.018 0 0 0 0 0 0 0 0.033 0.118 0.2078 0.3206 0.5364 0.6334 0.5912 0.552 0.5166 0.241 0.1458 0.0438 0.0372 0.0232 0 0 0 0 0 0 0 0 0.0246 0.0642 0.0854 0.1296 0.112 0.1322 0.289 0.3004 0.2288 0.2382 0.192 0.0848 0.077 0.0418 0 0 0 0 0 
0 0 0 0 0 0 0 0 0 0 0 0 0 0 0 0 0 0 0.029 0.6586 1.5246 2.0144 1.6848 1.0152 0.615 0.3196 0.1218 0.0122 0.0048 0 0 0 0 0 0 0 0 0 0.0388 0.1608 0.4744 0.7298 1.1104 1.0556 0.8358 0.6926 0.4398 0.2386 0.1348 0.068 0.0206 0 0 0 0 0 0 0 0 0.0376 0.0632 0.2144 0.3622 0.5504 0.6018 0.6296 0.4774 0.2574 0.4002 0.1964 0.1784 0.031 0 0 0 0 0 0 0 0 0.0184 0.0134 0.009 0.086 0.1292 0.2096 0.2548 0.2594 0.267 0.1736 0.123 0.201 0.0992 0.089 0.017 0.0504 0 0 0 0 
0 0 0 0 0 0 0 0 0 0 0 0 0 0 0 0 0 0 0.0466 0.4638 1.5498 1.9472 1.8652 1.1774 0.5626 0.3022 0.0344 0.0336 0.0172 0 0 0 0 0 0 0 0 0 0.021 0.1056 0.3354 0.638 1.0406 1.2822 1.0474 0.6874 0.4066 0.2334 0.1206 0.0324 0.0318 0.0176 0 0 0 0 0 0 0 0.0322 0.054 0.1044 0.2786 0.4288 0.6072 0.7764 0.6576 0.4114 0.3062 0.2014 0.0658 0.028 0.0432 0.0048 0 0 0 0 0 0 0 0.012 0.0232 0.0754 0.0882 0.2568 0.2726 0.2502 0.1466 0.2246 0.1802 0.2308 0.1142 0.0492 0.0364 0.0396 0 0 0 0 
0 0 0 0 0 0 0 0 0 0 0 0 0 0 0 0 0 0 0.0356 0.5094 1.4838 1.7832 1.5068 1.2232 0.6972 0.4348 0.2358 0.077 0.0132 0 0 0 0 0 0 0 0 0 0.0216 0.1154 0.278 0.6958 1.0334 0.9662 0.8882 0.7234 0.55 0.357 0.2234 0.0894 0.0198 0.0102 0.0282 0 0 0 0 0 0 0.0276 0.0246 0.1092 0.2908 0.4626 0.619 0.5556 0.363 0.3934 0.4974 0.343 0.1594 0.0586 0.0556 0.0402 0 0 0 0 0 0 0 0.0122 0.0244 0.0482 0.0358 0.1638 0.19 0.3384 0.2342 0.1952 0.1344 0.1298 0.0886 0.121 0.1394 0.0848 0.0414 0.0184 0 0 
0 0 0 0 0 0 0 0 0 0 0 0 0 0 0 0 0 0.0016 0.0334 0.5954 1.4808 2.0912 1.5284 1.024 0.5448 0.3528 0.2388 0.0868 0.022 0 0 0 0 0 0 0 0 0 0.0132 0.063 0.3572 0.9508 1.0588 1.048 0.8898 0.7046 0.4402 0.2532 0.1236 0.0832 0.0144 0 0 0 0 0 0 0 0 0 0.0416 0.133 0.2596 0.558 0.6462 0.8138 0.504 0.3974 0.3164 0.2104 0.0644 0.0552 0 0 0 0 0 0 0 0 0 0 0.0392 0.0186 0.071 0.125 0.3212 0.2676 0.1972 0.3074 0.2092 0.2264 0.0812 0.0418 0.0412 0.053 0 0 0 0 
0 0 0 0 0 0 0 0 0 0 0 0 0 0 0 0 0 0 0.0616 0.6242 1.7204 2.199 1.789 0.8674 0.534 0.1486 0.045 0.0108 0 0 0 0 0 0 0 0 0 0 0.0138 0.1582 0.4806 0.9434 1.2248 1.2144 0.8394 0.5686 0.3654 0.1426 0.0352 0.0136 0 0 0 0 0 0 0 0 0 0.002 0.1292 0.283 0.3674 0.6054 0.7644 0.6218 0.504 0.3336 0.2022 0.1498 0.0372 0 0 0 0 0 0 0 0 0 0 0.0208 0.0608 0.074 0.1648 0.2356 0.3158 0.3978 0.251 0.1662 0.133 0.0452 0.071 0.0466 0.0174 0 0 0 0 0 
0 0 0 0 0 0 0 0 0 0 0 0 0 0 0 0 0 0 0.0266 0.4062 1.2084 2.1116 1.8512 1.2142 0.7972 0.2748 0.0952 0.0146 0 0 0 0 0 0 0 0 0 0 0 0.0418 0.2074 0.4988 1.1576 1.1662 1.1966 0.7552 0.6032 0.2008 0.1176 0.0314 0.0234 0 0 0 0 0 0 0 0 0 0.0164 0.0486 0.1972 0.3372 0.6032 0.7832 0.7728 0.5494 0.377 0.2254 0.037 0.0144 0.0268 0.0114 0 0 0 0 0 0 0 0 0.0174 0.0126 0.0536 0.0702 0.1762 0.2068 0.4738 0.3978 0.2514 0.1776 0.0584 0.0308 0.014 0.0164 0.0192 0.0238 0 0 
0 0 0 0 0 0 0 0 0 0 0 0 0 0 0 0 0 0 0.0346 0.4162 1.5134 2.1914 1.9656 1.0558 0.5554 0.1764 0.0848 0.0064 0 0 0 0 0 0 0 0 0 0 0.0096 0.0604 0.2756 0.6046 1.129 1.3946 1.1562 0.6914 0.362 0.2468 0.0606 0.0092 0 0 0 0 0 0 0 0 0 0 0.049 0.112 0.264 0.4574 0.6844 0.6966 0.696 0.5374 0.292 0.1448 0.029 0.0374 0 0 0 0 0 0 0 0 0 0 0.0112 0.0638 0.0918 0.1318 0.2946 0.32 0.3482 0.3254 0.1876 0.1356 0.076 0.014 0 0 0 0 0 0 
0 0 0 0 0 0 0 0 0 0 0 0 0 0 0 0 0 0 0.0188 0.3946 1.4946 2.1436 1.815 0.9342 0.7366 0.3268 0.0906 0.0452 0 0 0 0 0 0 0 0 0 0 0 0.0624 0.279 0.5856 1.0766 1.299 1.2024 0.6094 0.4136 0.254 0.1014 0.0476 0.0414 0.0276 0 0 0 0 0 0 0 0 0.0176 0.0728 0.2566 0.478 0.5906 0.7826 0.6612 0.487 0.2722 0.1694 0.0964 0.0756 0.04 0 0 0 0 0 0 0 0 0 0.0228 0.0496 0.1114 0.142 0.1778 0.2782 0.3174 0.2314 0.2594 0.222 0.066 0.0358 0.0364 0.0498 0 0 0 0 
0 0 0 0 0 0 0 0 0 0 0 0 0 0 0 0 0 0.004 0.0768 0.4198 1.308 1.9358 1.7816 1.2904 0.713 0.2838 0.134 0.0222 0.014 0.0166 0 0 0 0 0 0 0 0 0.02 0.1672 0.268 0.512 1.061 1.0564 1.0092 0.79 0.5902 0.31 0.1408 0.048 0.0272 0 0 0 0 0 0 0 0 0.0278 0.0498 0.1314 0.228 0.4156 0.5518 0.5802 0.5632 0.581 0.3358 0.3322 0.166 0.0372 0 0 0 0 0 0 0 0 0 0.0072 0.0234 0.0502 0.1134 0.1206 0.173 0.2734 0.233 0.1942 0.2074 0.1886 0.1986 0.1292 0.0568 0.031 0 0 0 0 
0 0 0 0 0 0 0 0 0 0 0 0 0 0 0 0 0 0.004 0.0546 0.3722 1.3478 1.7554 2.07 1.2882 0.6712 0.3406 0.096 0 0 0 0 0 0 0 0 0 0 0 0.013 0.0438 0.1634 0.6166 0.9788 1.2218 1.0942 0.9966 0.5664 0.2492 0.0562 0 0 0 0 0 0 0 0 0 0 0 0.0166 0.061 0.177 0.3572 0.4434 0.7128 0.9448 0.7682 0.3936 0.1152 0.0102 0 0 0 0 0 0 0 0 0 0 0 0.0168 0.0186 0.0274 0.0922 0.181 0.2156 0.2842 0.3738 0.47 0.198 0.09 0.0324 0 0 0 0 0 0 
0 0 0 0 0 0 0 0 0 0 0 0 0 0 0 0 0 0 0.0392 0.5692 1.2834 2.083 1.8688 1.2068 0.477 0.3082 0.123 0.0414 0 0 0 0 0 0 0 0 0 0 0.0092 0.0998 0.262 0.6998 1.2112 1.2156 0.9754 0.6588 0.4608 0.204 0.136 0.0674 0 0 0 0 0 0 0 0 0.0032 0.0142 0.0296 0.1232 0.3842 0.3942 0.6806 0.6492 0.6174 0.4332 0.3442 0.1548 0.1288 0.0432 0 0 0 0 0 0 0 0 0 0 0.027 0.0676 0.1268 0.2348 0.2012 0.1972 0.2136 0.3004 0.1758 0.1798 0.1278 0.0674 0.0506 0.0174 0.0126 0 0 0 
0 0 0 0 0 0 0 0 0 0 0 0 0 0 0 0 0 0 0.0312 0.4176 1.4558 1.8892 1.6134 1.047 0.8324 0.4254 0.2014 0.0786 0.008 0 0 0 0 0 0 0 0 0.0052 0.0352 0.067 0.2618 0.5228 1.0652 1.1084 1.07 0.7482 0.4992 0.2982 0.129 0.0848 0.0652 0.0234 0.0164 0 0 0 0 0 0 0.0146 0.0674 0.11 0.2878 0.2952 0.4494 0.7028 0.6906 0.523 0.2344 0.2334 0.1912 0.1602 0.0362 0.0038 0 0 0 0 0 0 0 0 0.0144 0.0298 0.113 0.1078 0.1508 0.2866 0.2812 0.1742 0.1694 0.2062 0.168 0.114 0.0938 0.0592 0.0192 0.0124 0 0 
0 0 0 0 0 0 0 0 0 0 0 0 0 0 0 0 0 0 0.0798 0.6458 1.5696 2.071 1.4958 1.1642 0.56 0.2484 0.107 0.028 0.0304 0 0 0 0 0 0 0 0 0.006 0.0344 0.1854 0.4068 0.8158 1.0352 1.1314 1.0916 0.6916 0.3764 0.0912 0.0564 0.0438 0.0296 0.0044 0 0 0 0 0 0 0 0.0328 0.1318 0.194 0.346 0.477 0.5926 0.7496 0.577 0.4976 0.2324 0.076 0.0208 0.0256 0.0468 0 0 0 0 0 0 0 0 0.0216 0.0464 0.0984 0.1322 0.1772 0.2054 0.2526 0.2944 0.2476 0.2486 0.1044 0.0654 0.0362 0.0394 0.0302 0 0 0 0 
0 0 0 0 0 0 0 0 0 0 0 0 0 0 0 0 0 0 0.0122 0.4498 1.539 2.08 1.744 1.0964 0.5424 0.3322 0.1372 0.04 0.016 0.0108 0 0 0 0 0 0 0 0 0.005 0.0742 0.3264 0.6774 1.1634 1.2478 0.8902 0.7372 0.3708 0.205 0.0946 0.1108 0.0668 0.009 0.0126 0.0088 0 0 0 0 0 0 0.0246 0.1046 0.2348 0.576 0.784 0.6514 0.4996 0.4264 0.241 0.1506 0.0768 0.098 0.1006 0.0316 0 0 0 0 0 0 0 0 0 0.0218 0.1544 0.2004 0.2816 0.2746 0.2532 0.2014 0.1978 0.1184 0.0772 0.0806 0.0452 0.0268 0.0332 0.0334 0 0 
0 0 0 0 0 0 0 0 0 0 0 0 0 0 0 0 0 0 0.0432 0.3418 1.1668 1.9082 2.0902 1.4894 0.552 0.2706 0.0988 0.039 0 0 0 0 0 0 0 0 0 0 0.0126 0.0654 0.154 0.4176 0.8734 1.3112 1.2786 0.9314 0.618 0.1912 0.0882 0.0362 0.0222 0 0 0 0 0 0 0 0 0.0128 0.0118 0.0164 0.0872 0.2564 0.7546 0.8022 0.7498 0.5032 0.411 0.2142 0.0926 0.0784 0.0094 0 0 0 0 0 0 0 0 0 0 0.0176 0.0112 0.0504 0.2494 0.3324 0.3142 0.3554 0.2144 0.1728 0.1408 0.0702 0.0208 0.0332 0.0172 0 0 0 
0 0 0 0 0 0 0 0 0 0 0 0 0 0 0 0 0 0 0.025 0.3806 1.4416 1.9976 1.6792 1.2312 0.681 0.3098 0.1806 0.0656 0.0078 0 0 0 0 0 0 0 0 0 0 0.0592 0.2846 0.6204 1.0364 1.1858 1.038 0.7382 0.5276 0.2036 0.128 0.0966 0.0798 0.0018 0 0 0 0 0 0 0 0.0076 0.0148 0.0346 0.2372 0.4616 0.6578 0.7342 0.689 0.4414 0.204 0.155 0.1684 0.108 0.0682 0.0182 0 0 0 0 0 0 0 0 0.0054 0.0364 0.016 0.1492 0.2362 0.296 0.3728 0.2662 0.1566 0.1182 0.1008 0.0884 0.0638 0.0378 0.014 0.0122 0.013 0.017 
0 0 0 0 0 0 0 0 0 0 0 0 0 0 0 0 0 0 0.035 0.4518 1.405 2.0286 1.767 1.055 0.6688 0.3586 0.1546 0.0662 0.0094 0 0 0 0 0 0 0 0 0 0.0144 0.083 0.2764 0.6998 0.8896 1.2052 1.0364 0.7458 0.4414 0.3512 0.1356 0.0936 0.0276 0 0 0 0 0 0 0 0 0.0242 0.0298 0.1382 0.2432 0.319 0.5132 0.7106 0.6864 0.5536 0.359 0.2692 0.064 0.067 0.0226 0 0 0 0 0 0 0 0 0 0.0268 0.0176 0.0496 0.173 0.17 0.285 0.2796 0.2516 0.2728 0.2044 0.128 0.0654 0.0668 0.0094 0 0 0 0 
0 0 0 0 0 0 0 0 0 0 0 0 0 0 0 0 0 0 0.0168 0.6336 1.4376 2.1174 1.6142 1.0216 0.6236 0.21 0.195 0.0866 0.0364 0.0072 0 0 0 0 0 0 0 0 0 0.0756 0.2676 0.8232 1.2024 1.154 0.856 0.5764 0.55 0.2622 0.164 0.0522 0.0116 0.0048 0 0 0 0 0 0 0 0.0104 0.0542 0.052 0.2688 0.4984 0.6094 0.8088 0.6094 0.5184 0.2186 0.176 0.1514 0.0242 0 0 0 0 0 0 0 0 0 0 0.0136 0.0636 0.0598 0.128 0.189 0.337 0.3286 0.2898 0.3068 0.1346 0.082 0.0096 0.0094 0.0096 0.0114 0.0272 0 0 
0 0 0 0 0 0 0 0 0 0 0 0 0 0 0 0 0 0 0.08 0.5146 1.5044 2.1344 1.7558 1.1768 0.5954 0.2132 0.0254 0 0 0 0 0 0 0 0 0 0 0 0.0148 0.1646 0.324 0.6644 1.0558 1.4592 1.2046 0.5364 0.3986 0.0834 0.063 0.0312 0 0 0 0 0 0 0 0 0 0.0124 0.0416 0.1696 0.279 0.5396 0.7982 0.7714 0.5462 0.4408 0.2676 0.0686 0.0418 0.0102 0.013 0 0 0 0 0 0 0 0 0 0.0254 0.0778 0.1236 0.1722 0.2902 0.2838 0.308 0.2744 0.232 0.1188 0.0536 0.026 0.0142 0 0 0 0 0 
0 0 0 0 0 0 0 0 0 0 0 0 0 0 0 0 0 0.0088 0.091 0.6972 1.5986 1.7692 1.4068 1.0268 0.79 0.39 0.1516 0.07 0 0 0 0 0 0 0 0 0 0.0124 0.0572 0.1472 0.4166 0.8036 0.93 1.0998 0.9062 0.7878 0.4446 0.1468 0.0836 0.1118 0.0426 0.0098 0 0 0 0 0 0 0 0.0272 0.0242 0.164 0.3114 0.5792 0.7178 0.7332 0.5378 0.2794 0.2598 0.1386 0.1018 0.0376 0.0546 0.016 0.0174 0 0 0 0 0 0 0 0.0106 0.0364 0.0592 0.1836 0.274 0.3638 0.3322 0.2536 0.092 0.146 0.084 0.06 0.0628 0.0292 0.0126 0 0 0 
0 0 0 0 0 0 0 0 0 0 0 0 0 0 0 0 0 0 0.0294 0.737 1.552 1.931 1.7686 0.9854 0.61 0.2916 0.075 0.02 0 0 0 0 0 0 0 0 0 0 0.0162 0.1428 0.4798 0.9008 1.0112 1.2256 0.895 0.6326 0.424 0.2258 0.041 0.0052 0 0 0 0 0 0 0 0 0 0.0228 0.0652 0.184 0.4594 0.6272 0.53 0.7234 0.5484 0.3648 0.2714 0.1306 0.0594 0.0134 0 0 0 0 0 0 0 0 0 0.0026 0.0458 0.1028 0.1654 0.1706 0.2406 0.254 0.2328 0.2678 0.2372 0.118 0.103 0.0594 0 0 0 0 0 0 
0 0 0 0 0 0 0 0 0 0 0 0 0 0 0 0 0 0 0.0104 0.2902 1.3452 1.9574 1.8856 1.1118 0.7228 0.4274 0.2182 0.031 0 0 0 0 0 0 0 0 0 0 0 0.0204 0.1718 0.4494 0.8638 1.2314 1.1192 0.9272 0.5322 0.4344 0.1862 0.0614 0.0026 0 0 0 0 0 0 0 0 0 0 0.0534 0.161 0.2154 0.4948 0.7418 0.6758 0.5944 0.506 0.3462 0.1426 0.054 0.0146 0 0 0 0 0 0 0 0 0 0 0.0284 0.0396 0.0522 0.0884 0.3046 0.2694 0.2428 0.3876 0.2504 0.231 0.0818 0.0238 0 0 0 0 0 
0 0 0 0 0 0 0 0 0 0 0 0 0 0 0 0 0 0.0044 0.0408 0.4992 1.2522 2.033 1.5946 1.1152 0.6718 0.3568 0.2178 0.138 0.046 0.008 0.0156 0.0066 0 0 0 0 0 0 0.0166 0.075 0.2674 0.7206 0.9106 1.0542 0.8758 0.8796 0.4716 0.2712 0.2258 0.1598 0.0684 0.0034 0 0 0 0 0 0 0 0.012 0.0114 0.1152 0.2876 0.3714 0.4782 0.744 0.5474 0.5124 0.3326 0.1722 0.1154 0.136 0.0958 0.0562 0.0122 0 0 0 0 0 0 0.0074 0.0226 0.025 0.0462 0.1224 0.155 0.2418 0.33 0.264 0.1688 0.125 0.1564 0.1086 0.0934 0.0752 0.0274 0.0272 0.0036 0 
0 0 0 0 0 0 0 0 0 0 0 0 0 0 0 0 0 0 0.0484 0.6618 1.6064 1.6602 1.396 1.1896 0.7928 0.3892 0.1688 0.0482 0.0386 0 0 0 0 0 0 0 0 0 0 0.1276 0.3862 0.777 0.948 1.1514 0.921 0.684 0.5024 0.2572 0.1734 0.0718 0 0 0 0 0 0 0 0 0 0.0048 0.0308 0.0906 0.2386 0.5142 0.6782 0.8138 0.565 0.3948 0.3188 0.2424 0.108 0 0 0 0 0 0 0 0 0 0 0 0 0.0202 0.072 0.1428 0.2236 0.2996 0.2496 0.297 0.2614 0.1588 0.1182 0.1052 0.0516 0 0 0 0 0 
0 0 0 0 0 0 0 0 0 0 0 0 0 0 0 0 0 0 0.0402 0.5796 1.5778 1.8404 1.754 1.3916 0.4602 0.246 0.07 0.0402 0 0 0 0 0 0 0 0 0 0 0.0108 0.1318 0.2904 0.7056 1.135 1.2582 1.0782 0.7946 0.3646 0.1512 0.0656 0.014 0 0 0 0 0 0 0 0 0 0 0.0276 0.121 0.283 0.5568 0.677 0.8122 0.6358 0.486 0.2192 0.1214 0.0334 0.0266 0 0 0 0 0 0 0 0 0 0.0142 0.0198 0.0252 0.0628 0.2452 0.3038 0.232 0.3082 0.2936 0.2596 0.1182 0.0348 0.026 0.0156 0.041 0 0 0 0 
0 0 0 0 0 0 0 0 0 0 0 0 0 0 0 0 0 0 0.0798 0.465 1.3784 1.896 1.7942 1.3292 0.5614 0.3246 0.094 0.0698 0.0076 0 0 0 0 0 0 0 0 0 0 0.0538 0.4108 0.7694 0.8618 1.027 0.9472 0.8822 0.412 0.2992 0.2372 0.0402 0.0268 0.025 0.0074 0 0 0 0 0 0 0.0092 0.0476 0.1114 0.2674 0.5378 0.6958 0.5076 0.481 0.3716 0.3424 0.234 0.1776 0.1242 0.0348 0.0384 0.0192 0 0 0 0 0 0 0.0066 0.0296 0.0798 0.1478 0.1796 0.215 0.1912 0.22 0.2308 0.1758 0.149 0.077 0.119 0.0648 0.0642 0.0448 0.005 0 0 
0 0 0 0 0 0 0 0 0 0 0 0 0 0 0 0 0 0 0.036 0.4698 1.3404 2.0902 1.8806 1.1918 0.5992 0.2018 0.1062 0.0356 0.0356 0.0128 0 0 0 0 0 0 0 0 0.0116 0.0362 0.2842 0.7342 1.037 1.1688 1.043 0.8134 0.4038 0.2482 0.1462 0.0496 0.0142 0.0096 0 0 0 0 0 0 0 0 0 0.091 0.3412 0.5494 0.611 0.6346 0.5282 0.4674 0.3104 0.2636 0.1208 0.056 0.0264 0 0 0 0 0 0 0 0 0 0.0108 0.0536 0.0782 0.1866 0.2848 0.2582 0.2596 0.2132 0.1732 0.116 0.1326 0.2214 0.0118 0 0 0 0 0 
0 0 0 0 0 0 0 0 0 0 0 0 0 0 0 0 0 0 0.0394 0.4468 1.4376 2.0836 1.6748 1.2342 0.7114 0.2608 0.0922 0.0192 0 0 0 0 0 0 0 0 0 0 0.0232 0.1352 0.2838 0.5622 1.0608 1.1508 1.085 0.7756 0.432 0.2268 0.1354 0.0872 0.042 0 0 0 0 0 0 0 0 0.0268 0.0534 0.2178 0.2656 0.2286 0.5798 0.7822 0.5936 0.4814 0.2904 0.2594 0.1254 0.036 0.0286 0.0144 0.0166 0 0 0 0 0 0 0.0296 0.0316 0.0548 0.123 0.1598 0.2048 0.1878 0.2648 0.3036 0.247 0.1528 0.0704 0.0512 0.0318 0.0412 0.0458 0 0 0 
0 0 0 0 0 0 0 0 0 0 0 0 0 0 0 0 0 0 0.0706 0.5864 1.6492 1.711 1.7286 1.0918 0.4942 0.3488 0.1928 0.1104 0.0162 0 0 0 0 0 0 0 0 0 0.042 0.152 0.452 0.7794 0.8486 1.1482 0.9624 0.49 0.4488 0.3512 0.2036 0.1144 0.0074 0 0 0 0 0 0 0 0.0078 0.0378 0.1422 0.1796 0.3094 0.448 0.5156 0.5094 0.62 0.2952 0.342 0.3124 0.227 0.0536 0 0 0 0 0 0 0 0 0.0324 0.037 0.041 0.0942 0.0692 0.1184 0.193 0.194 0.2438 0.2458 0.183 0.1864 0.1818 0.1218 0.0252 0.0114 0.0152 0.0064 0 0 
0 0 0 0 0 0 0 0 0 0 0 0 0 0 0 0 0 0 0.0312 0.433 1.3014 1.9166 2.0362 1.1682 0.618 0.2074 0.1044 0.1264 0.034 0.0232 0 0 0 0 0 0 0 0 0 0.0764 0.25 0.6862 0.9852 1.0396 1.1806 0.7512 0.4764 0.2648 0.1304 0.0842 0.0626 0.0124 0 0 0 0 0 0 0 0 0.011 0.0922 0.297 0.449 0.4926 0.6456 0.626 0.4682 0.4382 0.1988 0.1898 0.067 0.0246 0 0 0 0 0 0 0 0 0 0 0.0416 0.0768 0.177 0.2246 0.1966 0.1896 0.3098 0.2562 0.2016 0.1158 0.1054 0.0294 0.0194 0.039 0.0172 0 0 
0 0 0 0 0 0 0 0 0 0 0 0 0 0 0 0 0 0 0.0656 0.5592 1.3424 1.8874 1.683 1.0276 0.6186 0.4534 0.1926 0.1142 0.038 0.018 0 0 0 0 0 0 0 0.008 0.0376 0.0944 0.4316 0.499 0.8986 1.0928 0.9394 0.8162 0.5574 0.2628 0.1384 0.1096 0.0572 0.0214 0.0144 0.0212 0 0 0 0 0 0.0538 0.1204 0.1018 0.173 0.2792 0.5428 0.689 0.596 0.4794 0.4274 0.1728 0.1522 0.1156 0.0458 0.0254 0.0176 0.0078 0 0 0 0.0196 0.0126 0.0166 0.0368 0.041 0.0238 0.0974 0.1338 0.2582 0.256 0.2742 0.3244 0.1388 0.0928 0.0862 0.0656 0.023 0.0222 0.035 0.019 0.023 
0 0 0 0 0 0 0 0 0 0 0 0 0 0 0 0 0 0.003 0.0268 0.3996 1.4344 2.011 1.6438 1.0926 0.6924 0.3144 0.1978 0.088 0.0682 0.028 0 0 0 0 0 0 0 0 0 0.0528 0.3418 0.5428 0.9254 1.1734 0.9602 0.8586 0.5782 0.2934 0.1268 0.0864 0.0382 0.0152 0.0068 0 0 0 0 0 0 0 0.0412 0.118 0.16 0.4452 0.4426 0.5734 0.6978 0.6714 0.3916 0.2548 0.0938 0.0572 0.053 0 0 0 0 0 0 0 0 0 0.0174 0.0346 0.048 0.1088 0.1424 0.2146 0.2852 0.2388 0.3214 0.2076 0.1498 0.1322 0.0754 0.0164 0.0074 0 0 0 
0 0 0 0 0 0 0 0 0 0 0 0 0 0 0 0 0 0 0.031 0.474 1.529 2.0178 1.7368 1.0508 0.5444 0.3468 0.1824 0.0638 0.0232 0 0 0 0 0 0 0 0 0.0044 0.0168 0.033 0.397 0.7086 0.9724 1.0676 1.038 0.686 0.5598 0.2734 0.1514 0.0916 0 0 0 0 0 0 0 0 0 0.0114 0.0294 0.1124 0.2836 0.495 0.7386 0.5276 0.4952 0.554 0.2176 0.2012 0.2244 0.0792 0.0304 0 0 0 0 0 0 0 0 0 0.0298 0.0406 0.1452 0.1704 0.1654 0.2702 0.2896 0.212 0.1708 0.1694 0.1438 0.0774 0.0758 0.0096 0.014 0.016 0 0 
0 0 0 0 0 0 0 0 0 0 0 0 0 0 0 0 0 0 0.0306 0.5432 1.4648 1.9272 1.9152 1.119 0.6354 0.2462 0.0816 0.0228 0.014 0 0 0 0 0 0 0 0 0.0062 0.0144 0.0656 0.2402 0.6852 1.1544 1.3042 1.0434 0.753 0.3652 0.1808 0.1026 0.0848 0 0 0 0 0 0 0 0 0.0072 0.018 0.0284 0.1048 0.2522 0.4344 0.8306 0.698 0.562 0.4154 0.3088 0.153 0.1272 0.0528 0.0072 0 0 0 0 0 0 0 0 0 0.0094 0.081 0.13 0.197 0.2782 0.233 0.2432 0.1968 0.1704 0.2032 0.141 0.069 0.0412 0.0066 0 0 0 0 
0 0 0 0 0 0 0 0 0 0 0 0 0 0 0 0 0 0 0.0412 0.3744 1.281 1.9862 1.9242 1.3074 0.6514 0.276 0.0976 0.0428 0.0178 0 0 0 0 0 0 0 0 0 0 0.0394 0.2876 0.6188 0.969 1.1578 1.1286 0.7396 0.4542 0.3564 0.166 0.027 0.0328 0.0228 0 0 0 0 0 0 0 0.0108 0.0166 0.058 0.2062 0.542 0.5104 0.5576 0.6608 0.6572 0.3464 0.219 0.074 0.0874 0.043 0.0106 0 0 0 0 0 0 0 0 0.0008 0.0632 0.072 0.1544 0.2482 0.1744 0.1726 0.351 0.2348 0.2226 0.1384 0.0726 0.0582 0.0166 0.0202 0 0 0 
0 0 0 0 0 0 0 0 0 0 0 0 0 0 0 0 0 0 0.0438 0.5328 1.5166 2.084 1.517 1.0548 0.7042 0.3106 0.1938 0.0424 0 0 0 0 0 0 0 0 0 0 0.0176 0.0486 0.4266 0.7276 1.1056 1.0458 0.8554 0.867 0.5318 0.2134 0.0964 0.0642 0 0 0 0 0 0 0 0 0 0.0152 0.0524 0.1402 0.3692 0.4278 0.508 0.5994 0.6514 0.6698 0.2726 0.1782 0.086 0.0168 0.013 0 0 0 0 0 0 0 0.0124 0.0232 0.0324 0.0824 0.0924 0.1054 0.1208 0.1974 0.3258 0.396 0.2448 0.1212 0.0834 0.0766 0.0594 0.0264 0 0 0 0 
0 0 0 0 0 0 0 0 0 0 0 0 0 0 0 0 0 0 0.0618 0.6156 1.5398 1.998 1.92 1.1248 0.431 0.2034 0.0556 0.0186 0.0138 0.0176 0 0 0 0 0 0 0 0 0.03 0.052 0.4184 0.751 1.2898 1.3604 1.0116 0.6182 0.255 0.0956 0.054 0.0422 0.0218 0 0 0 0 0 0 0 0 0 0.0128 0.1106 0.3338 0.5406 0.8706 1.0396 0.558 0.3402 0.107 0.031 0.0252 0.0306 0 0 0 0 0 0 0 0 0 0 0.0188 0.04 0.055 0.1868 0.2422 0.4004 0.4942 0.3556 0.1142 0.0266 0.0208 0.025 0.0204 0 0 0 0 0 
0 0 0 0 0 0 0 0 0 0 0 0 0 0 0 0 0 0 0.0308 0.6474 1.5094 1.7988 1.503 1.0966 0.7846 0.392 0.1802 0.0572 0 0 0 0 0 0 0 0 0 0 0.0294 0.1188 0.368 0.745 1.0774 1.094 0.7976 0.606 0.5376 0.3524 0.155 0.0904 0.01 0.0184 0 0 0 0 0 0 0 0.026 0.0486 0.255 0.4156 0.3912 0.439 0.458 0.5644 0.5016 0.393 0.2594 0.1492 0.0508 0.0426 0.0056 0 0 0 0 0 0 0 0.0154 0.0496 0.0614 0.1888 0.1638 0.1312 0.1404 0.2052 0.179 0.223 0.226 0.1532 0.1632 0.066 0.0258 0.008 0 0 0 
0 0 0 0 0 0 0 0 0 0 0 0 0 0 0 0 0 0 0.0098 0.5052 1.1922 1.707 1.733 1.304 0.9922 0.3768 0.1508 0.0218 0.0072 0 0 0 0 0 0 0 0 0 0.0318 0.109 0.2694 0.55 0.7654 1.1522 0.9216 0.8182 0.7002 0.3784 0.1842 0.1024 0.0172 0 0 0 0 0 0 0 0 0.0286 0.0998 0.1216 0.1544 0.2644 0.4004 0.7126 0.5034 0.631 0.3902 0.4064 0.172 0.0868 0.0284 0 0 0 0 0 0 0 0 0.0284 0.0396 0.0748 0.0276 0.0556 0.0588 0.1818 0.2624 0.3416 0.2474 0.2334 0.1362 0.1472 0.0966 0.0686 0 0 0 0 
0 0 0 0 0 0 0 0 0 0 0 0 0 0 0 0 0 0 0.0562 0.5902 1.523 1.6292 1.7252 1.2648 0.7092 0.3842 0.113 0.005 0 0 0 0 0 0 0 0 0 0 0.0254 0.1144 0.3464 0.7714 0.9146 0.9662 1.1282 0.7428 0.5086 0.3034 0.1062 0.0712 0.0012 0 0 0 0 0 0 0 0 0.0168 0.0234 0.1452 0.2482 0.3748 0.8004 0.7134 0.606 0.4258 0.2296 0.1478 0.1446 0.074 0.0484 0.0016 0 0 0 0 0 0 0 0 0.037 0.081 0.0312 0.076 0.2152 0.3026 0.3218 0.4116 0.2226 0.0818 0.0754 0.0424 0.0408 0.0362 0.0244 0 0 0 
0 0 0 0 0 0 0 0 0 0 0 0 0 0 0 0 0 0 0.0488 0.493 1.2946 1.968 1.8122 1.1908 0.7398 0.3274 0.0928 0.0326 0 0 0 0 0 0 0 0 0 0 0 0.0764 0.251 0.5554 0.9576 1.2488 1.0858 0.8692 0.583 0.2426 0.1046 0.0256 0 0 0 0 0 0 0 0 0 0 0.0072 0.045 0.1888 0.3728 0.7244 0.8588 0.6114 0.5294 0.2874 0.168 0.119 0.0534 0.0124 0.022 0 0 0 0 0 0 0 0 0.0102 0.0346 0.034 0.1104 0.2086 0.252 0.315 0.3726 0.2758 0.2312 0.0898 0.0212 0.0252 0.0194 0 0 0 0 
0 0 0 0 0 0 0 0 0 0 0 0 0 0 0 0 0 0 0.0296 0.4068 1.1898 1.8844 1.788 1.497 0.8054 0.2072 0.1534 0.03 0.0084 0 0 0 0 0 0 0 0 0 0.0054 0.0664 0.18 0.5736 1.0014 1.0634 1.2292 0.761 0.453 0.3588 0.1502 0.1052 0.0524 0 0 0 0 0 0 0 0 0 0.0098 0.0724 0.2782 0.3832 0.6458 0.5906 0.5778 0.3726 0.3758 0.2514 0.2128 0.141 0.044 0.0278 0.0168 0 0 0 0 0 0 0 0 0.0086 0.0472 0.1118 0.345 0.3494 0.2412 0.1528 0.135 0.1168 0.1366 0.1138 0.098 0.0744 0.0436 0.0258 0 0 
0 0 0 0 0 0 0 0 0 0 0 0 0 0 0 0 0 0 0.0838 0.5392 1.71 1.8732 1.563 1.0866 0.4576 0.3446 0.201 0.0902 0.0508 0 0 0 0 0 0 0 0 0.0068 0.0336 0.1334 0.4152 0.7558 1.1156 1.0026 0.9254 0.5868 0.483 0.2726 0.136 0.0926 0.0406 0 0 0 0 0 0 0 0 0.0058 0.091 0.2148 0.3572 0.5274 0.547 0.5868 0.503 0.3328 0.365 0.214 0.1546 0.0518 0.0404 0.0084 0 0 0 0 0 0 0 0 0.0348 0.1092 0.1478 0.2184 0.1766 0.136 0.193 0.2572 0.172 0.2186 0.1748 0.0646 0.0426 0.04 0.0144 0 0 0 
0 0 0 0 0 0 0 0 0 0 0 0 0 0 0 0 0 0 0.0294 0.3952 1.19 1.8736 1.9572 1.1444 0.8024 0.4506 0.0716 0.0826 0.003 0 0 0 0 0 0 0 0 0 0.0048 0.0368 0.2088 0.527 0.8954 1.257 1.0936 0.8182 0.554 0.3274 0.1996 0.0642 0.0132 0 0 0 0 0 0 0 0 0 0 0.031 0.154 0.2766 0.8158 0.6844 0.6054 0.5364 0.4598 0.1624 0.1034 0.0978 0.0418 0.0312 0 0 0 0 0 0 0 0 0 0 0.0334 0.1298 0.2246 0.258 0.2336 0.251 0.2106 0.24 0.2198 0.104 0.0334 0.0122 0.015 0.018 0.0166 0 
0 0 0 0 0 0 0 0 0 0 0 0 0 0 0 0 0 0 0.05 0.6508 1.2906 1.8466 1.9068 1.0858 0.6368 0.3194 0.1118 0.0814 0.02 0 0 0 0 0 0 0 0 0 0.02 0.1358 0.3616 0.7246 1.0694 1.1396 0.8344 0.6582 0.3958 0.3418 0.1596 0.1212 0.0286 0.0094 0 0 0 0 0 0 0 0.0112 0.058 0.1342 0.376 0.4864 0.6248 0.6656 0.4854 0.3512 0.2384 0.1864 0.1706 0.1292 0.0722 0.0104 0 0 0 0 0 0 0 0 0.0088 0.0432 0.1236 0.2494 0.283 0.2264 0.208 0.196 0.1656 0.1532 0.0804 0.0778 0.0644 0.0346 0.0692 0.0164 0 0 
0 0 0 0 0 0 0 0 0 0 0 0 0 0 0 0 0 0 0.0828 0.6664 1.2824 1.7334 1.7214 1.2612 0.7686 0.31 0.1096 0.0642 0 0 0 0 0 0 0 0 0 0 0.0204 0.1324 0.35 0.739 0.9312 1.0658 0.9136 0.8466 0.4708 0.3516 0.0862 0.0778 0.0146 0 0 0 0 0 0 0 0 0.023 0.0774 0.1322 0.247 0.4266 0.4654 0.6594 0.737 0.4678 0.3892 0.243 0.1122 0.0198 0 0 0 0 0 0 0 0 0 0 0.0118 0.0444 0.1282 0.1332 0.1888 0.2362 0.2982 0.1884 0.2506 0.1504 0.275 0.0948 0 0 0 0 0 0 
0 0 0 0 0 0 0 0 0 0 0 0 0 0 0 0 0 0 0.0898 0.468 1.5948 2.0746 1.8032 1.0308 0.539 0.2322 0.1194 0.0482 0 0 0 0 0 0 0 0 0 0 0.0188 0.1256 0.3206 0.8488 1.1912 1.2732 0.9044 0.6482 0.349 0.2286 0.0688 0.0228 0 0 0 0 0 0 0 0 0 0.0028 0.049 0.1408 0.3704 0.5768 0.7056 0.6258 0.5984 0.5058 0.3192 0.0668 0.0116 0.0158 0.0112 0 0 0 0 0 0 0 0 0 0.0118 0.066 0.137 0.2152 0.2436 0.3122 0.256 0.2574 0.161 0.1556 0.0976 0.0468 0.0174 0.0224 0 0 0 0 
0 0 0 0 0 0 0 0 0 0 0 0 0 0 0 0 0 0 0.0144 0.5444 1.5532 2.083 1.643 1.17 0.54 0.277 0.091 0.0456 0.0262 0.0122 0 0 0 0 0 0 0 0 0 0.1172 0.4408 0.8052 1.054 1.0856 0.798 0.7096 0.505 0.2654 0.1596 0.0596 0 0 0 0 0 0 0 0 0 0.0038 0.0672 0.2498 0.2902 0.5114 0.6182 0.5404 0.536 0.408 0.3512 0.2426 0.121 0.0602 0 0 0 0 0 0 0 0 0 0.025 0.0576 0.0908 0.149 0.1674 0.1476 0.2348 0.2474 0.1758 0.233 0.2344 0.0716 0.1014 0.039 0.0252 0 0 0 0 
0 0 0 0 0 0 0 0 0 0 0 0 0 0 0 0 0 0 0.0584 0.5946 1.416 1.9412 1.6798 1.0588 0.7316 0.3088 0.1282 0.0614 0.0212 0 0 0 0 0 0 0 0 0 0.0212 0.1316 0.4198 0.6804 0.9634 1.1796 1.0504 0.6712 0.3828 0.2422 0.144 0.071 0.0304 0.012 0 0 0 0 0 0 0 0 0.0882 0.1344 0.2242 0.6656 0.6778 0.5592 0.5814 0.4498 0.1478 0.1684 0.1206 0.1294 0.0414 0.0118 0 0 0 0 0 0 0 0 0 0.069 0.0842 0.1934 0.236 0.324 0.2496 0.2352 0.1328 0.1468 0.124 0.0634 0.099 0.0166 0.026 0 0 0 
0 0 0 0 0 0 0 0 0 0 0 0 0 0 0 0 0 0 0.0508 0.456 1.4216 1.8474 1.6218 1.1384 0.8316 0.3718 0.128 0.0854 0.0472 0 0 0 0 0 0 0 0 0 0.0108 0.0532 0.2486 0.6884 0.8626 1.2106 1.005 0.8378 0.4742 0.3612 0.141 0.0688 0.0364 0.0014 0 0 0 0 0 0 0 0 0.0128 0.053 0.1916 0.4472 0.5962 0.6894 0.6224 0.55 0.3938 0.2818 0.0532 0.0856 0.023 0 0 0 0 0 0 0 0 0 0.0034 0.016 0.0244 0.1302 0.2506 0.2816 0.1718 0.2146 0.2448 0.325 0.2156 0.045 0.036 0.0098 0.019 0.0122 0 0 
0 0 0 0 0 0 0 0 0 0 0 0 0 0 0 0 0 0 0.0282 0.3806 1.5636 1.7858 1.4704 1.2788 0.716 0.4444 0.1578 0.0714 0.0386 0.0352 0.0292 0 0 0 0 0 0 0 0.0176 0.0786 0.2896 0.6646 0.8706 1.0636 1.0284 0.7898 0.5194 0.3112 0.1724 0.1084 0.0584 0.0274 0 0 0 0 0 0 0 0.0068 0.052 0.0656 0.224 0.3774 0.4574 0.7346 0.6458 0.551 0.3708 0.1996 0.1372 0.0874 0.0446 0.0378 0.008 0 0 0 0 0 0 0.0224 0.0148 0.0258 0.056 0.0954 0.1394 0.2112 0.2594 0.3204 0.2674 0.1932 0.0752 0.0852 0.081 0.0464 0.0314 0.0324 0.0134 0.0296 
0 0 0 0 0 0 0 0 0 0 0 0 0 0 0 0 0 0.0062 0.0444 0.5576 1.4876 2.0306 1.4862 1.1372 0.6386 0.37 0.155 0.0526 0.0188 0.0152 0 0 0 0 0 0 0 0 0.0246 0.0974 0.3648 0.8412 1.0348 1.1062 0.9626 0.7744 0.3736 0.2084 0.1694 0.0426 0 0 0 0 0 0 0 0 0 0 0.0338 0.083 0.3682 0.429 0.7 0.7892 0.6798 0.3954 0.2716 0.1714 0.0446 0.012 0.016 0.006 0 0 0 0 0 0 0 0 0 0.0352 0.05 0.1414 0.3438 0.2478 0.262 0.3412 0.2038 0.1432 0.0964 0.0502 0.0394 0.0098 0.0124 0.0154 0.008 0 
0 0 0 0 0 0 0 0 0 0 0 0 0 0 0 0 0 0 0.0246 0.5304 1.5202 1.9426 1.5546 1.148 0.6318 0.343 0.1794 0.1152 0.0102 0 0 0 0 0 0 0 0 0 0.0092 0.0532 0.3974 0.7612 1.1132 1.111 0.873 0.6184 0.4062 0.2656 0.2538 0.0582 0.0394 0.0402 0 0 0 0 0 0 0 0.0142 0.0084 0.081 0.3366 0.548 0.6708 0.6802 0.5 0.342 0.3274 0.2032 0.1268 0.077 0.0298 0.048 0.0066 0 0 0 0 0 0 0 0 0.0066 0.118 0.2062 0.278 0.3018 0.2156 0.1834 0.1634 0.1398 0.127 0.1324 0.0272 0.0282 0.052 0.0204 0 0 
0 0 0 0 0 0 0 0 0 0 0 0 0 0 0 0 0 0 0.028 0.4182 1.3824 1.8578 1.5756 1.1892 0.8458 0.4488 0.153 0.0768 0.0244 0 0 0 0 0 0 0 0 0 0.0014 0.0772 0.2976 0.4728 0.8822 1.2278 0.9028 0.8408 0.6478 0.3514 0.1488 0.089 0.0604 0 0 0 0 0 0 0 0 0 0.0072 0.073 0.3148 0.4478 0.39 0.4792 0.6528 0.6586 0.3762 0.2764 0.1462 0.1158 0.0454 0.0166 0 0 0 0 0 0 0 0 0 0.0414 0.053 0.1218 0.2418 0.1888 0.2152 0.2592 0.2324 0.1502 0.2252 0.1118 0.065 0.0442 0.0144 0.0288 0.0068 0 
0 0 0 0 0 0 0 0 0 0 0 0 0 0 0 0 0 0 0.0656 0.4946 1.3822 1.8264 1.8402 1.149 0.5794 0.3246 0.1976 0.0968 0.0436 0 0 0 0 0 0 0 0 0 0.0152 0.1352 0.3452 0.5858 1.0242 0.9828 0.9838 0.6106 0.4962 0.3424 0.2654 0.1288 0.0516 0.0226 0.0102 0 0 0 0 0 0.0062 0.0104 0.0374 0.1954 0.2882 0.4042 0.4622 0.51 0.5092 0.517 0.4332 0.2072 0.1728 0.144 0.061 0.0118 0.0298 0 0 0 0 0 0 0.0128 0.0344 0.0756 0.1432 0.1174 0.1492 0.1928 0.1718 0.1746 0.242 0.2932 0.1566 0.1042 0.084 0.0298 0.0184 0 0 0 
0 0 0 0 0 0 0 0 0 0 0 0 0 0 0 0 0 0 0.0262 0.5972 1.5238 2.1254 1.7022 0.9646 0.5662 0.3004 0.1248 0.0368 0.0102 0.0222 0 0 0 0 0 0 0 0 0.0252 0.1988 0.4336 0.5158 1.0992 1.1382 0.9978 0.777 0.3722 0.2282 0.158 0.0418 0.0142 0 0 0 0 0 0 0 0 0.0362 0.126 0.2256 0.197 0.34 0.6628 0.625 0.713 0.503 0.2416 0.1548 0.1256 0.0494 0 0 0 0 0 0 0 0 0 0.0302 0.0422 0.0768 0.049 0.2082 0.2266 0.2748 0.2448 0.2828 0.2656 0.1392 0.0292 0.0392 0.0182 0.0214 0.0336 0.0182 0 0 
0 0 0 0 0 0 0 0 0 0 0 0 0 0 0 0 0 0.0054 0.043 0.7222 1.7046 2.11 1.6556 0.906 0.4856 0.2812 0.0458 0.0104 0.0208 0.0094 0 0 0 0 0 0 0 0 0.04 0.177 0.4004 0.8492 1.3364 1.3654 0.901 0.5164 0.1926 0.1068 0.0794 0.0178 0.0176 0 0 0 0 0 0 0 0 0.0208 0.0642 0.1606 0.4872 0.5504 0.8836 0.8174 0.4244 0.3458 0.1754 0.0468 0.0162 0.0072 0 0 0 0 0 0 0 0 0 0.018 0.061 0.0674 0.0594 0.252 0.3308 0.2958 0.3484 0.348 0.0692 0.063 0.0508 0.0362 0 0 0 0 0 0 
0 0 0 0 0 0 0 0 0 0 0 0 0 0 0 0 0 0 0.0612 0.6298 1.412 1.9862 1.6022 1.1512 0.6212 0.3204 0.1614 0.034 0.0204 0 0 0 0 0 0 0 0 0 0.014 0.1854 0.553 0.6454 0.8498 1.0108 0.9824 0.7376 0.546 0.315 0.1072 0.0534 0 0 0 0 0 0 0 0 0.0034 0.0382 0.093 0.2242 0.3964 0.356 0.4786 0.6928 0.4826 0.4034 0.3002 0.3292 0.1356 0.0562 0.0102 0 0 0 0 0 0 0 0 0.0064 0.0592 0.0606 0.124 0.2268 0.1762 0.195 0.2752 0.2484 0.1784 0.1172 0.1158 0.051 0.0634 0.0636 0.0388 0 0 0 
0 0 0 0 0 0 0 0 0 0 0 0 0 0 0 0 0 0 0.062 0.4832 1.342 1.8326 1.666 1.247 0.7678 0.3676 0.1902 0.0244 0.0152 0.002 0 0 0 0 0 0 0 0 0.0126 0.106 0.354 0.5228 0.8206 1.3 1.033 0.7958 0.5666 0.2544 0.1176 0.0992 0.0124 0.005 0 0 0 0 0 0 0 0 0.0488 0.0916 0.219 0.4684 0.5178 0.7022 0.575 0.5986 0.2922 0.2772 0.1306 0.0374 0.0292 0.012 0 0 0 0 0 0 0 0 0 0 0.0774 0.1564 0.2092 0.2116 0.3354 0.3048 0.143 0.1768 0.1638 0.125 0.0868 0.0098 0 0 0 0 
0 0 0 0 0 0 0 0 0 0 0 0 0 0 0 0 0 0 0.083 0.6236 1.8244 1.9854 1.5426 0.9866 0.6004 0.2202 0.1108 0.023 0 0 0 0 0 0 0 0 0 0 0.0418 0.1724 0.4728 0.9324 1.1518 1.057 0.99 0.4984 0.378 0.157 0.0876 0.0608 0 0 0 0 0 0 0 0 0 0.0118 0.0782 0.2374 0.527 0.592 0.6558 0.6398 0.4522 0.2744 0.2336 0.1752 0.075 0.0284 0.0192 0 0 0 0 0 0 0 0 0.0104 0.0626 0.1376 0.1724 0.2534 0.2444 0.2982 0.1798 0.1566 0.1222 0.1218 0.1312 0.03 0.0476 0.0194 0.0124 0 0 0 
0 0 0 0 0 0 0 0 0 0 0 0 0 0 0 0 0 0 0.0228 0.5022 1.4212 2.0264 1.6574 1.1042 0.6928 0.3406 0.1408 0.0614 0.0302 0 0 0 0 0 0 0 0 0 0.0216 0.045 0.2858 0.7518 0.8912 1.1508 1.144 0.8464 0.3872 0.1808 0.1754 0.0984 0.0216 0 0 0 0 0 0 0 0 0.0128 0.0628 0.1282 0.234 0.3518 0.4556 0.6936 0.8668 0.5312 0.2562 0.2166 0.149 0.0414 0 0 0 0 0 0 0 0 0 0.0264 0.034 0.0268 0.0952 0.1226 0.1368 0.2034 0.2746 0.3282 0.2664 0.2264 0.1232 0.067 0.0336 0.0098 0.0128 0.0128 0 0 
0 0 0 0 0 0 0 0 0 0 0 0 0 0 0 0 0 0 0.0736 0.588 1.4776 1.7972 1.702 1.1162 0.7744 0.2958 0.1246 0.0506 0 0 0 0 0 0 0 0 0 0.0122 0.0318 0.1146 0.4144 0.6634 0.9656 1.035 0.986 0.7012 0.5032 0.3378 0.1722 0.0216 0.0302 0.0108 0 0 0 0 0 0 0 0.0358 0.0776 0.1506 0.3044 0.351 0.5504 0.6826 0.6062 0.4192 0.3742 0.2526 0.1004 0.059 0.0344 0.0016 0 0 0 0 0 0 0 0.0404 0.0282 0.0214 0.0726 0.1388 0.193 0.3242 0.298 0.2746 0.176 0.1742 0.1132 0.0816 0.0194 0.0154 0.0246 0.0044 0 0 
0 0 0 0 0 0 0 0 0 0 0 0 0 0 0 0 0 0 0.058 0.5968 1.7432 1.7804 1.6324 1.0112 0.7416 0.256 0.1182 0.0252 0.0142 0.0228 0 0 0 0 0 0 0 0 0.022 0.1348 0.5236 0.6598 1.0602 1.1108 1.0132 0.7112 0.3604 0.2322 0.1266 0.0136 0.013 0.018 0.0006 0 0 0 0 0 0 0 0.047 0.2662 0.3458 0.4692 0.5704 0.7628 0.4446 0.5514 0.3246 0.0894 0.0662 0.0236 0.0102 0.023 0.0056 0 0 0 0 0 0 0 0.0506 0.134 0.1448 0.1162 0.1298 0.2236 0.3144 0.3228 0.2938 0.0848 0.0644 0.049 0.009 0.0148 0.0182 0.0298 0 0 
0 0 0 0 0 0 0 0 0 0 0 0 0 0 0 0 0 0.0024 0.0828 0.5682 1.5006 1.802 1.6642 1.1644 0.5846 0.3506 0.1674 0.044 0.0688 0 0 0 0 0 0 0 0 0.0086 0.044 0.1076 0.2582 0.8412 1.0668 1.1136 0.8794 0.7502 0.4552 0.2826 0.1192 0.0386 0.0106 0.0242 0 0 0 0 0 0 0 0 0.0146 0.114 0.341 0.53 0.6832 0.5502 0.5812 0.5646 0.349 0.1476 0.0562 0.0314 0.037 0 0 0 0 0 0 0 0 0 0 0.0258 0.071 0.133 0.278 0.3532 0.2614 0.217 0.2112 0.1462 0.1562 0.091 0.0126 0.0214 0.022 0 0 0 
0 0 0 0 0 0 0 0 0 0 0 0 0 0 0 0 0 0 0.0538 0.607 1.5138 1.816 1.725 1.011 0.681 0.3558 0.1658 0.0602 0.0106 0 0 0 0 0 0 0 0 0 0.0238 0.158 0.3476 0.731 1.022 1.0814 0.9908 0.7154 0.3428 0.3914 0.1412 0.0336 0.0178 0.0032 0 0 0 0 0 0 0 0.0246 0.067 0.1224 0.4014 0.498 0.604 0.5376 0.5024 0.5118 0.2828 0.192 0.1466 0.1078 0.0016 0 0 0 0 0 0 0 0.02 0.0136 0.0102 0.0176 0.0454 0.1706 0.2704 0.3138 0.2936 0.269 0.1526 0.1002 0.1544 0.0852 0.0304 0.0138 0.0214 0.0178 0 0 
0 0 0 0 0 0 0 0 0 0 0 0 0 0 0 0 0 0 0.0618 0.5802 1.449 1.8758 1.5806 1.1026 0.698 0.3856 0.112 0.0542 0.0308 0.028 0.0116 0.0238 0.006 0 0 0 0 0.007 0.0176 0.1408 0.3518 0.6448 1.0238 1.169 0.9892 0.8006 0.509 0.1508 0.0874 0.0284 0.0342 0.0078 0.0102 0.0276 0 0 0 0 0 0 0.08 0.1118 0.2878 0.3322 0.541 0.7468 0.8436 0.5756 0.2862 0.0738 0.0538 0.0198 0.0092 0.0114 0.027 0 0 0 0 0 0 0 0 0.0368 0.1288 0.1194 0.1782 0.1616 0.2324 0.3742 0.3462 0.2108 0.0828 0.042 0.0318 0.026 0.029 0 0 0 
0 0 0 0 0 0 0 0 0 0 0 0 0 0 0 0 0 0 0.0392 0.2834 1.1266 1.9072 1.9092 1.42 0.7658 0.3394 0.1308 0.0664 0.012 0 0 0 0 0 0 0 0 0 0 0.0174 0.2196 0.432 0.7294 1.2174 1.271 0.7796 0.6844 0.32 0.1756 0.1282 0.0254 0 0 0 0 0 0 0 0 0 0 0.0448 0.124 0.257 0.5246 0.6036 0.6558 0.6996 0.4988 0.3728 0.1436 0.0618 0.0136 0 0 0 0 0 0 0 0 0 0 0.0478 0.033 0.0542 0.0378 0.2168 0.36 0.2232 0.3244 0.3156 0.213 0.152 0.0222 0 0 0 0 0 
0 0 0 0 0 0 0 0 0 0 0 0 0 0 0 0 0 0 0.1002 0.5438 1.4896 1.6892 1.7778 1.3034 0.5446 0.2744 0.183 0.04 0.0222 0.0178 0.014 0 0 0 0 0 0 0 0.0342 0.1264 0.3782 0.7118 0.9704 1.0274 1.0012 0.6878 0.5542 0.278 0.1054 0.0744 0.036 0.0146 0 0 0 0 0 0 0.0196 0.0336 0.0486 0.154 0.297 0.4652 0.502 0.6006 0.5074 0.5456 0.4376 0.2114 0.1102 0.04 0.0166 0.0106 0 0 0 0 0 0.0152 0.012 0.0076 0.0184 0.0572 0.0894 0.1532 0.2308 0.1846 0.1968 0.245 0.2288 0.2526 0.1502 0.0628 0.063 0.0324 0 0 0 0 
0 0 0 0 0 0 0 0 0 0 0 0 0 0 0 0 0 0 0.0548 0.5062 1.4162 2.2004 1.7836 0.9762 0.5478 0.359 0.1438 0.012 0 0 0 0 0 0 0 0 0 0 0.0302 0.0806 0.3986 0.6498 0.9914 1.2232 0.9192 0.812 0.4376 0.373 0.0752 0.0092 0 0 0 0 0 0 0 0 0 0.0236 0.0532 0.1804 0.2892 0.4498 0.5334 0.6278 0.7316 0.4692 0.3494 0.1514 0.061 0.0352 0.033 0.0118 0 0 0 0 0 0 0.0078 0.0132 0.038 0.0902 0.0828 0.099 0.2162 0.266 0.2938 0.3728 0.221 0.0958 0.0816 0.0402 0.028 0.0296 0.0164 0.0076 0 0 
0 0 0 0 0 0 0 0 0 0 0 0 0 0 0 0 0 0 0.0442 0.4706 1.6178 1.5296 1.615 1.3986 0.825 0.301 0.159 0.0262 0.013 0 0 0 0 0 0 0 0 0 0.0098 0.0974 0.4162 0.5664 0.9646 0.987 1.0054 0.7224 0.6526 0.3696 0.1228 0.0732 0.0126 0 0 0 0 0 0 0 0 0.0156 0.0454 0.1396 0.2318 0.406 0.525 0.6266 0.637 0.503 0.3902 0.2252 0.1412 0.0798 0.0336 0 0 0 0 0 0 0 0 0.0218 0.0308 0.0714 0.0638 0.1014 0.1648 0.1702 0.3054 0.265 0.2132 0.2162 0.1492 0.118 0.0504 0.0328 0.0144 0.0112 0 0 
0 0 0 0 0 0 0 0 0 0 0 0 0 0 0 0 0 0 0.03 0.4826 1.3294 1.781 2.014 1.1086 0.7116 0.3618 0.1498 0.0312 0 0 0 0 0 0 0 0 0 0 0.007 0.072 0.2796 0.6014 0.8688 1.1264 0.9954 0.858 0.5622 0.4604 0.1502 0.0186 0 0 0 0 0 0 0 0 0.0046 0.0374 0.0328 0.0738 0.1622 0.2632 0.5896 0.6042 0.7174 0.7002 0.3846 0.287 0.1218 0.0212 0 0 0 0 0 0 0 0.0136 0.0132 0.0118 0.0222 0.0246 0.047 0.1176 0.1438 0.235 0.2566 0.2566 0.2624 0.3272 0.1498 0.0708 0.0478 0 0 0 0 0 
0 0 0 0 0 0 0 0 0 0 0 0 0 0 0 0 0 0 0.03 0.4898 1.3086 2.0198 1.8944 1.0994 0.6012 0.3838 0.1036 0.0694 0 0 0 0 0 0 0 0 0 0 0.0192 0.0552 0.257 0.7496 0.9768 1.07 0.921 0.9956 0.5722 0.2666 0.0782 0.0386 0 0 0 0 0 0 0 0 0 0.0284 0.0324 0.035 0.2466 0.4304 0.5534 0.6422 0.629 0.7188 0.4804 0.1662 0.0372 0 0 0 0 0 0 0 0 0 0 0 0 0 0.0882 0.1492 0.1762 0.2672 0.2824 0.2704 0.3526 0.3196 0.0426 0.0322 0.0194 0 0 0 0 0 
0 0 0 0 0 0 0 0 0 0 0 0 0 0 0 0 0 0 0.054 0.498 1.6408 2.0762 1.777 0.9808 0.4506 0.298 0.171 0.0498 0.0038 0 0 0 0 0 0 0 0 0 0.0114 0.0864 0.4166 0.836 1.2044 1.0786 0.7938 0.6696 0.4982 0.269 0.098 0.038 0 0 0 0 0 0 0 0 0 0.0054 0.046 0.211 0.3412 0.5238 0.6314 0.6266 0.6176 0.4286 0.2876 0.156 0.0684 0.0372 0.0192 0 0 0 0 0 0 0 0 0 0.0564 0.0456 0.1364 0.1314 0.2124 0.3222 0.2896 0.287 0.1732 0.1662 0.0856 0.0738 0.0202 0 0 0 0 0 
0 0 0 0 0 0 0 0 0 0 0 0 0 0 0 0 0 0 0.0466 0.557 1.3808 1.8526 1.6744 1.2176 0.7396 0.3234 0.1192 0.0662 0.0166 0.006 0 0 0 0 0 0 0 0 0 0.1078 0.4344 0.652 0.973 1.0068 1.0358 0.8262 0.5132 0.2614 0.111 0.0494 0.0226 0.0064 0 0 0 0 0 0 0 0.0062 0.0444 0.149 0.3576 0.387 0.5036 0.6412 0.7204 0.4526 0.3538 0.2182 0.1118 0.0226 0.0224 0.0092 0 0 0 0 0 0 0 0.0202 0.022 0.0472 0.1002 0.125 0.1406 0.1896 0.3428 0.2322 0.2602 0.2348 0.149 0.0736 0.0438 0.0082 0.0106 0 0 0 
0 0 0 0 0 0 0 0 0 0 0 0 0 0 0 0 0 0 0.0406 0.6122 1.4738 1.7674 1.664 1.133 0.724 0.3752 0.143 0.0454 0.0032 0.0182 0 0 0 0 0 0 0 0 0 0.1336 0.4304 0.6504 1.0206 0.9236 0.985 0.85 0.5536 0.2442 0.1028 0.0466 0.0218 0.0306 0.0068 0 0 0 0 0 0 0.014 0.058 0.13 0.3006 0.4156 0.5364 0.7124 0.7246 0.4326 0.312 0.133 0.0666 0.0604 0.0678 0.036 0 0 0 0 0 0 0 0 0 0.06 0.0598 0.1054 0.1904 0.3642 0.4298 0.1782 0.1614 0.1614 0.1298 0.0446 0.0486 0.0422 0.0182 0.006 0 0 
0 0 0 0 0 0 0 0 0 0 0 0 0 0 0 0 0 0 0.0624 0.642 1.4086 1.6778 1.7764 1.1766 0.7318 0.3798 0.1012 0.0372 0.0062 0 0 0 0 0 0 0 0 0.0074 0.0386 0.1702 0.38 0.5664 1.072 1.087 1.0922 0.7212 0.4766 0.324 0.034 0.0134 0.017 0 0 0 0 0 0 0 0 0 0.0524 0.1706 0.3178 0.4678 0.5414 0.628 0.6668 0.5644 0.3958 0.1544 0.0164 0.0156 0.0086 0 0 0 0 0 0 0 0 0 0.0154 0.033 0.1436 0.1192 0.166 0.2896 0.305 0.2324 0.2614 0.1738 0.1232 0.0944 0.0134 0.0178 0.0118 0 0 0 
0 0 0 0 0 0 0 0 0 0 0 0 0 0 0 0 0 0 0.0564 0.4658 1.2892 1.8378 1.5012 1.1074 0.875 0.4646 0.1882 0.13 0.055 0.0146 0.0148 0 0 0 0 0 0 0 0.0184 0.0684 0.3186 0.6872 0.8742 0.811 0.8326 0.7814 0.6862 0.3598 0.2052 0.1392 0.0842 0.0774 0.0428 0.0134 0 0 0 0 0 0 0.0392 0.0988 0.2614 0.4784 0.443 0.5274 0.5264 0.3716 0.3588 0.231 0.1764 0.2052 0.0954 0.0714 0.0744 0.0412 0 0 0 0 0 0 0.0052 0.0612 0.0952 0.1608 0.1536 0.175 0.2384 0.2596 0.1374 0.1398 0.1138 0.0796 0.109 0.0746 0.0734 0.038 0.0222 0.0438 
0 0 0 0 0 0 0 0 0 0 0 0 0 0 0 0 0 0 0.0306 0.4574 1.231 1.8044 1.7238 1.4308 0.8106 0.2648 0.146 0.0848 0.0158 0 0 0 0 0 0 0 0 0.0044 0.018 0.0578 0.2366 0.4564 0.9474 1.083 1.0068 0.874 0.7028 0.4068 0.081 0.0412 0.0564 0.0274 0 0 0 0 0 0 0.0108 0.013 0.019 0.0228 0.1808 0.392 0.5316 0.649 0.5172 0.639 0.4508 0.2772 0.163 0.1062 0.0128 0.0148 0 0 0 0 0 0 0.013 0.0158 0.0086 0.0066 0.0536 0.1388 0.1386 0.2794 0.1926 0.2236 0.2208 0.238 0.219 0.1426 0.0616 0.0334 0.014 0 0 0 
0 0 0 0 0 0 0 0 0 0 0 0 0 0 0 0 0 0 0.0552 0.5196 1.4692 2.1608 1.6764 1.0828 0.6282 0.2384 0.1302 0.0214 0.0178 0 0 0 0 0 0 0 0 0 0.0448 0.147 0.276 0.7144 1.1364 1.1798 0.9514 0.742 0.4334 0.1598 0.158 0.0396 0.0174 0 0 0 0 0 0 0 0 0.0266 0.0366 0.1484 0.294 0.3602 0.8148 0.6986 0.6388 0.4548 0.2236 0.1342 0.0732 0.0738 0.0224 0 0 0 0 0 0 0 0 0 0 0.0366 0.0956 0.1912 0.2778 0.3158 0.3576 0.2206 0.1818 0.1354 0.088 0.0794 0.0202 0 0 0 0 0 
0 0 0 0 0 0 0 0 0 0 0 0 0 0 0 0 0 0 0.0776 0.6284 1.3856 1.8784 1.8162 1.0688 0.5934 0.3052 0.153 0.076 0.0174 0 0 0 0 0 0 0 0 0 0.0308 0.1962 0.3982 0.7382 0.895 1.0032 0.9712 0.6272 0.506 0.285 0.2116 0.1114 0.026 0 0 0 0 0 0 0 0.0156 0.0344 0.0726 0.1424 0.3234 0.445 0.5662 0.7092 0.5526 0.2522 0.2552 0.2708 0.1756 0.1192 0.0486 0.017 0 0 0 0 0 0 0.01 0.0178 0.011 0.074 0.1036 0.1892 0.2504 0.2636 0.2654 0.1624 0.12 0.1724 0.1244 0.0958 0.0896 0.0504 0 0 0 0 
0 0 0 0 0 0 0 0 0 0 0 0 0 0 0 0 0 0 0.022 0.4816 1.3962 1.9102 1.721 1.1868 0.7586 0.3572 0.1342 0.0282 0.004 0 0 0 0 0 0 0 0 0 0.0064 0.0808 0.1956 0.6724 1.1044 1.1938 0.964 0.808 0.548 0.218 0.1002 0.0744 0.034 0 0 0 0 0 0 0 0 0 0.0184 0.1034 0.1646 0.5146 0.6284 0.6842 0.7128 0.4892 0.2962 0.1586 0.1214 0.0506 0.032 0.0116 0.014 0 0 0 0 0 0 0 0 0.0152 0.0864 0.1524 0.163 0.2632 0.369 0.2844 0.2776 0.1626 0.0882 0.0314 0.0192 0.022 0.038 0.0274 0 0 
0 0 0 0 0 0 0 0 0 0 0 0 0 0 0 0 0 0 0.0478 0.4984 1.4904 1.8306 1.9856 1.3016 0.5124 0.2582 0.0584 0.0166 0 0 0 0 0 0 0 0 0 0 0.014 0.0606 0.4254 0.6264 1.0662 1.031 1.1314 0.9426 0.4488 0.205 0.0396 0.009 0 0 0 0 0 0 0 0 0 0 0.0352 0.13 0.267 0.491 0.695 0.5896 0.6644 0.6054 0.3192 0.1664 0.026 0.0108 0 0 0 0 0 0 0 0 0 0.0174 0.0126 0.0636 0.0772 0.159 0.2226 0.3082 0.3004 0.3434 0.1854 0.1112 0.0954 0.061 0.0426 0 0 0 0 0 
0 0 0 0 0 0 0 0 0 0 0 0 0 0 0 0 0 0 0.0558 0.4224 1.5758 1.7192 1.6466 1.1592 0.7 0.449 0.1664 0.081 0.0246 0 0 0 0 0 0 0 0 0 0.017 0.0726 0.317 0.825 1.0108 0.8912 0.8812 0.7776 0.5824 0.237 0.1394 0.072 0.1392 0.0238 0.0138 0 0 0 0 0 0.0068 0.0202 0.0548 0.1156 0.248 0.2978 0.524 0.853 0.6278 0.4174 0.2948 0.1652 0.1248 0.1464 0.0462 0.0262 0.031 0 0 0 0 0 0.0102 0.0092 0.012 0.056 0.0422 0.1038 0.1816 0.2716 0.2968 0.295 0.1658 0.1828 0.16 0.07 0.0548 0.022 0.0084 0.0094 0.0116 0.0108 
0 0 0 0 0 0 0 0 0 0 0 0 0 0 0 0 0 0 0.0228 0.552 1.3708 2.1344 1.6124 1.0628 0.7716 0.3722 0.0816 0.0194 0 0 0 0 0 0 0 0 0 0 0.0152 0.1222 0.3574 0.6058 1.0036 1.063 1.036 0.787 0.5352 0.2934 0.1482 0.033 0 0 0 0 0 0 0 0 0 0.011 0.0608 0.1522 0.2878 0.4902 0.5478 0.591 0.5798 0.4552 0.3832 0.2064 0.1136 0.0446 0.0518 0.0104 0.0142 0 0 0 0 0 0 0.0218 0.02 0.0344 0.0522 0.2134 0.321 0.186 0.2564 0.2316 0.2118 0.1534 0.1408 0.049 0.039 0.0692 0 0 0 0 
0 0 0 0 0 0 0 0 0 0 0 0 0 0 0 0 0 0 0.0584 0.547 1.3266 1.9238 1.5922 1.2032 0.7784 0.314 0.1466 0.0704 0.0266 0.0128 0 0 0 0 0 0 0 0 0.037 0.0682 0.2298 0.7656 0.972 1.0616 0.9094 0.8086 0.472 0.3578 0.2074 0.0778 0.029 0.0038 0 0 0 0 0 0 0 0 0.031 0.167 0.2802 0.3794 0.4534 0.6886 0.6728 0.482 0.314 0.2026 0.1434 0.1126 0.0438 0.0266 0.0026 0 0 0 0 0 0 0 0.0392 0.0404 0.0752 0.1302 0.2004 0.2196 0.2914 0.3342 0.1618 0.114 0.1136 0.117 0.061 0.024 0.0308 0.0308 0.0164 0 
0 0 0 0 0 0 0 0 0 0 0 0 0 0 0 0 0 0 0.0338 0.5276 1.6664 2.1326 1.709 0.959 0.4194 0.323 0.1596 0.054 0.0156 0 0 0 0 0 0 0 0 0 0.018 0.1162 0.3882 0.777 1.2072 1.2222 0.9116 0.5644 0.4146 0.1932 0.0766 0.0456 0.0652 0 0 0 0 0 0 0 0 0.0214 0.045 0.104 0.3914 0.5774 0.6562 0.7412 0.5694 0.3878 0.2094 0.1348 0.0736 0.071 0.0174 0 0 0 0 0 0 0 0 0.0124 0.0378 0.0814 0.1318 0.1704 0.2326 0.2278 0.3676 0.2062 0.2008 0.075 0.1224 0.1128 0.021 0 0 0 0 0 
