0.03 0.09 0.15 0.21 0.27 0.33 0.39 0.45 0.51 0.57 0.63 0.69 0.75 0.81 0.87 0.93 0.99 1.05 1.11 1.17 1.23 1.29 1.35 1.41 1.47 1.53 1.59 1.65 1.71 1.77 1.83 1.89 1.95 2.01 2.07 2.13 2.19 2.25 2.31 2.37 2.43 2.49 2.55 2.61 2.67 2.73 2.79 2.85 2.91 2.97 3.03 3.09 3.15 3.21 3.27 3.33 3.39 3.45 3.51 3.57 3.63 3.69 3.75 3.81 3.87 3.93 3.99 4.05 4.11 4.17 4.23 4.29 4.35 4.41 4.47 4.53 4.59 4.65 4.71 4.77 4.83 4.89 4.95 5.01 5.07 5.13 5.19 5.25 5.31 5.37 5.43 5.49 5.55 5.61 5.67 5.73 5.79 5.85 5.91 5.97 
0 0 0 0 0 0 0 0 0 0 0 0 0 0 0 0 0 0.9658 5.4742 0.6968 0.054 0.01 0 0 0 0 0 0 0 0 0 0 0 0 0 0.4188 3.1726 1.5242 0.2572 0.0278 0 0 0 0 0 0 0 0 0 0 0 0 0 0.1332 1.443 1.4176 0.5332 0.0712 0.0022 0 0 0 0 0 0 0 0 0 0 0 0 0.0076 0.353 0.7734 0.468 0.1598 0.0384 0 0 0 0 0 0 0 0 0 0 0 0 0 0 0 0 0 0 0 0 0 0 0 
0 0 0 0 0 0 0 0 0 0 0 0 0 0 0 0 0.0008 1.4252 4.9816 1.4986 0.0864 0.005 0.0024 0 0 0 0 0 0 0 0 0 0 0 0.0052 0.5886 2.65 2.1778 0.535 0.0388 0.0046 0 0 0 0 0 0 0 0 0 0 0 0.0054 0.2328 1.0612 1.6212 0.8946 0.176 0.0074 0.0014 0 0 0 0 0 0 0 0 0 0 0.0038 0.047 0.2568 0.5804 0.6962 0.3456 0.0612 0.009 0 0 0 0 0 0 0 0 0 0 0 0 0 0 0 0 0 0 0 0 0 0 
0 0 0 0 0 0 0 0 0 0 0 0 0 0 0 0 0 1.4624 5.239 1.2532 0.0454 0 0 0 0 0 0 0 0 0 0 0 0 0 0.0014 0.5086 3.061 2.1264 0.2958 0.0068 0 0 0 0 0 0 0 0 0 0 0 0 0.001 0.145 1.2582 1.8832 0.6406 0.0694 0.0026 0 0 0 0 0 0 0 0 0 0 0 0 0.0182 0.2486 0.8106 0.6766 0.2196 0.0264 0 0 0 0 0 0 0 0 0 0 0 0 0 0 0 0 0 0 0 0 0 0 0 
0 0 0 0 0 0 0 0 0 0 0 0 0 0 0 0 0.0034 1.327 4.9762 1.5748 0.1158 0.0028 0 0 0 0 0 0 0 0 0 0 0 0 0.0014 0.4256 2.5556 2.49 0.4968 0.0278 0.0028 0 0 0 0 0 0 0 0 0 0 0 0.0008 0.098 0.946 1.8142 0.9818 0.1524 0.0068 0 0 0 0 0 0 0 0 0 0 0 0 0.0094 0.194 0.6196 0.7358 0.384 0.0514 0.0058 0 0 0 0 0 0 0 0 0 0 0 0 0 0 0 0 0 0 0 0 0 0 
0 0 0 0 0 0 0 0 0 0 0 0 0 0 0 0 0.0002 1.2138 4.801 1.7978 0.1768 0.0104 0 0 0 0 0 0 0 0 0 0 0 0 0.002 0.4706 2.1796 2.358 0.8888 0.101 0 0 0 0 0 0 0 0 0 0 0 0 0 0.1384 0.8204 1.4374 1.1876 0.372 0.0442 0 0 0 0 0 0 0 0 0 0 0 0.0004 0.0282 0.1788 0.4666 0.6314 0.4998 0.1664 0.0274 0.001 0 0 0 0 0 0 0 0 0 0 0 0 0 0 0 0 0 0 0 0 0 
0 0 0 0 0 0 0 0 0 0 0 0 0 0 0 0 0.0056 1.3792 4.8208 1.6118 0.1796 0.003 0 0 0 0 0 0 0 0 0 0 0 0 0.011 0.5652 2.5628 2.1302 0.6412 0.0864 0.0032 0 0 0 0 0 0 0 0 0 0 0 0.0056 0.2102 1.0296 1.5736 0.8522 0.2904 0.0384 0 0 0 0 0 0 0 0 0 0 0 0.0014 0.0368 0.2156 0.626 0.6356 0.3064 0.1436 0.0324 0.0022 0 0 0 0 0 0 0 0 0 0 0 0 0 0 0 0 0 0 0 0 0 
0 0 0 0 0 0 0 0 0 0 0 0 0 0 0 0 0.001 1.3696 4.5764 1.7252 0.2688 0.0476 0.0114 0 0 0 0 0 0 0 0 0 0 0 0.0086 0.5532 2.2808 2.1708 0.723 0.1794 0.0682 0.016 0 0 0 0 0 0 0 0 0 0 0.004 0.1648 0.9532 1.4942 0.8532 0.3366 0.1162 0.0448 0.0286 0.0044 0 0 0 0 0 0 0 0 0 0.0292 0.202 0.5486 0.579 0.341 0.1852 0.0492 0.0356 0.021 0.0092 0 0 0 0 0 0 0 0 0 0 0 0 0 0 0 0 0 0 0 
0 0 0 0 0 0 0 0 0 0 0 0 0 0 0 0 0.001 1.0844 5.5204 1.35 0.0414 0.0028 0 0 0 0 0 0 0 0 0 0 0 0 0.0052 0.3886 2.7244 2.4642 0.3946 0.023 0 0 0 0 0 0 0 0 0 0 0 0 0.0072 0.1264 0.9832 1.8488 0.8764 0.1562 0.0018 0 0 0 0 0 0 0 0 0 0 0 0.0016 0.0242 0.1956 0.6942 0.6812 0.3458 0.056 0.0014 0 0 0 0 0 0 0 0 0 0 0 0 0 0 0 0 0 0 0 0 0 0 
0 0 0 0 0 0 0 0 0 0 0 0 0 0 0 0 0.001 1.263 5.0708 1.5338 0.1256 0.0058 0 0 0 0 0 0 0 0 0 0 0 0 0.006 0.4814 2.5136 2.3658 0.5818 0.0488 0.0026 0 0 0 0 0 0 0 0 0 0 0 0.0016 0.135 1.0012 1.6642 0.9866 0.1994 0.012 0 0 0 0 0 0 0 0 0 0 0 0 0.005 0.2338 0.5644 0.7082 0.4132 0.0712 0.0042 0 0 0 0 0 0 0 0 0 0 0 0 0 0 0 0 0 0 0 0 0 0 
0 0 0 0 0 0 0 0 0 0 0 0 0 0 0 0 0.0008 1.061 5.2844 1.4742 0.1594 0.0196 0.0006 0 0 0 0 0 0 0 0 0 0 0 0.0034 0.4362 2.4978 2.2404 0.7064 0.1052 0.0106 0 0 0 0 0 0 0 0 0 0 0 0.0038 0.1386 0.9492 1.5478 0.9954 0.2858 0.0688 0.0106 0 0 0 0 0 0 0 0 0 0 0.0022 0.0266 0.2182 0.5302 0.6608 0.365 0.1512 0.0406 0.0052 0 0 0 0 0 0 0 0 0 0 0 0 0 0 0 0 0 0 0 0 0 
0 0 0 0 0 0 0 0 0 0 0 0 0 0 0 0 0.0002 1.0558 4.7334 1.872 0.271 0.0574 0.0102 0 0 0 0 0 0 0 0 0 0 0 0.0064 0.3808 2.186 2.2078 0.9688 0.2014 0.0468 0.002 0 0 0 0 0 0 0 0 0 0 0.006 0.1216 0.8248 1.3166 1.0268 0.532 0.1536 0.0186 0 0 0 0 0 0 0 0 0 0 0 0.0208 0.1668 0.4418 0.536 0.4074 0.273 0.136 0.0182 0 0 0 0 0 0 0 0 0 0 0 0 0 0 0 0 0 0 0 0 0 
0 0 0 0 0 0 0 0 0 0 0 0 0 0 0 0 0.0012 0.9602 4.5842 1.979 0.4164 0.056 0.003 0 0 0 0 0 0 0 0 0 0 0 0.0088 0.3388 1.9822 2.274 1.0428 0.2704 0.0692 0.0116 0.0022 0 0 0 0 0 0 0 0 0 0.01 0.1016 0.6324 1.3616 1.1358 0.4864 0.1906 0.0642 0.0174 0 0 0 0 0 0 0 0 0 0.0038 0.0188 0.1052 0.3682 0.6092 0.4658 0.2378 0.1136 0.0602 0.0174 0 0 0 0 0 0 0 0 0 0 0 0 0 0 0 0 0 0 0 0 
0 0 0 0 0 0 0 0 0 0 0 0 0 0 0 0 0.0018 1.106 4.367 2.0524 0.4088 0.0498 0.01 0.0042 0 0 0 0 0 0 0 0 0 0 0.0076 0.3484 1.9198 2.2838 1.0904 0.2844 0.054 0.009 0.0026 0 0 0 0 0 0 0 0 0 0.0038 0.1034 0.6108 1.3182 1.1792 0.5512 0.1764 0.0464 0.0074 0.0032 0 0 0 0 0 0 0 0 0 0.019 0.1236 0.3462 0.5666 0.5216 0.26 0.1092 0.0334 0.0158 0.0046 0 0 0 0 0 0 0 0 0 0 0 0 0 0 0 0 0 0 0 
0 0 0 0 0 0 0 0 0 0 0 0 0 0 0 0 0.0024 1.007 4.3556 2.1356 0.4088 0.0714 0.0134 0.0016 0.0024 0.0018 0 0 0 0 0 0 0 0 0.0038 0.3148 1.8404 2.368 1.1036 0.286 0.0652 0.0124 0.0038 0.002 0 0 0 0 0 0 0 0 0.0028 0.0882 0.5722 1.2664 1.1958 0.6206 0.194 0.0396 0.0184 0.002 0 0 0 0 0 0 0 0 0.002 0.0128 0.1024 0.2736 0.5698 0.5512 0.2936 0.1356 0.049 0.01 0 0 0 0 0 0 0 0 0 0 0 0 0 0 0 0 0 0 0 0 
0 0 0 0 0 0 0 0 0 0 0 0 0 0 0 0 0.0006 0.975 4.9136 1.8136 0.248 0.0424 0.0064 0.0004 0 0 0 0 0 0 0 0 0 0 0.0028 0.2638 2.2248 2.538 0.7796 0.1512 0.0324 0.0074 0 0 0 0 0 0 0 0 0 0 0 0.0546 0.6936 1.613 1.1882 0.3412 0.0888 0.012 0.0086 0 0 0 0 0 0 0 0 0 0 0.006 0.1148 0.401 0.7476 0.4668 0.1932 0.0592 0.0064 0.005 0 0 0 0 0 0 0 0 0 0 0 0 0 0 0 0 0 0 0 0 
0 0 0 0 0 0 0 0 0 0 0 0 0 0 0 0 0 1.045 4.6542 2.0634 0.2304 0.007 0 0 0 0 0 0 0 0 0 0 0 0 0.0066 0.4224 1.9938 2.3754 1.0362 0.1592 0.0064 0 0 0 0 0 0 0 0 0 0 0 0.0072 0.1618 0.6654 1.3666 1.1642 0.5588 0.0714 0.0046 0 0 0 0 0 0 0 0 0 0 0.0026 0.0294 0.1352 0.3718 0.5774 0.5506 0.2816 0.0446 0.0068 0 0 0 0 0 0 0 0 0 0 0 0 0 0 0 0 0 0 0 0 0 
0 0 0 0 0 0 0 0 0 0 0 0 0 0 0 0 0.001 1.2412 4.998 1.6384 0.1214 0 0 0 0 0 0 0 0 0 0 0 0 0 0.0124 0.4846 2.3976 2.3876 0.6634 0.0544 0 0 0 0 0 0 0 0 0 0 0 0 0.0042 0.1848 0.9282 1.548 1.0488 0.2642 0.0218 0 0 0 0 0 0 0 0 0 0 0 0 0.0458 0.213 0.5438 0.6304 0.4276 0.1342 0.0052 0 0 0 0 0 0 0 0 0 0 0 0 0 0 0 0 0 0 0 0 0 0 
0 0 0 0 0 0 0 0 0 0 0 0 0 0 0 0 0 1.0956 5.7068 1.1148 0.0814 0.0014 0 0 0 0 0 0 0 0 0 0 0 0 0.0014 0.4674 2.8948 2.2386 0.3606 0.0372 0 0 0 0 0 0 0 0 0 0 0 0 0.0048 0.1496 1.1606 1.785 0.7596 0.1294 0.011 0 0 0 0 0 0 0 0 0 0 0 0.003 0.0164 0.2652 0.685 0.6826 0.2874 0.0604 0 0 0 0 0 0 0 0 0 0 0 0 0 0 0 0 0 0 0 0 0 0 0 
0 0 0 0 0 0 0 0 0 0 0 0 0 0 0 0 0.0008 1.3182 5.0068 1.5052 0.161 0.008 0 0 0 0 0 0 0 0 0 0 0 0 0.012 0.5684 2.5136 2.1616 0.6452 0.0914 0.0072 0.0006 0 0 0 0 0 0 0 0 0 0 0.0072 0.2144 0.9914 1.5488 0.9162 0.2846 0.031 0.0064 0 0 0 0 0 0 0 0 0 0 0 0.0434 0.2352 0.545 0.6486 0.389 0.1206 0.014 0.0042 0 0 0 0 0 0 0 0 0 0 0 0 0 0 0 0 0 0 0 0 0 
0 0 0 0 0 0 0 0 0 0 0 0 0 0 0 0 0 1.329 5.3018 1.2698 0.0916 0.0078 0 0 0 0 0 0 0 0 0 0 0 0 0.0024 0.5572 2.8274 2.1784 0.3944 0.0378 0.0024 0 0 0 0 0 0 0 0 0 0 0 0.002 0.1772 1.1576 1.7562 0.7664 0.1272 0.0134 0 0 0 0 0 0 0 0 0 0 0 0 0.0194 0.285 0.6578 0.6804 0.2904 0.064 0.003 0 0 0 0 0 0 0 0 0 0 0 0 0 0 0 0 0 0 0 0 0 0 
0 0 0 0 0 0 0 0 0 0 0 0 0 0 0 0 0 1.3378 5.3004 1.2678 0.084 0.01 0 0 0 0 0 0 0 0 0 0 0 0 0.003 0.5292 2.898 2.1404 0.3988 0.0306 0 0 0 0 0 0 0 0 0 0 0 0 0.0016 0.179 1.213 1.6662 0.8094 0.1252 0.0056 0 0 0 0 0 0 0 0 0 0 0 0.0008 0.0292 0.2796 0.66 0.6868 0.297 0.0466 0 0 0 0 0 0 0 0 0 0 0 0 0 0 0 0 0 0 0 0 0 0 0 
0 0 0 0 0 0 0 0 0 0 0 0 0 0 0 0 0.001 1.0292 5.0262 1.7138 0.2096 0.019 0.0012 0 0 0 0 0 0 0 0 0 0 0 0.0052 0.446 2.237 2.3706 0.7398 0.17 0.0242 0.0072 0 0 0 0 0 0 0 0 0 0 0.0046 0.1548 0.8488 1.497 0.9914 0.3554 0.1278 0.018 0.0022 0 0 0 0 0 0 0 0 0 0 0.0222 0.2058 0.5112 0.5968 0.3594 0.209 0.0774 0.0084 0.0098 0 0 0 0 0 0 0 0 0 0 0 0 0 0 0 0 0 0 0 0 
0 0 0 0 0 0 0 0 0 0 0 0 0 0 0 0 0 1.2034 4.8356 1.7624 0.1872 0.0096 0.0018 0 0 0 0 0 0 0 0 0 0 0 0.0016 0.3908 2.424 2.3288 0.7652 0.0834 0.0062 0 0 0 0 0 0 0 0 0 0 0 0.0004 0.1016 0.8568 1.6458 1.0404 0.3132 0.04 0.0018 0 0 0 0 0 0 0 0 0 0 0 0.0136 0.1428 0.5538 0.6882 0.4186 0.1442 0.0346 0.0042 0 0 0 0 0 0 0 0 0 0 0 0 0 0 0 0 0 0 0 0 0 
0 0 0 0 0 0 0 0 0 0 0 0 0 0 0 0 0 1.1838 4.9334 1.6322 0.2118 0.0388 0 0 0 0 0 0 0 0 0 0 0 0 0 0.3388 2.5206 2.327 0.6692 0.1252 0.0192 0 0 0 0 0 0 0 0 0 0 0 0 0.077 0.8728 1.6896 1.0014 0.283 0.0644 0.0118 0 0 0 0 0 0 0 0 0 0 0 0.0022 0.1516 0.5456 0.6904 0.4158 0.139 0.051 0.0044 0 0 0 0 0 0 0 0 0 0 0 0 0 0 0 0 0 0 0 0 0 
0 0 0 0 0 0 0 0 0 0 0 0 0 0 0 0 0.0012 1.2034 4.963 1.6956 0.1354 0.0014 0 0 0 0 0 0 0 0 0 0 0 0 0.0032 0.463 2.4196 2.3648 0.6924 0.056 0.001 0 0 0 0 0 0 0 0 0 0 0 0.0074 0.1628 0.931 1.5402 1.0358 0.2918 0.031 0 0 0 0 0 0 0 0 0 0 0 0.002 0.0334 0.2032 0.5386 0.6318 0.4224 0.1522 0.0154 0.001 0 0 0 0 0 0 0 0 0 0 0 0 0 0 0 0 0 0 0 0 0 
0 0 0 0 0 0 0 0 0 0 0 0 0 0 0 0 0 1.0624 4.6386 1.9138 0.3138 0.0578 0.0136 0 0 0 0 0 0 0 0 0 0 0 0.0014 0.3188 2.0678 2.474 0.921 0.177 0.038 0.002 0 0 0 0 0 0 0 0 0 0 0 0.07 0.658 1.5134 1.1658 0.4618 0.1222 0.0088 0 0 0 0 0 0 0 0 0 0 0 0.005 0.0966 0.4216 0.6172 0.5144 0.2498 0.0872 0.0082 0 0 0 0 0 0 0 0 0 0 0 0 0 0 0 0 0 0 0 0 0 
0 0 0 0 0 0 0 0 0 0 0 0 0 0 0 0 0.0006 0.9956 4.8442 1.906 0.2348 0.0188 0 0 0 0 0 0 0 0 0 0 0 0 0.0056 0.2994 2.142 2.5144 0.871 0.1506 0.017 0 0 0 0 0 0 0 0 0 0 0 0.0008 0.0772 0.7258 1.4766 1.1932 0.4308 0.0844 0.0112 0 0 0 0 0 0 0 0 0 0 0 0.009 0.11 0.4826 0.624 0.5048 0.1792 0.0744 0.016 0 0 0 0 0 0 0 0 0 0 0 0 0 0 0 0 0 0 0 0 0 
0 0 0 0 0 0 0 0 0 0 0 0 0 0 0 0 0.003 1.0892 4.5414 1.9158 0.3964 0.0512 0.003 0 0 0 0 0 0 0 0 0 0 0 0.0086 0.3422 1.9846 2.3534 0.9946 0.276 0.0406 0 0 0 0 0 0 0 0 0 0 0 0 0.1006 0.6192 1.426 1.1332 0.5194 0.1702 0.0264 0.005 0 0 0 0 0 0 0 0 0 0 0.0176 0.1112 0.4014 0.6074 0.4666 0.2658 0.1016 0.023 0.003 0.0024 0 0 0 0 0 0 0 0 0 0 0 0 0 0 0 0 0 0 0 
0 0 0 0 0 0 0 0 0 0 0 0 0 0 0 0 0.0006 1.1644 4.5464 1.923 0.3168 0.0488 0 0 0 0 0 0 0 0 0 0 0 0 0.0076 0.364 2.2236 2.2298 0.856 0.2638 0.0454 0.0068 0.003 0 0 0 0 0 0 0 0 0 0.0048 0.0864 0.7906 1.4804 0.953 0.4382 0.193 0.0376 0.016 0 0 0 0 0 0 0 0 0 0 0.0062 0.1286 0.5262 0.5588 0.4074 0.218 0.1084 0.0354 0.011 0 0 0 0 0 0 0 0 0 0 0 0 0 0 0 0 0 0 0 0 
0 0 0 0 0 0 0 0 0 0 0 0 0 0 0 0 0 1.1614 5.3776 1.4028 0.0574 0.0008 0 0 0 0 0 0 0 0 0 0 0 0 0.0032 0.5214 2.6336 2.302 0.5178 0.022 0 0 0 0 0 0 0 0 0 0 0 0 0.0026 0.185 1.0532 1.6546 0.906 0.1954 0.0032 0 0 0 0 0 0 0 0 0 0 0 0.0018 0.0302 0.244 0.6128 0.6836 0.3324 0.0908 0.0044 0 0 0 0 0 0 0 0 0 0 0 0 0 0 0 0 0 0 0 0 0 0 
0 0 0 0 0 0 0 0 0 0 0 0 0 0 0 0 0 1.0082 5.0388 1.739 0.1944 0.0172 0.0024 0 0 0 0 0 0 0 0 0 0 0 0.0034 0.315 2.3732 2.4356 0.754 0.1052 0.0136 0 0 0 0 0 0 0 0 0 0 0 0.002 0.0576 0.8054 1.6496 1.0876 0.349 0.0458 0.003 0 0 0 0 0 0 0 0 0 0 0 0.0014 0.1138 0.5676 0.664 0.4448 0.1676 0.036 0.0048 0 0 0 0 0 0 0 0 0 0 0 0 0 0 0 0 0 0 0 0 0 
0 0 0 0 0 0 0 0 0 0 0 0 0 0 0 0 0.0004 0.9898 5.063 1.678 0.2488 0.02 0 0 0 0 0 0 0 0 0 0 0 0 0.0028 0.356 2.366 2.264 0.8372 0.1658 0.0082 0 0 0 0 0 0 0 0 0 0 0 0.004 0.0884 0.7864 1.5214 1.1386 0.3926 0.0668 0.0018 0 0 0 0 0 0 0 0 0 0 0 0.0068 0.1316 0.4954 0.6376 0.48 0.2058 0.0408 0.002 0 0 0 0 0 0 0 0 0 0 0 0 0 0 0 0 0 0 0 0 0 
0 0 0 0 0 0 0 0 0 0 0 0 0 0 0 0 0.0006 1.0542 4.7994 1.8646 0.2388 0.0366 0.0058 0 0 0 0 0 0 0 0 0 0 0 0.0074 0.3894 2.21 2.3806 0.8352 0.1428 0.0326 0.002 0 0 0 0 0 0 0 0 0 0 0.005 0.112 0.804 1.4484 1.1544 0.3562 0.1074 0.0126 0 0 0 0 0 0 0 0 0 0 0 0.0254 0.1334 0.456 0.645 0.4508 0.2108 0.0566 0.022 0 0 0 0 0 0 0 0 0 0 0 0 0 0 0 0 0 0 0 0 0 
0 0 0 0 0 0 0 0 0 0 0 0 0 0 0 0 0.001 1.1074 4.7916 1.8254 0.2428 0.0318 0 0 0 0 0 0 0 0 0 0 0 0 0.0058 0.3754 2.2346 2.3234 0.9298 0.1244 0.0066 0 0 0 0 0 0 0 0 0 0 0 0 0.0796 0.7972 1.456 1.208 0.4012 0.0564 0.0016 0 0 0 0 0 0 0 0 0 0 0 0.011 0.1236 0.4596 0.6598 0.5284 0.1832 0.0344 0 0 0 0 0 0 0 0 0 0 0 0 0 0 0 0 0 0 0 0 0 0 
0 0 0 0 0 0 0 0 0 0 0 0 0 0 0 0 0.0008 1.0058 4.5224 2.1036 0.3352 0.0302 0.002 0 0 0 0 0 0 0 0 0 0 0 0.0046 0.3106 1.9178 2.4522 1.1108 0.177 0.0254 0.0016 0 0 0 0 0 0 0 0 0 0 0.0006 0.052 0.6096 1.364 1.3274 0.5458 0.0896 0.011 0 0 0 0 0 0 0 0 0 0 0 0.0012 0.0686 0.3644 0.6128 0.5988 0.2806 0.0606 0.013 0 0 0 0 0 0 0 0 0 0 0 0 0 0 0 0 0 0 0 0 0 
0 0 0 0 0 0 0 0 0 0 0 0 0 0 0 0 0.0012 1.0754 4.5456 1.9606 0.3672 0.0456 0.0044 0 0 0 0 0 0 0 0 0 0 0 0.0036 0.3926 2.021 2.316 1.0136 0.2072 0.0374 0.0086 0 0 0 0 0 0 0 0 0 0 0.0038 0.1274 0.6732 1.3322 1.2112 0.4864 0.138 0.0278 0 0 0 0 0 0 0 0 0 0 0 0.0206 0.1454 0.3484 0.5964 0.5128 0.2256 0.1248 0.0248 0.0012 0 0 0 0 0 0 0 0 0 0 0 0 0 0 0 0 0 0 0 0 
0 0 0 0 0 0 0 0 0 0 0 0 0 0 0 0 0.002 1.0472 4.809 1.808 0.2702 0.0586 0.005 0 0 0 0 0 0 0 0 0 0 0 0.0056 0.3596 2.1572 2.427 0.7988 0.2098 0.0398 0.0022 0 0 0 0 0 0 0 0 0 0 0.002 0.0888 0.7146 1.5694 1.095 0.3752 0.1356 0.0194 0 0 0 0 0 0 0 0 0 0 0 0.0156 0.1124 0.4564 0.6482 0.442 0.217 0.0904 0.018 0 0 0 0 0 0 0 0 0 0 0 0 0 0 0 0 0 0 0 0 0 
0 0 0 0 0 0 0 0 0 0 0 0 0 0 0 0 0 1.0584 4.6314 2.037 0.2566 0.0166 0 0 0 0 0 0 0 0 0 0 0 0 0.0062 0.3848 2.0462 2.3606 0.9972 0.1776 0.0252 0.0022 0 0 0 0 0 0 0 0 0 0 0.0028 0.109 0.669 1.4246 1.2366 0.4404 0.0998 0.013 0.0048 0 0 0 0 0 0 0 0 0 0.001 0.0136 0.1202 0.374 0.6556 0.5808 0.181 0.0668 0.0028 0.0042 0 0 0 0 0 0 0 0 0 0 0 0 0 0 0 0 0 0 0 0 
0 0 0 0 0 0 0 0 0 0 0 0 0 0 0 0 0.001 1.128 4.8626 1.7744 0.201 0.0264 0.0066 0 0 0 0 0 0 0 0 0 0 0 0.0044 0.413 2.2362 2.3908 0.8052 0.1364 0.014 0 0 0 0 0 0 0 0 0 0 0 0.0032 0.1298 0.7648 1.5036 1.1938 0.339 0.0648 0.001 0 0 0 0 0 0 0 0 0 0 0 0.0194 0.1514 0.4338 0.7308 0.4486 0.1624 0.051 0.0026 0 0 0 0 0 0 0 0 0 0 0 0 0 0 0 0 0 0 0 0 0 
0 0 0 0 0 0 0 0 0 0 0 0 0 0 0 0 0.002 0.9368 4.8112 1.9138 0.2732 0.0536 0.0094 0 0 0 0 0 0 0 0 0 0 0 0.0042 0.2804 2.1216 2.3844 0.9336 0.225 0.0494 0.0014 0 0 0 0 0 0 0 0 0 0 0.0032 0.075 0.6402 1.4834 1.1458 0.479 0.1474 0.026 0 0 0 0 0 0 0 0 0 0 0.0018 0.013 0.1122 0.3714 0.6566 0.4988 0.2244 0.099 0.0176 0.0052 0 0 0 0 0 0 0 0 0 0 0 0 0 0 0 0 0 0 0 0 
0 0 0 0 0 0 0 0 0 0 0 0 0 0 0 0 0.0042 1.208 4.5176 1.9602 0.2732 0.0336 0.0032 0 0 0 0 0 0 0 0 0 0 0 0.0102 0.4538 2.0212 2.3832 0.9272 0.1842 0.0202 0 0 0 0 0 0 0 0 0 0 0 0.0026 0.131 0.71 1.441 1.1674 0.4494 0.0922 0.0064 0 0 0 0 0 0 0 0 0 0 0 0.0236 0.1458 0.3704 0.6346 0.5316 0.2512 0.0384 0.0044 0 0 0 0 0 0 0 0 0 0 0 0 0 0 0 0 0 0 0 0 0 
0 0 0 0 0 0 0 0 0 0 0 0 0 0 0 0 0.0026 1.1506 4.6402 1.8444 0.3102 0.0502 0.0018 0 0 0 0 0 0 0 0 0 0 0 0.009 0.3686 2.2228 2.2422 0.9168 0.2114 0.0266 0.0026 0 0 0 0 0 0 0 0 0 0 0.005 0.1228 0.7868 1.4184 1.0456 0.4474 0.1498 0.0218 0.0024 0 0 0 0 0 0 0 0 0 0.0018 0.02 0.1608 0.4494 0.5958 0.3978 0.238 0.1112 0.02 0.0052 0 0 0 0 0 0 0 0 0 0 0 0 0 0 0 0 0 0 0 0 
0 0 0 0 0 0 0 0 0 0 0 0 0 0 0 0 0.0012 0.8594 4.4152 2.086 0.5188 0.1062 0.0118 0.0014 0 0 0 0 0 0 0 0 0 0 0.0014 0.283 1.779 2.276 1.1524 0.387 0.1036 0.0142 0.0034 0 0 0 0 0 0 0 0 0 0.002 0.0748 0.5226 1.2186 1.1548 0.7048 0.2208 0.073 0.0284 0.0002 0 0 0 0 0 0 0 0 0 0.0094 0.0936 0.319 0.4328 0.5406 0.355 0.1622 0.0596 0.0228 0.005 0 0 0 0 0 0 0 0 0 0 0 0 0 0 0 0 0 0 0 
0 0 0 0 0 0 0 0 0 0 0 0 0 0 0 0 0 1.001 4.804 1.8538 0.2758 0.0654 0 0 0 0 0 0 0 0 0 0 0 0 0.0002 0.3318 2.1598 2.3506 0.964 0.166 0.0276 0 0 0 0 0 0 0 0 0 0 0 0.0004 0.1104 0.668 1.4216 1.2242 0.4852 0.082 0.0082 0 0 0 0 0 0 0 0 0 0 0 0.022 0.0968 0.3836 0.6488 0.5384 0.2484 0.0534 0.0086 0 0 0 0 0 0 0 0 0 0 0 0 0 0 0 0 0 0 0 0 0 
0 0 0 0 0 0 0 0 0 0 0 0 0 0 0 0 0.0002 0.8796 4.4514 2.303 0.3258 0.0252 0.0148 0 0 0 0 0 0 0 0 0 0 0 0.0046 0.2572 1.6738 2.5282 1.2874 0.2064 0.0368 0.0056 0 0 0 0 0 0 0 0 0 0 0.0012 0.0726 0.4918 1.1918 1.4102 0.6682 0.14 0.0242 0 0 0 0 0 0 0 0 0 0 0.0006 0.0164 0.0868 0.2746 0.5478 0.6164 0.3276 0.1004 0.0246 0.0048 0 0 0 0 0 0 0 0 0 0 0 0 0 0 0 0 0 0 0 0 
0 0 0 0 0 0 0 0 0 0 0 0 0 0 0 0 0.0008 1.1556 4.8564 1.7992 0.176 0.012 0 0 0 0 0 0 0 0 0 0 0 0 0.0056 0.404 2.3262 2.3654 0.7762 0.1142 0.0084 0 0 0 0 0 0 0 0 0 0 0 0.0022 0.1336 0.7684 1.651 1.0272 0.3646 0.0476 0.0054 0 0 0 0 0 0 0 0 0 0 0 0.029 0.1552 0.4666 0.7106 0.4526 0.153 0.024 0.009 0 0 0 0 0 0 0 0 0 0 0 0 0 0 0 0 0 0 0 0 0 
0 0 0 0 0 0 0 0 0 0 0 0 0 0 0 0 0.002 1.1658 4.6086 2.009 0.2082 0.0064 0 0 0 0 0 0 0 0 0 0 0 0 0.0066 0.3192 2.1954 2.4826 0.8848 0.1054 0.006 0 0 0 0 0 0 0 0 0 0 0 0.0024 0.0814 0.7326 1.5606 1.1726 0.392 0.0518 0.0066 0 0 0 0 0 0 0 0 0 0 0 0.0138 0.1072 0.4632 0.7138 0.469 0.1812 0.0426 0.0092 0 0 0 0 0 0 0 0 0 0 0 0 0 0 0 0 0 0 0 0 0 
0 0 0 0 0 0 0 0 0 0 0 0 0 0 0 0 0.0016 1.303 4.5624 1.8636 0.246 0.0234 0 0 0 0 0 0 0 0 0 0 0 0 0.011 0.481 2.2208 2.3164 0.7976 0.1598 0.0134 0 0 0 0 0 0 0 0 0 0 0 0.009 0.1484 0.8284 1.4848 1.0614 0.3814 0.0796 0.007 0 0 0 0 0 0 0 0 0 0 0 0.0278 0.1884 0.455 0.629 0.414 0.2186 0.0522 0.015 0 0 0 0 0 0 0 0 0 0 0 0 0 0 0 0 0 0 0 0 0 
0 0 0 0 0 0 0 0 0 0 0 0 0 0 0 0 0.0008 1.1652 4.6342 1.7714 0.3536 0.0714 0.0034 0 0 0 0 0 0 0 0 0 0 0 0.001 0.3394 2.2506 2.2142 0.872 0.2642 0.0586 0 0 0 0 0 0 0 0 0 0 0 0 0.0842 0.8106 1.4746 0.9488 0.4646 0.182 0.0322 0.003 0 0 0 0 0 0 0 0 0 0 0.0068 0.1698 0.513 0.5312 0.357 0.249 0.1326 0.0324 0.0082 0 0 0 0 0 0 0 0 0 0 0 0 0 0 0 0 0 0 0 0 
0 0 0 0 0 0 0 0 0 0 0 0 0 0 0 0 0.0018 0.9562 4.6038 2.0672 0.3252 0.0446 0.0012 0 0 0 0 0 0 0 0 0 0 0 0.0064 0.3224 1.9606 2.4572 1.0148 0.2112 0.0274 0 0 0 0 0 0 0 0 0 0 0 0.0026 0.0924 0.6204 1.3728 1.2708 0.505 0.1268 0.0092 0 0 0 0 0 0 0 0 0 0 0 0.0174 0.1002 0.3532 0.6072 0.512 0.2988 0.1 0.0112 0 0 0 0 0 0 0 0 0 0 0 0 0 0 0 0 0 0 0 0 0 
0 0 0 0 0 0 0 0 0 0 0 0 0 0 0 0 0.0022 1.1892 4.619 1.85 0.297 0.0366 0.006 0 0 0 0 0 0 0 0 0 0 0 0.0056 0.2986 2.1674 2.4934 0.8432 0.1646 0.025 0.0022 0 0 0 0 0 0 0 0 0 0 0.0016 0.057 0.7036 1.5906 1.086 0.4566 0.0904 0.0142 0 0 0 0 0 0 0 0 0 0 0 0.0054 0.1084 0.5124 0.6398 0.4516 0.2048 0.0682 0.0094 0 0 0 0 0 0 0 0 0 0 0 0 0 0 0 0 0 0 0 0 0 
0 0 0 0 0 0 0 0 0 0 0 0 0 0 0 0 0.0012 1.1518 4.663 1.8926 0.254 0.0374 0 0 0 0 0 0 0 0 0 0 0 0 0.0062 0.419 2.1898 2.3384 0.8688 0.148 0.0252 0.0046 0 0 0 0 0 0 0 0 0 0 0.002 0.1204 0.756 1.5558 1.0648 0.3998 0.0804 0.0174 0.0034 0 0 0 0 0 0 0 0 0 0.0008 0.0174 0.1424 0.4528 0.6468 0.4716 0.178 0.061 0.0254 0.0038 0 0 0 0 0 0 0 0 0 0 0 0 0 0 0 0 0 0 0 0 
0 0 0 0 0 0 0 0 0 0 0 0 0 0 0 0 0 1.0844 4.7116 1.9178 0.2206 0.0412 0.0184 0.006 0 0 0 0 0 0 0 0 0 0 0.0024 0.4112 2.1032 2.4106 0.8238 0.196 0.036 0.0158 0.001 0 0 0 0 0 0 0 0 0 0.0004 0.1336 0.7278 1.4668 1.11 0.4034 0.105 0.04 0.013 0 0 0 0 0 0 0 0 0 0 0.0184 0.135 0.432 0.656 0.4684 0.163 0.0692 0.038 0.0178 0.0022 0 0 0 0 0 0 0 0 0 0 0 0 0 0 0 0 0 0 0 
0 0 0 0 0 0 0 0 0 0 0 0 0 0 0 0 0.0006 1.1406 4.674 1.9008 0.2498 0.0336 0.0006 0 0 0 0 0 0 0 0 0 0 0 0.0048 0.3336 2.161 2.46 0.864 0.1654 0.0112 0 0 0 0 0 0 0 0 0 0 0 0.0022 0.0622 0.7068 1.5918 1.1298 0.403 0.1004 0.0038 0 0 0 0 0 0 0 0 0 0 0 0.0046 0.0986 0.4956 0.73 0.3976 0.189 0.075 0.0082 0.0014 0 0 0 0 0 0 0 0 0 0 0 0 0 0 0 0 0 0 0 0 
0 0 0 0 0 0 0 0 0 0 0 0 0 0 0 0 0.0018 1.1632 4.5102 2.0172 0.2816 0.026 0 0 0 0 0 0 0 0 0 0 0 0 0.0006 0.2778 2.1188 2.493 0.934 0.1564 0.0154 0.004 0 0 0 0 0 0 0 0 0 0 0 0.0504 0.654 1.5612 1.19 0.4176 0.1084 0.015 0.0034 0 0 0 0 0 0 0 0 0 0 0.003 0.0984 0.4314 0.7044 0.493 0.1904 0.0616 0.0148 0.003 0 0 0 0 0 0 0 0 0 0 0 0 0 0 0 0 0 0 0 0 
0 0 0 0 0 0 0 0 0 0 0 0 0 0 0 0 0 1.0958 4.4668 2.1014 0.305 0.031 0 0 0 0 0 0 0 0 0 0 0 0 0.0066 0.3368 1.9206 2.4658 1.0388 0.2128 0.0186 0 0 0 0 0 0 0 0 0 0 0 0.0004 0.1076 0.598 1.3988 1.2172 0.5454 0.1236 0.009 0 0 0 0 0 0 0 0 0 0 0 0.0274 0.104 0.3864 0.5912 0.5334 0.2502 0.1042 0.0032 0 0 0 0 0 0 0 0 0 0 0 0 0 0 0 0 0 0 0 0 0 
0 0 0 0 0 0 0 0 0 0 0 0 0 0 0 0 0.0034 1.0524 4.0802 2.2184 0.5136 0.1054 0.0202 0.0016 0.0024 0.0024 0 0 0 0 0 0 0 0 0.0022 0.2902 1.8522 2.2426 1.1024 0.341 0.1138 0.036 0.0114 0.0058 0.0024 0 0 0 0 0 0 0 0.0018 0.0534 0.5542 1.2902 1.1966 0.5416 0.211 0.0924 0.0386 0.0078 0.012 0.0004 0 0 0 0 0 0 0 0.0024 0.0612 0.3192 0.559 0.5128 0.2826 0.143 0.0626 0.0252 0.0122 0.013 0.0068 0 0 0 0 0 0 0 0 0 0 0 0 0 0 0 0 0 
0 0 0 0 0 0 0 0 0 0 0 0 0 0 0 0 0.001 1.0342 4.6264 1.9492 0.3386 0.0462 0.0044 0 0 0 0 0 0 0 0 0 0 0 0.002 0.3678 2.0602 2.3768 0.94 0.2198 0.0294 0.004 0 0 0 0 0 0 0 0 0 0 0.0034 0.0972 0.6474 1.5134 1.1022 0.4886 0.1322 0.0156 0 0 0 0 0 0 0 0 0 0 0 0.0174 0.0866 0.3758 0.7196 0.4746 0.2224 0.082 0.0216 0 0 0 0 0 0 0 0 0 0 0 0 0 0 0 0 0 0 0 0 0 
0 0 0 0 0 0 0 0 0 0 0 0 0 0 0 0 0 1.0144 4.4874 2.14 0.3206 0.0376 0 0 0 0 0 0 0 0 0 0 0 0 0.0022 0.2962 1.8896 2.4386 1.133 0.215 0.0254 0 0 0 0 0 0 0 0 0 0 0 0 0.0744 0.5356 1.412 1.2752 0.5528 0.1408 0.0092 0 0 0 0 0 0 0 0 0 0 0 0.0074 0.086 0.3374 0.6738 0.5146 0.268 0.0966 0.0162 0 0 0 0 0 0 0 0 0 0 0 0 0 0 0 0 0 0 0 0 0 
0 0 0 0 0 0 0 0 0 0 0 0 0 0 0 0 0.0004 1.2004 4.564 1.894 0.3188 0.0224 0 0 0 0 0 0 0 0 0 0 0 0 0.0042 0.3648 2.1432 2.3728 0.8688 0.2212 0.025 0 0 0 0 0 0 0 0 0 0 0 0.0026 0.0926 0.7264 1.5004 1.0908 0.4494 0.1234 0.0144 0 0 0 0 0 0 0 0 0 0 0 0.0128 0.1374 0.476 0.607 0.4262 0.2504 0.0728 0.0174 0 0 0 0 0 0 0 0 0 0 0 0 0 0 0 0 0 0 0 0 0 
0 0 0 0 0 0 0 0 0 0 0 0 0 0 0 0 0.0006 0.9928 4.5238 2.0566 0.3246 0.0738 0.0278 0 0 0 0 0 0 0 0 0 0 0 0.001 0.3162 1.9064 2.3752 1.02 0.2684 0.0972 0.0136 0.002 0 0 0 0 0 0 0 0 0 0 0.0888 0.5916 1.35 1.145 0.5524 0.1982 0.066 0.0072 0.0008 0 0 0 0 0 0 0 0 0 0.0144 0.1038 0.353 0.5802 0.4934 0.265 0.1454 0.0384 0.0064 0 0 0 0 0 0 0 0 0 0 0 0 0 0 0 0 0 0 0 0 
0 0 0 0 0 0 0 0 0 0 0 0 0 0 0 0 0.0002 1.009 4.9446 1.8402 0.1832 0.0216 0.0012 0 0 0 0 0 0 0 0 0 0 0 0.0062 0.3574 2.214 2.4994 0.7786 0.1224 0.0182 0.0038 0 0 0 0 0 0 0 0 0 0 0.0056 0.1264 0.6802 1.5702 1.198 0.3358 0.0684 0.015 0.0004 0 0 0 0 0 0 0 0 0 0 0.0278 0.1302 0.4372 0.7136 0.4726 0.1422 0.0636 0.0128 0 0 0 0 0 0 0 0 0 0 0 0 0 0 0 0 0 0 0 0 0 
0 0 0 0 0 0 0 0 0 0 0 0 0 0 0 0 0.0022 1.159 4.4416 2.1068 0.2676 0.0228 0 0 0 0 0 0 0 0 0 0 0 0 0.0148 0.3834 1.995 2.4664 0.9498 0.1702 0.0182 0.0022 0 0 0 0 0 0 0 0 0 0.002 0.0088 0.1202 0.6168 1.4764 1.2248 0.448 0.0964 0.0066 0 0 0 0 0 0 0 0 0 0 0.0044 0.02 0.1144 0.3748 0.6228 0.5556 0.2512 0.05 0.0068 0 0 0 0 0 0 0 0 0 0 0 0 0 0 0 0 0 0 0 0 0 
0 0 0 0 0 0 0 0 0 0 0 0 0 0 0 0 0.002 1.1734 5.0922 1.4754 0.2328 0.0242 0 0 0 0 0 0 0 0 0 0 0 0 0.0018 0.4302 2.6562 2.041 0.683 0.1622 0.0256 0 0 0 0 0 0 0 0 0 0 0 0 0.1368 1.0574 1.499 0.879 0.3234 0.0866 0.0178 0 0 0 0 0 0 0 0 0 0 0 0.0266 0.234 0.5896 0.5938 0.3114 0.1524 0.0714 0.019 0.0018 0 0 0 0 0 0 0 0 0 0 0 0 0 0 0 0 0 0 0 0 
0 0 0 0 0 0 0 0 0 0 0 0 0 0 0 0 0 1.29 4.934 1.5592 0.1684 0.0398 0.0086 0 0 0 0 0 0 0 0 0 0 0 0.0012 0.3988 2.6536 2.2756 0.5554 0.0904 0.0214 0.0036 0 0 0 0 0 0 0 0 0 0 0 0.0512 0.9902 1.8224 0.8688 0.2132 0.0438 0.0104 0 0 0 0 0 0 0 0 0 0 0 0.0026 0.1146 0.7062 0.716 0.3046 0.0992 0.0402 0.015 0.0016 0 0 0 0 0 0 0 0 0 0 0 0 0 0 0 0 0 0 0 0 
0 0 0 0 0 0 0 0 0 0 0 0 0 0 0 0 0 1.3086 5.1048 1.4368 0.1256 0.0242 0 0 0 0 0 0 0 0 0 0 0 0 0.0032 0.4576 2.6904 2.3212 0.438 0.083 0.0066 0 0 0 0 0 0 0 0 0 0 0 0.0024 0.1524 1.0132 1.7312 0.895 0.174 0.0294 0.0024 0 0 0 0 0 0 0 0 0 0 0 0.0238 0.2158 0.6704 0.6448 0.3316 0.087 0.0236 0.003 0 0 0 0 0 0 0 0 0 0 0 0 0 0 0 0 0 0 0 0 0 
0 0 0 0 0 0 0 0 0 0 0 0 0 0 0 0 0 1.193 5.0076 1.6302 0.1572 0.012 0 0 0 0 0 0 0 0 0 0 0 0 0.0058 0.4486 2.5402 2.2672 0.6592 0.0762 0.0028 0 0 0 0 0 0 0 0 0 0 0 0.0012 0.1156 0.9274 1.669 1.0178 0.2446 0.0206 0.0038 0 0 0 0 0 0 0 0 0 0 0 0.0142 0.1576 0.5912 0.691 0.4246 0.1064 0.015 0 0 0 0 0 0 0 0 0 0 0 0 0 0 0 0 0 0 0 0 0 0 
0 0 0 0 0 0 0 0 0 0 0 0 0 0 0 0 0 0.9802 4.7646 2.0012 0.2184 0.033 0.0026 0 0 0 0 0 0 0 0 0 0 0 0.0008 0.285 2.0964 2.4948 0.9586 0.15 0.0144 0 0 0 0 0 0 0 0 0 0 0 0 0.0706 0.6218 1.5202 1.2592 0.4446 0.0836 0 0 0 0 0 0 0 0 0 0 0 0 0.0056 0.1064 0.3814 0.674 0.5654 0.2242 0.0398 0.0032 0 0 0 0 0 0 0 0 0 0 0 0 0 0 0 0 0 0 0 0 0 
0 0 0 0 0 0 0 0 0 0 0 0 0 0 0 0 0.0012 1.0324 4.6874 1.9948 0.233 0.0422 0.009 0 0 0 0 0 0 0 0 0 0 0 0.0054 0.363 2.0288 2.4206 0.9994 0.1538 0.0196 0.0094 0 0 0 0 0 0 0 0 0 0 0.005 0.107 0.7118 1.3618 1.2004 0.4824 0.107 0.0196 0.005 0 0 0 0 0 0 0 0 0 0.0014 0.0236 0.1292 0.385 0.5984 0.5402 0.2436 0.0542 0.0182 0.0062 0 0 0 0 0 0 0 0 0 0 0 0 0 0 0 0 0 0 0 0 
0 0 0 0 0 0 0 0 0 0 0 0 0 0 0 0 0.001 1.0886 4.4664 2.0064 0.3968 0.0402 0.0006 0 0 0 0 0 0 0 0 0 0 0 0.0028 0.3728 1.9468 2.3014 1.089 0.2526 0.0322 0.0024 0 0 0 0 0 0 0 0 0 0 0.0016 0.0934 0.6892 1.3046 1.181 0.535 0.1684 0.025 0.0018 0 0 0 0 0 0 0 0 0 0 0.0066 0.1282 0.3812 0.5836 0.4754 0.296 0.0922 0.0368 0 0 0 0 0 0 0 0 0 0 0 0 0 0 0 0 0 0 0 0 0 
0 0 0 0 0 0 0 0 0 0 0 0 0 0 0 0 0 1.0062 5.0804 1.7406 0.1566 0.0162 0 0 0 0 0 0 0 0 0 0 0 0 0.0078 0.3516 2.271 2.5462 0.7298 0.081 0.0084 0.0042 0 0 0 0 0 0 0 0 0 0 0.0004 0.1102 0.742 1.6832 1.1026 0.3088 0.0398 0.013 0 0 0 0 0 0 0 0 0 0 0.001 0.0224 0.122 0.4748 0.7616 0.4396 0.1374 0.0314 0.0078 0.002 0 0 0 0 0 0 0 0 0 0 0 0 0 0 0 0 0 0 0 0 
0 0 0 0 0 0 0 0 0 0 0 0 0 0 0 0 0.0042 1.1694 4.429 2.1182 0.269 0.0102 0 0 0 0 0 0 0 0 0 0 0 0 0.0094 0.3502 1.97 2.4316 1.076 0.154 0.0088 0 0 0 0 0 0 0 0 0 0 0 0.0064 0.1152 0.6618 1.3292 1.2296 0.551 0.1014 0.0054 0 0 0 0 0 0 0 0 0 0 0 0.023 0.1184 0.4088 0.5934 0.521 0.2772 0.055 0.0032 0 0 0 0 0 0 0 0 0 0 0 0 0 0 0 0 0 0 0 0 0 
0 0 0 0 0 0 0 0 0 0 0 0 0 0 0 0 0.0006 1.0596 4.4736 2.1038 0.3396 0.0228 0 0 0 0 0 0 0 0 0 0 0 0 0.0082 0.392 1.8446 2.3784 1.0984 0.2566 0.0218 0 0 0 0 0 0 0 0 0 0 0 0.0062 0.1214 0.6344 1.2784 1.1534 0.645 0.1438 0.0174 0 0 0 0 0 0 0 0 0 0 0.0014 0.0188 0.1228 0.4116 0.5374 0.4706 0.3092 0.1056 0.0208 0.0018 0 0 0 0 0 0 0 0 0 0 0 0 0 0 0 0 0 0 0 0 
0 0 0 0 0 0 0 0 0 0 0 0 0 0 0 0 0.0016 0.9278 4.2002 2.252 0.5266 0.085 0.0068 0 0 0 0 0 0 0 0 0 0 0 0.0092 0.2746 1.7102 2.2942 1.2256 0.421 0.0642 0.001 0 0 0 0 0 0 0 0 0 0 0.0012 0.0794 0.4854 1.218 1.1802 0.7036 0.2828 0.0468 0.0026 0 0 0 0 0 0 0 0 0 0 0.0046 0.0706 0.2778 0.5228 0.5056 0.374 0.1868 0.0556 0.0022 0 0 0 0 0 0 0 0 0 0 0 0 0 0 0 0 0 0 0 0 
0 0 0 0 0 0 0 0 0 0 0 0 0 0 0 0 0.0018 1.179 4.4736 1.9818 0.3378 0.026 0 0 0 0 0 0 0 0 0 0 0 0 0.0128 0.4246 2.0202 2.2974 0.9904 0.2294 0.0252 0 0 0 0 0 0 0 0 0 0 0 0.0076 0.1426 0.66 1.3822 1.1694 0.5206 0.1054 0.0122 0 0 0 0 0 0 0 0 0 0 0 0.0184 0.1408 0.3682 0.6186 0.4924 0.29 0.0626 0.009 0 0 0 0 0 0 0 0 0 0 0 0 0 0 0 0 0 0 0 0 0 
0 0 0 0 0 0 0 0 0 0 0 0 0 0 0 0 0.001 0.9772 4.6136 2.0444 0.2904 0.0676 0.0058 0 0 0 0 0 0 0 0 0 0 0 0.0054 0.3284 1.8878 2.5346 0.958 0.2212 0.0518 0.0128 0 0 0 0 0 0 0 0 0 0 0.0016 0.1016 0.5822 1.3688 1.2434 0.5214 0.1526 0.0284 0 0 0 0 0 0 0 0 0 0 0.0006 0.0162 0.1022 0.3758 0.5884 0.5186 0.269 0.1064 0.0182 0.0046 0 0 0 0 0 0 0 0 0 0 0 0 0 0 0 0 0 0 0 0 
0 0 0 0 0 0 0 0 0 0 0 0 0 0 0 0 0 1.0424 4.3632 2.2212 0.3382 0.035 0 0 0 0 0 0 0 0 0 0 0 0 0.0068 0.357 1.7718 2.3994 1.1928 0.2498 0.0224 0 0 0 0 0 0 0 0 0 0 0 0.009 0.101 0.598 1.246 1.2036 0.6502 0.1814 0.0108 0 0 0 0 0 0 0 0 0 0 0.0024 0.0108 0.1118 0.3194 0.548 0.542 0.3552 0.1036 0.0068 0 0 0 0 0 0 0 0 0 0 0 0 0 0 0 0 0 0 0 0 0 
0 0 0 0 0 0 0 0 0 0 0 0 0 0 0 0 0.0012 1.0046 4.7334 1.9356 0.2864 0.037 0.0018 0 0 0 0 0 0 0 0 0 0 0 0.0124 0.3762 2.0224 2.3488 1.0132 0.19 0.0334 0.0036 0 0 0 0 0 0 0 0 0 0 0.0072 0.1282 0.6484 1.3482 1.2436 0.4842 0.1146 0.0256 0 0 0 0 0 0 0 0 0 0 0 0.0294 0.1312 0.374 0.578 0.5392 0.2606 0.062 0.0232 0.0024 0 0 0 0 0 0 0 0 0 0 0 0 0 0 0 0 0 0 0 0 
0 0 0 0 0 0 0 0 0 0 0 0 0 0 0 0 0.0018 1.007 4.4252 2.1174 0.388 0.0606 0 0 0 0 0 0 0 0 0 0 0 0 0.0072 0.3388 1.8734 2.2934 1.1676 0.2644 0.0516 0.0036 0 0 0 0 0 0 0 0 0 0 0.0028 0.0756 0.6218 1.253 1.2506 0.5738 0.1876 0.0288 0.006 0 0 0 0 0 0 0 0 0 0 0.0036 0.1162 0.3542 0.5414 0.5006 0.3278 0.1232 0.0322 0.0008 0 0 0 0 0 0 0 0 0 0 0 0 0 0 0 0 0 0 0 0 
0 0 0 0 0 0 0 0 0 0 0 0 0 0 0 0 0.0008 1.0698 4.3448 2.0816 0.45 0.0472 0.0058 0 0 0 0 0 0 0 0 0 0 0 0.0066 0.2954 2.0282 2.157 1.0332 0.3748 0.0898 0.0108 0.0042 0 0 0 0 0 0 0 0 0 0.0014 0.0674 0.694 1.2858 1.0516 0.5358 0.2624 0.088 0.01 0.0032 0.0004 0 0 0 0 0 0 0 0 0.0008 0.1058 0.453 0.5494 0.414 0.24 0.1492 0.066 0.0188 0.003 0 0 0 0 0 0 0 0 0 0 0 0 0 0 0 0 0 0 0 
0 0 0 0 0 0 0 0 0 0 0 0 0 0 0 0 0 1.0242 4.9298 1.6752 0.3162 0.0546 0 0 0 0 0 0 0 0 0 0 0 0 0.0036 0.3646 2.3214 2.2144 0.8164 0.23 0.0408 0.0088 0 0 0 0 0 0 0 0 0 0 0.003 0.1118 0.8536 1.486 0.9236 0.406 0.151 0.052 0.0118 0.0012 0 0 0 0 0 0 0 0 0 0.0224 0.1646 0.5292 0.56 0.3764 0.1848 0.1 0.0442 0.0168 0.0016 0 0 0 0 0 0 0 0 0 0 0 0 0 0 0 0 0 0 0 
0 0 0 0 0 0 0 0 0 0 0 0 0 0 0 0 0.0008 1.0928 4.8818 1.8136 0.1956 0.0154 0 0 0 0 0 0 0 0 0 0 0 0 0.0042 0.4126 2.3174 2.3764 0.7688 0.1076 0.013 0 0 0 0 0 0 0 0 0 0 0 0.0018 0.1172 0.8434 1.52 1.1296 0.3378 0.0462 0.004 0 0 0 0 0 0 0 0 0 0 0 0.007 0.1642 0.4866 0.6212 0.5236 0.1626 0.0316 0.0032 0 0 0 0 0 0 0 0 0 0 0 0 0 0 0 0 0 0 0 0 0 
0 0 0 0 0 0 0 0 0 0 0 0 0 0 0 0 0 1.0606 5.1794 1.6004 0.1518 0.0078 0 0 0 0 0 0 0 0 0 0 0 0 0.004 0.4456 2.3418 2.3388 0.7626 0.1038 0.0034 0 0 0 0 0 0 0 0 0 0 0 0.0068 0.1792 0.8548 1.4622 1.1158 0.3254 0.054 0.0018 0 0 0 0 0 0 0 0 0 0 0 0.0366 0.2186 0.4404 0.635 0.511 0.133 0.0248 0.0006 0 0 0 0 0 0 0 0 0 0 0 0 0 0 0 0 0 0 0 0 0 
0 0 0 0 0 0 0 0 0 0 0 0 0 0 0 0 0.0002 1.2332 5.1412 1.5308 0.0906 0.004 0 0 0 0 0 0 0 0 0 0 0 0 0.0046 0.4438 2.6698 2.3398 0.518 0.0202 0.0038 0 0 0 0 0 0 0 0 0 0 0 0.0016 0.1228 1.0638 1.6762 0.9754 0.1434 0.0168 0 0 0 0 0 0 0 0 0 0 0 0.0018 0.0236 0.2062 0.627 0.6872 0.3704 0.0746 0.0092 0 0 0 0 0 0 0 0 0 0 0 0 0 0 0 0 0 0 0 0 0 0 
0 0 0 0 0 0 0 0 0 0 0 0 0 0 0 0 0.002 1.1856 4.631 1.752 0.3572 0.0582 0.012 0.002 0 0 0 0 0 0 0 0 0 0 0.0036 0.413 2.3064 2.0378 0.862 0.2998 0.0624 0.0132 0.0018 0 0 0 0 0 0 0 0 0 0.003 0.1346 0.835 1.3832 0.9246 0.462 0.1952 0.0532 0.0092 0 0 0 0 0 0 0 0 0 0 0.0134 0.196 0.4826 0.5604 0.324 0.2552 0.114 0.0384 0.0118 0.0042 0 0 0 0 0 0 0 0 0 0 0 0 0 0 0 0 0 0 0 
0 0 0 0 0 0 0 0 0 0 0 0 0 0 0 0 0.0018 0.9176 4.2508 2.1552 0.4786 0.1306 0.048 0.0174 0 0 0 0 0 0 0 0 0 0 0.0024 0.2906 1.7168 2.243 1.176 0.3882 0.1158 0.0484 0.0158 0.003 0 0 0 0 0 0 0 0 0 0.0736 0.5652 1.1266 1.1442 0.6872 0.2346 0.1062 0.0292 0.0222 0.011 0 0 0 0 0 0 0 0 0.0026 0.0964 0.3328 0.4694 0.465 0.3312 0.1474 0.0708 0.039 0.0124 0.0184 0.01 0.0046 0 0 0 0 0 0 0 0 0 0 0 0 0 0 0 0 
0 0 0 0 0 0 0 0 0 0 0 0 0 0 0 0 0.0006 1.1314 4.7128 1.8974 0.2286 0.0274 0.0018 0 0 0 0 0 0 0 0 0 0 0 0.0038 0.477 1.985 2.4174 0.9312 0.1688 0.0168 0 0 0 0 0 0 0 0 0 0 0 0.0016 0.185 0.7336 1.2856 1.2328 0.4534 0.1002 0.0078 0 0 0 0 0 0 0 0 0 0 0.0006 0.0432 0.1814 0.3872 0.5732 0.4888 0.2426 0.073 0.01 0 0 0 0 0 0 0 0 0 0 0 0 0 0 0 0 0 0 0 0 0 
0 0 0 0 0 0 0 0 0 0 0 0 0 0 0 0 0 1.047 4.5104 2.0628 0.3302 0.0426 0.007 0 0 0 0 0 0 0 0 0 0 0 0.0028 0.329 1.97 2.3488 1.0644 0.2444 0.039 0.0016 0 0 0 0 0 0 0 0 0 0 0.0006 0.0628 0.6448 1.3964 1.1648 0.5658 0.1532 0.0116 0 0 0 0 0 0 0 0 0 0 0 0.0056 0.088 0.395 0.6302 0.4396 0.34 0.0948 0.0068 0 0 0 0 0 0 0 0 0 0 0 0 0 0 0 0 0 0 0 0 0 
0 0 0 0 0 0 0 0 0 0 0 0 0 0 0 0 0.0014 1.2456 4.6628 1.8022 0.2374 0.0382 0.0124 0 0 0 0 0 0 0 0 0 0 0 0.0104 0.4544 2.3356 2.21 0.802 0.152 0.0298 0.0058 0 0 0 0 0 0 0 0 0 0 0.0058 0.128 0.854 1.519 1.0366 0.3276 0.0988 0.0276 0.0026 0 0 0 0 0 0 0 0 0 0.0016 0.0178 0.1648 0.4884 0.6532 0.4186 0.1688 0.0588 0.0264 0.0016 0 0 0 0 0 0 0 0 0 0 0 0 0 0 0 0 0 0 0 0 
0 0 0 0 0 0 0 0 0 0 0 0 0 0 0 0 0.0018 1.2704 4.4824 1.8514 0.3328 0.0582 0.003 0 0 0 0 0 0 0 0 0 0 0 0.0058 0.5054 2.087 2.283 0.8794 0.1866 0.0506 0.0022 0 0 0 0 0 0 0 0 0 0 0.0024 0.1646 0.7672 1.3828 1.0954 0.4342 0.1322 0.0212 0 0 0 0 0 0 0 0 0 0 0 0.0374 0.1716 0.3904 0.613 0.44 0.2366 0.098 0.013 0 0 0 0 0 0 0 0 0 0 0 0 0 0 0 0 0 0 0 0 0 
0 0 0 0 0 0 0 0 0 0 0 0 0 0 0 0 0.0006 1.0938 4.964 1.7602 0.1658 0.0156 0 0 0 0 0 0 0 0 0 0 0 0 0.0024 0.3168 2.3312 2.5508 0.7232 0.0756 0 0 0 0 0 0 0 0 0 0 0 0 0.0014 0.051 0.7792 1.668 1.2 0.284 0.0164 0 0 0 0 0 0 0 0 0 0 0 0 0.0026 0.1232 0.5278 0.7082 0.485 0.14 0.0132 0 0 0 0 0 0 0 0 0 0 0 0 0 0 0 0 0 0 0 0 0 0 
0 0 0 0 0 0 0 0 0 0 0 0 0 0 0 0 0.0024 1.225 4.5506 1.9112 0.289 0.0218 0 0 0 0 0 0 0 0 0 0 0 0 0.0088 0.4586 2.0662 2.384 0.8686 0.195 0.0164 0.0024 0 0 0 0 0 0 0 0 0 0 0.0052 0.1464 0.7098 1.4828 1.1306 0.43 0.0836 0.0094 0.0022 0 0 0 0 0 0 0 0 0 0.0006 0.0186 0.1294 0.4216 0.6902 0.4634 0.2158 0.0498 0.0106 0 0 0 0 0 0 0 0 0 0 0 0 0 0 0 0 0 0 0 0 0 
0 0 0 0 0 0 0 0 0 0 0 0 0 0 0 0 0.0014 1.1488 4.5822 1.8992 0.3258 0.0416 0.001 0 0 0 0 0 0 0 0 0 0 0 0.0042 0.3866 2.074 2.3508 0.9706 0.2012 0.0118 0.0008 0 0 0 0 0 0 0 0 0 0 0 0.1212 0.7052 1.361 1.2178 0.497 0.0926 0.0052 0 0 0 0 0 0 0 0 0 0 0 0.0198 0.1722 0.3882 0.5734 0.4878 0.2758 0.0746 0.0082 0 0 0 0 0 0 0 0 0 0 0 0 0 0 0 0 0 0 0 0 0 
0 0 0 0 0 0 0 0 0 0 0 0 0 0 0 0 0.0006 1.1358 4.9688 1.6984 0.1818 0.0146 0 0 0 0 0 0 0 0 0 0 0 0 0.0008 0.4172 2.4188 2.3612 0.6938 0.1072 0.001 0 0 0 0 0 0 0 0 0 0 0 0.0012 0.1084 0.846 1.6634 1.0598 0.2914 0.0298 0 0 0 0 0 0 0 0 0 0 0 0 0.014 0.163 0.4928 0.719 0.4452 0.1514 0.0146 0 0 0 0 0 0 0 0 0 0 0 0 0 0 0 0 0 0 0 0 0 0 
0 0 0 0 0 0 0 0 0 0 0 0 0 0 0 0 0.0006 1.0804 5.1004 1.6204 0.19 0.0082 0 0 0 0 0 0 0 0 0 0 0 0 0.001 0.359 2.5144 2.3134 0.685 0.1224 0.0048 0 0 0 0 0 0 0 0 0 0 0 0 0.1066 0.9032 1.571 1.0528 0.3172 0.0462 0.003 0 0 0 0 0 0 0 0 0 0 0 0.0282 0.1638 0.5168 0.672 0.4398 0.1572 0.0208 0.0014 0 0 0 0 0 0 0 0 0 0 0 0 0 0 0 0 0 0 0 0 0 
0 0 0 0 0 0 0 0 0 0 0 0 0 0 0 0 0.0014 0.9928 4.5338 2.0302 0.3904 0.0492 0.0022 0 0 0 0 0 0 0 0 0 0 0 0.0042 0.3082 2.0776 2.1386 1.0696 0.3242 0.0704 0.0072 0 0 0 0 0 0 0 0 0 0 0.0028 0.0802 0.7452 1.2448 1.0584 0.5768 0.243 0.0422 0.0066 0 0 0 0 0 0 0 0 0 0 0.0092 0.1268 0.4538 0.5042 0.4166 0.2938 0.1416 0.0454 0.0086 0 0 0 0 0 0 0 0 0 0 0 0 0 0 0 0 0 0 0 0 
0 0 0 0 0 0 0 0 0 0 0 0 0 0 0 0 0.0004 1.1798 4.5538 1.9734 0.2646 0.028 0 0 0 0 0 0 0 0 0 0 0 0 0.0072 0.4282 2.0896 2.3152 0.9756 0.1782 0.006 0 0 0 0 0 0 0 0 0 0 0 0.0026 0.1134 0.7332 1.3878 1.2084 0.4824 0.0668 0.0054 0 0 0 0 0 0 0 0 0 0 0 0.017 0.144 0.4042 0.6034 0.5424 0.241 0.048 0 0 0 0 0 0 0 0 0 0 0 0 0 0 0 0 0 0 0 0 0 0 
0 0 0 0 0 0 0 0 0 0 0 0 0 0 0 0 0.0006 1.0144 4.9596 1.8178 0.19 0.0176 0 0 0 0 0 0 0 0 0 0 0 0 0.001 0.3296 2.3146 2.3976 0.8014 0.1402 0.0156 0 0 0 0 0 0 0 0 0 0 0 0 0.0564 0.826 1.6036 1.0546 0.3716 0.0738 0.014 0 0 0 0 0 0 0 0 0 0 0 0.0096 0.1246 0.5248 0.6552 0.446 0.1866 0.0424 0.0108 0 0 0 0 0 0 0 0 0 0 0 0 0 0 0 0 0 0 0 0 0 
0 0 0 0 0 0 0 0 0 0 0 0 0 0 0 0 0.0002 1.047 4.6678 2.0124 0.2446 0.024 0.004 0 0 0 0 0 0 0 0 0 0 0 0.0076 0.316 1.8952 2.62 0.9682 0.1636 0.027 0.0024 0 0 0 0 0 0 0 0 0 0 0.0038 0.0874 0.5838 1.4926 1.2036 0.4998 0.109 0.02 0 0 0 0 0 0 0 0 0 0 0.0026 0.0144 0.1014 0.4034 0.6484 0.52 0.2412 0.0584 0.0102 0 0 0 0 0 0 0 0 0 0 0 0 0 0 0 0 0 0 0 0 0 
0 0 0 0 0 0 0 0 0 0 0 0 0 0 0 0 0.0034 1.0898 4.4786 1.9836 0.3382 0.089 0.0174 0 0 0 0 0 0 0 0 0 0 0 0.0044 0.366 2.0234 2.2362 0.9738 0.2926 0.0844 0.0192 0 0 0 0 0 0 0 0 0 0 0.002 0.1008 0.6658 1.3726 1.0652 0.5302 0.176 0.0762 0.0112 0 0 0 0 0 0 0 0 0 0 0.012 0.1378 0.3872 0.5894 0.3998 0.2878 0.1282 0.0378 0.016 0.004 0 0 0 0 0 0 0 0 0 0 0 0 0 0 0 0 0 0 0 
