0.03 0.09 0.15 0.21 0.27 0.33 0.39 0.45 0.51 0.57 0.63 0.69 0.75 0.81 0.87 0.93 0.99 1.05 1.11 1.17 1.23 1.29 1.35 1.41 1.47 1.53 1.59 1.65 1.71 1.77 1.83 1.89 1.95 2.01 2.07 2.13 2.19 2.25 2.31 2.37 2.43 2.49 2.55 2.61 2.67 2.73 2.79 2.85 2.91 2.97 3.03 3.09 3.15 3.21 3.27 3.33 3.39 3.45 3.51 3.57 3.63 3.69 3.75 3.81 3.87 3.93 3.99 4.05 4.11 4.17 4.23 4.29 4.35 4.41 4.47 4.53 4.59 4.65 4.71 4.77 4.83 4.89 4.95 5.01 5.07 5.13 5.19 5.25 5.31 5.37 5.43 5.49 5.55 5.61 5.67 5.73 5.79 5.85 5.91 5.97 
0 0 0 0 0 0 0 0 0 0 0 0 0 0 0 0 0.0298 2.0264 5.4676 3.1692 1.2392 0.4544 0.1708 0.0286 0.0154 0 0 0 0 0 0 0 0 0 0.0754 0.9848 2.9438 3.3042 1.7696 1.0826 0.429 0.1504 0.0596 0.0018 0 0 0 0 0 0 0 0 0.0636 0.4586 1.6356 2.4056 2.037 1.2752 0.6844 0.3148 0.1122 0.0114 0.0026 0 0 0 0 0 0 0 0.0196 0.2294 0.6696 1.4556 1.784 1.5018 0.9372 0.4056 0.1612 0.0302 0.0066 0 0 0 0 0 0 0 0.0056 0.0468 0.249 0.6234 1.0658 1.273 1.072 0.7174 0.2578 0.0706 0.0192 0 
0 0 0 0 0 0 0 0 0 0 0 0 0 0 0 0 0.0244 2.1362 6.0838 3.4562 1.485 0.5264 0.179 0.0358 0.0452 0.0144 0.0136 0 0 0 0 0 0 0 0.0362 0.924 3.3696 3.4946 2.2406 1.1736 0.463 0.1556 0.062 0.0562 0.0052 0.016 0.0034 0 0 0 0 0 0.0152 0.4042 1.7618 2.5762 2.4446 1.5454 0.7102 0.3358 0.0716 0.0676 0.0394 0.0164 0.0116 0 0 0 0 0 0 0.1524 0.7954 1.5418 1.9274 1.6656 1.113 0.4978 0.1316 0.0584 0.0342 0.056 0.0176 0.0088 0 0 0 0 0 0.0158 0.2426 0.696 1.2338 1.3694 1.0096 0.8482 0.3278 0.0976 0.049 0.0528 
0 0 0 0 0 0 0 0 0 0 0 0 0 0 0 0 0.0236 2.0786 5.9382 3.4712 1.585 0.6172 0.1738 0.0714 0.041 0 0 0 0 0 0 0 0 0 0.031 0.9626 3.2296 3.5484 2.0964 1.228 0.5788 0.1648 0.0842 0.0746 0.0016 0 0 0 0 0 0 0 0.0186 0.4064 1.637 2.6044 2.431 1.5286 0.8028 0.3748 0.1142 0.0334 0.036 0.0128 0 0 0 0 0 0 0.0128 0.08 0.6522 1.5786 1.9396 1.8362 1.1494 0.4958 0.1208 0.0854 0.029 0.0056 0.0064 0.0082 0 0 0 0 0 0.0136 0.1132 0.4696 1.1554 1.7132 1.3518 0.7444 0.2444 0.1042 0.0596 0.0174 
0 0 0 0 0 0 0 0 0 0 0 0 0 0 0 0 0.0182 1.9706 5.787 3.6988 1.3682 0.6732 0.2454 0.1392 0.0884 0.011 0 0 0 0 0 0 0 0 0.0424 0.7936 3.0618 3.5892 2.2042 1.1386 0.5664 0.2826 0.188 0.1212 0.012 0 0 0 0 0 0 0 0.011 0.284 1.5092 2.6648 2.3354 1.4442 0.8196 0.4638 0.2396 0.1634 0.065 0 0 0 0 0 0 0 0 0.0548 0.5646 1.5046 1.9018 1.7954 0.9596 0.5248 0.3342 0.205 0.0962 0.0462 0.0128 0 0 0 0 0 0 0.0062 0.103 0.47 1.1504 1.3744 1.2462 0.6892 0.427 0.2714 0.1494 0.0588 
0 0 0 0 0 0 0 0 0 0 0 0 0 0 0 0 0.0158 2.0838 5.9914 3.6022 1.4876 0.6078 0.171 0.0404 0 0 0 0 0 0 0 0 0 0 0.045 0.9264 3.191 3.4588 2.3672 1.244 0.4968 0.2018 0.0518 0.0172 0 0 0 0 0 0 0 0 0.0364 0.4358 1.5946 2.572 2.3656 1.595 0.745 0.4678 0.1544 0.0284 0.005 0 0 0 0 0 0 0 0.01 0.184 0.7066 1.4172 2.0064 1.6246 1.0612 0.6106 0.2518 0.1056 0.022 0 0 0 0 0 0 0 0 0.0492 0.2638 0.5368 1.139 1.3034 1.165 0.8326 0.4542 0.2016 0.0544 0 
0 0 0 0 0 0 0 0 0 0 0 0 0 0 0 0 0.0226 2.301 6.0252 3.666 1.274 0.519 0.134 0.049 0.0092 0 0 0 0 0 0 0 0 0 0.065 1.1836 3.41 3.3632 2.1388 1.12 0.507 0.1616 0.0508 0 0 0 0 0 0 0 0 0 0.0528 0.6032 1.8304 2.6964 2.0544 1.5064 0.7778 0.3412 0.1324 0.005 0 0 0 0 0 0 0 0 0.0172 0.2646 0.8514 1.8414 1.6846 1.5246 1.041 0.5292 0.1698 0.0748 0.0014 0 0 0 0 0 0 0 0 0.0764 0.2852 0.7362 1.258 1.373 1.0038 0.7 0.4388 0.1228 0.0058 0 
0 0 0 0 0 0 0 0 0 0 0 0 0 0 0 0 0.0302 2.2816 6.037 3.5786 1.3898 0.4478 0.125 0.0788 0.026 0.0052 0 0 0 0 0 0 0 0 0.1508 1.1432 3.1936 3.4848 2.1598 1.2984 0.3274 0.1034 0.0992 0.0314 0.008 0 0 0 0 0 0 0 0.1274 0.6418 1.6136 2.5614 2.3506 1.5974 0.6786 0.2302 0.1074 0.0616 0.0194 0.0106 0 0 0 0 0 0.0036 0.0674 0.2992 0.7494 1.5446 1.9772 1.6598 1.0632 0.386 0.155 0.0478 0.037 0.0064 0.0034 0 0 0 0 0.0042 0.0176 0.1 0.262 0.6832 1.1744 1.3884 1.2968 0.6436 0.2778 0.0726 0.0468 0.0326 
0 0 0 0 0 0 0 0 0 0 0 0 0 0 0 0 0.0128 2.1314 6.2416 3.5282 1.5156 0.4886 0.0818 0 0 0 0 0 0 0 0 0 0 0 0.036 0.9786 3.2958 3.5316 2.3926 1.2636 0.375 0.1144 0.0124 0 0 0 0 0 0 0 0 0 0.0308 0.378 1.7124 2.6798 2.471 1.7314 0.7078 0.2128 0.0602 0.0158 0 0 0 0 0 0 0 0 0.0156 0.1126 0.6828 1.6248 2.074 1.901 1.0228 0.364 0.1412 0.0426 0.016 0.0026 0 0 0 0 0 0 0.0072 0.016 0.1746 0.681 1.1368 1.6302 1.3342 0.6374 0.2514 0.0924 0.0388 0 
0 0 0 0 0 0 0 0 0 0 0 0 0 0 0 0 0.0188 2.0502 5.9558 3.6672 1.5214 0.5156 0.1892 0.0774 0.0044 0 0 0 0 0 0 0 0 0 0.0296 0.9072 3.2516 3.5132 2.266 1.2324 0.5118 0.2008 0.0796 0.0078 0 0 0 0 0 0 0 0 0.0128 0.3606 1.6128 2.777 2.3158 1.4642 0.8646 0.407 0.1404 0.0258 0.0188 0.0002 0 0 0 0 0 0 0 0.1042 0.71 1.6606 1.9412 1.5446 1.0038 0.6784 0.2228 0.0882 0.0424 0.0038 0 0 0 0 0 0 0 0.0184 0.132 0.6762 1.1794 1.4318 1.1284 0.768 0.4186 0.1552 0.0654 0.0194 
0 0 0 0 0 0 0 0 0 0 0 0 0 0 0 0 0.0276 2.14 6.3738 3.4484 1.3216 0.4964 0.1418 0.0336 0.0116 0.0052 0 0 0 0 0 0 0 0 0.0806 0.9938 3.381 3.7026 2.1098 0.9972 0.4496 0.2018 0.059 0.0196 0.005 0 0 0 0 0 0 0.0042 0.0538 0.4612 1.7964 2.8454 2.2466 1.342 0.699 0.3236 0.1518 0.0636 0.0124 0 0 0 0 0 0 0 0.04 0.1738 0.8476 1.5902 2.061 1.687 0.7936 0.4146 0.212 0.1316 0.0486 0 0 0 0 0 0 0.0034 0.0102 0.0566 0.3308 0.6798 1.247 1.4818 0.975 0.5894 0.292 0.214 0.096 0.02 
0 0 0 0 0 0 0 0 0 0 0 0 0 0 0 0 0.034 2.1166 5.9832 3.5504 1.5798 0.553 0.1464 0.0366 0 0 0 0 0 0 0 0 0 0 0.0916 1.0544 3.042 3.5414 2.2534 1.253 0.4772 0.2092 0.0608 0.017 0 0 0 0 0 0 0 0.0014 0.0624 0.4624 1.5844 2.7216 2.286 1.5186 0.848 0.3056 0.1314 0.0652 0.013 0 0 0 0 0 0 0.0042 0.0256 0.1954 0.684 1.4472 2.0676 1.7324 1.0436 0.4884 0.168 0.1082 0.0354 0 0 0 0 0 0 0.0048 0.0106 0.0448 0.2246 0.6274 1.056 1.3872 1.3534 0.7486 0.3216 0.136 0.075 0.01 
0 0 0 0 0 0 0 0 0 0 0 0 0 0 0 0 0.0212 2.1576 5.9792 3.632 1.3854 0.5932 0.1738 0.0512 0.0064 0 0 0 0 0 0 0 0 0 0.0728 1.1092 3.1432 3.6002 2.0998 1.1356 0.5252 0.2182 0.0792 0.0166 0 0 0 0 0 0 0 0 0.0392 0.5312 1.7182 2.6166 2.3594 1.3514 0.8046 0.385 0.1484 0.0384 0.0076 0 0 0 0 0 0 0 0.0096 0.1908 0.7412 1.545 2.128 1.6238 0.9358 0.4568 0.2532 0.1034 0.0124 0 0 0 0 0 0 0 0 0.0304 0.2442 0.617 1.2314 1.5034 1.1042 0.7146 0.3262 0.1894 0.0322 0.007 
0 0 0 0 0 0 0 0 0 0 0 0 0 0 0 0 0.0176 1.9956 5.728 3.8826 1.6304 0.5512 0.1788 0.0158 0 0 0 0 0 0 0 0 0 0 0.0666 0.9458 2.9354 3.4428 2.4606 1.268 0.6446 0.2002 0.036 0 0 0 0 0 0 0 0 0.002 0.0448 0.4358 1.5414 2.2436 2.5206 1.6654 0.8974 0.466 0.1538 0.0292 0 0 0 0 0 0 0 0 0.0166 0.1524 0.683 1.2898 1.9154 1.5968 1.2998 0.6142 0.3772 0.051 0.0038 0 0 0 0 0 0 0 0 0.028 0.1866 0.5472 1.089 1.1652 1.3426 0.8792 0.5054 0.2198 0.037 0 
0 0 0 0 0 0 0 0 0 0 0 0 0 0 0 0 0.0216 2.1584 6.0438 3.5568 1.5446 0.4994 0.1326 0.0106 0.0192 0.013 0 0 0 0 0 0 0 0 0.0492 0.9996 3.3318 3.5806 2.2424 1.0664 0.4824 0.1944 0.0158 0.0302 0.0072 0 0 0 0 0 0 0 0.0414 0.4902 1.5828 2.8518 2.4052 1.3894 0.7408 0.3202 0.1238 0.0354 0.0154 0.0036 0 0 0 0 0 0 0.0308 0.1946 0.669 1.4168 2.3114 1.7698 0.884 0.421 0.2148 0.0648 0.021 0.002 0 0 0 0 0 0 0.007 0.076 0.2406 0.5356 1.1448 1.515 1.3652 0.6658 0.2902 0.1204 0.031 0.0084 
0 0 0 0 0 0 0 0 0 0 0 0 0 0 0 0 0.0136 2.065 5.9622 3.6182 1.4716 0.7118 0.1508 0.0068 0 0 0 0 0 0 0 0 0 0 0.0584 0.9958 3.1286 3.6432 2.0964 1.181 0.6584 0.1972 0.041 0 0 0 0 0 0 0 0 0 0.044 0.408 1.5334 2.7854 2.4276 1.4054 0.8678 0.3978 0.0966 0.022 0.012 0 0 0 0 0 0 0 0.0194 0.175 0.5748 1.4704 2.1888 1.7502 1.012 0.5578 0.1936 0.0402 0.0092 0.0086 0 0 0 0 0 0 0.0066 0.0608 0.1646 0.4566 1.1248 1.5778 1.3956 0.763 0.3288 0.0846 0.0244 0.006 
0 0 0 0 0 0 0 0 0 0 0 0 0 0 0 0 0.0332 2.0766 5.7304 3.7912 1.4852 0.5646 0.2336 0.0852 0 0 0 0 0 0 0 0 0 0 0.0756 1.0002 3.0322 3.4584 2.1408 1.3766 0.5844 0.2362 0.0762 0.0194 0 0 0 0 0 0 0 0 0.0598 0.4874 1.521 2.5232 2.1736 1.5688 0.9662 0.4434 0.1884 0.057 0.0112 0 0 0 0 0 0 0 0.0294 0.227 0.6596 1.4276 1.7696 1.5414 1.2348 0.5998 0.3692 0.1242 0.0174 0 0 0 0 0 0 0 0.0068 0.0626 0.2836 0.535 1.047 1.1876 1.054 1.0016 0.439 0.2722 0.1106 0 
0 0 0 0 0 0 0 0 0 0 0 0 0 0 0 0 0.0154 2.2888 6.1296 3.5562 1.34 0.5142 0.1324 0.0234 0 0 0 0 0 0 0 0 0 0 0.0594 1.1056 3.3198 3.7652 2.0862 1.0324 0.4016 0.18 0.0436 0.0062 0 0 0 0 0 0 0 0 0.033 0.5326 1.786 2.8618 2.3694 1.375 0.6536 0.2348 0.1264 0.0204 0.007 0 0 0 0 0 0 0 0 0.1682 0.8448 1.7724 2.1482 1.4896 0.9166 0.4542 0.1358 0.054 0.0162 0 0 0 0 0 0 0 0 0.0238 0.2588 0.8066 1.3254 1.422 1.1228 0.6754 0.2454 0.0862 0.0294 0.0042 
0 0 0 0 0 0 0 0 0 0 0 0 0 0 0 0 0.0208 2.2708 5.9438 3.4952 1.5148 0.576 0.137 0.0364 0.0052 0 0 0 0 0 0 0 0 0 0.0644 1.1602 3.1804 3.4902 2.1848 1.1406 0.4236 0.2366 0.1046 0.0146 0 0 0 0 0 0 0 0 0.0346 0.5664 1.7524 2.5712 2.2952 1.5972 0.6642 0.3012 0.1428 0.0748 0 0 0 0 0 0 0 0 0.0176 0.1928 0.8404 1.6406 1.8826 1.5798 1.0752 0.432 0.2136 0.112 0.0134 0 0 0 0 0 0 0 0.003 0.0308 0.2778 0.758 1.1128 1.3156 1.2098 0.8154 0.319 0.1118 0.046 0 
0 0 0 0 0 0 0 0 0 0 0 0 0 0 0 0 0.0144 2.1468 5.9754 3.7438 1.3874 0.4856 0.125 0.0548 0.0276 0.0338 0.0054 0 0 0 0 0 0 0 0.047 0.9594 3.3514 3.5258 2.255 1.0934 0.4376 0.1898 0.0752 0.024 0.0208 0.0206 0 0 0 0 0 0 0.0336 0.4678 1.8128 2.444 2.2968 1.5986 0.8158 0.329 0.1026 0.0396 0.0296 0.0118 0.0136 0.0044 0 0 0 0 0.0038 0.177 0.8238 1.5616 1.9004 1.6384 0.9994 0.5106 0.246 0.0706 0.0322 0.008 0.0072 0.014 0.007 0 0 0 0 0.03 0.2408 0.6986 1.2372 1.1608 1.2482 0.7926 0.3346 0.1752 0.0386 0.0044 
0 0 0 0 0 0 0 0 0 0 0 0 0 0 0 0 0.0172 2.2372 6.2336 3.3636 1.5052 0.4142 0.1458 0.0792 0.004 0 0 0 0 0 0 0 0 0 0.0692 1.1872 3.2494 3.5162 2.135 1.1544 0.4408 0.1312 0.0644 0.0486 0.0036 0 0 0 0 0 0 0 0.0598 0.6908 1.6714 2.497 2.2752 1.6894 0.655 0.2692 0.1114 0.0506 0.0254 0.0048 0 0 0 0 0 0 0.0342 0.329 0.853 1.456 1.9044 1.6032 0.9716 0.5058 0.1942 0.0876 0.0512 0.0098 0 0 0 0 0 0 0.011 0.1042 0.3448 0.615 1.288 1.294 1.0248 0.7456 0.3306 0.1372 0.081 0.0238 
0 0 0 0 0 0 0 0 0 0 0 0 0 0 0 0 0.0286 2.211 5.9674 3.5542 1.53 0.4714 0.155 0.0678 0.0146 0 0 0 0 0 0 0 0 0 0.1002 1.0778 3.1526 3.4408 2.2882 1.149 0.4708 0.2182 0.079 0.016 0.0074 0 0 0 0 0 0 0 0.0582 0.6266 1.5906 2.5108 2.3418 1.5132 0.7582 0.3216 0.2 0.0334 0.0342 0.0114 0 0 0 0 0 0 0.013 0.3074 0.7352 1.4498 2.0148 1.5126 1.038 0.4832 0.2998 0.0826 0.032 0.0264 0.0052 0 0 0 0 0 0.0036 0.0864 0.2606 0.6688 1.218 1.364 1.0086 0.6442 0.343 0.2242 0.1186 0.0494 
0 0 0 0 0 0 0 0 0 0 0 0 0 0 0 0 0.0236 2.2624 6.2774 3.3318 1.4878 0.468 0.1206 0.0284 0 0 0 0 0 0 0 0 0 0 0.0912 1.1586 3.5352 3.278 2.1064 1.134 0.4752 0.1774 0.044 0 0 0 0 0 0 0 0 0 0.075 0.6224 1.9292 2.5826 2.1224 1.4548 0.7898 0.2848 0.1022 0.0368 0 0 0 0 0 0 0 0.0064 0.0372 0.2568 0.9176 1.6192 1.9768 1.4898 1.0036 0.4838 0.1376 0.0432 0.028 0 0 0 0 0 0 0.0048 0.0104 0.091 0.3186 0.703 1.2864 1.3904 1.1546 0.6066 0.2894 0.1046 0.028 0.0122 
0 0 0 0 0 0 0 0 0 0 0 0 0 0 0 0 0.027 2.3534 6.2242 3.2372 1.4182 0.5302 0.1604 0.0494 0 0 0 0 0 0 0 0 0 0 0.1136 1.1176 3.6304 3.3054 1.9992 1.119 0.5044 0.1486 0.052 0.0098 0 0 0 0 0 0 0 0.0036 0.0672 0.6176 1.844 2.84 2.1304 1.2668 0.7762 0.304 0.1288 0.0214 0 0 0 0 0 0 0 0.0046 0.033 0.2676 0.8706 1.7404 1.9808 1.4882 0.8752 0.4754 0.2042 0.0474 0.0126 0 0 0 0 0 0 0 0.0182 0.1158 0.2548 0.6998 1.3562 1.4298 1.0334 0.7152 0.2508 0.0886 0.0346 0.0028 
0 0 0 0 0 0 0 0 0 0 0 0 0 0 0 0 0.0398 2.1968 6.004 3.6926 1.3556 0.4752 0.2154 0.0206 0 0 0 0 0 0 0 0 0 0 0.0802 1.0456 3.0724 3.6848 2.2932 1.0892 0.4592 0.1808 0.0586 0.036 0 0 0 0 0 0 0 0 0.0502 0.5342 1.6504 2.53 2.5618 1.4276 0.6764 0.3776 0.1338 0.023 0.035 0 0 0 0 0 0 0 0.0186 0.221 0.7542 1.552 1.9636 1.6386 0.9474 0.5418 0.2494 0.065 0.0116 0.0092 0.0164 0.0112 0 0 0 0 0 0.0482 0.2832 0.7266 1.1204 1.3226 1.1406 0.7516 0.4332 0.0934 0.0226 0.018 
0 0 0 0 0 0 0 0 0 0 0 0 0 0 0 0 0.021 2.129 5.9242 3.8116 1.4054 0.571 0.073 0.0442 0.007 0.0064 0.0072 0 0 0 0 0 0 0 0.0512 1.0802 3.1038 3.5198 2.272 1.2828 0.4996 0.1182 0.0316 0.0242 0.0166 0 0 0 0 0 0 0 0.0408 0.5466 1.6286 2.5602 2.2736 1.6158 0.8498 0.3408 0.0634 0.0306 0.03 0.0198 0 0 0 0 0 0 0.0046 0.2 0.8138 1.4852 1.9238 1.6112 1.158 0.4994 0.1504 0.0884 0.0378 0.023 0.0044 0 0 0 0 0 0 0.0348 0.2552 0.6992 1.1006 1.3726 1.2222 0.7338 0.344 0.1202 0.07 0.0366 
0 0 0 0 0 0 0 0 0 0 0 0 0 0 0 0 0.025 2.3014 5.8982 3.4108 1.5756 0.5992 0.158 0.0318 0 0 0 0 0 0 0 0 0 0 0.0508 1.1532 3.4248 3.256 2.1074 1.2506 0.4594 0.2318 0.066 0 0 0 0 0 0 0 0 0 0.0214 0.4954 1.9416 2.5344 2.1968 1.5438 0.702 0.4042 0.136 0.0216 0.0028 0 0 0 0 0 0 0 0.0054 0.2118 0.7792 1.6704 1.8318 1.7652 0.9654 0.47 0.2284 0.0618 0.0106 0 0 0 0 0 0 0 0 0.0694 0.2508 0.634 1.0756 1.5916 1.2396 0.705 0.2914 0.11 0.0326 0 
0 0 0 0 0 0 0 0 0 0 0 0 0 0 0 0 0.0176 2.1154 6.0058 3.7248 1.354 0.555 0.1646 0.0324 0.0208 0.0096 0 0 0 0 0 0 0 0 0.061 0.932 3.2272 3.58 2.376 1.0672 0.4888 0.213 0.0316 0.02 0.0032 0 0 0 0 0 0 0 0.0466 0.467 1.6164 2.487 2.575 1.5514 0.7988 0.273 0.128 0.043 0.0138 0 0 0 0 0 0 0 0.012 0.204 0.716 1.3712 2.0498 1.7318 1.0264 0.6154 0.1864 0.0498 0.0288 0.0084 0 0 0 0 0 0 0.0012 0.036 0.2462 0.5768 1.1954 1.4494 1.1142 0.8034 0.3702 0.126 0.0446 0.0334 
0 0 0 0 0 0 0 0 0 0 0 0 0 0 0 0 0.0314 2.3022 5.9774 3.495 1.4252 0.5272 0.1804 0.0366 0.0246 0 0 0 0 0 0 0 0 0 0.0548 1.1298 3.4714 3.2828 2.1352 1.0344 0.5308 0.2574 0.0702 0.019 0.0142 0 0 0 0 0 0 0 0.0394 0.5496 1.8942 2.6186 2.2226 1.2762 0.7526 0.399 0.174 0.0528 0.0142 0.0068 0 0 0 0 0 0 0.0278 0.2544 0.7826 1.7918 1.894 1.42 0.8408 0.5514 0.272 0.0926 0.0436 0.025 0.004 0 0 0 0 0 0.0196 0.0932 0.2192 0.808 1.2688 1.3192 0.9708 0.57 0.3678 0.2268 0.086 0.0214 
0 0 0 0 0 0 0 0 0 0 0 0 0 0 0 0 0.0196 2.2092 6.1514 3.6862 1.254 0.4666 0.1482 0.0648 0 0 0 0 0 0 0 0 0 0 0.055 1.0494 3.5008 3.4552 2.1138 1.1 0.5046 0.1392 0.0694 0.0126 0 0 0 0 0 0 0 0 0.0582 0.4872 1.9286 2.6928 2.142 1.4178 0.774 0.2848 0.1626 0.052 0 0 0 0 0 0 0 0 0.0162 0.2422 0.8136 1.7784 1.7936 1.564 0.9744 0.4864 0.1804 0.1268 0.0176 0.0064 0 0 0 0 0 0 0 0.0794 0.3582 0.6848 1.2662 1.3116 1.0264 0.7028 0.278 0.186 0.0978 0.0088 
0 0 0 0 0 0 0 0 0 0 0 0 0 0 0 0 0.0508 2.2328 6.0828 3.462 1.454 0.5302 0.1764 0.011 0 0 0 0 0 0 0 0 0 0.0026 0.088 1.1762 3.167 3.5642 2.0694 1.1556 0.5446 0.175 0.0524 0.005 0 0 0 0 0 0 0 0 0.0706 0.561 1.6772 2.7712 2.1956 1.4356 0.8204 0.3462 0.1102 0.012 0 0 0 0 0 0 0 0 0.0254 0.234 0.7594 1.7036 2.0138 1.5436 0.9108 0.5536 0.2076 0.0392 0.009 0 0 0 0 0 0 0 0.0014 0.0592 0.2608 0.7124 1.163 1.5706 1.005 0.7526 0.352 0.0966 0.0222 0.0042 
0 0 0 0 0 0 0 0 0 0 0 0 0 0 0 0 0.024 2.3606 6.2294 3.427 1.482 0.3852 0.07 0.0158 0.006 0 0 0 0 0 0 0 0 0 0.0526 1.2936 3.741 3.1584 2.0896 1.162 0.36 0.0912 0.041 0.0106 0 0 0 0 0 0 0 0 0.0228 0.7026 2.1236 2.6522 2.1884 1.4484 0.588 0.1638 0.0858 0.0244 0 0 0 0 0 0 0 0 0.021 0.244 1.0334 1.8836 1.8956 1.6386 0.8722 0.2574 0.1136 0.0394 0.0012 0 0 0 0 0 0 0 0.005 0.0462 0.3494 0.8838 1.3194 1.614 1.0942 0.429 0.165 0.0848 0.0092 0 
0 0 0 0 0 0 0 0 0 0 0 0 0 0 0 0 0.0352 2.2978 5.9928 3.5016 1.5608 0.4592 0.1202 0.0324 0 0 0 0 0 0 0 0 0 0 0.0608 1.2274 3.3056 3.2708 2.268 1.1908 0.4988 0.141 0.0368 0 0 0 0 0 0 0 0 0.0018 0.0766 0.6206 1.775 2.4942 2.313 1.4154 0.8722 0.2718 0.1114 0.0292 0.0188 0 0 0 0 0 0 0 0.0574 0.2394 0.9132 1.5382 1.9258 1.4578 1.0536 0.5388 0.1936 0.0512 0.0246 0.0064 0 0 0 0 0 0 0.0184 0.0866 0.3304 0.7442 1.2068 1.2816 0.979 0.8072 0.3338 0.1458 0.0396 0.0266 
0 0 0 0 0 0 0 0 0 0 0 0 0 0 0 0 0.0212 2.1672 6.0708 3.5474 1.4722 0.5242 0.1462 0.0508 0 0 0 0 0 0 0 0 0 0 0.0372 1.1646 3.243 3.4226 2.1428 1.2338 0.513 0.197 0.046 0 0 0 0 0 0 0 0 0 0.0348 0.49 1.7784 2.5888 2.2552 1.5572 0.8046 0.3426 0.117 0.0314 0 0 0 0 0 0 0 0 0.0194 0.1764 0.7718 1.6244 1.9174 1.6756 1.0112 0.4864 0.2382 0.0666 0.0126 0 0 0 0 0 0 0 0.0064 0.0372 0.2572 0.6444 1.2158 1.4286 1.2352 0.6022 0.327 0.2002 0.0392 0.0066 
0 0 0 0 0 0 0 0 0 0 0 0 0 0 0 0 0.0486 2.0574 6.2068 3.542 1.4246 0.4514 0.1886 0.0562 0.0144 0.01 0 0 0 0 0 0 0 0.004 0.0442 0.8676 3.376 3.8668 2.0322 1.1106 0.4548 0.1314 0.065 0.0394 0.008 0 0 0 0 0 0 0.0018 0.0284 0.339 1.7394 2.7842 2.4742 1.498 0.7316 0.2384 0.092 0.0658 0.0072 0 0 0 0 0 0 0 0.0086 0.1304 0.681 1.63 2.0972 1.7434 0.9994 0.428 0.176 0.068 0.038 0 0 0 0 0 0 0 0.0048 0.0226 0.1524 0.6856 1.172 1.5636 1.3086 0.6772 0.2148 0.1396 0.0432 0.0156 
0 0 0 0 0 0 0 0 0 0 0 0 0 0 0 0 0.0136 2.2012 6.4478 3.303 1.3256 0.4768 0.2032 0.0188 0.01 0 0 0 0 0 0 0 0 0 0.0652 1.0472 3.7064 3.4278 1.9912 1.0412 0.4638 0.2122 0.033 0.012 0 0 0 0 0 0 0 0 0.0618 0.5252 2.0014 2.6882 2.1338 1.404 0.7506 0.2836 0.1168 0.0272 0.0074 0 0 0 0 0 0 0 0.022 0.2402 0.9786 1.8058 1.8106 1.3562 1.0164 0.4996 0.161 0.1096 0 0 0 0 0 0 0 0 0.0078 0.0622 0.3554 0.9108 1.279 1.198 0.978 0.6598 0.3344 0.1466 0.0612 0.0068 
0 0 0 0 0 0 0 0 0 0 0 0 0 0 0 0 0.0168 2.175 5.9888 3.7918 1.4626 0.4714 0.0852 0.0084 0 0 0 0 0 0 0 0 0 0 0.0598 1.0688 3.1922 3.4786 2.4368 1.1622 0.4632 0.1152 0.0232 0 0 0 0 0 0 0 0 0 0.0694 0.4458 1.709 2.7202 2.303 1.533 0.8118 0.3326 0.0752 0 0 0 0 0 0 0 0 0 0.0292 0.1716 0.7626 1.6318 1.9634 1.6256 1.0878 0.5218 0.1582 0.0442 0.0038 0 0 0 0 0 0 0 0.004 0.062 0.2632 0.6784 1.149 1.409 1.175 0.7932 0.3456 0.1044 0.0162 0 
0 0 0 0 0 0 0 0 0 0 0 0 0 0 0 0 0.0134 1.742 5.8156 3.8298 1.6836 0.4862 0.2122 0.1174 0.079 0.0198 0.001 0 0 0 0 0 0 0 0.0398 0.7354 2.7418 3.694 2.2126 1.356 0.6534 0.3062 0.1308 0.0694 0.0544 0.0062 0 0 0 0 0 0.0016 0.018 0.3134 1.2058 2.5406 2.365 1.5896 1.0772 0.4546 0.2256 0.123 0.0764 0.0092 0 0 0 0 0 0 0.0126 0.0878 0.4016 1.3382 1.8438 1.7528 1.2318 0.6334 0.3592 0.1708 0.1292 0.0388 0 0 0 0 0 0 0 0.019 0.081 0.3804 1.0328 1.1716 1.352 0.9508 0.4562 0.2964 0.138 0.096 
0 0 0 0 0 0 0 0 0 0 0 0 0 0 0 0 0.026 2.1882 6.0614 3.5442 1.448 0.5604 0.137 0.0318 0.003 0 0 0 0 0 0 0 0 0 0.046 1.0616 3.202 3.4898 2.1998 1.2394 0.5154 0.1906 0.0502 0.0052 0 0 0 0 0 0 0 0 0.0256 0.5288 1.719 2.5774 2.2504 1.5618 0.8274 0.3532 0.1236 0.0286 0.0042 0 0 0 0 0 0 0 0.0062 0.1774 0.8004 1.6776 1.7684 1.555 1.1108 0.576 0.2156 0.1044 0.0082 0 0 0 0 0 0 0 0 0.031 0.236 0.755 1.229 1.2422 1.136 0.681 0.409 0.2238 0.0518 0.0052 
0 0 0 0 0 0 0 0 0 0 0 0 0 0 0 0 0.031 2.2816 5.7582 3.5504 1.4798 0.6204 0.2238 0.0548 0 0 0 0 0 0 0 0 0 0 0.0632 1.097 3.2128 3.3218 2.157 1.2584 0.6042 0.1754 0.0946 0.0072 0.0084 0 0 0 0 0 0 0 0.0618 0.5018 1.8394 2.448 2.146 1.567 0.822 0.3984 0.1124 0.0648 0.0384 0 0 0 0 0 0 0 0.0318 0.1742 0.821 1.6556 1.7028 1.5704 1.1886 0.4908 0.2084 0.0988 0.0516 0.006 0 0 0 0 0 0 0.0042 0.0342 0.2676 0.7102 1.1114 1.251 1.2066 0.7884 0.322 0.174 0.111 0.0194 
0 0 0 0 0 0 0 0 0 0 0 0 0 0 0 0 0.0254 2.1778 6.1156 3.8756 1.26 0.3662 0.1438 0.0356 0 0 0 0 0 0 0 0 0 0 0.091 1.0474 3.265 3.6752 2.3734 0.9178 0.4094 0.161 0.0534 0.0064 0 0 0 0 0 0 0 0.004 0.0654 0.4934 1.7034 2.802 2.4296 1.5034 0.5828 0.271 0.1142 0.0266 0.0042 0 0 0 0 0 0 0 0.0184 0.2244 0.7854 1.5658 2.2052 1.6152 0.9182 0.4368 0.1992 0.0154 0.0082 0.0078 0 0 0 0 0 0 0.0038 0.0402 0.2592 0.7344 1.2784 1.5128 1.0946 0.6338 0.3058 0.1094 0.0208 0.0068 
0 0 0 0 0 0 0 0 0 0 0 0 0 0 0 0 0.0142 2.261 6.0226 3.5568 1.4984 0.4334 0.1688 0.0386 0.0062 0 0 0 0 0 0 0 0 0 0.0528 1.126 3.2292 3.6084 2.1858 1.0548 0.5688 0.1152 0.059 0 0 0 0 0 0 0 0 0 0.046 0.5034 1.8046 2.6192 2.3642 1.4058 0.7962 0.3434 0.1032 0.014 0 0 0 0 0 0 0 0 0.03 0.137 0.8968 1.6338 1.971 1.5412 0.971 0.5434 0.1822 0.0858 0.0078 0 0 0 0 0 0 0 0 0.0522 0.2338 0.8328 1.2258 1.3052 1.0566 0.7644 0.3358 0.1518 0.0258 0.0108 
0 0 0 0 0 0 0 0 0 0 0 0 0 0 0 0 0.0156 2.153 6.114 3.5144 1.3844 0.5476 0.214 0.0496 0.0074 0 0 0 0 0 0 0 0 0 0.0638 1.032 3.2732 3.592 2.1166 1.0712 0.515 0.2356 0.0946 0.006 0 0 0 0 0 0 0 0.0052 0.0474 0.4438 1.6642 2.8116 2.3392 1.4166 0.6574 0.3826 0.1764 0.0472 0.0084 0 0 0 0 0 0 0.0032 0.0194 0.1554 0.7376 1.5462 2.0948 1.6858 0.8562 0.5902 0.2082 0.0854 0.0176 0 0 0 0 0 0 0 0.0048 0.0294 0.2194 0.6532 1.2076 1.507 1.0712 0.7144 0.3432 0.2198 0.0294 0.0006 
0 0 0 0 0 0 0 0 0 0 0 0 0 0 0 0 0.0348 2.1216 6.2684 3.737 1.2794 0.414 0.1248 0.02 0 0 0 0 0 0 0 0 0 0 0.0832 1.0548 3.2076 3.7234 2.3588 1.0136 0.405 0.1232 0.0206 0.0098 0 0 0 0 0 0 0 0.0094 0.0496 0.4762 1.8116 2.5748 2.524 1.483 0.6894 0.3026 0.063 0.0164 0 0 0 0 0 0 0 0.007 0.0192 0.2096 0.8212 1.5286 2.0844 1.658 0.9758 0.4518 0.1822 0.0622 0 0 0 0 0 0 0 0 0.0076 0.0528 0.2898 0.781 1.1612 1.3574 1.1688 0.7054 0.3484 0.1008 0.0268 0 
0 0 0 0 0 0 0 0 0 0 0 0 0 0 0 0 0.03 2.372 6.1626 3.697 1.2874 0.3754 0.067 0.0086 0 0 0 0 0 0 0 0 0 0 0.1092 1.1714 3.2734 3.6982 2.289 1.0942 0.3228 0.0418 0 0 0 0 0 0 0 0 0 0.0052 0.1166 0.573 1.7262 2.7536 2.419 1.428 0.7398 0.2156 0.023 0 0 0 0 0 0 0 0 0.0022 0.0748 0.2704 0.8378 1.7064 2.0118 1.5046 0.8898 0.538 0.1518 0.0124 0 0 0 0 0 0 0 0.0028 0.0214 0.076 0.3044 0.8848 1.396 1.2816 0.9236 0.6592 0.3196 0.125 0.0056 0 
0 0 0 0 0 0 0 0 0 0 0 0 0 0 0 0 0.0158 2.1802 6.1218 3.6464 1.2604 0.5976 0.1326 0.0408 0.0044 0 0 0 0 0 0 0 0 0 0.0324 1.0718 3.2564 3.689 2.1502 1.1504 0.41 0.1632 0.0632 0.0134 0 0 0 0 0 0 0 0 0.0288 0.4896 1.6832 2.592 2.5226 1.5244 0.731 0.235 0.1386 0.0502 0.0046 0 0 0 0 0 0 0 0.0124 0.133 0.872 1.4666 2.032 1.7716 0.99 0.407 0.1946 0.0948 0.026 0 0 0 0 0 0 0 0 0.013 0.2878 0.7176 1.1224 1.507 1.1642 0.6622 0.2948 0.1408 0.0642 0.0062 
0 0 0 0 0 0 0 0 0 0 0 0 0 0 0 0 0.0232 2.3044 6.5566 3.2796 1.3022 0.4528 0.066 0.0078 0.0074 0 0 0 0 0 0 0 0 0 0.0454 1.0562 3.7654 3.6306 2.1196 0.9028 0.3414 0.0924 0.0462 0 0 0 0 0 0 0 0 0 0.044 0.5074 1.9588 3.0044 2.3084 1.327 0.5874 0.1686 0.081 0.013 0 0 0 0 0 0 0 0 0.0148 0.2516 0.7734 2.002 2.083 1.585 0.8608 0.265 0.1206 0.0438 0 0 0 0 0 0 0 0 0.0096 0.0726 0.2866 0.7728 1.459 1.5646 1.0528 0.5042 0.187 0.0824 0.0084 0 
0 0 0 0 0 0 0 0 0 0 0 0 0 0 0 0 0.0212 2.13 5.7602 3.7898 1.5178 0.5686 0.1324 0.0428 0.019 0.0104 0.0078 0 0 0 0 0 0 0 0.0688 1.08 3.0098 3.238 2.5242 1.3038 0.5506 0.1394 0.0452 0.0122 0.0216 0.0064 0 0 0 0 0 0 0.0488 0.5638 1.5748 2.3466 2.1876 1.7192 1.0578 0.3482 0.0772 0.0454 0.0098 0.0208 0 0 0 0 0 0 0.009 0.2282 0.7814 1.412 1.5862 1.7144 1.3198 0.6352 0.1868 0.0714 0.0366 0.0074 0.0116 0 0 0 0 0 0 0.0418 0.2638 0.7306 0.9262 1.2096 1.1704 0.9924 0.4318 0.1514 0.039 0.0104 
0 0 0 0 0 0 0 0 0 0 0 0 0 0 0 0 0.0318 2.2692 5.8674 3.383 1.3838 0.6838 0.268 0.0782 0.0274 0.0074 0 0 0 0 0 0 0 0.001 0.058 1.061 3.401 3.318 1.9256 1.2442 0.6368 0.2644 0.0576 0.0218 0.0106 0 0 0 0 0 0 0 0.0358 0.4636 1.849 2.629 2.0962 1.3576 0.858 0.5106 0.1352 0.05 0.0136 0.0014 0 0 0 0 0 0 0.0146 0.1614 0.824 1.481 1.9906 1.5968 0.8906 0.6922 0.2366 0.0892 0.0192 0.0038 0 0 0 0 0 0 0.003 0.0494 0.2668 0.597 1.1316 1.3874 1.1268 0.799 0.4064 0.1746 0.0368 0.0212 
0 0 0 0 0 0 0 0 0 0 0 0 0 0 0 0 0.014 1.8712 5.7794 3.834 1.5274 0.6746 0.2586 0.0236 0.0122 0.005 0 0 0 0 0 0 0 0 0.043 0.8852 2.7486 3.601 2.242 1.3784 0.7422 0.2916 0.0464 0.0176 0.004 0 0 0 0 0 0 0 0.0222 0.3574 1.3936 2.3646 2.444 1.7244 0.8342 0.6164 0.1768 0.0534 0.013 0 0 0 0 0 0 0 0.0126 0.1046 0.582 1.1566 1.9782 1.8042 1.1092 0.7478 0.35 0.1206 0.027 0.0072 0 0 0 0 0 0 0 0 0.1678 0.4476 0.95 1.3218 1.274 0.8634 0.612 0.2716 0.079 0.0124 
0 0 0 0 0 0 0 0 0 0 0 0 0 0 0 0 0.021 1.8258 5.835 3.8794 1.6408 0.5108 0.2102 0.0396 0.0292 0.0082 0 0 0 0 0 0 0 0 0.0412 0.8048 2.7372 3.8034 2.394 1.273 0.5608 0.2962 0.0548 0.0346 0 0 0 0 0 0 0 0 0.0268 0.343 1.409 2.3664 2.5638 1.6336 0.935 0.4684 0.1958 0.0472 0.011 0 0 0 0 0 0 0 0 0.1336 0.5698 1.3266 1.8806 1.7708 1.0404 0.672 0.4434 0.1236 0.0298 0.0094 0 0 0 0 0 0 0 0.0256 0.1428 0.4898 1.078 1.3734 1.0362 0.8326 0.6118 0.2756 0.1034 0.024 
0 0 0 0 0 0 0 0 0 0 0 0 0 0 0 0 0.0338 2.3386 6.2166 3.529 1.278 0.4224 0.1382 0.0272 0.0162 0 0 0 0 0 0 0 0 0 0.0784 1.2522 3.4586 3.5072 2.1004 0.999 0.3702 0.1578 0.0738 0.0024 0 0 0 0 0 0 0 0 0.0388 0.6554 2.0102 2.6936 2.2502 1.2904 0.677 0.2178 0.118 0.0486 0 0 0 0 0 0 0 0 0.0184 0.2436 0.9866 1.8798 1.9302 1.399 0.917 0.4066 0.1448 0.071 0.003 0 0 0 0 0 0 0 0 0.0778 0.3744 0.905 1.2206 1.3484 1.0424 0.5982 0.3186 0.0604 0.0542 0 
0 0 0 0 0 0 0 0 0 0 0 0 0 0 0 0 0.0114 2.1926 5.9732 3.5094 1.526 0.553 0.1448 0.072 0.0126 0.005 0 0 0 0 0 0 0 0 0.0388 1.0014 3.2392 3.3928 2.263 1.1422 0.5678 0.229 0.1108 0.015 0 0 0 0 0 0 0 0 0.0314 0.4066 1.6718 2.6264 2.2064 1.5402 0.8762 0.381 0.2026 0.0518 0.0056 0 0 0 0 0 0 0 0.0114 0.1208 0.7084 1.5842 1.8128 1.7854 0.948 0.6112 0.244 0.0966 0.0718 0.0054 0 0 0 0 0 0 0 0.0276 0.1992 0.6432 1.0544 1.4764 1.117 0.737 0.455 0.1928 0.076 0.0214 
0 0 0 0 0 0 0 0 0 0 0 0 0 0 0 0 0.0424 2.242 5.8856 3.481 1.654 0.5254 0.1246 0.0374 0.0076 0 0 0 0 0 0 0 0 0 0.0918 1.1694 2.9886 3.526 2.1418 1.2792 0.5874 0.1776 0.0382 0 0 0 0 0 0 0 0 0 0.0566 0.5292 1.6432 2.5696 2.3794 1.3688 0.9056 0.4212 0.1026 0.0238 0 0 0 0 0 0 0 0 0.024 0.165 0.8934 1.4218 2.0442 1.5186 0.9982 0.5756 0.2858 0.0608 0.0126 0 0 0 0 0 0 0 0 0.0356 0.232 0.706 1.1366 1.5388 0.9714 0.7506 0.3806 0.1866 0.0402 0.0216 
0 0 0 0 0 0 0 0 0 0 0 0 0 0 0 0 0.024 2.4624 6.255 3.3874 1.2424 0.4122 0.151 0.0342 0.0176 0.0138 0 0 0 0 0 0 0 0 0.0658 1.3368 3.6784 3.4366 1.8818 0.9572 0.4218 0.127 0.0688 0.0192 0.0066 0 0 0 0 0 0 0 0.0474 0.635 2.2184 2.7664 2.0492 1.1864 0.6966 0.2622 0.1086 0.0174 0.0124 0 0 0 0 0 0 0.0032 0.0202 0.2676 1.2072 1.7886 1.896 1.2838 0.8462 0.4742 0.1438 0.0544 0.0088 0.006 0 0 0 0 0 0 0.007 0.108 0.451 0.9906 1.2486 1.2214 0.9262 0.5988 0.2984 0.1222 0.0278 0 
0 0 0 0 0 0 0 0 0 0 0 0 0 0 0 0 0.033 2.2954 6.1316 3.4992 1.4024 0.4396 0.1426 0.0432 0.013 0 0 0 0 0 0 0 0 0 0.0424 1.1202 3.6424 3.263 2.1014 1.1354 0.4834 0.1578 0.0436 0.0104 0 0 0 0 0 0 0 0 0.0248 0.5406 1.9404 2.6598 2.1878 1.5074 0.7276 0.3192 0.0498 0.0376 0.005 0 0 0 0 0 0 0 0.0054 0.205 0.9146 1.7202 1.8932 1.5816 1.0544 0.4394 0.1092 0.0722 0.0048 0 0 0 0 0 0 0 0 0.0622 0.2798 0.7116 1.286 1.4302 1.227 0.6378 0.241 0.083 0.0352 0.0062 
0 0 0 0 0 0 0 0 0 0 0 0 0 0 0 0 0.0132 2.0936 5.958 3.6468 1.424 0.5244 0.2072 0.1002 0.0326 0 0 0 0 0 0 0 0 0 0.0354 0.9126 3.221 3.7352 2.2026 1.003 0.5072 0.2042 0.13 0.0388 0.01 0 0 0 0 0 0 0 0.0348 0.377 1.5744 2.7392 2.4904 1.4248 0.743 0.324 0.1926 0.0564 0.04 0.0034 0 0 0 0 0 0 0.0058 0.141 0.58 1.737 1.9816 1.6442 0.942 0.5446 0.2252 0.1246 0.0492 0.0186 0.0062 0 0 0 0 0 0.0046 0.0304 0.1626 0.6438 1.1826 1.4838 1.1314 0.6542 0.3966 0.1664 0.0834 0.0426 
0 0 0 0 0 0 0 0 0 0 0 0 0 0 0 0 0.027 2.263 5.8786 3.3226 1.5238 0.5946 0.2434 0.1138 0.0236 0.0096 0 0 0 0 0 0 0 0 0.0342 1.1176 3.3778 3.2908 1.9034 1.1698 0.6464 0.302 0.1066 0.0326 0.0188 0 0 0 0 0 0 0 0.033 0.4568 1.884 2.5214 2.0856 1.466 0.7958 0.4582 0.2046 0.0772 0.0174 0 0 0 0 0 0 0 0 0.1868 0.7928 1.6794 1.8002 1.406 1.0396 0.6408 0.3192 0.0998 0.0354 0 0 0 0 0 0 0 0 0.0324 0.217 0.7496 1.2864 1.019 1.0518 0.875 0.4816 0.192 0.0752 0.02 
0 0 0 0 0 0 0 0 0 0 0 0 0 0 0 0 0.0132 2.4398 6.2054 3.4794 1.3094 0.3708 0.1452 0.0368 0 0 0 0 0 0 0 0 0 0 0.0642 1.171 3.5206 3.5404 2.0844 1.0538 0.3416 0.1712 0.0502 0.0026 0 0 0 0 0 0 0 0 0.031 0.6272 1.9594 2.725 2.2382 1.4764 0.5508 0.2252 0.1142 0.0462 0.0064 0 0 0 0 0 0 0 0.011 0.2104 1.031 1.6322 2.079 1.5974 0.9252 0.2702 0.1732 0.0524 0.018 0 0 0 0 0 0 0 0.0026 0.0616 0.339 0.8634 1.2848 1.38 1.0438 0.6672 0.231 0.0972 0.0218 0.0076 
0 0 0 0 0 0 0 0 0 0 0 0 0 0 0 0 0.0346 2.2278 6.0428 3.5658 1.279 0.5264 0.2338 0.0884 0.0014 0 0 0 0 0 0 0 0 0.0016 0.0608 1.1294 3.4626 3.3224 2.1354 0.9638 0.5612 0.2674 0.0768 0.0166 0.002 0 0 0 0 0 0 0 0.03 0.5792 1.9614 2.5052 2.1258 1.3216 0.9134 0.3426 0.1566 0.0642 0 0 0 0 0 0 0 0 0.0048 0.2778 0.8574 1.6774 1.748 1.5758 0.9194 0.5734 0.2766 0.0718 0.0176 0 0 0 0 0 0 0 0.0022 0.0674 0.3102 0.8432 1.043 1.2396 1.0964 0.7538 0.4112 0.1718 0.0598 0.0014 
0 0 0 0 0 0 0 0 0 0 0 0 0 0 0 0 0.0198 2.0094 5.774 3.9222 1.6018 0.492 0.176 0.0048 0 0 0 0 0 0 0 0 0 0 0.0518 0.8954 2.9252 3.6632 2.2202 1.349 0.7018 0.1436 0.032 0.0114 0.0064 0 0 0 0 0 0 0 0.0318 0.4466 1.358 2.601 2.4362 1.5756 0.9586 0.4386 0.0996 0.0468 0.0072 0 0 0 0 0 0 0 0.016 0.1428 0.6134 1.2674 2.101 1.5928 1.2368 0.64 0.2842 0.0636 0.042 0 0 0 0 0 0 0 0 0.0636 0.1258 0.4884 1.1136 1.4204 1.2098 0.7916 0.5556 0.1502 0.0584 0.0226 
0 0 0 0 0 0 0 0 0 0 0 0 0 0 0 0 0.0168 2.1754 5.8414 3.6744 1.431 0.6044 0.2056 0.0426 0.0084 0 0 0 0 0 0 0 0 0 0.0664 1.0346 3.2318 3.308 2.2032 1.2754 0.5602 0.2294 0.0636 0.0274 0 0 0 0 0 0 0 0 0.0356 0.4866 1.678 2.5208 2.229 1.5286 0.9648 0.3614 0.1476 0.0404 0.0072 0 0 0 0 0 0 0 0.0118 0.1644 0.7254 1.5408 1.8142 1.6572 1.1704 0.565 0.2476 0.0866 0.0166 0 0 0 0 0 0 0 0 0.0308 0.1974 0.6074 1.1866 1.3414 1.1528 0.8754 0.3938 0.1724 0.0354 0.0066 
0 0 0 0 0 0 0 0 0 0 0 0 0 0 0 0 0.0204 2.0514 6.1956 3.6448 1.5536 0.4558 0.0708 0.0076 0 0 0 0 0 0 0 0 0 0 0.061 0.976 3.2444 3.6516 2.2414 1.1728 0.4826 0.1424 0.016 0.0096 0.0022 0 0 0 0 0 0 0 0.017 0.4092 1.742 2.7876 2.3446 1.502 0.759 0.333 0.088 0.0176 0 0 0 0 0 0 0 0 0.0016 0.0952 0.7382 1.7446 2.0534 1.7898 0.8586 0.5058 0.1718 0.034 0.007 0 0 0 0 0 0 0 0 0.0166 0.1548 0.6634 1.2756 1.6328 1.1306 0.6338 0.3886 0.0724 0.0262 0.0052 
0 0 0 0 0 0 0 0 0 0 0 0 0 0 0 0 0.026 2.119 6.2284 3.7362 1.3102 0.4058 0.1318 0.0426 0 0 0 0 0 0 0 0 0 0 0.0288 1.0116 3.368 3.6966 2.18 1.165 0.3394 0.1598 0.0416 0.0092 0 0 0 0 0 0 0 0 0.0186 0.4214 1.7186 2.9826 2.4018 1.4034 0.6474 0.2332 0.126 0.0442 0.0028 0 0 0 0 0 0 0 0.0108 0.115 0.6744 1.7536 2.3002 1.694 0.8596 0.3508 0.1478 0.0938 0 0 0 0 0 0 0 0 0 0.0162 0.1564 0.6664 1.3956 1.6924 1.0812 0.5888 0.2486 0.1236 0.0308 0 
0 0 0 0 0 0 0 0 0 0 0 0 0 0 0 0 0.0414 2 6.257 3.7196 1.5232 0.318 0.1224 0.0184 0 0 0 0 0 0 0 0 0 0 0.0698 0.9022 3.1324 3.7866 2.4712 1.1284 0.3684 0.1096 0.0314 0 0 0 0 0 0 0 0 0 0.0298 0.4502 1.5338 2.7412 2.511 1.5686 0.7762 0.293 0.078 0.0152 0.003 0 0 0 0 0 0 0 0.0018 0.1876 0.67 1.6362 1.972 1.6856 1.1036 0.5038 0.1634 0.06 0.016 0 0 0 0 0 0 0 0 0.0276 0.246 0.6732 1.2928 1.3156 1.0854 0.795 0.3792 0.1446 0.0334 0.0072 
0 0 0 0 0 0 0 0 0 0 0 0 0 0 0 0 0.026 2.5294 6.0828 3.3854 1.3634 0.473 0.1124 0.0276 0 0 0 0 0 0 0 0 0 0 0.1104 1.454 3.525 3.1258 1.9732 1.2892 0.403 0.0888 0.0178 0.0128 0 0 0 0 0 0 0 0 0.1136 0.8004 1.9902 2.6746 1.8944 1.5668 0.6562 0.2214 0.0494 0.0224 0.0106 0 0 0 0 0 0 0.0002 0.0534 0.4316 0.9504 1.7988 1.7874 1.561 0.8996 0.3448 0.0994 0.0614 0.012 0 0 0 0 0 0 0 0.0172 0.1624 0.42 0.8332 1.1888 1.5024 0.989 0.5626 0.197 0.0884 0.0346 0.0044 
0 0 0 0 0 0 0 0 0 0 0 0 0 0 0 0 0.0364 2.257 5.9918 3.7386 1.2934 0.4898 0.141 0.032 0.02 0 0 0 0 0 0 0 0 0 0.0772 1.087 3.288 3.6532 2.1428 1.0576 0.481 0.1426 0.0452 0.0254 0 0 0 0 0 0 0 0 0.05 0.4508 1.8538 2.7378 2.4108 1.3644 0.7222 0.273 0.0916 0.043 0.0026 0 0 0 0 0 0 0 0.014 0.1518 0.845 1.7396 2.1088 1.5492 0.96 0.4062 0.1422 0.0666 0.0166 0 0 0 0 0 0 0 0 0.0184 0.2992 0.6756 1.3044 1.54 1.0834 0.702 0.2282 0.1052 0.0312 0.0124 
0 0 0 0 0 0 0 0 0 0 0 0 0 0 0 0 0.0238 2.205 6.1668 3.4584 1.4556 0.4884 0.1462 0.0532 0.0026 0 0 0 0 0 0 0 0 0.0018 0.068 1.0256 3.4798 3.52 2.1174 1.052 0.5574 0.1264 0.0322 0.0194 0 0 0 0 0 0 0 0 0.0508 0.4774 2.0316 2.5196 2.2764 1.4294 0.7774 0.2712 0.1148 0.0514 0 0 0 0 0 0 0 0 0.0326 0.197 0.8964 1.7108 1.8358 1.6376 0.9272 0.4974 0.171 0.0942 0 0 0 0 0 0 0 0 0.0066 0.0668 0.257 0.8494 1.1674 1.3676 1.1614 0.5996 0.3126 0.1746 0.0288 0.0082 
0 0 0 0 0 0 0 0 0 0 0 0 0 0 0 0 0.0352 2.2954 5.9554 3.5482 1.4992 0.446 0.1494 0.0482 0.0126 0.0078 0.0026 0 0 0 0 0 0 0 0.0978 1.1144 3.2752 3.361 2.0974 1.2214 0.552 0.1832 0.0642 0.0152 0.0156 0.0026 0 0 0 0 0 0 0.0686 0.5188 1.7982 2.5982 2.083 1.5378 0.8284 0.3902 0.106 0.0488 0.0108 0.0112 0 0 0 0 0 0 0.027 0.1952 0.8826 1.585 1.7696 1.5198 1.0826 0.6846 0.171 0.0534 0.0176 0.0088 0.0028 0 0 0 0 0 0.0062 0.0584 0.2902 0.7864 1.0628 1.2196 1.0724 0.9124 0.4504 0.0866 0.0232 0.0292 
0 0 0 0 0 0 0 0 0 0 0 0 0 0 0 0 0.037 2.2166 5.9862 3.7386 1.5062 0.4274 0.088 0 0 0 0 0 0 0 0 0 0 0 0.0444 1.136 3.2566 3.5714 2.1518 1.3096 0.4024 0.1056 0.0222 0 0 0 0 0 0 0 0 0 0.043 0.4882 1.8806 2.519 2.3182 1.6174 0.7362 0.25 0.1186 0.0256 0.0032 0 0 0 0 0 0 0 0.0324 0.223 0.799 1.637 1.8624 1.6602 1.0328 0.4966 0.159 0.0762 0.0214 0 0 0 0 0 0 0 0.0098 0.059 0.2836 0.7022 1.3252 1.3462 0.977 0.7592 0.2928 0.1622 0.064 0.0188 
0 0 0 0 0 0 0 0 0 0 0 0 0 0 0 0 0.0134 2.1668 6.2114 3.6002 1.4036 0.3922 0.1464 0.0612 0.0048 0 0 0 0 0 0 0 0 0 0.04 1.045 3.4008 3.5872 2.2034 1.061 0.4878 0.125 0.0472 0.0026 0 0 0 0 0 0 0 0 0.0356 0.3798 1.8554 2.773 2.3388 1.5056 0.6816 0.2826 0.1128 0.0236 0.0066 0.0046 0 0 0 0 0 0 0.0158 0.1846 0.733 1.757 1.9478 1.666 1.0068 0.4182 0.204 0.0386 0.0196 0.0086 0 0 0 0 0 0 0.0022 0.0468 0.252 0.7438 1.1792 1.4964 1.1476 0.6398 0.2988 0.141 0.0298 0.0226 
0 0 0 0 0 0 0 0 0 0 0 0 0 0 0 0 0.0134 1.9994 6.073 3.6662 1.5066 0.5482 0.168 0.0252 0 0 0 0 0 0 0 0 0 0 0.021 0.8752 3.2558 3.4254 2.543 1.2118 0.465 0.156 0.0386 0.0082 0 0 0 0 0 0 0 0 0.0058 0.311 1.6688 2.596 2.4188 1.6944 0.8494 0.3288 0.0936 0.0264 0.007 0 0 0 0 0 0 0 0 0.0758 0.6562 1.5858 1.9738 1.753 1.17 0.5304 0.1524 0.0866 0.016 0 0 0 0 0 0 0 0 0.0086 0.1022 0.599 1.131 1.5986 1.2244 0.827 0.3268 0.1302 0.0278 0.0206 
0 0 0 0 0 0 0 0 0 0 0 0 0 0 0 0 0.0134 2.106 6.0338 3.7188 1.4072 0.48 0.2218 0.017 0.002 0 0 0 0 0 0 0 0 0.0022 0.0594 0.9636 3.2358 3.5388 2.2724 1.1148 0.6132 0.1644 0.024 0.0104 0.001 0 0 0 0 0 0 0 0.021 0.478 1.6552 2.6792 2.2698 1.458 0.9042 0.4022 0.1128 0.0176 0.002 0 0 0 0 0 0 0 0.0012 0.1728 0.7212 1.6468 1.9862 1.5238 1.0018 0.646 0.2356 0.0636 0.001 0 0 0 0 0 0 0 0 0.0258 0.2156 0.701 1.1748 1.4092 1.1056 0.6784 0.4628 0.1854 0.0414 0 
0 0 0 0 0 0 0 0 0 0 0 0 0 0 0 0 0.0398 2.4472 6.2348 3.5372 1.1874 0.404 0.1364 0.0132 0 0 0 0 0 0 0 0 0 0 0.0572 1.2944 3.7492 3.398 2.0298 0.9498 0.3566 0.1396 0.0182 0.0072 0 0 0 0 0 0 0 0 0.0334 0.6486 2.1284 2.8446 2.2258 1.339 0.4984 0.1868 0.0806 0.0144 0 0 0 0 0 0 0 0 0.0164 0.2702 1.0262 1.9832 2.0238 1.4906 0.7278 0.3246 0.1124 0.0248 0 0 0 0 0 0 0 0 0 0.063 0.3686 0.923 1.4372 1.498 0.9672 0.5286 0.1398 0.071 0.0036 0 
0 0 0 0 0 0 0 0 0 0 0 0 0 0 0 0 0.0302 2.3732 5.9874 3.4876 1.355 0.5368 0.1928 0.037 0 0 0 0 0 0 0 0 0 0 0.12 1.1672 3.2704 3.4974 2.0706 1.0784 0.5562 0.1714 0.0684 0 0 0 0 0 0 0 0 0.0108 0.0962 0.5474 1.793 2.6026 2.305 1.3504 0.7662 0.3878 0.1134 0.0272 0 0 0 0 0 0 0 0.0128 0.0634 0.2522 0.748 1.648 1.9242 1.5916 0.9412 0.5792 0.1736 0.048 0.0178 0 0 0 0 0 0 0.0114 0.026 0.0954 0.2294 0.726 1.1724 1.4174 1.1254 0.689 0.365 0.0938 0.0408 0.008 
0 0 0 0 0 0 0 0 0 0 0 0 0 0 0 0 0.0252 2.04 6.18 3.6328 1.2802 0.5512 0.1844 0.0834 0.0228 0 0 0 0 0 0 0 0 0 0.0598 0.915 3.1546 3.7792 2.1966 1.0182 0.5358 0.2192 0.0704 0.0282 0.023 0 0 0 0 0 0 0.0028 0.0286 0.4902 1.5244 2.6798 2.356 1.5682 0.7252 0.3852 0.1458 0.0604 0.0132 0.012 0.0082 0 0 0 0 0 0.0098 0.155 0.7396 1.6324 1.8164 1.6154 1.0424 0.5798 0.2434 0.103 0.0406 0.0068 0.0154 0 0 0 0 0 0 0.0264 0.2508 0.6772 1.2054 1.2466 1.1378 0.7302 0.4264 0.1802 0.0456 0.037 
0 0 0 0 0 0 0 0 0 0 0 0 0 0 0 0 0.019 2.0548 6.4662 3.5362 1.3266 0.4228 0.1248 0.0412 0.0084 0 0 0 0 0 0 0 0 0 0.0428 1.0452 3.2752 3.8706 2.2194 1.016 0.378 0.1038 0.0374 0.0116 0 0 0 0 0 0 0 0 0.0456 0.4448 1.7012 2.8944 2.4556 1.54 0.6276 0.215 0.0566 0.0192 0 0 0 0 0 0 0 0 0.0152 0.1982 0.7232 1.717 2.1348 1.74 0.9846 0.3686 0.0824 0.029 0.007 0 0 0 0 0 0 0 0 0.0526 0.228 0.6734 1.3136 1.6052 1.222 0.6112 0.2152 0.0536 0.0252 0 
0 0 0 0 0 0 0 0 0 0 0 0 0 0 0 0 0.0208 2.149 5.9402 3.6058 1.3872 0.5592 0.2496 0.0786 0.0096 0 0 0 0 0 0 0 0 0 0.0574 1.1098 3.0866 3.5634 2.1756 1.0918 0.611 0.1848 0.068 0.0516 0 0 0 0 0 0 0 0 0.0388 0.5154 1.6786 2.4864 2.3264 1.48 0.898 0.3524 0.1506 0.0488 0.0154 0.0092 0 0 0 0 0 0 0.0024 0.1634 0.8366 1.482 1.9308 1.5796 0.9988 0.5942 0.2834 0.0868 0.0314 0.009 0.0016 0 0 0 0 0 0 0.04 0.2164 0.6978 1.1072 1.4206 1.0388 0.7588 0.4306 0.2078 0.073 0.009 
0 0 0 0 0 0 0 0 0 0 0 0 0 0 0 0 0.0288 2.3082 6.0968 3.4204 1.3914 0.5152 0.1902 0.0346 0.0092 0.0052 0 0 0 0 0 0 0 0 0.0814 1.247 3.2026 3.578 2.0624 1.075 0.5104 0.143 0.0734 0.0268 0 0 0 0 0 0 0 0 0.069 0.591 1.7956 2.8522 2.111 1.3724 0.762 0.2724 0.0972 0.0738 0.0034 0 0 0 0 0 0 0 0.0182 0.2098 0.935 1.7588 1.9784 1.4452 0.9696 0.3948 0.191 0.0534 0.0394 0.0064 0 0 0 0 0 0 0 0.0392 0.3484 0.839 1.3298 1.1964 1.1296 0.5796 0.3402 0.136 0.049 0.0128 
0 0 0 0 0 0 0 0 0 0 0 0 0 0 0 0 0.0264 2.2222 6.1578 3.5714 1.485 0.4194 0.1112 0.0066 0 0 0 0 0 0 0 0 0 0 0.0756 1.1668 3.2704 3.5298 2.3006 1.0496 0.3978 0.1756 0.027 0.0068 0 0 0 0 0 0 0 0 0.0564 0.5854 1.6816 2.7074 2.3608 1.4678 0.7068 0.312 0.1022 0.0196 0 0 0 0 0 0 0 0 0.024 0.2648 0.7948 1.6944 1.8764 1.6164 0.9116 0.5144 0.2414 0.0416 0.0202 0 0 0 0 0 0 0 0.0012 0.0676 0.3064 0.8118 1.2066 1.3484 1.0678 0.6566 0.3278 0.1608 0.0386 0.0064 
0 0 0 0 0 0 0 0 0 0 0 0 0 0 0 0 0.0244 2.491 6.0618 3.3692 1.3714 0.4692 0.1662 0.043 0.0038 0 0 0 0 0 0 0 0 0.0024 0.058 1.3274 3.5718 3.2498 2.0234 1.131 0.4392 0.0896 0.0852 0.0182 0.004 0 0 0 0 0 0 0 0.0744 0.682 2.0878 2.594 2.0854 1.3548 0.6614 0.2848 0.0906 0.0694 0.01 0.0054 0 0 0 0 0 0 0.0366 0.3634 0.941 1.7382 1.8732 1.4938 0.84 0.387 0.1678 0.1328 0.0228 0.0034 0 0 0 0 0 0 0.009 0.1108 0.3286 0.9078 1.2936 1.3778 0.915 0.5498 0.2566 0.1602 0.0806 0.0102 
0 0 0 0 0 0 0 0 0 0 0 0 0 0 0 0 0.022 2.411 5.9994 3.7368 1.286 0.4104 0.112 0.0224 0 0 0 0 0 0 0 0 0 0 0.0754 1.1264 3.4184 3.5286 2.2882 0.9462 0.4448 0.1418 0.0302 0 0 0 0 0 0 0 0 0.0048 0.0614 0.564 1.9028 2.6184 2.4098 1.409 0.6558 0.2836 0.0828 0.0076 0 0 0 0 0 0 0 0.0022 0.0304 0.22 0.9502 1.6408 2.0914 1.4828 0.9568 0.4736 0.1106 0.0392 0.002 0 0 0 0 0 0 0 0.017 0.0694 0.2636 0.8448 1.253 1.3792 1.0746 0.7786 0.2498 0.0608 0.0092 0 
0 0 0 0 0 0 0 0 0 0 0 0 0 0 0 0 0.0074 2.2052 6.0226 3.495 1.4634 0.5444 0.2208 0.0412 0 0 0 0 0 0 0 0 0 0 0.0558 0.9022 3.55 3.375 2.2468 1.0284 0.574 0.2374 0.0304 0 0 0 0 0 0 0 0 0 0.0456 0.4306 1.7334 2.6438 2.326 1.5706 0.7488 0.33 0.161 0.0102 0 0 0 0 0 0 0 0 0.0084 0.1512 0.7402 1.532 2.1184 1.595 1.0628 0.5192 0.2002 0.0662 0.0064 0 0 0 0 0 0 0 0 0.0442 0.1896 0.6186 1.1684 1.5496 1.2174 0.7214 0.2758 0.1814 0.0244 0.0092 
0 0 0 0 0 0 0 0 0 0 0 0 0 0 0 0 0.016 2.1704 6.0766 3.6172 1.4906 0.4774 0.0884 0.0464 0.017 0 0 0 0 0 0 0 0 0 0.0436 1.0204 3.1634 3.6824 2.1796 1.2118 0.3928 0.1928 0.0832 0.0224 0.0076 0 0 0 0 0 0 0 0.0278 0.4762 1.6054 2.6762 2.2262 1.7136 0.7814 0.3174 0.099 0.0554 0.0214 0 0 0 0 0 0 0 0 0.1722 0.7714 1.5498 1.877 1.6098 1.1334 0.608 0.1372 0.0982 0.043 0 0 0 0 0 0 0 0 0.0176 0.3042 0.6906 0.9894 1.434 1.1396 0.8554 0.3322 0.1674 0.0546 0.015 
0 0 0 0 0 0 0 0 0 0 0 0 0 0 0 0 0.034 2.1246 5.8614 3.7096 1.6132 0.5146 0.1226 0.02 0 0 0 0 0 0 0 0 0 0 0.0582 1.086 3.0408 3.4148 2.3584 1.349 0.4588 0.2004 0.0336 0 0 0 0 0 0 0 0 0 0.029 0.5242 1.6022 2.5426 2.3842 1.5578 0.8976 0.3284 0.1182 0.0158 0 0 0 0 0 0 0 0 0.018 0.1808 0.7124 1.487 2.0472 1.5942 1.1356 0.509 0.2448 0.071 0 0 0 0 0 0 0 0 0.0038 0.0558 0.2022 0.6042 1.1508 1.4516 1.1922 0.7798 0.353 0.177 0.0296 0 
0 0 0 0 0 0 0 0 0 0 0 0 0 0 0 0 0.031 2.146 6.1002 3.6174 1.3932 0.494 0.1552 0.0542 0.0088 0 0 0 0 0 0 0 0 0.0016 0.052 1.132 3.2078 3.6326 2.127 1.1064 0.4032 0.223 0.0784 0.0308 0.0052 0 0 0 0 0 0 0 0.0378 0.5852 1.6974 2.5672 2.4428 1.43 0.7036 0.3522 0.1104 0.0348 0.0332 0.0054 0 0 0 0 0 0 0.0236 0.2422 0.6254 1.7038 2.0274 1.6522 0.8914 0.5242 0.1978 0.0468 0.052 0.0132 0 0 0 0 0 0 0 0.0642 0.253 0.639 1.284 1.4392 1.0532 0.6964 0.3614 0.1004 0.0628 0.0326 
0 0 0 0 0 0 0 0 0 0 0 0 0 0 0 0 0.0224 1.9138 6.0538 3.677 1.4362 0.6376 0.2108 0.0428 0.0056 0 0 0 0 0 0 0 0 0 0.034 0.9148 3.1026 3.6518 2.2516 1.057 0.6334 0.2858 0.0488 0.0062 0.0136 0.0004 0 0 0 0 0 0 0.038 0.4174 1.6018 2.5594 2.3438 1.5618 0.8072 0.4036 0.1862 0.0556 0.015 0.0102 0 0 0 0 0 0 0.0088 0.1418 0.6524 1.5112 1.9092 1.7534 1.0616 0.5634 0.2454 0.1194 0.0216 0.008 0.0038 0 0 0 0 0 0 0.037 0.1884 0.5362 1.128 1.4248 1.1972 0.7664 0.4084 0.1898 0.1008 0.023 
0 0 0 0 0 0 0 0 0 0 0 0 0 0 0 0 0.0188 2.0302 6.2756 3.7276 1.3522 0.4714 0.1078 0.0132 0.0032 0 0 0 0 0 0 0 0 0 0.0686 1.0142 3.1886 3.6708 2.3768 1.1444 0.3566 0.118 0.0572 0.0048 0 0 0 0 0 0 0 0 0.084 0.4902 1.5678 2.6368 2.4794 1.668 0.721 0.2636 0.067 0.0216 0.0006 0 0 0 0 0 0 0.0048 0.0384 0.271 0.648 1.4422 2.0838 1.9026 0.9458 0.4556 0.1702 0.0238 0.0138 0 0 0 0 0 0 0 0.0086 0.104 0.2958 0.548 1.1376 1.5138 1.2574 0.6464 0.3472 0.0858 0.0554 0 
0 0 0 0 0 0 0 0 0 0 0 0 0 0 0 0 0.0278 2.1274 6.1538 3.6758 1.377 0.4758 0.1122 0.0358 0.0144 0 0 0 0 0 0 0 0 0 0.0538 1.0286 3.3356 3.6352 2.162 1.038 0.454 0.1636 0.0682 0.061 0 0 0 0 0 0 0 0 0.0268 0.4438 1.9482 2.559 2.2944 1.4434 0.7638 0.313 0.1122 0.061 0.0266 0.0078 0 0 0 0 0 0 0.005 0.1862 0.8656 1.5964 1.9946 1.5346 0.8996 0.5088 0.237 0.0902 0.0552 0.0156 0.0086 0.0026 0 0 0 0 0.0014 0.0244 0.3142 0.797 1.1786 1.2632 1.107 0.66 0.3358 0.1972 0.0758 0.0274 
0 0 0 0 0 0 0 0 0 0 0 0 0 0 0 0 0.0308 2.574 5.9966 3.5078 1.4014 0.409 0.0562 0.007 0.0172 0 0 0 0 0 0 0 0 0 0.094 1.497 3.4956 3.4032 1.967 1.0352 0.3554 0.115 0.0376 0 0 0 0 0 0 0 0 0.0034 0.0682 0.8412 2.1856 2.4948 2.1858 1.2748 0.623 0.225 0.0652 0.033 0 0 0 0 0 0 0 0 0.0458 0.352 1.2502 1.7632 1.8042 1.4156 0.8812 0.3194 0.1148 0.0294 0.0242 0 0 0 0 0 0 0 0.0114 0.1258 0.495 1.023 1.1622 1.3738 0.8918 0.578 0.2468 0.0652 0.0188 0.0082 
0 0 0 0 0 0 0 0 0 0 0 0 0 0 0 0 0.026 2.5824 6.034 3.1678 1.3752 0.5978 0.1738 0.0358 0.0072 0 0 0 0 0 0 0 0 0.001 0.109 1.3734 3.6528 3.1766 1.9214 1.0186 0.4438 0.2194 0.0668 0.0144 0.0028 0 0 0 0 0 0 0 0.0888 0.7192 2.0604 2.7316 2.1056 1.1904 0.5884 0.3038 0.1518 0.0558 0.0042 0 0 0 0 0 0 0 0.0326 0.2554 1.1546 1.8688 1.9 1.3734 0.7272 0.4056 0.176 0.068 0.0344 0.004 0 0 0 0 0 0 0.0054 0.053 0.321 0.903 1.6426 1.3422 0.815 0.43 0.3214 0.0768 0.044 0.028 
0 0 0 0 0 0 0 0 0 0 0 0 0 0 0 0 0.0208 1.922 5.9288 3.7626 1.4804 0.5548 0.2498 0.0714 0.0094 0 0 0 0 0 0 0 0 0 0.0402 0.8408 3.083 3.5616 2.327 1.2474 0.5146 0.2596 0.0846 0.0336 0.0076 0 0 0 0 0 0 0 0.0282 0.3366 1.4928 2.5586 2.536 1.5538 0.7564 0.4474 0.203 0.0708 0.0164 0 0 0 0 0 0 0 0.0074 0.1282 0.518 1.4322 2.1108 1.8248 0.953 0.5744 0.232 0.1398 0.072 0.0074 0 0 0 0 0 0 0 0.028 0.104 0.4694 1.1896 1.5786 1.1316 0.6952 0.4174 0.22 0.0894 0.0694 
0 0 0 0 0 0 0 0 0 0 0 0 0 0 0 0 0.0172 2.1468 6.19 3.5926 1.3874 0.4988 0.1266 0.0406 0 0 0 0 0 0 0 0 0 0 0.0262 0.975 3.3734 3.692 2.2118 1.0372 0.5018 0.1322 0.042 0.0084 0 0 0 0 0 0 0 0 0.0342 0.3714 1.7082 2.7874 2.5708 1.3884 0.6982 0.2734 0.1208 0.0402 0.007 0 0 0 0 0 0 0 0.0156 0.1418 0.5994 1.7166 2.2026 1.7106 0.8864 0.4722 0.1822 0.0614 0.0112 0 0 0 0 0 0 0 0 0.0272 0.1682 0.6736 1.3016 1.5442 1.0974 0.7176 0.3088 0.117 0.0316 0.0128 
0 0 0 0 0 0 0 0 0 0 0 0 0 0 0 0 0.0256 2.324 6.1874 3.5976 1.2876 0.4246 0.1174 0.0358 0 0 0 0 0 0 0 0 0 0 0.0776 1.1844 3.344 3.6062 2.2002 1.063 0.3558 0.1318 0.037 0 0 0 0 0 0 0 0 0 0.0792 0.5432 1.8732 2.7016 2.3472 1.4744 0.6068 0.2948 0.0762 0.0034 0 0 0 0 0 0 0 0 0.0414 0.234 0.921 1.6312 2.033 1.6388 0.8964 0.3688 0.1966 0.0388 0 0 0 0 0 0 0 0 0.0074 0.0952 0.3276 0.7956 1.2926 1.3174 1.103 0.6334 0.3164 0.0862 0.0252 0 
0 0 0 0 0 0 0 0 0 0 0 0 0 0 0 0 0.0186 2.1154 6.0008 3.6376 1.4326 0.5514 0.1836 0.044 0.016 0 0 0 0 0 0 0 0 0 0.077 0.9402 3.3008 3.505 2.0912 1.2776 0.4386 0.2332 0.1064 0.0288 0.0012 0 0 0 0 0 0 0 0.063 0.4418 1.5812 2.7226 2.371 1.4332 0.7858 0.301 0.2154 0.0802 0.0048 0 0 0 0 0 0 0.0022 0.03 0.194 0.601 1.6566 1.9946 1.5876 0.9832 0.473 0.2814 0.1492 0.0366 0.0106 0 0 0 0 0 0 0.0062 0.072 0.2302 0.601 1.1446 1.3944 1.175 0.704 0.3648 0.1882 0.0794 0.0318 
0 0 0 0 0 0 0 0 0 0 0 0 0 0 0 0 0.0236 2.3112 6.0302 3.6282 1.3272 0.4698 0.1436 0.0594 0.0068 0 0 0 0 0 0 0 0 0 0.083 1.2972 3.1322 3.4254 2.1982 1.196 0.459 0.1236 0.0734 0.012 0 0 0 0 0 0 0 0.0046 0.0632 0.6918 1.7064 2.5204 2.2372 1.4928 0.8524 0.2794 0.0956 0.0362 0.02 0 0 0 0 0 0 0.0038 0.0326 0.2994 0.8584 1.5322 1.9768 1.4716 1.0452 0.4934 0.1646 0.0882 0.0188 0.015 0 0 0 0 0 0 0.0222 0.0844 0.3142 0.7434 1.1888 1.2332 1.178 0.7294 0.2756 0.1278 0.0802 0.021 
0 0 0 0 0 0 0 0 0 0 0 0 0 0 0 0 0.0142 2.2412 5.8626 3.7958 1.289 0.4632 0.266 0.0526 0.0054 0.0052 0.0048 0 0 0 0 0 0 0 0.0646 1.075 3.1348 3.5258 2.3488 0.9816 0.4846 0.2812 0.0694 0.033 0.0012 0 0 0 0 0 0 0.0018 0.0646 0.487 1.617 2.5916 2.3788 1.4864 0.7644 0.392 0.148 0.059 0.0094 0 0 0 0 0 0 0 0.0424 0.1726 0.748 1.5522 1.8508 1.7126 0.9964 0.5488 0.2388 0.0936 0.0206 0.0232 0 0 0 0 0 0 0.0174 0.0684 0.2228 0.783 1.0012 1.243 1.2278 0.8066 0.3758 0.146 0.0568 0.0402 
0 0 0 0 0 0 0 0 0 0 0 0 0 0 0 0 0.0306 2.367 5.9326 3.6386 1.4136 0.4576 0.1254 0.0346 0 0 0 0 0 0 0 0 0 0 0.094 1.2406 3.1508 3.5758 2.172 1.084 0.51 0.1174 0.046 0.0094 0 0 0 0 0 0 0 0.0026 0.0944 0.6678 1.7086 2.4642 2.3994 1.4412 0.914 0.2006 0.0934 0.0138 0 0 0 0 0 0 0 0 0.069 0.3124 0.83 1.4938 1.8246 1.7616 1.0446 0.5222 0.121 0.0208 0 0 0 0 0 0 0 0 0.0398 0.1052 0.364 0.7076 0.9602 1.3802 1.2006 0.8534 0.322 0.067 0 0 
0 0 0 0 0 0 0 0 0 0 0 0 0 0 0 0 0.0138 2.053 5.9004 3.5604 1.48 0.6764 0.2556 0.0522 0.0082 0 0 0 0 0 0 0 0 0 0.0904 1.0664 3.0338 3.39 2.124 1.2856 0.6436 0.2554 0.0998 0.011 0 0 0 0 0 0 0 0 0.0702 0.488 1.6986 2.4044 2.1908 1.5336 0.9398 0.405 0.2006 0.0596 0.0094 0 0 0 0 0 0 0 0.0274 0.2626 0.7162 1.4356 1.8254 1.537 1.086 0.6694 0.3044 0.0832 0.0394 0.0134 0 0 0 0 0 0 0.0092 0.0666 0.3392 0.5038 1.0496 1.2696 1.1292 0.8968 0.402 0.209 0.0634 0.0494 
0 0 0 0 0 0 0 0 0 0 0 0 0 0 0 0 0.0086 2.1184 6.4304 3.4224 1.3322 0.4516 0.2094 0.022 0.005 0 0 0 0 0 0 0 0 0 0.0376 1.0212 3.349 3.8736 2.0824 0.916 0.395 0.232 0.0842 0.009 0 0 0 0 0 0 0 0 0.0198 0.4582 1.7306 2.8792 2.434 1.4114 0.581 0.2822 0.1478 0.0492 0.0066 0 0 0 0 0 0 0 0.0026 0.1762 0.7474 1.7056 2.052 1.7226 0.917 0.3644 0.1872 0.083 0.0382 0.0038 0 0 0 0 0 0 0 0.043 0.2172 0.7848 1.2558 1.4436 1.1434 0.623 0.2528 0.1592 0.0706 0.0066 
0 0 0 0 0 0 0 0 0 0 0 0 0 0 0 0 0.0212 2.355 6.0852 3.5562 1.4552 0.3788 0.1102 0.0382 0 0 0 0 0 0 0 0 0 0 0.091 1.17 3.483 3.3506 2.2112 1.191 0.3232 0.1046 0.0616 0.0138 0 0 0 0 0 0 0 0 0.0716 0.5396 1.899 2.7878 2.2384 1.3598 0.6606 0.328 0.0732 0.0418 0.0002 0 0 0 0 0 0 0 0.0342 0.238 0.8638 1.715 2.1226 1.4902 0.7706 0.5628 0.1574 0.0454 0 0 0 0 0 0 0 0 0.006 0.071 0.2804 0.8468 1.272 1.435 1.0186 0.6482 0.28 0.137 0.005 0 
