0.03 0.09 0.15 0.21 0.27 0.33 0.39 0.45 0.51 0.57 0.63 0.69 0.75 0.81 0.87 0.93 0.99 1.05 1.11 1.17 1.23 1.29 1.35 1.41 1.47 1.53 1.59 1.65 1.71 1.77 1.83 1.89 1.95 2.01 2.07 2.13 2.19 2.25 2.31 2.37 2.43 2.49 2.55 2.61 2.67 2.73 2.79 2.85 2.91 2.97 3.03 3.09 3.15 3.21 3.27 3.33 3.39 3.45 3.51 3.57 3.63 3.69 3.75 3.81 3.87 3.93 3.99 4.05 4.11 4.17 4.23 4.29 4.35 4.41 4.47 4.53 4.59 4.65 4.71 4.77 4.83 4.89 4.95 5.01 5.07 5.13 5.19 5.25 5.31 5.37 5.43 5.49 5.55 5.61 5.67 5.73 5.79 5.85 5.91 5.97 
0 0 0 0 0 0 0 0 0 0 0 0 0 0 0 0 0.0476 1.7178 3.3542 1.5778 0.3932 0.0854 0.023 0.0018 0 0 0 0 0 0 0 0 0 0.0048 0.0878 0.8026 1.6808 1.6092 0.8126 0.2914 0.0816 0.0194 0.0086 0.0018 0 0 0 0 0 0 0 0.0034 0.0632 0.349 0.7556 0.9776 0.7632 0.4348 0.161 0.0578 0.0236 0.01 0.0012 0 0 0 0 0 0 0.0032 0.0274 0.0876 0.2374 0.3554 0.4272 0.3446 0.1502 0.1026 0.0394 0.0166 0.0086 0 0 0 0 0 0 0 0 0 0 0 0 0 0 0 0 0 0 0 
0 0 0 0 0 0 0 0 0 0 0 0 0 0 0 0 0.044 1.714 3.6566 1.881 0.5582 0.1128 0.03 0.0034 0 0 0 0 0 0 0 0 0 0.001 0.0774 0.7032 1.782 1.8102 1.058 0.4124 0.108 0.0408 0.007 0 0 0 0 0 0 0 0 0.0006 0.0488 0.2494 0.7576 1.0434 0.9562 0.5776 0.2486 0.07 0.038 0.0098 0 0 0 0 0 0 0 0.0016 0.016 0.0612 0.204 0.3688 0.4242 0.4204 0.2944 0.1348 0.0448 0.0244 0.0054 0 0 0 0 0 0 0 0 0 0 0 0 0 0 0 0 0 0 0 
0 0 0 0 0 0 0 0 0 0 0 0 0 0 0 0 0.0398 1.7738 3.7368 1.8186 0.4936 0.0952 0.0194 0.0102 0.0052 0.0034 0.004 0 0 0 0 0 0 0.0006 0.0646 0.7086 1.9276 1.9242 0.9472 0.32 0.0684 0.0188 0.0076 0.002 0.0064 0.004 0 0 0 0 0 0 0.0238 0.273 0.822 1.1662 0.9558 0.5112 0.1622 0.0422 0.0228 0.0098 0.0022 0.0052 0.0036 0 0 0 0 0 0.007 0.0668 0.2234 0.4192 0.457 0.429 0.2276 0.102 0.0362 0.0176 0.0044 0.0034 0.0064 0 0 0 0 0 0 0 0 0 0 0 0 0 0 0 0 0 
0 0 0 0 0 0 0 0 0 0 0 0 0 0 0 0 0.0268 1.7304 3.7038 1.7958 0.5242 0.1422 0.0496 0.0272 0 0 0 0 0 0 0 0 0 0 0.067 0.7444 1.8878 1.717 1.0148 0.392 0.1132 0.045 0.0114 0.004 0.0034 0 0 0 0 0 0 0 0.026 0.3118 0.797 1.0734 0.8368 0.5854 0.2278 0.0942 0.0258 0.0144 0.0074 0 0 0 0 0 0 0 0.0078 0.066 0.2246 0.369 0.4184 0.3982 0.2564 0.147 0.0672 0.0254 0.02 0 0 0 0 0 0 0 0 0 0 0 0 0 0 0 0 0 0 0 
0 0 0 0 0 0 0 0 0 0 0 0 0 0 0 0 0.0468 1.622 3.6172 1.8992 0.5582 0.1766 0.0602 0.0198 0 0 0 0 0 0 0 0 0 0.0016 0.0632 0.7016 1.6888 1.7866 1.0598 0.4492 0.1568 0.0584 0.0222 0.009 0.0028 0 0 0 0 0 0 0.0026 0.0308 0.258 0.704 1.0268 0.9192 0.5924 0.2448 0.1248 0.0496 0.0294 0.01 0.0076 0 0 0 0 0 0.0014 0.0084 0.0496 0.1936 0.3502 0.4426 0.4054 0.2484 0.146 0.079 0.0336 0.0172 0.0136 0.0068 0.0026 0.0016 0 0 0 0 0 0 0 0 0 0 0 0 0 0 0 
0 0 0 0 0 0 0 0 0 0 0 0 0 0 0 0 0.0328 1.7446 3.8608 1.686 0.4706 0.1324 0.0412 0.0198 0.0106 0.0012 0 0 0 0 0 0 0 0.0002 0.0494 0.777 1.953 1.8146 0.9308 0.322 0.0986 0.0234 0.017 0.013 0.001 0 0 0 0 0 0 0 0.0416 0.261 0.8374 1.1882 0.9042 0.456 0.2094 0.0524 0.0222 0.024 0.0036 0 0 0 0 0 0 0 0.0116 0.0642 0.197 0.4066 0.5372 0.3444 0.2392 0.1162 0.0402 0.026 0.0126 0.0048 0 0 0 0 0 0 0 0 0 0 0 0 0 0 0 0 0 0 
0 0 0 0 0 0 0 0 0 0 0 0 0 0 0 0 0.0432 1.745 3.7206 1.7932 0.4846 0.1426 0.0582 0.009 0.0036 0 0 0 0 0 0 0 0 0.0018 0.0774 0.7628 1.8988 1.7546 0.9766 0.331 0.1224 0.0468 0.0188 0.009 0 0 0 0 0 0 0 0.0024 0.054 0.3168 0.7828 1.079 0.9276 0.472 0.205 0.067 0.0606 0.0238 0.009 0 0 0 0 0 0 0 0.0258 0.0854 0.2102 0.371 0.4444 0.3924 0.2334 0.116 0.0592 0.0402 0.0132 0.0042 0.0046 0 0 0 0 0 0 0 0 0 0 0 0 0 0 0 0 0 
0 0 0 0 0 0 0 0 0 0 0 0 0 0 0 0 0.031 1.8862 3.9956 1.5942 0.3406 0.1116 0.0344 0.0064 0 0 0 0 0 0 0 0 0 0 0.0698 0.9058 2.077 1.852 0.715 0.2778 0.083 0.0128 0.0022 0.003 0.0016 0 0 0 0 0 0 0 0.0466 0.3408 0.9712 1.2136 0.8458 0.3652 0.1604 0.0394 0.01 0.0052 0.0018 0 0 0 0 0 0 0 0.0136 0.0778 0.253 0.4684 0.5572 0.3308 0.1694 0.0934 0.0226 0.0116 0.0022 0 0 0 0 0 0 0 0 0 0 0 0 0 0 0 0 0 0 0 
0 0 0 0 0 0 0 0 0 0 0 0 0 0 0 0 0.039 1.8232 3.746 1.7158 0.4636 0.131 0.0496 0.0266 0.0052 0 0 0 0 0 0 0 0 0 0.073 0.8088 2.0056 1.7446 0.8442 0.3244 0.131 0.0506 0.0136 0.0042 0 0 0 0 0 0 0 0.0026 0.0384 0.287 0.907 1.124 0.882 0.4168 0.1942 0.0806 0.0446 0.0212 0.0016 0 0 0 0 0 0 0.0016 0.011 0.0622 0.2862 0.3676 0.4698 0.3622 0.207 0.1156 0.0652 0.0346 0.0136 0.0034 0 0 0 0 0 0 0 0 0 0 0 0 0 0 0 0 0 0 
0 0 0 0 0 0 0 0 0 0 0 0 0 0 0 0 0.03 1.908 3.9246 1.6624 0.3632 0.0984 0.0094 0.004 0 0 0 0 0 0 0 0 0 0 0.0708 0.903 2.1116 1.7274 0.8166 0.2816 0.0608 0.0252 0.003 0 0 0 0 0 0 0 0 0 0.0358 0.3512 1.04 1.0912 0.8498 0.4214 0.1362 0.057 0.0174 0 0 0 0 0 0 0 0 0 0.01 0.0864 0.3042 0.4874 0.4398 0.336 0.2148 0.0736 0.0412 0.0066 0 0 0 0 0 0 0 0 0 0 0 0 0 0 0 0 0 0 0 0 
0 0 0 0 0 0 0 0 0 0 0 0 0 0 0 0 0.0426 1.7166 3.4992 1.9422 0.61 0.1344 0.0418 0.0106 0.0026 0 0 0 0 0 0 0 0 0 0.0674 0.7164 1.6832 1.758 1.0846 0.4898 0.1322 0.0508 0.0176 0 0 0 0 0 0 0 0 0.001 0.0296 0.254 0.6996 1.036 0.9528 0.5986 0.253 0.0958 0.0472 0.0218 0.0106 0 0 0 0 0 0 0 0.0104 0.0534 0.1714 0.373 0.4634 0.424 0.2502 0.1224 0.0602 0.036 0.031 0.0046 0 0 0 0 0 0 0 0 0 0 0 0 0 0 0 0 0 0 
0 0 0 0 0 0 0 0 0 0 0 0 0 0 0 0 0.0414 1.76 3.7568 1.8504 0.4888 0.0774 0.0168 0.0084 0 0 0 0 0 0 0 0 0 0 0.0896 0.7664 1.8876 1.83 0.9846 0.32 0.0794 0.0318 0.0102 0.0004 0 0 0 0 0 0 0 0 0.045 0.3098 0.8166 1.0962 0.9308 0.5096 0.1902 0.0688 0.02 0.011 0.002 0 0 0 0 0 0 0 0.0052 0.0766 0.255 0.4028 0.4714 0.3632 0.2196 0.1414 0.0478 0.007 0.0068 0.0032 0 0 0 0 0 0 0 0 0 0 0 0 0 0 0 0 0 0 
0 0 0 0 0 0 0 0 0 0 0 0 0 0 0 0 0.0328 1.8084 3.8308 1.787 0.4422 0.0756 0.0166 0.003 0.0036 0 0 0 0 0 0 0 0 0 0.0934 0.7596 2.0344 1.8678 0.824 0.2992 0.0954 0.0188 0.0064 0.001 0 0 0 0 0 0 0 0.0006 0.0528 0.3166 0.8886 1.1964 0.8566 0.418 0.1718 0.0648 0.0242 0.006 0.0026 0.001 0 0 0 0 0 0 0.011 0.0754 0.2578 0.4394 0.5022 0.36 0.1904 0.092 0.0526 0.0108 0.0056 0.0028 0 0 0 0 0 0 0 0 0 0 0 0 0 0 0 0 0 0 
0 0 0 0 0 0 0 0 0 0 0 0 0 0 0 0 0.0546 1.7796 3.4612 1.9206 0.5334 0.156 0.0504 0.0242 0.0144 0.0056 0 0 0 0 0 0 0 0 0.0842 0.777 1.6542 1.7908 1.0694 0.3968 0.1358 0.0584 0.021 0.0094 0.003 0 0 0 0 0 0 0.0016 0.0412 0.3274 0.6844 1.0198 0.9294 0.531 0.2474 0.1524 0.0442 0.0168 0.0044 0 0 0 0 0 0 0 0.0106 0.0904 0.1946 0.359 0.4444 0.3546 0.2064 0.1516 0.121 0.0562 0.0076 0.0036 0 0 0 0 0 0 0 0 0 0 0 0 0 0 0 0 0 0 
0 0 0 0 0 0 0 0 0 0 0 0 0 0 0 0 0.0432 1.8004 3.6964 1.7346 0.51 0.1456 0.0454 0.0184 0.006 0 0 0 0 0 0 0 0 0.0004 0.0728 0.7584 1.9852 1.702 0.9082 0.3522 0.1442 0.058 0.0092 0.0094 0 0 0 0 0 0 0 0.0022 0.0274 0.3102 0.889 1.1338 0.7748 0.441 0.2298 0.1046 0.0516 0.022 0.0122 0.0014 0 0 0 0 0 0.0006 0.007 0.0596 0.2628 0.4524 0.4204 0.3188 0.2112 0.1334 0.0576 0.0416 0.0214 0.0086 0.0046 0 0 0 0 0 0 0 0 0 0 0 0 0 0 0 0 0 
0 0 0 0 0 0 0 0 0 0 0 0 0 0 0 0 0.0342 1.8146 3.9506 1.7058 0.4144 0.0686 0.0118 0 0 0 0 0 0 0 0 0 0 0 0.0558 0.8274 2.089 1.793 0.8512 0.2926 0.0766 0.0144 0 0 0 0 0 0 0 0 0 0.0012 0.0386 0.3448 0.909 1.1854 0.8372 0.4318 0.2072 0.0448 0 0 0 0 0 0 0 0 0 0 0.0152 0.0882 0.269 0.4632 0.4508 0.3502 0.2278 0.1046 0.031 0 0 0 0 0 0 0 0 0 0 0 0 0 0 0 0 0 0 0 0 0 
0 0 0 0 0 0 0 0 0 0 0 0 0 0 0 0 0.046 1.7814 3.6802 1.7928 0.4488 0.1366 0.0564 0.0266 0.0152 0.0116 0.0044 0 0 0 0 0 0 0.0006 0.077 0.7684 1.8732 1.8158 0.946 0.3202 0.0934 0.0592 0.0282 0.0104 0.0052 0.0024 0 0 0 0 0 0.0012 0.0442 0.2872 0.7906 1.14 0.8546 0.516 0.2172 0.0798 0.0408 0.02 0.0074 0.001 0 0 0 0 0 0 0.0106 0.0738 0.2022 0.3762 0.4694 0.364 0.2476 0.1446 0.0532 0.0314 0.0202 0.0068 0 0 0 0 0 0 0 0 0 0 0 0 0 0 0 0 0 0 
0 0 0 0 0 0 0 0 0 0 0 0 0 0 0 0 0.0612 1.9302 3.5016 1.7918 0.4882 0.1426 0.0464 0.0214 0.0112 0.0054 0 0 0 0 0 0 0 0 0.084 0.9126 1.8414 1.686 0.9092 0.361 0.1184 0.043 0.0336 0.0082 0.0026 0 0 0 0 0 0 0 0.045 0.3864 0.8332 1.0242 0.8404 0.492 0.1992 0.1142 0.044 0.013 0.0084 0 0 0 0 0 0 0 0.009 0.107 0.242 0.38 0.4156 0.379 0.2184 0.123 0.0748 0.0256 0.0182 0.0074 0 0 0 0 0 0 0 0 0 0 0 0 0 0 0 0 0 0 
0 0 0 0 0 0 0 0 0 0 0 0 0 0 0 0 0.051 1.724 3.4926 1.8456 0.6372 0.1836 0.0482 0.0154 0.0024 0 0 0 0 0 0 0 0 0.0014 0.0964 0.6732 1.7008 1.7064 1.0834 0.463 0.1988 0.0518 0.0238 0.001 0 0 0 0 0 0 0 0.0026 0.0434 0.272 0.7082 0.9078 0.9276 0.62 0.3074 0.1526 0.048 0.0102 0.0002 0 0 0 0 0 0 0.0008 0.0122 0.0696 0.1906 0.3298 0.393 0.4054 0.273 0.1734 0.0916 0.0498 0.0086 0.0022 0 0 0 0 0 0 0 0 0 0 0 0 0 0 0 0 0 0 
0 0 0 0 0 0 0 0 0 0 0 0 0 0 0 0 0.032 1.7894 3.5774 1.8636 0.5112 0.1548 0.0438 0.0204 0.0062 0.0012 0 0 0 0 0 0 0 0 0.0898 0.7062 1.805 1.8798 0.9346 0.3912 0.1234 0.034 0.0198 0.0096 0.0066 0 0 0 0 0 0 0.0016 0.0228 0.2902 0.77 1.1164 0.8838 0.5308 0.2324 0.0824 0.0364 0.022 0.0078 0.0034 0 0 0 0 0 0 0.0066 0.064 0.224 0.3822 0.4502 0.3956 0.2424 0.1004 0.0644 0.034 0.0174 0.0132 0.0056 0 0 0 0 0 0 0 0 0 0 0 0 0 0 0 0 0 
0 0 0 0 0 0 0 0 0 0 0 0 0 0 0 0 0.054 1.7364 3.6392 1.8598 0.5254 0.1374 0.044 0.0038 0 0 0 0 0 0 0 0 0 0.0036 0.09 0.7968 1.7688 1.771 1.0036 0.3462 0.1462 0.065 0.0088 0 0 0 0 0 0 0 0.0014 0.0054 0.0398 0.3354 0.7844 1.0488 0.8554 0.5264 0.2516 0.0746 0.0432 0.0208 0.0116 0.0012 0 0 0 0 0.0014 0.0016 0.0132 0.0848 0.2376 0.395 0.4286 0.3166 0.2602 0.1472 0.058 0.0228 0.0106 0.0094 0.0108 0.0022 0 0 0 0 0 0 0 0 0 0 0 0 0 0 0 0 
0 0 0 0 0 0 0 0 0 0 0 0 0 0 0 0 0.043 1.8178 3.6836 1.8406 0.5068 0.0786 0.0268 0.0028 0 0 0 0 0 0 0 0 0 0.0018 0.09 0.7996 1.8716 1.8124 0.9936 0.3134 0.0822 0.0306 0.002 0.0028 0 0 0 0 0 0 0 0 0.0492 0.3506 0.7964 1.0504 0.968 0.5296 0.1544 0.0674 0.0296 0.0044 0 0 0 0 0 0 0 0 0.0122 0.09 0.2394 0.3532 0.518 0.392 0.2208 0.1048 0.0458 0.0208 0.003 0 0 0 0 0 0 0 0 0 0 0 0 0 0 0 0 0 0 0 
0 0 0 0 0 0 0 0 0 0 0 0 0 0 0 0 0.0494 1.8266 3.6666 1.795 0.4956 0.111 0.041 0.0092 0.0056 0 0 0 0 0 0 0 0 0 0.0744 0.7954 1.908 1.7526 0.9716 0.356 0.0922 0.0404 0.0086 0.0008 0 0 0 0 0 0 0 0 0.0558 0.3188 0.8242 1.0776 0.8614 0.534 0.2098 0.0768 0.0332 0.0058 0.0026 0 0 0 0 0 0 0.0012 0.0156 0.0812 0.226 0.4184 0.456 0.3474 0.2302 0.115 0.0684 0.033 0.0076 0 0 0 0 0 0 0 0 0 0 0 0 0 0 0 0 0 0 0 
0 0 0 0 0 0 0 0 0 0 0 0 0 0 0 0 0.047 1.972 3.8522 1.5916 0.3942 0.0968 0.032 0.0086 0.0032 0.0024 0 0 0 0 0 0 0 0.0016 0.0892 0.874 2.119 1.7192 0.8164 0.2562 0.0962 0.0228 0.0022 0.0032 0 0 0 0 0 0 0 0.002 0.0552 0.338 0.9982 1.1494 0.803 0.4186 0.1734 0.05 0.0084 0.0022 0.0016 0 0 0 0 0 0 0.0016 0.0152 0.0966 0.2684 0.5132 0.4328 0.326 0.2006 0.0866 0.0386 0.0178 0.0026 0 0 0 0 0 0 0 0 0 0 0 0 0 0 0 0 0 0 0 
0 0 0 0 0 0 0 0 0 0 0 0 0 0 0 0 0.043 1.8784 3.5946 1.8298 0.501 0.1262 0.0242 0.0028 0 0 0 0 0 0 0 0 0 0.0006 0.0812 0.8014 1.8634 1.8362 0.914 0.367 0.1034 0.0252 0.0076 0 0 0 0 0 0 0 0 0.0036 0.0444 0.3292 0.821 1.0942 0.9058 0.477 0.2032 0.0928 0.0288 0 0 0 0 0 0 0 0 0.0012 0.0174 0.0874 0.2516 0.3846 0.4654 0.3486 0.1888 0.1506 0.0778 0.0266 0 0 0 0 0 0 0 0 0 0 0 0 0 0 0 0 0 0 0 0 
0 0 0 0 0 0 0 0 0 0 0 0 0 0 0 0 0.063 1.8764 3.5248 1.7998 0.5488 0.1382 0.0252 0.009 0.004 0.0108 0 0 0 0 0 0 0 0.0064 0.1032 0.8236 1.8532 1.7038 0.9358 0.4118 0.1178 0.0242 0.008 0.0022 0.003 0.007 0 0 0 0 0 0.0066 0.0558 0.3384 0.8376 0.9898 0.8958 0.5286 0.2316 0.0796 0.0198 0.0034 0.0036 0.0016 0.0018 0.003 0.003 0 0 0 0.013 0.0918 0.2542 0.3416 0.4428 0.3738 0.2522 0.135 0.0516 0.0234 0.009 0.002 0.0014 0.0026 0.0056 0 0 0 0 0 0 0 0 0 0 0 0 0 0 0 
0 0 0 0 0 0 0 0 0 0 0 0 0 0 0 0 0.0402 1.802 3.6458 1.795 0.5142 0.1166 0.0352 0.0342 0.007 0.0064 0.0034 0 0 0 0 0 0 0.0022 0.0952 0.7858 1.8614 1.7366 0.9594 0.3508 0.1238 0.042 0.026 0.0124 0.0044 0 0 0 0 0 0 0.0034 0.0512 0.323 0.7934 1.0708 0.8628 0.5096 0.2384 0.0766 0.0366 0.0226 0.0096 0.002 0 0 0 0 0 0 0.0086 0.0682 0.231 0.4056 0.4394 0.3576 0.2294 0.1416 0.0548 0.035 0.0164 0.0124 0 0 0 0 0 0 0 0 0 0 0 0 0 0 0 0 0 0 
0 0 0 0 0 0 0 0 0 0 0 0 0 0 0 0 0.048 1.8358 3.5004 1.809 0.5524 0.1852 0.043 0.0172 0.0026 0.0018 0.0026 0.002 0 0 0 0 0 0.002 0.1052 0.7852 1.8182 1.6624 0.962 0.4234 0.1602 0.0518 0.0188 0.006 0.0048 0 0 0 0 0 0 0.0046 0.0388 0.3198 0.7804 1.0152 0.8986 0.512 0.2256 0.1276 0.0482 0.0254 0.0038 0 0 0 0 0 0 0 0.0164 0.0768 0.2148 0.385 0.439 0.3636 0.2002 0.1324 0.0868 0.0482 0.0314 0.0054 0 0 0 0 0 0 0 0 0 0 0 0 0 0 0 0 0 0 
0 0 0 0 0 0 0 0 0 0 0 0 0 0 0 0 0.043 1.799 3.6902 1.7556 0.4892 0.1416 0.0448 0.021 0.0138 0.0018 0 0 0 0 0 0 0 0 0.0814 0.7962 1.8084 1.7332 1.003 0.3468 0.1384 0.0474 0.0274 0.0178 0 0 0 0 0 0 0 0.0012 0.044 0.3294 0.804 0.988 0.912 0.5208 0.22 0.0986 0.0464 0.0144 0.0088 0.004 0.0042 0.0042 0 0 0 0 0.0096 0.08 0.2646 0.3934 0.4126 0.355 0.2318 0.1424 0.0502 0.0208 0.0106 0.0082 0.0134 0.0054 0.002 0 0 0 0 0 0 0 0 0 0 0 0 0 0 0 
0 0 0 0 0 0 0 0 0 0 0 0 0 0 0 0 0.0466 1.781 3.6198 1.8514 0.5286 0.1208 0.0318 0.02 0 0 0 0 0 0 0 0 0 0 0.0878 0.7666 1.8604 1.7356 1.0396 0.3554 0.099 0.0358 0.0124 0.0074 0 0 0 0 0 0 0 0.0018 0.0292 0.329 0.8242 1.0756 0.8538 0.505 0.2574 0.0866 0.0212 0.0108 0.0054 0 0 0 0 0 0 0 0.0118 0.0724 0.2244 0.4062 0.4478 0.3374 0.2454 0.1624 0.0432 0.022 0.0198 0.0072 0 0 0 0 0 0 0 0 0 0 0 0 0 0 0 0 0 0 
0 0 0 0 0 0 0 0 0 0 0 0 0 0 0 0 0.037 1.9072 3.7614 1.7496 0.429 0.0842 0.0248 0.0056 0.0012 0 0 0 0 0 0 0 0 0 0.077 0.874 1.9934 1.8036 0.876 0.257 0.0738 0.0268 0.0184 0 0 0 0 0 0 0 0 0.0016 0.0328 0.3542 0.8836 1.2012 0.8794 0.4092 0.155 0.0468 0.0266 0.0096 0 0 0 0 0 0 0 0 0.0056 0.0826 0.2442 0.4576 0.543 0.328 0.1902 0.0822 0.04 0.0206 0.006 0 0 0 0 0 0 0 0 0 0 0 0 0 0 0 0 0 0 0 
0 0 0 0 0 0 0 0 0 0 0 0 0 0 0 0 0.0386 1.7936 3.764 1.768 0.4734 0.1446 0.0146 0.0032 0 0 0 0 0 0 0 0 0 0 0.0768 0.769 1.8962 1.8654 0.9274 0.3452 0.1006 0.0154 0.004 0 0 0 0 0 0 0 0 0.0008 0.0472 0.305 0.7884 1.1694 0.8938 0.5268 0.1732 0.0808 0.0146 0 0 0 0 0 0 0 0 0.0016 0.0138 0.0816 0.222 0.3876 0.496 0.3944 0.2198 0.1184 0.0566 0.005 0.0032 0 0 0 0 0 0 0 0 0 0 0 0 0 0 0 0 0 0 0 
0 0 0 0 0 0 0 0 0 0 0 0 0 0 0 0 0.0492 1.8276 3.6384 1.7972 0.4982 0.144 0.0304 0.0062 0.0018 0.0024 0.0046 0 0 0 0 0 0 0 0.0888 0.8068 1.8266 1.7534 1.0216 0.3392 0.104 0.0452 0.0038 0.0016 0.002 0.0034 0.0036 0 0 0 0 0 0.0406 0.3322 0.8028 1.0304 0.988 0.4856 0.1902 0.073 0.033 0.0068 0.0074 0.0048 0.0028 0.0024 0 0 0 0 0.0088 0.0744 0.2382 0.3928 0.4726 0.382 0.223 0.1132 0.047 0.0192 0.0112 0.0052 0.0058 0.0066 0 0 0 0 0 0 0 0 0 0 0 0 0 0 0 0 
0 0 0 0 0 0 0 0 0 0 0 0 0 0 0 0 0.0318 1.7976 3.6832 1.8346 0.4482 0.1364 0.0356 0.0234 0.0092 0 0 0 0 0 0 0 0 0.0006 0.0514 0.804 1.8794 1.8282 0.8974 0.344 0.113 0.0478 0.0238 0.0104 0 0 0 0 0 0 0 0 0.0222 0.309 0.8244 1.1222 0.9142 0.4628 0.1796 0.0876 0.0454 0.0242 0.0084 0 0 0 0 0 0 0 0.0028 0.0654 0.2428 0.4094 0.4882 0.3542 0.2016 0.1018 0.0624 0.0474 0.0212 0.0028 0 0 0 0 0 0 0 0 0 0 0 0 0 0 0 0 0 0 
0 0 0 0 0 0 0 0 0 0 0 0 0 0 0 0 0.04 1.9116 3.7374 1.73 0.4444 0.1032 0.0206 0.0088 0.004 0 0 0 0 0 0 0 0 0.0008 0.0774 0.8642 1.9938 1.753 0.8702 0.2966 0.1062 0.0274 0.0082 0.0022 0 0 0 0 0 0 0 0.0012 0.0422 0.3658 0.878 1.1564 0.827 0.447 0.1868 0.0672 0.0216 0.0056 0.0012 0 0 0 0 0 0 0.0016 0.0134 0.087 0.2626 0.4518 0.4448 0.3714 0.1928 0.0996 0.0568 0.0108 0.0068 0.0006 0 0 0 0 0 0 0 0 0 0 0 0 0 0 0 0 0 0 
0 0 0 0 0 0 0 0 0 0 0 0 0 0 0 0 0.0438 1.9254 3.653 1.7526 0.4648 0.1202 0.0298 0.0104 0 0 0 0 0 0 0 0 0 0.001 0.1098 0.882 1.9448 1.6708 0.873 0.3502 0.1112 0.0506 0.0066 0 0 0 0 0 0 0 0 0.0032 0.057 0.3806 0.8596 1.064 0.8534 0.4496 0.193 0.1046 0.024 0.0092 0.0018 0 0 0 0 0 0 0 0.014 0.1066 0.262 0.3936 0.4436 0.3874 0.2174 0.0906 0.0488 0.0238 0.0122 0 0 0 0 0 0 0 0 0 0 0 0 0 0 0 0 0 0 0 
0 0 0 0 0 0 0 0 0 0 0 0 0 0 0 0 0.0458 1.7998 3.6046 1.8328 0.513 0.1276 0.0224 0.02 0.0264 0.0062 0.0014 0 0 0 0 0 0 0 0.064 0.78 1.8882 1.7628 0.964 0.3332 0.1044 0.0482 0.0332 0.0166 0.002 0.0034 0 0 0 0 0 0.0018 0.0358 0.2886 0.8738 1.0238 0.8594 0.5542 0.197 0.0778 0.0456 0.0236 0.012 0.0066 0 0 0 0 0 0 0.0136 0.0684 0.2332 0.4058 0.4122 0.3486 0.2502 0.1362 0.0658 0.0254 0.0218 0.0136 0.0052 0 0 0 0 0 0 0 0 0 0 0 0 0 0 0 0 0 
0 0 0 0 0 0 0 0 0 0 0 0 0 0 0 0 0.0418 1.8378 3.693 1.778 0.5146 0.104 0.0258 0.005 0 0 0 0 0 0 0 0 0 0.0006 0.0866 0.775 1.9508 1.7544 0.9804 0.343 0.0862 0.0196 0.0034 0 0 0 0 0 0 0 0 0.003 0.0488 0.284 0.8814 1.044 0.9352 0.5566 0.1854 0.0458 0.0158 0 0 0 0 0 0 0 0 0.0012 0.0128 0.0632 0.2486 0.3942 0.4784 0.3918 0.2556 0.0958 0.0522 0.0062 0 0 0 0 0 0 0 0 0 0 0 0 0 0 0 0 0 0 0 0 
0 0 0 0 0 0 0 0 0 0 0 0 0 0 0 0 0.0496 1.7392 3.6228 1.84 0.5382 0.1638 0.0302 0.0116 0.0042 0.0004 0 0 0 0 0 0 0 0.0004 0.0818 0.768 1.862 1.6504 0.9978 0.4208 0.1384 0.0402 0.0206 0.0158 0.0038 0 0 0 0 0 0 0.0046 0.0456 0.3048 0.825 0.9934 0.8462 0.5452 0.2544 0.1104 0.0306 0.0192 0.015 0.0016 0.002 0.002 0 0 0 0 0.0086 0.0772 0.2628 0.3574 0.409 0.3612 0.2308 0.1554 0.0864 0.019 0.0114 0.0104 0.008 0.0024 0 0 0 0 0 0 0 0 0 0 0 0 0 0 0 0 
0 0 0 0 0 0 0 0 0 0 0 0 0 0 0 0 0.0462 1.8736 3.5198 1.7758 0.532 0.1594 0.0582 0.0196 0.0138 0.0016 0 0 0 0 0 0 0 0.0002 0.0946 0.7878 1.8356 1.7646 0.9276 0.3512 0.1428 0.0632 0.0216 0.0088 0.002 0 0 0 0 0 0 0.0038 0.038 0.335 0.8246 1.0428 0.8184 0.525 0.2336 0.1114 0.0412 0.0216 0.0046 0 0 0 0 0 0.001 0.0016 0.0062 0.086 0.232 0.3612 0.4392 0.3482 0.2388 0.1542 0.0686 0.0356 0.0178 0.008 0.0016 0 0 0 0 0 0 0 0 0 0 0 0 0 0 0 0 0 
0 0 0 0 0 0 0 0 0 0 0 0 0 0 0 0 0.034 1.8722 3.7036 1.8008 0.4818 0.0986 0.009 0 0 0 0 0 0 0 0 0 0 0.001 0.0848 0.8208 1.9154 1.7724 0.9898 0.3286 0.0744 0.0118 0.001 0 0 0 0 0 0 0 0 0.0016 0.0374 0.3406 0.8614 1.077 0.9178 0.5026 0.2052 0.0432 0.0132 0 0 0 0 0 0 0 0 0 0.0074 0.075 0.2552 0.4154 0.466 0.396 0.2168 0.131 0.034 0.0032 0 0 0 0 0 0 0 0 0 0 0 0 0 0 0 0 0 0 0 0 
0 0 0 0 0 0 0 0 0 0 0 0 0 0 0 0 0.0338 1.788 3.7812 1.7098 0.4886 0.137 0.0408 0.0184 0.0024 0 0 0 0 0 0 0 0 0 0.088 0.794 1.973 1.6854 0.9276 0.3808 0.1082 0.0312 0.0118 0 0 0 0 0 0 0 0 0.001 0.0546 0.3308 0.8 1.1124 0.849 0.5064 0.22 0.0844 0.0344 0.007 0 0 0 0 0 0 0 0.001 0.0176 0.0894 0.2482 0.3704 0.4338 0.372 0.2112 0.1496 0.0588 0.0264 0.0216 0 0 0 0 0 0 0 0 0 0 0 0 0 0 0 0 0 0 0 
0 0 0 0 0 0 0 0 0 0 0 0 0 0 0 0 0.0502 1.8258 3.7216 1.7014 0.5164 0.0882 0.046 0.0268 0.016 0.0076 0 0 0 0 0 0 0 0.0002 0.0846 0.792 1.9674 1.6776 0.9886 0.305 0.0986 0.0454 0.0298 0.0078 0.003 0 0 0 0 0 0 0 0.043 0.3324 0.8322 1.0768 0.9266 0.4382 0.1968 0.081 0.0478 0.02 0.0052 0 0 0 0 0 0 0.0014 0.016 0.077 0.2212 0.4088 0.4626 0.3756 0.2134 0.0962 0.0574 0.0408 0.0242 0.0054 0 0 0 0 0 0 0 0 0 0 0 0 0 0 0 0 0 0 
0 0 0 0 0 0 0 0 0 0 0 0 0 0 0 0 0.0466 1.8462 3.7432 1.7602 0.4722 0.1124 0.0192 0 0 0 0 0 0 0 0 0 0 0.002 0.0836 0.8078 1.9338 1.8172 0.971 0.2868 0.0794 0.0168 0.0016 0 0 0 0 0 0 0 0.0002 0.004 0.0616 0.3094 0.8218 1.1376 0.9648 0.4842 0.1438 0.0434 0.0268 0.0024 0 0 0 0 0 0 0 0.0024 0.0192 0.0846 0.2222 0.3776 0.523 0.417 0.2272 0.0728 0.0266 0.0166 0.007 0.0038 0 0 0 0 0 0 0 0 0 0 0 0 0 0 0 0 0 0 
0 0 0 0 0 0 0 0 0 0 0 0 0 0 0 0 0.0508 1.8296 3.606 1.877 0.4702 0.1186 0.0426 0.0036 0.0016 0 0 0 0 0 0 0 0 0.0006 0.0828 0.7966 1.8356 1.8194 1.0164 0.284 0.1038 0.0458 0.0142 0.0008 0 0 0 0 0 0 0 0 0.0566 0.3166 0.7824 1.0974 0.9528 0.4742 0.1802 0.0854 0.0386 0.0152 0.0006 0 0 0 0 0 0 0.003 0.0144 0.0862 0.227 0.4012 0.4764 0.3486 0.218 0.1236 0.0666 0.0262 0.006 0.0028 0 0 0 0 0 0 0 0 0 0 0 0 0 0 0 0 0 0 
0 0 0 0 0 0 0 0 0 0 0 0 0 0 0 0 0.0474 1.8228 3.6358 1.7812 0.5228 0.118 0.022 0.0146 0.0202 0.0086 0.0066 0 0 0 0 0 0 0 0.0718 0.8186 1.8438 1.7408 0.9818 0.3466 0.1144 0.0296 0.0282 0.0134 0.0072 0.0038 0 0 0 0 0 0.0022 0.0394 0.3426 0.7958 1.0788 0.8562 0.5004 0.2284 0.072 0.0344 0.0328 0.011 0.0048 0.0012 0 0 0 0 0 0.0096 0.0934 0.2416 0.3664 0.4616 0.3418 0.2384 0.131 0.0392 0.0284 0.03 0.0186 0 0 0 0 0 0 0 0 0 0 0 0 0 0 0 0 0 0 
0 0 0 0 0 0 0 0 0 0 0 0 0 0 0 0 0.0598 1.877 3.497 1.82 0.5514 0.1586 0.027 0.0048 0.0044 0 0 0 0 0 0 0 0 0.0016 0.121 0.843 1.6986 1.8238 0.916 0.457 0.105 0.0252 0.0074 0.0014 0 0 0 0 0 0 0 0.0012 0.0652 0.3198 0.7474 1.107 0.8864 0.553 0.2008 0.0784 0.0336 0.0042 0.003 0 0 0 0 0 0 0 0.018 0.0768 0.2084 0.37 0.4398 0.4316 0.2566 0.103 0.0596 0.0278 0.0084 0 0 0 0 0 0 0 0 0 0 0 0 0 0 0 0 0 0 0 
0 0 0 0 0 0 0 0 0 0 0 0 0 0 0 0 0.0568 1.837 3.6752 1.6952 0.5156 0.1384 0.0658 0.016 0 0 0 0 0 0 0 0 0 0.003 0.0828 0.8202 1.8638 1.7572 0.8616 0.3272 0.1732 0.0738 0.027 0.0064 0.0016 0.0022 0 0 0 0 0 0.0042 0.0458 0.3278 0.7982 1.0976 0.8878 0.4396 0.1886 0.1004 0.0582 0.032 0.0168 0.003 0 0 0 0 0 0 0.0214 0.087 0.2022 0.4206 0.4544 0.3714 0.2048 0.1184 0.051 0.0266 0.0268 0.0118 0.0036 0 0 0 0 0 0 0 0 0 0 0 0 0 0 0 0 0 
0 0 0 0 0 0 0 0 0 0 0 0 0 0 0 0 0.042 1.754 3.6512 1.8376 0.564 0.1064 0.0296 0.009 0.005 0.0012 0 0 0 0 0 0 0 0.0012 0.0918 0.7488 1.8748 1.7174 1.0354 0.356 0.1324 0.0268 0.0108 0.0024 0.0022 0 0 0 0 0 0 0.0038 0.051 0.274 0.8586 1.0222 0.9234 0.4998 0.235 0.0948 0.0234 0.0118 0.0022 0 0 0 0 0 0 0.0012 0.015 0.0672 0.2164 0.4022 0.4652 0.3566 0.2186 0.1378 0.08 0.0218 0.0156 0.0024 0 0 0 0 0 0 0 0 0 0 0 0 0 0 0 0 0 0 
0 0 0 0 0 0 0 0 0 0 0 0 0 0 0 0 0.0354 1.7252 3.7326 1.7574 0.5614 0.1154 0.0426 0.0168 0.0096 0.0036 0 0 0 0 0 0 0 0.0008 0.067 0.776 1.8388 1.7928 0.9696 0.3782 0.1096 0.0488 0.0102 0.0072 0.001 0 0 0 0 0 0 0.0016 0.038 0.3424 0.769 1.027 0.9196 0.528 0.234 0.0962 0.0238 0.0188 0.0016 0 0 0 0 0 0 0.0024 0.013 0.077 0.2344 0.3328 0.4414 0.3682 0.265 0.1572 0.0638 0.0328 0.012 0 0 0 0 0 0 0 0 0 0 0 0 0 0 0 0 0 0 0 
0 0 0 0 0 0 0 0 0 0 0 0 0 0 0 0 0.0282 1.8344 3.7616 1.7736 0.4546 0.114 0.0258 0.0078 0 0 0 0 0 0 0 0 0 0.0008 0.065 0.8092 1.9306 1.7674 0.9408 0.3314 0.108 0.0414 0.0044 0.001 0 0 0 0 0 0 0 0.0042 0.0396 0.3214 0.829 1.1326 0.8448 0.4826 0.2278 0.1002 0.0116 0.0032 0.003 0 0 0 0 0 0 0.0028 0.0158 0.0846 0.2288 0.4132 0.4932 0.3108 0.255 0.1286 0.0548 0.0074 0.005 0 0 0 0 0 0 0 0 0 0 0 0 0 0 0 0 0 0 0 
0 0 0 0 0 0 0 0 0 0 0 0 0 0 0 0 0.0488 1.8274 3.7946 1.7118 0.4606 0.1298 0.0254 0.0016 0 0 0 0 0 0 0 0 0 0.0002 0.0618 0.7918 1.9884 1.8072 0.8914 0.3304 0.1128 0.016 0 0 0 0 0 0 0 0 0 0.0018 0.0274 0.2944 0.932 1.108 0.8486 0.4976 0.2074 0.0674 0.01 0.0026 0.0028 0 0 0 0 0 0 0 0.0098 0.056 0.2786 0.4244 0.4644 0.3836 0.2086 0.1208 0.0346 0.0108 0.004 0.0044 0 0 0 0 0 0 0 0 0 0 0 0 0 0 0 0 0 0 
0 0 0 0 0 0 0 0 0 0 0 0 0 0 0 0 0.0498 1.7778 3.5982 1.8106 0.5456 0.1576 0.0424 0.0118 0.0028 0.0034 0 0 0 0 0 0 0 0.0006 0.067 0.8336 1.8174 1.702 0.9526 0.4208 0.1448 0.0344 0.0194 0.0074 0 0 0 0 0 0 0 0.0012 0.0496 0.305 0.8254 1.0596 0.8114 0.533 0.2388 0.1108 0.0422 0.0192 0.0038 0 0 0 0 0 0 0.0012 0.0102 0.0674 0.2284 0.3924 0.4488 0.348 0.2212 0.143 0.0824 0.039 0.013 0.005 0 0 0 0 0 0 0 0 0 0 0 0 0 0 0 0 0 0 
0 0 0 0 0 0 0 0 0 0 0 0 0 0 0 0 0.0344 1.8582 3.9272 1.6562 0.3942 0.1 0.0096 0.008 0.0056 0.0026 0.004 0 0 0 0 0 0 0.0014 0.0696 0.8536 2.0794 1.7784 0.8576 0.2682 0.0644 0.01 0.008 0.003 0.0032 0.0032 0 0 0 0 0 0.0054 0.0488 0.3474 0.9398 1.0986 0.926 0.4094 0.1608 0.0418 0.0092 0.005 0.0048 0.003 0 0 0 0 0 0.0018 0.0236 0.0804 0.2658 0.4644 0.4598 0.3252 0.2308 0.0988 0.0304 0.009 0.004 0.006 0 0 0 0 0 0 0 0 0 0 0 0 0 0 0 0 0 0 
0 0 0 0 0 0 0 0 0 0 0 0 0 0 0 0 0.045 1.7966 3.617 1.8162 0.5472 0.1282 0.0406 0.005 0.0042 0 0 0 0 0 0 0 0 0.0002 0.0648 0.71 1.8886 1.8376 0.9824 0.3564 0.1124 0.0352 0.0082 0.0042 0 0 0 0 0 0 0 0.0004 0.0314 0.2512 0.8058 1.1034 0.9718 0.503 0.23 0.0634 0.0202 0.017 0.0024 0 0 0 0 0 0 0 0.0028 0.0564 0.2152 0.3848 0.5178 0.3658 0.2498 0.1274 0.0434 0.0192 0.0096 0.0078 0 0 0 0 0 0 0 0 0 0 0 0 0 0 0 0 0 0 
0 0 0 0 0 0 0 0 0 0 0 0 0 0 0 0 0.0316 1.863 3.7234 1.7556 0.4862 0.1172 0.0172 0.0058 0 0 0 0 0 0 0 0 0 0 0.0808 0.8336 2.0114 1.6998 0.9202 0.337 0.0918 0.0172 0.0028 0.0046 0.0008 0 0 0 0 0 0 0 0.0464 0.3538 0.8856 1.08 0.875 0.4858 0.188 0.0624 0.0166 0.0036 0.0028 0 0 0 0 0 0 0 0.0092 0.0996 0.241 0.433 0.4362 0.3812 0.2054 0.117 0.0522 0.0202 0.005 0 0 0 0 0 0 0 0 0 0 0 0 0 0 0 0 0 0 0 
0 0 0 0 0 0 0 0 0 0 0 0 0 0 0 0 0.041 1.9294 3.8724 1.6962 0.3712 0.0788 0.0092 0.0018 0 0 0 0 0 0 0 0 0 0.0018 0.0862 0.8574 2.0806 1.8308 0.8282 0.2412 0.0702 0.0036 0 0 0 0 0 0 0 0 0 0 0.0532 0.3504 0.958 1.201 0.8636 0.3704 0.1656 0.037 0.0008 0 0 0 0 0 0 0 0 0 0.015 0.0916 0.2938 0.4396 0.5058 0.3682 0.173 0.0956 0.0174 0 0 0 0 0 0 0 0 0 0 0 0 0 0 0 0 0 0 0 0 0 
0 0 0 0 0 0 0 0 0 0 0 0 0 0 0 0 0.044 1.7934 3.6954 1.8168 0.4718 0.14 0.029 0.0066 0.003 0 0 0 0 0 0 0 0 0.0024 0.0706 0.7748 1.9242 1.8074 0.9554 0.3486 0.0842 0.0268 0.0056 0 0 0 0 0 0 0 0 0.0008 0.0332 0.2862 0.8544 1.1026 0.952 0.4852 0.2222 0.0554 0.008 0 0 0 0 0 0 0 0 0 0.004 0.0518 0.2216 0.417 0.4626 0.4066 0.2568 0.1376 0.0376 0.0044 0 0 0 0 0 0 0 0 0 0 0 0 0 0 0 0 0 0 0 0 
0 0 0 0 0 0 0 0 0 0 0 0 0 0 0 0 0.0478 1.7392 3.5824 1.884 0.5572 0.1336 0.049 0.0068 0 0 0 0 0 0 0 0 0 0.001 0.0814 0.6966 1.7836 1.852 1.0276 0.3784 0.1228 0.047 0.0064 0.0032 0 0 0 0 0 0 0 0.0004 0.0416 0.2724 0.7252 1.0768 0.9724 0.571 0.2028 0.0872 0.0314 0.0154 0.0034 0 0 0 0 0 0 0.0014 0.0038 0.063 0.1818 0.385 0.4644 0.4396 0.2414 0.1116 0.0562 0.0274 0.014 0.0072 0.0032 0 0 0 0 0 0 0 0 0 0 0 0 0 0 0 0 0 
0 0 0 0 0 0 0 0 0 0 0 0 0 0 0 0 0.0356 1.8242 3.7452 1.7206 0.4762 0.162 0.0362 0 0 0 0 0 0 0 0 0 0 0.0014 0.1038 0.8044 1.8892 1.7618 0.8776 0.3804 0.1604 0.021 0 0 0 0 0 0 0 0 0 0.0084 0.07 0.3068 0.8218 1.1082 0.8028 0.5218 0.239 0.1004 0.0148 0.0024 0.0036 0 0 0 0 0 0.0006 0.0066 0.0232 0.0806 0.2376 0.3878 0.4572 0.341 0.2436 0.1144 0.0766 0.0212 0.0062 0.0034 0 0 0 0 0 0 0 0 0 0 0 0 0 0 0 0 0 0 
0 0 0 0 0 0 0 0 0 0 0 0 0 0 0 0 0.0486 1.7848 3.5744 1.8558 0.5298 0.1508 0.0404 0.0144 0.001 0 0 0 0 0 0 0 0 0.0014 0.1004 0.7696 1.7446 1.8298 0.9696 0.344 0.1684 0.053 0.0142 0.005 0 0 0 0 0 0 0 0.0026 0.0566 0.2974 0.7594 1.0552 0.8972 0.5088 0.2522 0.1172 0.0316 0.0188 0.003 0 0 0 0 0 0 0.0016 0.014 0.0698 0.2028 0.3642 0.487 0.3748 0.232 0.1376 0.071 0.0262 0.0154 0.0036 0 0 0 0 0 0 0 0 0 0 0 0 0 0 0 0 0 0 
0 0 0 0 0 0 0 0 0 0 0 0 0 0 0 0 0.0248 1.7992 3.737 1.8038 0.4906 0.1178 0.0238 0.003 0 0 0 0 0 0 0 0 0 0 0.036 0.7734 1.9652 1.8572 0.915 0.3278 0.1014 0.024 0 0 0 0 0 0 0 0 0 0.0008 0.0206 0.252 0.886 1.1808 0.891 0.5 0.2012 0.056 0.0116 0 0 0 0 0 0 0 0 0 0.0072 0.053 0.1968 0.4846 0.4756 0.377 0.2218 0.1358 0.0272 0.009 0.0064 0.0056 0 0 0 0 0 0 0 0 0 0 0 0 0 0 0 0 0 0 
0 0 0 0 0 0 0 0 0 0 0 0 0 0 0 0 0.0528 1.9098 3.686 1.717 0.4812 0.12 0.0224 0.0036 0.002 0.005 0.0002 0 0 0 0 0 0 0 0.074 0.854 1.9802 1.7426 0.9338 0.2878 0.0822 0.0322 0.0086 0.0016 0.003 0 0 0 0 0 0 0.0012 0.046 0.34 0.8886 1.1198 0.9244 0.4056 0.174 0.064 0.0252 0.0046 0.0034 0.0032 0 0 0 0 0 0 0.0094 0.091 0.2524 0.4222 0.4898 0.3596 0.1916 0.0972 0.052 0.0274 0.0022 0.0024 0.0028 0 0 0 0 0 0 0 0 0 0 0 0 0 0 0 0 0 
0 0 0 0 0 0 0 0 0 0 0 0 0 0 0 0 0.0482 1.7528 3.643 1.7856 0.6148 0.1334 0.0146 0.0076 0 0 0 0 0 0 0 0 0 0.0008 0.077 0.7596 1.8318 1.7468 1.0224 0.3998 0.1292 0.0268 0.0058 0 0 0 0 0 0 0 0 0 0.0434 0.3052 0.7684 1.0466 0.8962 0.5604 0.267 0.096 0.0134 0.0034 0 0 0 0 0 0 0 0 0.008 0.0694 0.2398 0.3718 0.4316 0.3496 0.286 0.1622 0.0636 0.0142 0.0038 0 0 0 0 0 0 0 0 0 0 0 0 0 0 0 0 0 0 0 
0 0 0 0 0 0 0 0 0 0 0 0 0 0 0 0 0.044 1.8732 3.8754 1.6908 0.4232 0.0774 0.0158 0.0002 0 0 0 0 0 0 0 0 0 0.0022 0.0926 0.821 1.9586 1.8398 0.8686 0.326 0.0704 0.0188 0.002 0 0 0 0 0 0 0 0 0.0048 0.0522 0.3818 0.8446 1.0876 0.9002 0.4876 0.1724 0.0556 0.0132 0 0 0 0 0 0 0 0 0 0.019 0.0968 0.2772 0.4254 0.4332 0.4042 0.2394 0.0738 0.0238 0.0072 0 0 0 0 0 0 0 0 0 0 0 0 0 0 0 0 0 0 0 0 
0 0 0 0 0 0 0 0 0 0 0 0 0 0 0 0 0.0446 1.872 3.7256 1.763 0.4838 0.0954 0.0156 0 0 0 0 0 0 0 0 0 0 0.0022 0.0726 0.8306 1.9622 1.8282 0.8808 0.3088 0.096 0.0162 0.0024 0 0 0 0 0 0 0 0 0.002 0.049 0.2974 0.903 1.1778 0.8494 0.4864 0.1492 0.068 0.0082 0.0054 0.0042 0 0 0 0 0 0 0 0.0194 0.0712 0.2528 0.4254 0.4942 0.37 0.2246 0.09 0.0322 0.0108 0.0048 0.0046 0 0 0 0 0 0 0 0 0 0 0 0 0 0 0 0 0 0 
0 0 0 0 0 0 0 0 0 0 0 0 0 0 0 0 0.0412 1.8644 3.6278 1.7626 0.5564 0.1142 0.0266 0.0068 0 0 0 0 0 0 0 0 0 0.0002 0.0758 0.82 1.868 1.8082 0.9544 0.3372 0.0918 0.0352 0.0092 0 0 0 0 0 0 0 0 0.0034 0.049 0.298 0.8158 1.1108 0.9682 0.4552 0.1912 0.0854 0.0188 0.002 0.0022 0 0 0 0 0 0 0.0012 0.0124 0.0606 0.211 0.3974 0.501 0.4102 0.2238 0.1116 0.0564 0.0062 0.003 0.0052 0 0 0 0 0 0 0 0 0 0 0 0 0 0 0 0 0 0 
0 0 0 0 0 0 0 0 0 0 0 0 0 0 0 0 0.0422 1.8758 3.6844 1.8018 0.468 0.1096 0.0172 0.001 0 0 0 0 0 0 0 0 0 0.0008 0.0764 0.8632 1.9474 1.7342 0.9342 0.337 0.0832 0.0208 0.0028 0 0 0 0 0 0 0 0 0 0.0408 0.347 0.8742 1.107 0.8832 0.4828 0.193 0.0558 0.0136 0.0026 0 0 0 0 0 0 0 0 0.0058 0.0896 0.2502 0.429 0.4696 0.3642 0.2208 0.1218 0.0322 0.0162 0.0006 0 0 0 0 0 0 0 0 0 0 0 0 0 0 0 0 0 0 0 
0 0 0 0 0 0 0 0 0 0 0 0 0 0 0 0 0.0534 1.7394 3.5792 1.7766 0.5738 0.1934 0.0656 0.0154 0.0032 0 0 0 0 0 0 0 0 0.0012 0.0762 0.7516 1.7852 1.773 0.9244 0.445 0.1644 0.0446 0.0262 0.0082 0 0 0 0 0 0 0 0 0.0362 0.2936 0.7286 1.079 0.8656 0.5504 0.251 0.1154 0.0598 0.0188 0.0016 0 0 0 0 0 0 0 0.0088 0.0546 0.199 0.3774 0.4154 0.3866 0.2676 0.143 0.0872 0.0384 0.021 0.001 0 0 0 0 0 0 0 0 0 0 0 0 0 0 0 0 0 0 
0 0 0 0 0 0 0 0 0 0 0 0 0 0 0 0 0.0426 1.7196 3.6186 1.8888 0.5498 0.1408 0.0278 0.0094 0.0026 0 0 0 0 0 0 0 0 0.0022 0.074 0.6806 1.806 1.754 1.0926 0.4028 0.1386 0.0398 0.0072 0.0022 0 0 0 0 0 0 0 0.0012 0.037 0.2836 0.7568 0.9996 0.8826 0.6304 0.2726 0.1076 0.0212 0.0074 0 0 0 0 0 0 0 0.0016 0.0128 0.0828 0.1846 0.4036 0.391 0.4018 0.258 0.1412 0.0728 0.0358 0.013 0.001 0 0 0 0 0 0 0 0 0 0 0 0 0 0 0 0 0 0 
0 0 0 0 0 0 0 0 0 0 0 0 0 0 0 0 0.0538 1.7412 3.575 1.889 0.5384 0.1576 0.0396 0.0034 0.002 0 0 0 0 0 0 0 0 0 0.0688 0.714 1.7702 1.8056 1.0298 0.4062 0.1568 0.0324 0.0134 0.0028 0 0 0 0 0 0 0 0.001 0.0284 0.2508 0.7988 1.0758 0.8806 0.5164 0.281 0.1238 0.0344 0.009 0 0 0 0 0 0 0 0 0.0086 0.063 0.1954 0.4108 0.4154 0.3886 0.2694 0.1576 0.0552 0.0166 0.0172 0.0022 0 0 0 0 0 0 0 0 0 0 0 0 0 0 0 0 0 0 
0 0 0 0 0 0 0 0 0 0 0 0 0 0 0 0 0.0306 1.6936 3.6118 1.8844 0.5506 0.138 0.0484 0.0194 0.0106 0.0126 0 0 0 0 0 0 0 0 0.0684 0.663 1.8254 1.7804 1.022 0.3894 0.1398 0.0622 0.0294 0.0108 0.0026 0.0026 0.003 0.001 0 0 0 0.0022 0.0242 0.2596 0.7556 1.0586 0.902 0.5476 0.2366 0.1118 0.0678 0.0154 0.004 0.0048 0.0054 0.0044 0 0 0 0 0.0032 0.0664 0.1974 0.3978 0.4184 0.3946 0.2332 0.1276 0.0744 0.0476 0.0188 0.0062 0.0044 0.0024 0.0022 0.0038 0.0016 0 0 0 0 0 0 0 0 0 0 0 0 0 
0 0 0 0 0 0 0 0 0 0 0 0 0 0 0 0 0.0546 1.7954 3.6946 1.861 0.4956 0.0856 0.0106 0.0026 0 0 0 0 0 0 0 0 0 0.0024 0.0792 0.819 1.8684 1.8126 0.9528 0.3796 0.0656 0.0194 0.001 0 0 0 0 0 0 0 0 0.004 0.0492 0.348 0.8222 1.063 0.9084 0.504 0.2166 0.0646 0.013 0.007 0 0 0 0 0 0 0 0.0026 0.0154 0.0924 0.2696 0.3714 0.4498 0.3568 0.2612 0.1336 0.0338 0.0078 0.0056 0 0 0 0 0 0 0 0 0 0 0 0 0 0 0 0 0 0 0 
0 0 0 0 0 0 0 0 0 0 0 0 0 0 0 0 0.0598 1.7604 3.48 1.9052 0.6124 0.1476 0.0212 0.0066 0.005 0.0018 0 0 0 0 0 0 0 0.0008 0.0912 0.7822 1.7408 1.7124 1.039 0.457 0.1232 0.0368 0.0074 0.0022 0.0024 0.0046 0 0 0 0 0 0.0012 0.048 0.2814 0.7836 0.9968 0.9234 0.5236 0.2868 0.116 0.0264 0.004 0.0024 0.0032 0.0032 0 0 0 0 0.0012 0.015 0.0768 0.1898 0.3268 0.4726 0.402 0.2612 0.1556 0.0542 0.0258 0.0096 0.0042 0.0052 0 0 0 0 0 0 0 0 0 0 0 0 0 0 0 0 0 
0 0 0 0 0 0 0 0 0 0 0 0 0 0 0 0 0.0506 1.749 3.713 1.7354 0.482 0.171 0.0638 0.0296 0.0022 0.0034 0 0 0 0 0 0 0 0.0014 0.1014 0.831 1.795 1.7174 0.8784 0.394 0.178 0.0794 0.0196 0.0044 0 0 0 0 0 0 0 0.0072 0.0478 0.367 0.8104 1.0158 0.7882 0.4732 0.248 0.1298 0.0782 0.0296 0.0048 0 0 0 0 0 0 0.003 0.021 0.1006 0.2402 0.3646 0.4174 0.319 0.2134 0.1356 0.1048 0.0336 0.0236 0.0126 0.01 0.0006 0 0 0 0 0 0 0 0 0 0 0 0 0 0 0 0 
0 0 0 0 0 0 0 0 0 0 0 0 0 0 0 0 0.0374 1.9464 3.8174 1.7442 0.3418 0.0804 0.0254 0.007 0 0 0 0 0 0 0 0 0 0 0.1016 0.908 2.05 1.8052 0.7912 0.2452 0.0734 0.0204 0.005 0 0 0 0 0 0 0 0 0.0034 0.0584 0.348 0.9878 1.1888 0.8414 0.3498 0.135 0.061 0.0242 0.0022 0 0 0 0 0 0 0 0.001 0.0208 0.0816 0.2884 0.5184 0.4496 0.3142 0.1738 0.0758 0.0372 0.039 0.0002 0 0 0 0 0 0 0 0 0 0 0 0 0 0 0 0 0 0 0 
0 0 0 0 0 0 0 0 0 0 0 0 0 0 0 0 0.0508 1.7354 3.5214 1.9038 0.5884 0.1424 0.0448 0.013 0 0 0 0 0 0 0 0 0 0 0.085 0.7006 1.7632 1.778 1.0316 0.4008 0.1788 0.052 0.0078 0.0022 0 0 0 0 0 0 0 0.005 0.0392 0.245 0.766 1.009 0.9398 0.565 0.2676 0.1236 0.0294 0.0062 0.0042 0 0 0 0 0 0.001 0.002 0.01 0.0526 0.2052 0.3484 0.4406 0.41 0.2482 0.176 0.0754 0.0178 0.0078 0.005 0 0 0 0 0 0 0 0 0 0 0 0 0 0 0 0 0 0 
0 0 0 0 0 0 0 0 0 0 0 0 0 0 0 0 0.0428 1.7732 3.694 1.7164 0.5344 0.1444 0.054 0.021 0.0156 0.0042 0 0 0 0 0 0 0 0.0008 0.076 0.795 1.8492 1.801 0.8428 0.3784 0.1408 0.0492 0.0338 0.0154 0.0118 0.005 0.0008 0 0 0 0 0.0028 0.0436 0.2662 0.8566 1.088 0.8484 0.465 0.239 0.0868 0.0524 0.0244 0.0104 0.0088 0.0076 0 0 0 0 0 0.0184 0.0666 0.224 0.3804 0.4606 0.352 0.2424 0.122 0.0542 0.0324 0.016 0.0132 0.0134 0.0044 0 0 0 0 0 0 0 0 0 0 0 0 0 0 0 0 
0 0 0 0 0 0 0 0 0 0 0 0 0 0 0 0 0.0546 1.8236 3.6566 1.7702 0.4862 0.134 0.045 0.013 0.0076 0.0092 0 0 0 0 0 0 0 0.0012 0.0922 0.7924 1.9354 1.7326 0.8836 0.3434 0.1208 0.057 0.0186 0.013 0.0058 0.0022 0.0018 0 0 0 0 0.0024 0.058 0.2968 0.8804 1.0912 0.827 0.4734 0.1966 0.0808 0.0354 0.0252 0.0156 0.0112 0.0022 0.0038 0 0 0 0.0024 0.0102 0.0688 0.2446 0.4466 0.4352 0.3582 0.1896 0.1164 0.0554 0.0266 0.0158 0.0162 0.0072 0.0022 0.004 0.0006 0 0 0 0 0 0 0 0 0 0 0 0 0 0 
0 0 0 0 0 0 0 0 0 0 0 0 0 0 0 0 0.0432 1.7946 3.721 1.7808 0.498 0.1112 0.0358 0.0108 0.0046 0 0 0 0 0 0 0 0 0.001 0.0704 0.7952 1.8968 1.8058 0.9058 0.3446 0.1164 0.0454 0.0154 0.0032 0 0 0 0 0 0 0 0 0.0304 0.3136 0.8172 1.1634 0.8636 0.4398 0.2386 0.0892 0.0356 0.0086 0 0 0 0 0 0 0 0 0.0026 0.0588 0.2366 0.4328 0.4882 0.3534 0.2154 0.1194 0.0546 0.0288 0.0094 0 0 0 0 0 0 0 0 0 0 0 0 0 0 0 0 0 0 0 
0 0 0 0 0 0 0 0 0 0 0 0 0 0 0 0 0.0494 1.7966 3.522 1.913 0.5404 0.1366 0.0408 0.0012 0 0 0 0 0 0 0 0 0 0.0014 0.0792 0.834 1.7156 1.8358 0.9944 0.3794 0.1322 0.0258 0.0022 0 0 0 0 0 0 0 0 0.0026 0.049 0.3504 0.7044 1.065 0.9478 0.5296 0.2504 0.0748 0.0204 0.0022 0.0034 0 0 0 0 0 0 0 0.0134 0.0892 0.2128 0.3626 0.4136 0.434 0.239 0.1358 0.0754 0.0122 0.0066 0.0054 0 0 0 0 0 0 0 0 0 0 0 0 0 0 0 0 0 0 
0 0 0 0 0 0 0 0 0 0 0 0 0 0 0 0 0.0522 1.7874 3.523 1.7734 0.5764 0.1846 0.0544 0.0292 0.0084 0.0014 0.0014 0.0024 0.0042 0.0016 0 0 0 0.0018 0.0884 0.8376 1.7118 1.6788 0.9748 0.43 0.1612 0.0756 0.0194 0.0038 0.0056 0.0038 0.0026 0.0048 0 0 0 0.005 0.0588 0.3436 0.718 1.0062 0.8284 0.5532 0.2464 0.1544 0.048 0.0146 0.0086 0.0074 0.0028 0.003 0.0016 0 0 0.0022 0.02 0.089 0.2098 0.329 0.4336 0.3378 0.2468 0.1496 0.0744 0.0572 0.026 0.0088 0.008 0.0078 0 0 0 0 0 0 0 0 0 0 0 0 0 0 0 0 
0 0 0 0 0 0 0 0 0 0 0 0 0 0 0 0 0.0368 1.8026 3.7256 1.7504 0.5262 0.1182 0.0356 0.0046 0 0 0 0 0 0 0 0 0 0 0.0754 0.7962 1.9146 1.7386 0.9518 0.378 0.1098 0.0284 0.0072 0 0 0 0 0 0 0 0 0 0.039 0.3008 0.8636 1.1098 0.8696 0.4646 0.239 0.0838 0.0248 0.0032 0.0018 0 0 0 0 0 0 0 0.0102 0.0728 0.2286 0.4508 0.4068 0.3866 0.243 0.111 0.0562 0.0218 0.0092 0.003 0 0 0 0 0 0 0 0 0 0 0 0 0 0 0 0 0 0 
0 0 0 0 0 0 0 0 0 0 0 0 0 0 0 0 0.0346 1.7926 3.631 1.7376 0.573 0.1734 0.046 0.0038 0.0028 0.0024 0.0028 0 0 0 0 0 0 0.0018 0.0686 0.8342 1.7914 1.7168 0.9226 0.4494 0.1566 0.046 0.0042 0.0046 0.0038 0 0 0 0 0 0.0004 0.002 0.0528 0.2974 0.8278 0.9992 0.8548 0.5042 0.2902 0.1258 0.036 0.0028 0.0066 0 0 0 0 0 0 0.0022 0.0124 0.0726 0.224 0.3814 0.4418 0.306 0.2656 0.1566 0.094 0.0288 0.0122 0.0024 0 0 0 0 0 0 0 0 0 0 0 0 0 0 0 0 0 0 
0 0 0 0 0 0 0 0 0 0 0 0 0 0 0 0 0.045 1.7418 3.672 1.7906 0.5432 0.1444 0.0358 0.0186 0.0026 0.0026 0.0034 0 0 0 0 0 0 0.0014 0.0688 0.7388 1.8846 1.7596 0.9948 0.3606 0.1286 0.041 0.0128 0.0034 0.004 0.0016 0 0 0 0 0 0 0.0348 0.286 0.82 1.0726 0.9004 0.5036 0.2372 0.0712 0.0494 0.0172 0.0052 0.0024 0 0 0 0 0 0.0014 0.0098 0.0676 0.2092 0.384 0.4408 0.3828 0.248 0.1498 0.0574 0.0316 0.0098 0.0078 0 0 0 0 0 0 0 0 0 0 0 0 0 0 0 0 0 0 
0 0 0 0 0 0 0 0 0 0 0 0 0 0 0 0 0.056 1.8492 3.7368 1.6932 0.4592 0.1072 0.0524 0.0334 0.0112 0.0014 0 0 0 0 0 0 0 0.002 0.093 0.807 1.9894 1.6556 0.9258 0.335 0.0984 0.0596 0.03 0.0042 0 0 0 0 0 0 0 0.0074 0.0538 0.3194 0.8674 1.079 0.8174 0.5136 0.191 0.0798 0.0472 0.0192 0.0032 0.0016 0 0 0 0 0 0.0032 0.0234 0.0856 0.2514 0.4098 0.4216 0.3282 0.2342 0.1312 0.0536 0.0288 0.0202 0.0088 0 0 0 0 0 0 0 0 0 0 0 0 0 0 0 0 0 0 
0 0 0 0 0 0 0 0 0 0 0 0 0 0 0 0 0.0462 1.8902 3.7254 1.7618 0.4556 0.1014 0.012 0.007 0.0004 0 0 0 0 0 0 0 0 0.0012 0.0978 0.8658 1.9736 1.7048 0.9008 0.3346 0.094 0.0176 0.0058 0.004 0 0 0 0 0 0 0 0.005 0.0654 0.3644 0.8586 1.1272 0.82 0.4624 0.2108 0.0686 0.0054 0.0026 0.0096 0 0 0 0 0 0 0.0024 0.0222 0.0986 0.2434 0.4442 0.4654 0.3156 0.2184 0.1298 0.0366 0.0144 0.0022 0.002 0.0038 0.001 0 0 0 0 0 0 0 0 0 0 0 0 0 0 0 0 
0 0 0 0 0 0 0 0 0 0 0 0 0 0 0 0 0.051 1.7488 3.5198 1.8932 0.5752 0.1536 0.0324 0.0136 0.0124 0 0 0 0 0 0 0 0 0 0.066 0.7194 1.7074 1.823 1.0356 0.4238 0.1444 0.0356 0.0242 0.0094 0.0058 0.0054 0 0 0 0 0 0 0.028 0.2908 0.73 0.9804 0.9442 0.5624 0.3026 0.0912 0.0232 0.0294 0.0098 0.0026 0.0026 0.0028 0 0 0 0.0014 0.0068 0.0818 0.1794 0.356 0.4308 0.4076 0.2986 0.1414 0.0474 0.0154 0.015 0.0078 0.0072 0.0034 0 0 0 0 0 0 0 0 0 0 0 0 0 0 0 0 
0 0 0 0 0 0 0 0 0 0 0 0 0 0 0 0 0.0402 1.7322 3.6668 1.762 0.58 0.1536 0.0352 0.0204 0.0096 0 0 0 0 0 0 0 0 0.0014 0.0796 0.762 1.8674 1.6776 0.9616 0.4198 0.15 0.0458 0.026 0.0088 0 0 0 0 0 0 0 0.0018 0.0482 0.2878 0.8368 1.066 0.808 0.4386 0.3072 0.1288 0.048 0.0174 0.0082 0.0032 0 0 0 0 0 0 0.0132 0.07 0.2654 0.37 0.4058 0.342 0.227 0.1464 0.0852 0.0406 0.026 0.0062 0.0022 0 0 0 0 0 0 0 0 0 0 0 0 0 0 0 0 0 
0 0 0 0 0 0 0 0 0 0 0 0 0 0 0 0 0.0476 1.8074 3.5954 1.833 0.542 0.1278 0.0326 0.0142 0 0 0 0 0 0 0 0 0 0.0026 0.0714 0.8008 1.8586 1.795 0.91 0.3894 0.1224 0.041 0.0088 0 0 0 0 0 0 0 0 0 0.0442 0.3464 0.8 1.0746 0.856 0.4898 0.2476 0.0936 0.0438 0.0028 0.0012 0 0 0 0 0 0 0 0.01 0.0894 0.2378 0.3942 0.4188 0.3644 0.2428 0.1296 0.0634 0.0324 0.0098 0.0062 0.0012 0 0 0 0 0 0 0 0 0 0 0 0 0 0 0 0 0 
0 0 0 0 0 0 0 0 0 0 0 0 0 0 0 0 0.0428 1.8192 3.7598 1.7078 0.467 0.1198 0.055 0.0206 0.008 0 0 0 0 0 0 0 0 0.0024 0.0944 0.8498 1.834 1.799 0.8844 0.329 0.1392 0.0494 0.015 0.0034 0 0 0 0 0 0 0.0006 0.0034 0.0516 0.341 0.832 1.0554 0.8344 0.5228 0.2366 0.0758 0.0346 0.0112 0.0006 0 0 0 0 0 0 0.0022 0.0166 0.0934 0.2328 0.3808 0.431 0.3846 0.2284 0.1398 0.0532 0.0226 0.0082 0.0024 0.004 0 0 0 0 0 0 0 0 0 0 0 0 0 0 0 0 0 
0 0 0 0 0 0 0 0 0 0 0 0 0 0 0 0 0.0526 1.7124 3.7132 1.8162 0.531 0.1402 0.0256 0.0042 0.0046 0 0 0 0 0 0 0 0 0.0024 0.0812 0.701 1.8322 1.8138 0.9814 0.4096 0.133 0.0286 0.0138 0.003 0 0 0 0 0 0 0 0.0036 0.0546 0.267 0.8044 1.0624 0.8684 0.5 0.288 0.1042 0.032 0.0136 0.0018 0 0 0 0 0 0 0.0018 0.0236 0.0662 0.2186 0.4232 0.4372 0.3266 0.2296 0.1634 0.0634 0.0276 0.0126 0.0062 0 0 0 0 0 0 0 0 0 0 0 0 0 0 0 0 0 0 
0 0 0 0 0 0 0 0 0 0 0 0 0 0 0 0 0.0454 1.8586 3.983 1.597 0.3732 0.0774 0.042 0.0112 0.0068 0.0054 0 0 0 0 0 0 0 0.0008 0.0732 0.8692 2.1164 1.7982 0.7696 0.2448 0.0688 0.0276 0.016 0.0096 0.004 0.0018 0 0 0 0 0 0 0.0486 0.3474 0.9876 1.1644 0.8398 0.3636 0.1382 0.0584 0.0224 0.0182 0.005 0.0028 0.0036 0 0 0 0 0 0.0184 0.097 0.2976 0.4534 0.445 0.3652 0.1586 0.0774 0.0354 0.022 0.0146 0.01 0.003 0.0024 0 0 0 0 0 0 0 0 0 0 0 0 0 0 0 0 
0 0 0 0 0 0 0 0 0 0 0 0 0 0 0 0 0.047 1.778 3.6852 1.7944 0.4696 0.141 0.0602 0.0162 0.0084 0 0 0 0 0 0 0 0 0.0004 0.0532 0.7996 1.8448 1.8252 0.8598 0.3898 0.1542 0.058 0.011 0.003 0.001 0 0 0 0 0 0 0 0.0394 0.31 0.777 1.1368 0.848 0.474 0.2276 0.1246 0.0494 0.012 0.0012 0 0 0 0 0 0 0.0006 0.0104 0.066 0.2168 0.409 0.4706 0.3536 0.2186 0.128 0.0874 0.0278 0.0096 0.0016 0 0 0 0 0 0 0 0 0 0 0 0 0 0 0 0 0 0 
0 0 0 0 0 0 0 0 0 0 0 0 0 0 0 0 0.0466 1.8252 3.6972 1.7526 0.4994 0.119 0.0416 0.0138 0.0032 0.0014 0 0 0 0 0 0 0 0 0.0778 0.8094 1.9612 1.655 0.948 0.3926 0.109 0.0358 0.007 0.0022 0.002 0 0 0 0 0 0 0.0008 0.0518 0.316 0.8986 1.0534 0.8222 0.4892 0.2332 0.089 0.031 0.0136 0.0012 0 0 0 0 0 0 0 0.0146 0.0872 0.2612 0.4 0.4096 0.3626 0.222 0.1302 0.0684 0.0298 0.0124 0.002 0 0 0 0 0 0 0 0 0 0 0 0 0 0 0 0 0 0 
0 0 0 0 0 0 0 0 0 0 0 0 0 0 0 0 0.0434 1.7826 3.6652 1.7364 0.5714 0.142 0.0466 0.0098 0.0026 0 0 0 0 0 0 0 0 0 0.069 0.831 1.811 1.8172 0.92 0.3632 0.1312 0.04 0.0156 0.0018 0 0 0 0 0 0 0 0 0.0432 0.3314 0.7792 1.1034 0.8616 0.5234 0.223 0.0826 0.0358 0.0164 0 0 0 0 0 0 0 0 0.013 0.089 0.2194 0.3486 0.4404 0.4302 0.2318 0.1288 0.0494 0.0356 0.0052 0.0014 0.0016 0.0014 0.0024 0.0018 0 0 0 0 0 0 0 0 0 0 0 0 0 0 
0 0 0 0 0 0 0 0 0 0 0 0 0 0 0 0 0.0344 1.8548 3.674 1.8068 0.4482 0.1362 0.037 0.0086 0 0 0 0 0 0 0 0 0 0.0006 0.087 0.8172 1.9302 1.7206 0.957 0.3378 0.09 0.051 0.0086 0 0 0 0 0 0 0 0 0.0032 0.0484 0.3112 0.8736 1.1016 0.8622 0.4588 0.2138 0.0886 0.027 0.0074 0.0042 0 0 0 0 0 0 0.003 0.0128 0.0654 0.2216 0.4612 0.492 0.295 0.218 0.1364 0.0606 0.027 0.003 0.004 0 0 0 0 0 0 0 0 0 0 0 0 0 0 0 0 0 0 
0 0 0 0 0 0 0 0 0 0 0 0 0 0 0 0 0.0498 1.8708 3.587 1.7254 0.5366 0.1858 0.0368 0.0052 0.0026 0 0 0 0 0 0 0 0 0.0008 0.1024 0.8886 1.8064 1.6178 0.9656 0.3782 0.1616 0.0608 0.0118 0.006 0 0 0 0 0 0 0 0.0052 0.0784 0.348 0.8094 0.991 0.8166 0.528 0.2462 0.0976 0.0522 0.0164 0.0092 0.0018 0 0 0 0 0 0.0056 0.0166 0.096 0.2528 0.3872 0.416 0.3172 0.236 0.1436 0.0576 0.0436 0.0162 0.0086 0.003 0 0 0 0 0 0 0 0 0 0 0 0 0 0 0 0 0 
0 0 0 0 0 0 0 0 0 0 0 0 0 0 0 0 0.0346 1.6824 3.7198 1.7978 0.5578 0.1462 0.0334 0.0226 0.0038 0.0016 0 0 0 0 0 0 0 0 0.0654 0.7458 1.7808 1.7932 1.0108 0.4162 0.1286 0.0324 0.0132 0.0054 0.0064 0.0018 0 0 0 0 0 0.0014 0.0308 0.287 0.7772 1.0132 0.917 0.5734 0.2598 0.0924 0.0266 0.004 0.0082 0.009 0 0 0 0 0 0.0012 0.0074 0.0642 0.2112 0.3736 0.422 0.3788 0.2928 0.1438 0.0596 0.0226 0.0068 0.011 0.0026 0.0024 0 0 0 0 0 0 0 0 0 0 0 0 0 0 0 0 
0 0 0 0 0 0 0 0 0 0 0 0 0 0 0 0 0.0466 1.7932 3.6798 1.7284 0.5276 0.1616 0.051 0.0118 0 0 0 0 0 0 0 0 0 0.001 0.0942 0.785 1.917 1.7122 0.9234 0.3366 0.1634 0.0588 0.0084 0 0 0 0 0 0 0 0 0.0036 0.0648 0.285 0.8146 1.1194 0.8544 0.4638 0.2382 0.0966 0.0396 0.0154 0.0046 0 0 0 0 0 0 0 0.015 0.0858 0.203 0.4048 0.4634 0.3488 0.2176 0.1446 0.06 0.0394 0.0112 0.0064 0 0 0 0 0 0 0 0 0 0 0 0 0 0 0 0 0 0 
