0.03 0.09 0.15 0.21 0.27 0.33 0.39 0.45 0.51 0.57 0.63 0.69 0.75 0.81 0.87 0.93 0.99 1.05 1.11 1.17 1.23 1.29 1.35 1.41 1.47 1.53 1.59 1.65 1.71 1.77 1.83 1.89 1.95 2.01 2.07 2.13 2.19 2.25 2.31 2.37 2.43 2.49 2.55 2.61 2.67 2.73 2.79 2.85 2.91 2.97 3.03 3.09 3.15 3.21 3.27 3.33 3.39 3.45 3.51 3.57 3.63 3.69 3.75 3.81 3.87 3.93 3.99 4.05 4.11 4.17 4.23 4.29 4.35 4.41 4.47 4.53 4.59 4.65 4.71 4.77 4.83 4.89 4.95 5.01 5.07 5.13 5.19 5.25 5.31 5.37 5.43 5.49 5.55 5.61 5.67 5.73 5.79 5.85 5.91 5.97 
0 0 0 0 0 0 0 0 0 0 0 0 0 0 0 0 0.0008 5.2938 6.6928 0.6128 0.0012 0 0 0 0 0 0 0 0 0 0 0 0 0 0.1204 4.814 4.821 1.021 0.0248 0 0 0 0 0 0 0 0 0 0 0 0 0.0042 0.3352 3.9758 3.7744 0.8902 0.0212 0 0 0 0 0 0 0 0 0 0 0 0 0.016 0.3588 3.108 3.016 0.6888 0.0132 0 0 0 0 0 0 0 0 0 0 0 0.0022 0.0156 0.2348 2.0298 2.5324 0.5636 0.0222 0 0 0 0 0 0 0 
0 0 0 0 0 0 0 0 0 0 0 0 0 0 0 0 0 5.9634 7.4154 0.62 0.0012 0 0 0 0 0 0 0 0 0 0 0 0 0 0.0832 5.4776 5.337 1.0938 0.0084 0 0 0 0 0 0 0 0 0 0 0 0 0 0.322 4.5584 4.2388 0.8656 0.0152 0 0 0 0 0 0 0 0 0 0 0 0 0 0.376 3.4722 3.5624 0.579 0.0104 0 0 0 0 0 0 0 0 0 0 0 0 0 0.2206 2.337 2.959 0.4736 0.0098 0 0 0 0 0 0 0 
0 0 0 0 0 0 0 0 0 0 0 0 0 0 0 0 0.0002 6.1144 7.22 0.6602 0.0052 0 0 0 0 0 0 0 0 0 0 0 0 0 0.1064 5.6496 5.1258 1.0934 0.0248 0 0 0 0 0 0 0 0 0 0 0 0 0 0.3514 4.7408 4.0364 0.8472 0.0242 0 0 0 0 0 0 0 0 0 0 0 0 0.0018 0.44 3.5832 3.3852 0.5788 0.011 0 0 0 0 0 0 0 0 0 0 0 0 0.0014 0.2882 2.3986 2.8392 0.4642 0.0084 0 0 0 0 0 0 0 
0 0 0 0 0 0 0 0 0 0 0 0 0 0 0 0 0 5.9394 7.5278 0.5328 0 0 0 0 0 0 0 0 0 0 0 0 0 0 0.1042 5.5078 5.4142 0.9634 0.0104 0 0 0 0 0 0 0 0 0 0 0 0 0 0.3314 4.6222 4.1936 0.8362 0.0166 0 0 0 0 0 0 0 0 0 0 0 0 0.0008 0.4032 3.5752 3.4232 0.5852 0.0124 0 0 0 0 0 0 0 0 0 0 0 0 0 0.2528 2.352 2.8926 0.4924 0.0102 0 0 0 0 0 0 0 
0 0 0 0 0 0 0 0 0 0 0 0 0 0 0 0 0 5.9704 7.3252 0.7044 0 0 0 0 0 0 0 0 0 0 0 0 0 0 0.12 5.4826 5.2342 1.1364 0.0268 0 0 0 0 0 0 0 0 0 0 0 0 0 0.3798 4.4756 4.208 0.92 0.0166 0 0 0 0 0 0 0 0 0 0 0 0 0.0024 0.463 3.4072 3.454 0.6712 0.0022 0 0 0 0 0 0 0 0 0 0 0 0 0.0048 0.2768 2.2838 2.8446 0.5844 0.0056 0 0 0 0 0 0 0 
0 0 0 0 0 0 0 0 0 0 0 0 0 0 0 0 0.001 6.0356 7.2784 0.6804 0.0046 0 0 0 0 0 0 0 0 0 0 0 0 0 0.11 5.5956 5.1448 1.141 0.0086 0 0 0 0 0 0 0 0 0 0 0 0 0.0004 0.3214 4.7136 4.0496 0.9032 0.0118 0 0 0 0 0 0 0 0 0 0 0 0 0.0028 0.355 3.6692 3.3506 0.6198 0.0026 0 0 0 0 0 0 0 0 0 0 0 0 0.002 0.2116 2.4382 2.8714 0.4708 0.006 0 0 0 0 0 0 0 
0 0 0 0 0 0 0 0 0 0 0 0 0 0 0 0 0 5.928 7.4712 0.5974 0.0034 0 0 0 0 0 0 0 0 0 0 0 0 0 0.0748 5.3714 5.5074 1.029 0.0174 0 0 0 0 0 0 0 0 0 0 0 0 0.0014 0.2456 4.5468 4.337 0.853 0.0162 0 0 0 0 0 0 0 0 0 0 0 0 0.0022 0.321 3.469 3.5856 0.6076 0.0146 0 0 0 0 0 0 0 0 0 0 0 0 0.0014 0.1884 2.3004 2.9486 0.5476 0.0136 0 0 0 0 0 0 0 
0 0 0 0 0 0 0 0 0 0 0 0 0 0 0 0 0 5.9498 7.3104 0.736 0.0038 0 0 0 0 0 0 0 0 0 0 0 0 0 0.1008 5.5096 5.193 1.1772 0.0194 0 0 0 0 0 0 0 0 0 0 0 0 0 0.3142 4.619 4.1292 0.9256 0.012 0 0 0 0 0 0 0 0 0 0 0 0 0 0.3476 3.5418 3.477 0.6312 0.0024 0 0 0 0 0 0 0 0 0 0 0 0 0 0.185 2.3724 2.9238 0.5128 0.006 0 0 0 0 0 0 0 
0 0 0 0 0 0 0 0 0 0 0 0 0 0 0 0 0.0004 5.9504 7.3534 0.6938 0.002 0 0 0 0 0 0 0 0 0 0 0 0 0 0.0882 5.4836 5.2856 1.1154 0.0272 0 0 0 0 0 0 0 0 0 0 0 0 0 0.3044 4.5682 4.1506 0.9556 0.0212 0 0 0 0 0 0 0 0 0 0 0 0 0.0016 0.3562 3.5264 3.425 0.6838 0.007 0 0 0 0 0 0 0 0 0 0 0 0 0 0.213 2.361 2.8456 0.5748 0.0056 0 0 0 0 0 0 0 
0 0 0 0 0 0 0 0 0 0 0 0 0 0 0 0 0.0006 5.9646 7.3028 0.7262 0.0058 0 0 0 0 0 0 0 0 0 0 0 0 0 0.0942 5.5524 5.155 1.1856 0.0128 0 0 0 0 0 0 0 0 0 0 0 0 0 0.2996 4.691 3.9974 0.999 0.013 0 0 0 0 0 0 0 0 0 0 0 0 0 0.3428 3.6544 3.321 0.6798 0.002 0 0 0 0 0 0 0 0 0 0 0 0 0 0.179 2.4496 2.856 0.5092 0.0062 0 0 0 0 0 0 0 
0 0 0 0 0 0 0 0 0 0 0 0 0 0 0 0 0 6.0246 7.3388 0.6366 0 0 0 0 0 0 0 0 0 0 0 0 0 0 0.0918 5.486 5.3472 1.0626 0.0124 0 0 0 0 0 0 0 0 0 0 0 0 0 0.3338 4.5742 4.2348 0.837 0.0202 0 0 0 0 0 0 0 0 0 0 0 0 0 0.3904 3.5006 3.5326 0.5594 0.017 0 0 0 0 0 0 0 0 0 0 0 0 0 0.2486 2.2748 2.9804 0.4868 0.0094 0 0 0 0 0 0 0 
0 0 0 0 0 0 0 0 0 0 0 0 0 0 0 0 0 6.047 7.269 0.6762 0.0078 0 0 0 0 0 0 0 0 0 0 0 0 0 0.0794 5.65 5.1572 1.0852 0.0282 0 0 0 0 0 0 0 0 0 0 0 0 0 0.2586 4.7824 4.0586 0.8752 0.0252 0 0 0 0 0 0 0 0 0 0 0 0 0 0.2724 3.7462 3.4128 0.5558 0.0128 0 0 0 0 0 0 0 0 0 0 0 0 0 0.1646 2.4318 2.9856 0.4084 0.0096 0 0 0 0 0 0 0 
0 0 0 0 0 0 0 0 0 0 0 0 0 0 0 0 0.0008 5.9504 7.4888 0.56 0 0 0 0 0 0 0 0 0 0 0 0 0 0 0.1216 5.4358 5.4036 1.0308 0.0082 0 0 0 0 0 0 0 0 0 0 0 0 0 0.4034 4.462 4.2276 0.8968 0.0102 0 0 0 0 0 0 0 0 0 0 0 0 0.0046 0.4858 3.4378 3.4134 0.652 0.0064 0 0 0 0 0 0 0 0 0 0 0 0 0.0038 0.3302 2.2988 2.7628 0.5974 0.007 0 0 0 0 0 0 0 
0 0 0 0 0 0 0 0 0 0 0 0 0 0 0 0 0.0002 6.1088 7.2996 0.5908 0.0006 0 0 0 0 0 0 0 0 0 0 0 0 0 0.0736 5.6898 5.2898 0.9378 0.009 0 0 0 0 0 0 0 0 0 0 0 0 0 0.2612 4.8592 4.1738 0.695 0.0108 0 0 0 0 0 0 0 0 0 0 0 0 0 0.3208 3.802 3.4314 0.4424 0.0034 0 0 0 0 0 0 0 0 0 0 0 0 0 0.1754 2.523 2.9718 0.3246 0.0052 0 0 0 0 0 0 0 
0 0 0 0 0 0 0 0 0 0 0 0 0 0 0 0 0 6.1136 7.1988 0.6876 0 0 0 0 0 0 0 0 0 0 0 0 0 0 0.0804 5.5634 5.2502 1.0896 0.0164 0 0 0 0 0 0 0 0 0 0 0 0 0 0.3206 4.5916 4.2204 0.8488 0.0186 0 0 0 0 0 0 0 0 0 0 0 0 0.0024 0.4096 3.4696 3.5316 0.57 0.0168 0 0 0 0 0 0 0 0 0 0 0 0 0.0056 0.252 2.3354 2.92 0.4746 0.0124 0 0 0 0 0 0 0 
0 0 0 0 0 0 0 0 0 0 0 0 0 0 0 0 0.001 6.172 7.1976 0.6256 0.0038 0 0 0 0 0 0 0 0 0 0 0 0 0 0.0832 5.6818 5.246 0.9776 0.0114 0 0 0 0 0 0 0 0 0 0 0 0 0 0.2662 4.762 4.2218 0.736 0.014 0 0 0 0 0 0 0 0 0 0 0 0 0.0022 0.3566 3.6472 3.4752 0.5078 0.011 0 0 0 0 0 0 0 0 0 0 0 0 0.003 0.2092 2.443 2.9372 0.3998 0.0078 0 0 0 0 0 0 0 
0 0 0 0 0 0 0 0 0 0 0 0 0 0 0 0 0 6.1022 7.1592 0.7386 0 0 0 0 0 0 0 0 0 0 0 0 0 0 0.117 5.6278 5.052 1.1866 0.0166 0 0 0 0 0 0 0 0 0 0 0 0 0 0.401 4.6812 3.9808 0.93 0.007 0 0 0 0 0 0 0 0 0 0 0 0 0 0.4678 3.5866 3.3476 0.5908 0.0072 0 0 0 0 0 0 0 0 0 0 0 0 0 0.2714 2.3964 2.8246 0.5026 0.005 0 0 0 0 0 0 0 
0 0 0 0 0 0 0 0 0 0 0 0 0 0 0 0 0.0014 6.0238 7.2932 0.6816 0 0 0 0 0 0 0 0 0 0 0 0 0 0 0.1008 5.6104 5.0462 1.2268 0.0158 0 0 0 0 0 0 0 0 0 0 0 0 0 0.3338 4.7016 3.989 0.9572 0.0184 0 0 0 0 0 0 0 0 0 0 0 0 0 0.4142 3.6062 3.3238 0.6538 0.002 0 0 0 0 0 0 0 0 0 0 0 0 0 0.2456 2.373 2.8736 0.5058 0.002 0 0 0 0 0 0 0 
0 0 0 0 0 0 0 0 0 0 0 0 0 0 0 0 0 5.98 7.318 0.6984 0.0036 0 0 0 0 0 0 0 0 0 0 0 0 0 0.057 5.6766 5.0668 1.191 0.0086 0 0 0 0 0 0 0 0 0 0 0 0 0 0.2642 4.765 4.028 0.9368 0.006 0 0 0 0 0 0 0 0 0 0 0 0 0 0.322 3.6312 3.4312 0.6138 0.0018 0 0 0 0 0 0 0 0 0 0 0 0 0 0.1722 2.395 2.946 0.482 0.0048 0 0 0 0 0 0 0 
0 0 0 0 0 0 0 0 0 0 0 0 0 0 0 0 0 6.0064 7.4078 0.581 0.0048 0 0 0 0 0 0 0 0 0 0 0 0 0 0.095 5.5052 5.3338 1.0466 0.0194 0 0 0 0 0 0 0 0 0 0 0 0 0 0.3158 4.5872 4.2538 0.8226 0.0206 0 0 0 0 0 0 0 0 0 0 0 0 0 0.3756 3.526 3.4644 0.6232 0.0108 0 0 0 0 0 0 0 0 0 0 0 0 0.0006 0.2502 2.3426 2.8434 0.5522 0.011 0 0 0 0 0 0 0 
0 0 0 0 0 0 0 0 0 0 0 0 0 0 0 0 0 6.017 7.4386 0.5412 0.0032 0 0 0 0 0 0 0 0 0 0 0 0 0 0.0674 5.6156 5.2694 1.0326 0.015 0 0 0 0 0 0 0 0 0 0 0 0 0 0.2684 4.6682 4.224 0.8192 0.0202 0 0 0 0 0 0 0 0 0 0 0 0 0.0004 0.3414 3.5822 3.5314 0.5316 0.013 0 0 0 0 0 0 0 0 0 0 0 0 0 0.1802 2.4106 2.9718 0.4278 0.0096 0 0 0 0 0 0 0 
0 0 0 0 0 0 0 0 0 0 0 0 0 0 0 0 0 6.0078 7.3396 0.6526 0 0 0 0 0 0 0 0 0 0 0 0 0 0 0.0828 5.5598 5.3514 0.9882 0.0178 0 0 0 0 0 0 0 0 0 0 0 0 0 0.2858 4.5924 4.3026 0.8028 0.0164 0 0 0 0 0 0 0 0 0 0 0 0 0 0.341 3.5214 3.5702 0.5628 0.0046 0 0 0 0 0 0 0 0 0 0 0 0 0 0.1962 2.4048 2.9178 0.4792 0.002 0 0 0 0 0 0 0 
0 0 0 0 0 0 0 0 0 0 0 0 0 0 0 0 0 6.0408 7.2868 0.6652 0.0072 0 0 0 0 0 0 0 0 0 0 0 0 0 0.0832 5.5466 5.3246 1.0312 0.0144 0 0 0 0 0 0 0 0 0 0 0 0 0 0.2708 4.6724 4.2074 0.832 0.0174 0 0 0 0 0 0 0 0 0 0 0 0 0 0.3098 3.575 3.5674 0.5386 0.0092 0 0 0 0 0 0 0 0 0 0 0 0 0 0.1978 2.2954 3.0736 0.4246 0.0086 0 0 0 0 0 0 0 
0 0 0 0 0 0 0 0 0 0 0 0 0 0 0 0 0 5.9816 7.3576 0.6566 0.0042 0 0 0 0 0 0 0 0 0 0 0 0 0 0.0708 5.4882 5.3152 1.1102 0.0156 0 0 0 0 0 0 0 0 0 0 0 0 0 0.2656 4.5408 4.2918 0.8948 0.007 0 0 0 0 0 0 0 0 0 0 0 0 0 0.3036 3.4244 3.71 0.562 0 0 0 0 0 0 0 0 0 0 0 0 0 0 0.155 2.2902 3.0738 0.481 0 0 0 0 0 0 0 0 
0 0 0 0 0 0 0 0 0 0 0 0 0 0 0 0 0 5.9578 7.372 0.6654 0.0048 0 0 0 0 0 0 0 0 0 0 0 0 0 0.089 5.5194 5.241 1.123 0.0276 0 0 0 0 0 0 0 0 0 0 0 0 0 0.2794 4.6032 4.2184 0.871 0.028 0 0 0 0 0 0 0 0 0 0 0 0 0 0.296 3.495 3.6048 0.5952 0.009 0 0 0 0 0 0 0 0 0 0 0 0 0 0.1666 2.2822 3.073 0.4748 0.0034 0 0 0 0 0 0 0 
0 0 0 0 0 0 0 0 0 0 0 0 0 0 0 0 0 6.011 7.3336 0.6546 0.0008 0 0 0 0 0 0 0 0 0 0 0 0 0 0.1066 5.5174 5.2578 1.0948 0.0234 0 0 0 0 0 0 0 0 0 0 0 0 0 0.3188 4.6086 4.1856 0.8614 0.0256 0 0 0 0 0 0 0 0 0 0 0 0 0 0.3882 3.5774 3.4212 0.59 0.0232 0 0 0 0 0 0 0 0 0 0 0 0 0 0.221 2.3882 2.8728 0.5058 0.0122 0 0 0 0 0 0 0 
0 0 0 0 0 0 0 0 0 0 0 0 0 0 0 0 0.0006 6.0234 7.2724 0.6992 0.0044 0 0 0 0 0 0 0 0 0 0 0 0 0 0.0956 5.5552 5.1936 1.1388 0.0168 0 0 0 0 0 0 0 0 0 0 0 0 0 0.3194 4.6714 4.15 0.8432 0.016 0 0 0 0 0 0 0 0 0 0 0 0 0 0.3942 3.4972 3.526 0.5744 0.0082 0 0 0 0 0 0 0 0 0 0 0 0 0.0014 0.2036 2.3226 3.0202 0.4498 0.0024 0 0 0 0 0 0 0 
0 0 0 0 0 0 0 0 0 0 0 0 0 0 0 0 0.0004 6.0004 7.3706 0.626 0.0026 0 0 0 0 0 0 0 0 0 0 0 0 0 0.1084 5.5606 5.2224 1.0826 0.026 0 0 0 0 0 0 0 0 0 0 0 0 0.0006 0.4034 4.5614 4.1118 0.8966 0.0262 0 0 0 0 0 0 0 0 0 0 0 0 0.0056 0.4462 3.476 3.386 0.6678 0.0184 0 0 0 0 0 0 0 0 0 0 0 0 0.0044 0.3308 2.2828 2.7928 0.5726 0.0166 0 0 0 0 0 0 0 
0 0 0 0 0 0 0 0 0 0 0 0 0 0 0 0 0 6.1142 7.315 0.5696 0.0012 0 0 0 0 0 0 0 0 0 0 0 0 0 0.044 5.7488 5.2662 0.9366 0.0044 0 0 0 0 0 0 0 0 0 0 0 0 0 0.233 4.8118 4.2704 0.6836 0.0012 0 0 0 0 0 0 0 0 0 0 0 0 0 0.292 3.6976 3.5692 0.4412 0 0 0 0 0 0 0 0 0 0 0 0 0 0 0.1806 2.5024 2.9792 0.3378 0 0 0 0 0 0 0 0 
0 0 0 0 0 0 0 0 0 0 0 0 0 0 0 0 0.0008 6.0154 7.2812 0.7026 0 0 0 0 0 0 0 0 0 0 0 0 0 0 0.1014 5.5162 5.1948 1.1834 0.0042 0 0 0 0 0 0 0 0 0 0 0 0 0 0.3034 4.67 4.0828 0.932 0.0118 0 0 0 0 0 0 0 0 0 0 0 0 0.0042 0.3804 3.5778 3.3814 0.6444 0.0118 0 0 0 0 0 0 0 0 0 0 0 0 0.006 0.263 2.3522 2.7896 0.5776 0.0116 0 0 0 0 0 0 0 
0 0 0 0 0 0 0 0 0 0 0 0 0 0 0 0 0.0008 5.9782 7.353 0.6674 0.0006 0 0 0 0 0 0 0 0 0 0 0 0 0 0.1132 5.4442 5.3102 1.12 0.0124 0 0 0 0 0 0 0 0 0 0 0 0 0 0.332 4.5894 4.0986 0.9692 0.0108 0 0 0 0 0 0 0 0 0 0 0 0 0 0.441 3.479 3.3882 0.6864 0.0054 0 0 0 0 0 0 0 0 0 0 0 0 0.0012 0.3062 2.2868 2.8406 0.5628 0.0024 0 0 0 0 0 0 0 
0 0 0 0 0 0 0 0 0 0 0 0 0 0 0 0 0.001 5.9954 7.3268 0.675 0.0018 0 0 0 0 0 0 0 0 0 0 0 0 0 0.113 5.4804 5.2794 1.0966 0.0306 0 0 0 0 0 0 0 0 0 0 0 0 0 0.3226 4.616 4.1378 0.9056 0.018 0 0 0 0 0 0 0 0 0 0 0 0 0 0.3748 3.4978 3.514 0.6088 0.0046 0 0 0 0 0 0 0 0 0 0 0 0 0 0.2206 2.3656 2.8974 0.5114 0.005 0 0 0 0 0 0 0 
0 0 0 0 0 0 0 0 0 0 0 0 0 0 0 0 0 5.869 7.5436 0.5856 0.0018 0 0 0 0 0 0 0 0 0 0 0 0 0 0.067 5.3916 5.4976 1.0268 0.017 0 0 0 0 0 0 0 0 0 0 0 0 0 0.22 4.5998 4.3224 0.8406 0.0172 0 0 0 0 0 0 0 0 0 0 0 0 0 0.2416 3.5804 3.6608 0.5112 0.006 0 0 0 0 0 0 0 0 0 0 0 0 0 0.1186 2.2948 3.1798 0.402 0.0048 0 0 0 0 0 0 0 
0 0 0 0 0 0 0 0 0 0 0 0 0 0 0 0 0 5.88 7.5252 0.5922 0.0026 0 0 0 0 0 0 0 0 0 0 0 0 0 0.0766 5.3808 5.5364 0.998 0.0082 0 0 0 0 0 0 0 0 0 0 0 0 0 0.2874 4.5182 4.3434 0.848 0.003 0 0 0 0 0 0 0 0 0 0 0 0 0 0.3238 3.5008 3.5878 0.585 0.0026 0 0 0 0 0 0 0 0 0 0 0 0 0 0.1596 2.3876 2.951 0.4982 0.0036 0 0 0 0 0 0 0 
0 0 0 0 0 0 0 0 0 0 0 0 0 0 0 0 0.0008 5.9922 7.3662 0.6378 0.003 0 0 0 0 0 0 0 0 0 0 0 0 0 0.149 5.4408 5.2552 1.1336 0.0214 0 0 0 0 0 0 0 0 0 0 0 0 0.001 0.4334 4.4718 4.148 0.9198 0.026 0 0 0 0 0 0 0 0 0 0 0 0 0.0024 0.4804 3.4664 3.4136 0.6252 0.012 0 0 0 0 0 0 0 0 0 0 0 0 0.0014 0.3062 2.3306 2.8054 0.5474 0.009 0 0 0 0 0 0 0 
0 0 0 0 0 0 0 0 0 0 0 0 0 0 0 0 0.0008 6.0936 7.1226 0.7758 0.0072 0 0 0 0 0 0 0 0 0 0 0 0 0 0.1112 5.5914 5.103 1.1612 0.0332 0 0 0 0 0 0 0 0 0 0 0 0 0 0.3702 4.6112 4.045 0.9438 0.0298 0 0 0 0 0 0 0 0 0 0 0 0 0.001 0.436 3.5516 3.3136 0.6784 0.0194 0 0 0 0 0 0 0 0 0 0 0 0 0.0012 0.259 2.4138 2.7604 0.552 0.0136 0 0 0 0 0 0 0 
0 0 0 0 0 0 0 0 0 0 0 0 0 0 0 0 0.0004 5.971 7.3438 0.6836 0.0012 0 0 0 0 0 0 0 0 0 0 0 0 0 0.0966 5.4232 5.306 1.164 0.0102 0 0 0 0 0 0 0 0 0 0 0 0 0 0.2928 4.6098 4.1238 0.9634 0.0102 0 0 0 0 0 0 0 0 0 0 0 0 0 0.3268 3.5572 3.467 0.6396 0.0094 0 0 0 0 0 0 0 0 0 0 0 0 0.0024 0.2044 2.3082 2.9358 0.5448 0.0044 0 0 0 0 0 0 0 
0 0 0 0 0 0 0 0 0 0 0 0 0 0 0 0 0 5.9656 7.4944 0.536 0.004 0 0 0 0 0 0 0 0 0 0 0 0 0 0.0672 5.5146 5.4216 0.9806 0.016 0 0 0 0 0 0 0 0 0 0 0 0 0.0004 0.2276 4.671 4.2886 0.8002 0.0122 0 0 0 0 0 0 0 0 0 0 0 0 0.001 0.3034 3.5706 3.576 0.5428 0.0062 0 0 0 0 0 0 0 0 0 0 0 0 0 0.184 2.3832 2.987 0.4392 0.0066 0 0 0 0 0 0 0 
0 0 0 0 0 0 0 0 0 0 0 0 0 0 0 0 0.0008 5.8764 7.4692 0.6536 0 0 0 0 0 0 0 0 0 0 0 0 0 0 0.1144 5.401 5.3324 1.1336 0.0186 0 0 0 0 0 0 0 0 0 0 0 0 0.0006 0.3966 4.401 4.239 0.943 0.0198 0 0 0 0 0 0 0 0 0 0 0 0 0.0018 0.4864 3.3262 3.4596 0.7162 0.0098 0 0 0 0 0 0 0 0 0 0 0 0 0.0022 0.3096 2.2614 2.7548 0.658 0.014 0 0 0 0 0 0 0 
0 0 0 0 0 0 0 0 0 0 0 0 0 0 0 0 0 5.8674 7.509 0.6224 0.0012 0 0 0 0 0 0 0 0 0 0 0 0 0 0.0716 5.4232 5.3966 1.0938 0.0148 0 0 0 0 0 0 0 0 0 0 0 0 0 0.2352 4.5894 4.2932 0.8566 0.0256 0 0 0 0 0 0 0 0 0 0 0 0 0.0018 0.271 3.5476 3.6018 0.565 0.0128 0 0 0 0 0 0 0 0 0 0 0 0 0.0014 0.1668 2.2668 3.09 0.4636 0.0114 0 0 0 0 0 0 0 
0 0 0 0 0 0 0 0 0 0 0 0 0 0 0 0 0 5.9204 7.414 0.6656 0 0 0 0 0 0 0 0 0 0 0 0 0 0 0.0874 5.4384 5.3232 1.1408 0.0102 0 0 0 0 0 0 0 0 0 0 0 0 0 0.302 4.5388 4.1948 0.941 0.0234 0 0 0 0 0 0 0 0 0 0 0 0 0.0012 0.368 3.4436 3.5392 0.6316 0.0164 0 0 0 0 0 0 0 0 0 0 0 0 0.0004 0.2086 2.269 2.984 0.5172 0.0208 0 0 0 0 0 0 0 
0 0 0 0 0 0 0 0 0 0 0 0 0 0 0 0 0 5.9532 7.3854 0.6594 0.002 0 0 0 0 0 0 0 0 0 0 0 0 0 0.0972 5.4694 5.3176 1.0978 0.018 0 0 0 0 0 0 0 0 0 0 0 0 0.0006 0.3244 4.5092 4.3008 0.8418 0.0232 0 0 0 0 0 0 0 0 0 0 0 0 0.0014 0.3768 3.482 3.5312 0.5976 0.011 0 0 0 0 0 0 0 0 0 0 0 0 0 0.207 2.3856 2.8884 0.5108 0.0082 0 0 0 0 0 0 0 
0 0 0 0 0 0 0 0 0 0 0 0 0 0 0 0 0.0008 6.1286 7.1992 0.6686 0.0028 0 0 0 0 0 0 0 0 0 0 0 0 0 0.0878 5.6086 5.1544 1.1282 0.021 0 0 0 0 0 0 0 0 0 0 0 0 0 0.3228 4.6322 4.1366 0.8906 0.0178 0 0 0 0 0 0 0 0 0 0 0 0 0 0.412 3.529 3.4258 0.625 0.0082 0 0 0 0 0 0 0 0 0 0 0 0 0 0.2316 2.3958 2.8446 0.5218 0.0062 0 0 0 0 0 0 0 
0 0 0 0 0 0 0 0 0 0 0 0 0 0 0 0 0 6.0312 7.294 0.6748 0 0 0 0 0 0 0 0 0 0 0 0 0 0 0.1254 5.4568 5.3044 1.104 0.0094 0 0 0 0 0 0 0 0 0 0 0 0 0 0.3816 4.6172 4.0882 0.8982 0.0148 0 0 0 0 0 0 0 0 0 0 0 0 0 0.449 3.5118 3.4582 0.5704 0.0106 0 0 0 0 0 0 0 0 0 0 0 0 0.0018 0.2536 2.3886 2.8462 0.499 0.0108 0 0 0 0 0 0 0 
0 0 0 0 0 0 0 0 0 0 0 0 0 0 0 0 0 5.9728 7.3184 0.704 0.0048 0 0 0 0 0 0 0 0 0 0 0 0 0 0.0954 5.4996 5.2438 1.1486 0.0126 0 0 0 0 0 0 0 0 0 0 0 0 0 0.3594 4.4948 4.172 0.9492 0.0246 0 0 0 0 0 0 0 0 0 0 0 0 0.0018 0.4284 3.4256 3.4704 0.6602 0.0136 0 0 0 0 0 0 0 0 0 0 0 0 0.002 0.2546 2.2904 2.8614 0.582 0.0096 0 0 0 0 0 0 0 
0 0 0 0 0 0 0 0 0 0 0 0 0 0 0 0 0 6.0426 7.2398 0.714 0.0036 0 0 0 0 0 0 0 0 0 0 0 0 0 0.103 5.5856 5.0612 1.2256 0.0246 0 0 0 0 0 0 0 0 0 0 0 0 0 0.3578 4.6416 4.0438 0.9312 0.0256 0 0 0 0 0 0 0 0 0 0 0 0 0 0.3954 3.5052 3.458 0.6244 0.017 0 0 0 0 0 0 0 0 0 0 0 0 0.001 0.2496 2.2942 2.9632 0.4804 0.0116 0 0 0 0 0 0 0 
0 0 0 0 0 0 0 0 0 0 0 0 0 0 0 0 0.0008 5.9692 7.3666 0.6634 0 0 0 0 0 0 0 0 0 0 0 0 0 0 0.1114 5.4388 5.2786 1.157 0.0142 0 0 0 0 0 0 0 0 0 0 0 0 0 0.3336 4.5808 4.1814 0.891 0.0132 0 0 0 0 0 0 0 0 0 0 0 0 0.0014 0.4014 3.4614 3.4986 0.632 0.0052 0 0 0 0 0 0 0 0 0 0 0 0 0.0024 0.2588 2.2746 2.9278 0.5278 0.0086 0 0 0 0 0 0 0 
0 0 0 0 0 0 0 0 0 0 0 0 0 0 0 0 0 6.1326 7.3152 0.5518 0.0004 0 0 0 0 0 0 0 0 0 0 0 0 0 0.131 5.617 5.2228 1.0226 0.0066 0 0 0 0 0 0 0 0 0 0 0 0 0.0018 0.3702 4.723 4.1056 0.7884 0.011 0 0 0 0 0 0 0 0 0 0 0 0 0.0082 0.455 3.6434 3.373 0.5138 0.0066 0 0 0 0 0 0 0 0 0 0 0 0 0.0096 0.2756 2.4798 2.7858 0.4392 0.01 0 0 0 0 0 0 0 
0 0 0 0 0 0 0 0 0 0 0 0 0 0 0 0 0 6.0166 7.3744 0.609 0 0 0 0 0 0 0 0 0 0 0 0 0 0 0.0852 5.6296 5.1102 1.1708 0.0042 0 0 0 0 0 0 0 0 0 0 0 0 0 0.301 4.7304 4.082 0.8818 0.0048 0 0 0 0 0 0 0 0 0 0 0 0 0 0.3284 3.7458 3.4032 0.52 0.0026 0 0 0 0 0 0 0 0 0 0 0 0 0 0.1824 2.4334 3.0426 0.3382 0.0034 0 0 0 0 0 0 0 
0 0 0 0 0 0 0 0 0 0 0 0 0 0 0 0 0 5.9738 7.446 0.5788 0.0014 0 0 0 0 0 0 0 0 0 0 0 0 0 0.0466 5.607 5.3238 1.0078 0.0148 0 0 0 0 0 0 0 0 0 0 0 0 0 0.2096 4.7538 4.2298 0.8008 0.006 0 0 0 0 0 0 0 0 0 0 0 0 0 0.227 3.6894 3.5836 0.494 0.006 0 0 0 0 0 0 0 0 0 0 0 0 0 0.1078 2.441 3.0974 0.3526 0.0012 0 0 0 0 0 0 0 
0 0 0 0 0 0 0 0 0 0 0 0 0 0 0 0 0.001 6.0562 7.2178 0.725 0 0 0 0 0 0 0 0 0 0 0 0 0 0 0.1196 5.572 5.1492 1.1418 0.0174 0 0 0 0 0 0 0 0 0 0 0 0 0 0.3764 4.6444 3.9834 0.9772 0.0186 0 0 0 0 0 0 0 0 0 0 0 0 0.0006 0.4608 3.5714 3.3004 0.6564 0.0104 0 0 0 0 0 0 0 0 0 0 0 0 0.0006 0.2812 2.4378 2.712 0.5628 0.0056 0 0 0 0 0 0 0 
0 0 0 0 0 0 0 0 0 0 0 0 0 0 0 0 0 6.0314 7.319 0.648 0.0016 0 0 0 0 0 0 0 0 0 0 0 0 0 0.0624 5.4718 5.4484 1.0064 0.011 0 0 0 0 0 0 0 0 0 0 0 0 0 0.2622 4.512 4.3698 0.8468 0.0092 0 0 0 0 0 0 0 0 0 0 0 0 0 0.3264 3.4124 3.6196 0.6392 0.0024 0 0 0 0 0 0 0 0 0 0 0 0 0 0.2272 2.2388 2.9926 0.5366 0.0048 0 0 0 0 0 0 0 
0 0 0 0 0 0 0 0 0 0 0 0 0 0 0 0 0 5.9812 7.2958 0.7206 0.0024 0 0 0 0 0 0 0 0 0 0 0 0 0 0.0902 5.4654 5.2098 1.2196 0.015 0 0 0 0 0 0 0 0 0 0 0 0 0 0.3494 4.4824 4.1918 0.9588 0.0176 0 0 0 0 0 0 0 0 0 0 0 0 0 0.42 3.3762 3.5448 0.6484 0.0106 0 0 0 0 0 0 0 0 0 0 0 0 0 0.2608 2.2514 2.9064 0.573 0.0084 0 0 0 0 0 0 0 
0 0 0 0 0 0 0 0 0 0 0 0 0 0 0 0 0 6.0834 7.2324 0.678 0.0062 0 0 0 0 0 0 0 0 0 0 0 0 0 0.117 5.5556 5.2214 1.0686 0.0374 0 0 0 0 0 0 0 0 0 0 0 0 0 0.3758 4.528 4.1846 0.8624 0.0492 0 0 0 0 0 0 0 0 0 0 0 0 0.0076 0.5162 3.367 3.4318 0.6478 0.0296 0 0 0 0 0 0 0 0 0 0 0 0 0.007 0.3246 2.2784 2.7996 0.5652 0.0252 0 0 0 0 0 0 0 
0 0 0 0 0 0 0 0 0 0 0 0 0 0 0 0 0 6.0468 7.2052 0.7462 0.0018 0 0 0 0 0 0 0 0 0 0 0 0 0 0.0978 5.642 4.9986 1.2506 0.011 0 0 0 0 0 0 0 0 0 0 0 0 0 0.3972 4.5656 4.0872 0.9328 0.0172 0 0 0 0 0 0 0 0 0 0 0 0 0 0.4674 3.5404 3.3978 0.5812 0.0132 0 0 0 0 0 0 0 0 0 0 0 0 0 0.2604 2.4008 2.8158 0.5162 0.0068 0 0 0 0 0 0 0 
0 0 0 0 0 0 0 0 0 0 0 0 0 0 0 0 0 6.0258 7.4036 0.5674 0.0032 0 0 0 0 0 0 0 0 0 0 0 0 0 0.0898 5.5662 5.2646 1.0664 0.013 0 0 0 0 0 0 0 0 0 0 0 0 0 0.351 4.6296 4.1554 0.854 0.01 0 0 0 0 0 0 0 0 0 0 0 0 0 0.403 3.5532 3.4592 0.5798 0.0048 0 0 0 0 0 0 0 0 0 0 0 0 0.0036 0.2286 2.4524 2.8506 0.455 0.0098 0 0 0 0 0 0 0 
0 0 0 0 0 0 0 0 0 0 0 0 0 0 0 0 0 5.928 7.542 0.528 0.002 0 0 0 0 0 0 0 0 0 0 0 0 0 0.0552 5.521 5.4574 0.9462 0.0202 0 0 0 0 0 0 0 0 0 0 0 0 0 0.2284 4.657 4.332 0.7712 0.0114 0 0 0 0 0 0 0 0 0 0 0 0 0 0.2924 3.5814 3.5936 0.526 0.0066 0 0 0 0 0 0 0 0 0 0 0 0 0 0.1332 2.447 3.0014 0.4116 0.0068 0 0 0 0 0 0 0 
0 0 0 0 0 0 0 0 0 0 0 0 0 0 0 0 0.0002 5.9108 7.4388 0.6486 0.0016 0 0 0 0 0 0 0 0 0 0 0 0 0 0.1222 5.4282 5.3136 1.1098 0.0262 0 0 0 0 0 0 0 0 0 0 0 0 0 0.3478 4.5474 4.1368 0.9358 0.0322 0 0 0 0 0 0 0 0 0 0 0 0 0.0046 0.411 3.496 3.387 0.6802 0.0212 0 0 0 0 0 0 0 0 0 0 0 0 0.0114 0.2686 2.2862 2.7854 0.6204 0.028 0 0 0 0 0 0 0 
0 0 0 0 0 0 0 0 0 0 0 0 0 0 0 0 0 6.031 7.1672 0.801 0.0008 0 0 0 0 0 0 0 0 0 0 0 0 0 0.0982 5.5266 5.0184 1.3368 0.02 0 0 0 0 0 0 0 0 0 0 0 0 0 0.3446 4.623 3.9918 1.0118 0.0288 0 0 0 0 0 0 0 0 0 0 0 0 0 0.405 3.4952 3.3758 0.7098 0.0142 0 0 0 0 0 0 0 0 0 0 0 0 0 0.242 2.25 2.9512 0.5474 0.0094 0 0 0 0 0 0 0 
0 0 0 0 0 0 0 0 0 0 0 0 0 0 0 0 0 5.9818 7.459 0.5574 0.0018 0 0 0 0 0 0 0 0 0 0 0 0 0 0.0988 5.4676 5.4394 0.9832 0.011 0 0 0 0 0 0 0 0 0 0 0 0 0 0.3052 4.6296 4.2342 0.823 0.008 0 0 0 0 0 0 0 0 0 0 0 0 0.0018 0.333 3.5366 3.6022 0.5248 0.0016 0 0 0 0 0 0 0 0 0 0 0 0 0.0036 0.1918 2.398 3.0082 0.3924 0.006 0 0 0 0 0 0 0 
0 0 0 0 0 0 0 0 0 0 0 0 0 0 0 0 0 6.0594 7.2014 0.7378 0.0014 0 0 0 0 0 0 0 0 0 0 0 0 0 0.1336 5.6052 5.0704 1.18 0.0108 0 0 0 0 0 0 0 0 0 0 0 0 0 0.3952 4.5976 4.052 0.9434 0.0118 0 0 0 0 0 0 0 0 0 0 0 0 0.001 0.439 3.52 3.376 0.6606 0.0034 0 0 0 0 0 0 0 0 0 0 0 0 0 0.2562 2.38 2.8672 0.491 0.0056 0 0 0 0 0 0 0 
0 0 0 0 0 0 0 0 0 0 0 0 0 0 0 0 0.0004 5.9318 7.5336 0.5306 0.0036 0 0 0 0 0 0 0 0 0 0 0 0 0 0.0922 5.3482 5.5186 1.0312 0.0098 0 0 0 0 0 0 0 0 0 0 0 0 0 0.2874 4.5092 4.3128 0.8786 0.012 0 0 0 0 0 0 0 0 0 0 0 0 0.0024 0.348 3.3914 3.682 0.5704 0.0058 0 0 0 0 0 0 0 0 0 0 0 0 0 0.2058 2.2146 3.0716 0.5064 0.0016 0 0 0 0 0 0 0 
0 0 0 0 0 0 0 0 0 0 0 0 0 0 0 0 0 6.0178 7.3286 0.6534 0.0002 0 0 0 0 0 0 0 0 0 0 0 0 0 0.0928 5.505 5.2222 1.1578 0.0222 0 0 0 0 0 0 0 0 0 0 0 0 0 0.3376 4.6314 4.0428 0.9692 0.019 0 0 0 0 0 0 0 0 0 0 0 0 0 0.385 3.548 3.4054 0.6464 0.0152 0 0 0 0 0 0 0 0 0 0 0 0 0 0.2056 2.3738 2.8926 0.5146 0.0134 0 0 0 0 0 0 0 
0 0 0 0 0 0 0 0 0 0 0 0 0 0 0 0 0 6.0188 7.3994 0.5794 0.0024 0 0 0 0 0 0 0 0 0 0 0 0 0 0.1082 5.4996 5.2852 1.0854 0.0216 0 0 0 0 0 0 0 0 0 0 0 0 0 0.3694 4.5642 4.184 0.8644 0.018 0 0 0 0 0 0 0 0 0 0 0 0 0 0.4772 3.4724 3.3768 0.656 0.0176 0 0 0 0 0 0 0 0 0 0 0 0 0.0028 0.312 2.306 2.8206 0.5462 0.0124 0 0 0 0 0 0 0 
0 0 0 0 0 0 0 0 0 0 0 0 0 0 0 0 0 5.9802 7.3582 0.6616 0 0 0 0 0 0 0 0 0 0 0 0 0 0 0.0698 5.5202 5.2534 1.1438 0.0128 0 0 0 0 0 0 0 0 0 0 0 0 0 0.2756 4.6108 4.1606 0.9488 0.0042 0 0 0 0 0 0 0 0 0 0 0 0 0 0.3536 3.5236 3.5228 0.5992 0.0008 0 0 0 0 0 0 0 0 0 0 0 0 0 0.183 2.3602 2.956 0.5008 0 0 0 0 0 0 0 0 
0 0 0 0 0 0 0 0 0 0 0 0 0 0 0 0 0.0008 6.0084 7.3542 0.6346 0.002 0 0 0 0 0 0 0 0 0 0 0 0 0 0.081 5.536 5.2338 1.1416 0.0076 0 0 0 0 0 0 0 0 0 0 0 0 0 0.3088 4.581 4.2456 0.8604 0.0042 0 0 0 0 0 0 0 0 0 0 0 0 0 0.3666 3.5286 3.571 0.5332 0.0006 0 0 0 0 0 0 0 0 0 0 0 0 0 0.1826 2.4166 2.9554 0.4422 0.0032 0 0 0 0 0 0 0 
0 0 0 0 0 0 0 0 0 0 0 0 0 0 0 0 0 5.892 7.462 0.646 0 0 0 0 0 0 0 0 0 0 0 0 0 0 0.1044 5.3658 5.415 1.1002 0.0146 0 0 0 0 0 0 0 0 0 0 0 0 0 0.3334 4.4306 4.3516 0.86 0.0244 0 0 0 0 0 0 0 0 0 0 0 0 0.0018 0.3976 3.344 3.5846 0.6668 0.0052 0 0 0 0 0 0 0 0 0 0 0 0 0 0.2636 2.1642 2.9948 0.5694 0.008 0 0 0 0 0 0 0 
0 0 0 0 0 0 0 0 0 0 0 0 0 0 0 0 0.0004 6.0424 7.229 0.7278 0.0004 0 0 0 0 0 0 0 0 0 0 0 0 0 0.1116 5.5008 5.1742 1.2016 0.0118 0 0 0 0 0 0 0 0 0 0 0 0 0 0.361 4.5776 4.1232 0.926 0.0122 0 0 0 0 0 0 0 0 0 0 0 0 0.001 0.3932 3.472 3.5648 0.5612 0.0078 0 0 0 0 0 0 0 0 0 0 0 0 0 0.2176 2.327 2.9976 0.4498 0.008 0 0 0 0 0 0 0 
0 0 0 0 0 0 0 0 0 0 0 0 0 0 0 0 0 6.049 7.2312 0.7162 0.0036 0 0 0 0 0 0 0 0 0 0 0 0 0 0.0864 5.6054 5.0814 1.2074 0.0194 0 0 0 0 0 0 0 0 0 0 0 0 0 0.2802 4.714 4.0524 0.9388 0.0146 0 0 0 0 0 0 0 0 0 0 0 0 0 0.367 3.559 3.4722 0.5906 0.0112 0 0 0 0 0 0 0 0 0 0 0 0 0.0008 0.1826 2.3646 2.96 0.4844 0.0076 0 0 0 0 0 0 0 
0 0 0 0 0 0 0 0 0 0 0 0 0 0 0 0 0 5.9692 7.48 0.5508 0 0 0 0 0 0 0 0 0 0 0 0 0 0 0.0902 5.4208 5.4712 1.005 0.0128 0 0 0 0 0 0 0 0 0 0 0 0 0 0.336 4.4826 4.3234 0.8434 0.0146 0 0 0 0 0 0 0 0 0 0 0 0 0.0002 0.4082 3.4406 3.518 0.6186 0.0144 0 0 0 0 0 0 0 0 0 0 0 0 0 0.2584 2.3352 2.855 0.5402 0.0112 0 0 0 0 0 0 0 
0 0 0 0 0 0 0 0 0 0 0 0 0 0 0 0 0.002 6.0084 7.318 0.6672 0.0044 0 0 0 0 0 0 0 0 0 0 0 0 0 0.1052 5.4934 5.2712 1.0968 0.0334 0 0 0 0 0 0 0 0 0 0 0 0 0 0.3514 4.593 4.105 0.9118 0.0388 0 0 0 0 0 0 0 0 0 0 0 0 0 0.3836 3.536 3.4412 0.6146 0.0246 0 0 0 0 0 0 0 0 0 0 0 0 0.002 0.222 2.3894 2.841 0.5344 0.0112 0 0 0 0 0 0 0 
0 0 0 0 0 0 0 0 0 0 0 0 0 0 0 0 0 6.1492 7.236 0.6148 0 0 0 0 0 0 0 0 0 0 0 0 0 0 0.092 5.7164 5.121 1.0608 0.0098 0 0 0 0 0 0 0 0 0 0 0 0 0 0.3228 4.8474 3.9566 0.8702 0.003 0 0 0 0 0 0 0 0 0 0 0 0 0.0012 0.3892 3.7682 3.3188 0.5176 0.005 0 0 0 0 0 0 0 0 0 0 0 0 0.0016 0.2534 2.4634 2.9164 0.3582 0.007 0 0 0 0 0 0 0 
0 0 0 0 0 0 0 0 0 0 0 0 0 0 0 0 0.001 5.8512 7.5944 0.5522 0.0012 0 0 0 0 0 0 0 0 0 0 0 0 0 0.098 5.385 5.583 0.9054 0.0286 0 0 0 0 0 0 0 0 0 0 0 0 0 0.3044 4.5364 4.3086 0.8184 0.0322 0 0 0 0 0 0 0 0 0 0 0 0 0.0024 0.3532 3.5104 3.5034 0.6142 0.0164 0 0 0 0 0 0 0 0 0 0 0 0 0.0074 0.2114 2.3228 2.9158 0.5204 0.0222 0 0 0 0 0 0 0 
0 0 0 0 0 0 0 0 0 0 0 0 0 0 0 0 0.0006 6.0436 7.364 0.59 0.0018 0 0 0 0 0 0 0 0 0 0 0 0 0 0.0914 5.592 5.2754 1.0382 0.003 0 0 0 0 0 0 0 0 0 0 0 0 0 0.3356 4.6564 4.0962 0.9038 0.008 0 0 0 0 0 0 0 0 0 0 0 0 0 0.42 3.5768 3.4018 0.5932 0.0082 0 0 0 0 0 0 0 0 0 0 0 0 0.0028 0.2532 2.4286 2.8202 0.4908 0.0044 0 0 0 0 0 0 0 
0 0 0 0 0 0 0 0 0 0 0 0 0 0 0 0 0 5.9466 7.375 0.673 0.0054 0 0 0 0 0 0 0 0 0 0 0 0 0 0.0922 5.469 5.331 1.0784 0.0294 0 0 0 0 0 0 0 0 0 0 0 0 0 0.3082 4.5184 4.2436 0.9038 0.026 0 0 0 0 0 0 0 0 0 0 0 0 0.0002 0.3446 3.4768 3.538 0.6198 0.0206 0 0 0 0 0 0 0 0 0 0 0 0 0.004 0.2284 2.2306 2.9914 0.5284 0.0172 0 0 0 0 0 0 0 
0 0 0 0 0 0 0 0 0 0 0 0 0 0 0 0 0 6.1172 7.1436 0.7362 0.003 0 0 0 0 0 0 0 0 0 0 0 0 0 0.086 5.6068 5.1888 1.0952 0.0232 0 0 0 0 0 0 0 0 0 0 0 0 0 0.3442 4.6696 4.0644 0.9058 0.016 0 0 0 0 0 0 0 0 0 0 0 0 0.0024 0.429 3.5112 3.4258 0.6204 0.0112 0 0 0 0 0 0 0 0 0 0 0 0 0.0034 0.2694 2.3002 2.8912 0.527 0.0088 0 0 0 0 0 0 0 
0 0 0 0 0 0 0 0 0 0 0 0 0 0 0 0 0.0016 5.9212 7.3556 0.7124 0.0092 0 0 0 0 0 0 0 0 0 0 0 0 0 0.108 5.3786 5.2948 1.1998 0.0188 0 0 0 0 0 0 0 0 0 0 0 0 0 0.3638 4.3772 4.2826 0.9602 0.0162 0 0 0 0 0 0 0 0 0 0 0 0 0 0.4526 3.2916 3.5114 0.737 0.0074 0 0 0 0 0 0 0 0 0 0 0 0 0.001 0.2864 2.2524 2.795 0.6536 0.0116 0 0 0 0 0 0 0 
0 0 0 0 0 0 0 0 0 0 0 0 0 0 0 0 0 5.989 7.3712 0.637 0.0028 0 0 0 0 0 0 0 0 0 0 0 0 0 0.0728 5.54 5.3302 1.0452 0.0118 0 0 0 0 0 0 0 0 0 0 0 0 0 0.2694 4.7078 4.132 0.8678 0.023 0 0 0 0 0 0 0 0 0 0 0 0 0.0014 0.328 3.5824 3.49 0.5824 0.0158 0 0 0 0 0 0 0 0 0 0 0 0 0 0.2078 2.26 3.045 0.4758 0.0114 0 0 0 0 0 0 0 
0 0 0 0 0 0 0 0 0 0 0 0 0 0 0 0 0.0004 5.822 7.537 0.6406 0 0 0 0 0 0 0 0 0 0 0 0 0 0 0.0924 5.4344 5.3872 1.0706 0.0154 0 0 0 0 0 0 0 0 0 0 0 0 0 0.262 4.5888 4.2338 0.8994 0.016 0 0 0 0 0 0 0 0 0 0 0 0 0 0.3352 3.497 3.5394 0.6246 0.0038 0 0 0 0 0 0 0 0 0 0 0 0 0 0.1848 2.3096 2.9898 0.5118 0.004 0 0 0 0 0 0 0 
0 0 0 0 0 0 0 0 0 0 0 0 0 0 0 0 0.0016 5.9898 7.2066 0.7964 0.0056 0 0 0 0 0 0 0 0 0 0 0 0 0 0.1194 5.424 5.1636 1.2696 0.0234 0 0 0 0 0 0 0 0 0 0 0 0 0 0.3446 4.6126 3.9518 1.0816 0.0094 0 0 0 0 0 0 0 0 0 0 0 0 0.0014 0.3852 3.5402 3.4094 0.6574 0.0064 0 0 0 0 0 0 0 0 0 0 0 0 0 0.2274 2.2816 2.9622 0.5168 0.012 0 0 0 0 0 0 0 
0 0 0 0 0 0 0 0 0 0 0 0 0 0 0 0 0.0002 5.937 7.3692 0.6918 0.0018 0 0 0 0 0 0 0 0 0 0 0 0 0 0.1104 5.4306 5.2642 1.172 0.0228 0 0 0 0 0 0 0 0 0 0 0 0 0.0002 0.3316 4.5438 4.1194 0.975 0.03 0 0 0 0 0 0 0 0 0 0 0 0 0.0004 0.4032 3.4748 3.3918 0.7082 0.0216 0 0 0 0 0 0 0 0 0 0 0 0 0.0016 0.2348 2.325 2.8132 0.6048 0.0206 0 0 0 0 0 0 0 
0 0 0 0 0 0 0 0 0 0 0 0 0 0 0 0 0.0006 5.948 7.4272 0.6202 0.004 0 0 0 0 0 0 0 0 0 0 0 0 0 0.0892 5.429 5.4414 1.0288 0.0116 0 0 0 0 0 0 0 0 0 0 0 0 0 0.3328 4.531 4.2884 0.8368 0.011 0 0 0 0 0 0 0 0 0 0 0 0 0 0.4118 3.4466 3.5176 0.6196 0.0044 0 0 0 0 0 0 0 0 0 0 0 0 0 0.2376 2.3198 2.927 0.512 0.0036 0 0 0 0 0 0 0 
0 0 0 0 0 0 0 0 0 0 0 0 0 0 0 0 0 6.003 7.352 0.6388 0.0062 0 0 0 0 0 0 0 0 0 0 0 0 0 0.0816 5.526 5.4138 0.9668 0.0118 0 0 0 0 0 0 0 0 0 0 0 0 0 0.2618 4.706 4.2352 0.7814 0.0156 0 0 0 0 0 0 0 0 0 0 0 0 0.0026 0.2998 3.6034 3.587 0.4992 0.008 0 0 0 0 0 0 0 0 0 0 0 0 0.0004 0.1564 2.3822 3.0482 0.4008 0.012 0 0 0 0 0 0 0 
0 0 0 0 0 0 0 0 0 0 0 0 0 0 0 0 0.0004 6.0358 7.1964 0.7674 0 0 0 0 0 0 0 0 0 0 0 0 0 0 0.126 5.5764 5.109 1.168 0.0206 0 0 0 0 0 0 0 0 0 0 0 0 0.0022 0.3742 4.6334 4.0658 0.907 0.0174 0 0 0 0 0 0 0 0 0 0 0 0 0.0044 0.4118 3.546 3.3976 0.63 0.0102 0 0 0 0 0 0 0 0 0 0 0 0 0.0064 0.2656 2.3922 2.792 0.5354 0.0084 0 0 0 0 0 0 0 
0 0 0 0 0 0 0 0 0 0 0 0 0 0 0 0 0 6.1024 7.209 0.6856 0.003 0 0 0 0 0 0 0 0 0 0 0 0 0 0.0804 5.618 5.1584 1.123 0.0202 0 0 0 0 0 0 0 0 0 0 0 0 0 0.3514 4.5856 4.1678 0.8782 0.017 0 0 0 0 0 0 0 0 0 0 0 0 0 0.425 3.5486 3.382 0.6326 0.0118 0 0 0 0 0 0 0 0 0 0 0 0 0 0.2556 2.3918 2.8438 0.504 0.0048 0 0 0 0 0 0 0 
0 0 0 0 0 0 0 0 0 0 0 0 0 0 0 0 0.0008 5.8012 7.6296 0.567 0.0014 0 0 0 0 0 0 0 0 0 0 0 0 0 0.0918 5.3498 5.47 1.0828 0.0056 0 0 0 0 0 0 0 0 0 0 0 0 0 0.3038 4.4418 4.3728 0.8752 0.0064 0 0 0 0 0 0 0 0 0 0 0 0 0 0.385 3.3962 3.5774 0.6388 0.0026 0 0 0 0 0 0 0 0 0 0 0 0 0.0002 0.219 2.3088 2.9064 0.5596 0.006 0 0 0 0 0 0 0 
0 0 0 0 0 0 0 0 0 0 0 0 0 0 0 0 0 6.0292 7.2888 0.6798 0.0022 0 0 0 0 0 0 0 0 0 0 0 0 0 0.0878 5.5866 5.1722 1.1388 0.0146 0 0 0 0 0 0 0 0 0 0 0 0 0 0.3284 4.5912 4.1622 0.8974 0.0208 0 0 0 0 0 0 0 0 0 0 0 0 0 0.3946 3.5424 3.3836 0.6604 0.019 0 0 0 0 0 0 0 0 0 0 0 0 0.0018 0.2544 2.34 2.85 0.5468 0.007 0 0 0 0 0 0 0 
0 0 0 0 0 0 0 0 0 0 0 0 0 0 0 0 0.0006 5.976 7.4196 0.5984 0.0054 0 0 0 0 0 0 0 0 0 0 0 0 0 0.0998 5.4464 5.4372 1.002 0.0146 0 0 0 0 0 0 0 0 0 0 0 0 0 0.3222 4.5448 4.2524 0.8678 0.0128 0 0 0 0 0 0 0 0 0 0 0 0 0 0.3818 3.4902 3.5328 0.5818 0.0134 0 0 0 0 0 0 0 0 0 0 0 0 0 0.2356 2.3222 2.9026 0.5316 0.008 0 0 0 0 0 0 0 
0 0 0 0 0 0 0 0 0 0 0 0 0 0 0 0 0 5.9708 7.2582 0.7666 0.0044 0 0 0 0 0 0 0 0 0 0 0 0 0 0.0908 5.4694 5.2222 1.182 0.0356 0 0 0 0 0 0 0 0 0 0 0 0 0 0.3234 4.5482 4.1376 0.964 0.0268 0 0 0 0 0 0 0 0 0 0 0 0 0 0.3812 3.5184 3.3974 0.6778 0.0252 0 0 0 0 0 0 0 0 0 0 0 0 0 0.2298 2.315 2.8566 0.5802 0.0184 0 0 0 0 0 0 0 
0 0 0 0 0 0 0 0 0 0 0 0 0 0 0 0 0 6.079 7.2488 0.6722 0 0 0 0 0 0 0 0 0 0 0 0 0 0 0.072 5.5992 5.234 1.0864 0.0084 0 0 0 0 0 0 0 0 0 0 0 0 0 0.2486 4.72 4.1612 0.855 0.0152 0 0 0 0 0 0 0 0 0 0 0 0 0 0.3038 3.6392 3.5152 0.5364 0.0054 0 0 0 0 0 0 0 0 0 0 0 0 0 0.1632 2.401 3.0168 0.417 0.002 0 0 0 0 0 0 0 
0 0 0 0 0 0 0 0 0 0 0 0 0 0 0 0 0.0028 5.8812 7.5392 0.5762 0.0006 0 0 0 0 0 0 0 0 0 0 0 0 0 0.0976 5.3318 5.5464 1.0178 0.0064 0 0 0 0 0 0 0 0 0 0 0 0 0 0.2726 4.476 4.3304 0.915 0.006 0 0 0 0 0 0 0 0 0 0 0 0 0 0.379 3.3788 3.5756 0.6602 0.0064 0 0 0 0 0 0 0 0 0 0 0 0 0 0.2062 2.308 2.8542 0.6244 0.0072 0 0 0 0 0 0 0 
0 0 0 0 0 0 0 0 0 0 0 0 0 0 0 0 0.002 6.0542 7.3414 0.6016 0.0008 0 0 0 0 0 0 0 0 0 0 0 0 0 0.1344 5.554 5.2642 1.0258 0.0216 0 0 0 0 0 0 0 0 0 0 0 0 0 0.3864 4.6082 4.1542 0.8314 0.0198 0 0 0 0 0 0 0 0 0 0 0 0 0.0014 0.4428 3.536 3.4252 0.5772 0.0174 0 0 0 0 0 0 0 0 0 0 0 0 0.0012 0.3146 2.369 2.8252 0.4772 0.0128 0 0 0 0 0 0 0 
0 0 0 0 0 0 0 0 0 0 0 0 0 0 0 0 0.001 5.9748 7.3766 0.646 0.0016 0 0 0 0 0 0 0 0 0 0 0 0 0 0.0914 5.5552 5.22 1.1316 0.0018 0 0 0 0 0 0 0 0 0 0 0 0 0 0.3006 4.6688 4.1754 0.85 0.0052 0 0 0 0 0 0 0 0 0 0 0 0 0 0.3688 3.5342 3.5644 0.5326 0 0 0 0 0 0 0 0 0 0 0 0 0 0.0004 0.2112 2.3442 3.0406 0.4018 0.0018 0 0 0 0 0 0 0 
0 0 0 0 0 0 0 0 0 0 0 0 0 0 0 0 0.0016 6.0372 7.4112 0.55 0 0 0 0 0 0 0 0 0 0 0 0 0 0 0.1138 5.5456 5.325 1.01 0.0056 0 0 0 0 0 0 0 0 0 0 0 0 0 0.381 4.5476 4.2698 0.7856 0.016 0 0 0 0 0 0 0 0 0 0 0 0 0.0004 0.4626 3.5408 3.4032 0.5786 0.0144 0 0 0 0 0 0 0 0 0 0 0 0 0.0004 0.3004 2.4282 2.77 0.4898 0.0112 0 0 0 0 0 0 0 
0 0 0 0 0 0 0 0 0 0 0 0 0 0 0 0 0 6.0058 7.4504 0.5416 0.0022 0 0 0 0 0 0 0 0 0 0 0 0 0 0.0746 5.5222 5.4502 0.9464 0.0066 0 0 0 0 0 0 0 0 0 0 0 0 0 0.2476 4.6878 4.3156 0.7446 0.0044 0 0 0 0 0 0 0 0 0 0 0 0 0 0.2874 3.6 3.6394 0.4666 0.0066 0 0 0 0 0 0 0 0 0 0 0 0 0.0022 0.1766 2.3784 3.0678 0.3668 0.0082 0 0 0 0 0 0 0 
0 0 0 0 0 0 0 0 0 0 0 0 0 0 0 0 0 6.0196 7.2822 0.6982 0 0 0 0 0 0 0 0 0 0 0 0 0 0 0.0836 5.5844 5.2006 1.1122 0.0192 0 0 0 0 0 0 0 0 0 0 0 0 0 0.302 4.668 4.1564 0.8572 0.0164 0 0 0 0 0 0 0 0 0 0 0 0 0 0.3422 3.5856 3.5016 0.5592 0.0114 0 0 0 0 0 0 0 0 0 0 0 0 0.0004 0.1898 2.3774 3.0074 0.4222 0.0028 0 0 0 0 0 0 0 
0 0 0 0 0 0 0 0 0 0 0 0 0 0 0 0 0 5.8536 7.61 0.5364 0 0 0 0 0 0 0 0 0 0 0 0 0 0 0.1104 5.3646 5.5274 0.9886 0.009 0 0 0 0 0 0 0 0 0 0 0 0 0 0.3366 4.445 4.405 0.7966 0.0168 0 0 0 0 0 0 0 0 0 0 0 0 0 0.4008 3.4352 3.5706 0.5884 0.005 0 0 0 0 0 0 0 0 0 0 0 0 0 0.2482 2.2898 2.9422 0.5156 0.0042 0 0 0 0 0 0 0 
0 0 0 0 0 0 0 0 0 0 0 0 0 0 0 0 0.001 6.032 7.205 0.758 0.004 0 0 0 0 0 0 0 0 0 0 0 0 0 0.0914 5.58 5.1552 1.1586 0.0136 0.0012 0 0 0 0 0 0 0 0 0 0 0 0 0.3108 4.6508 4.1278 0.896 0.0146 0 0 0 0 0 0 0 0 0 0 0 0 0 0.3788 3.6022 3.3818 0.6302 0.007 0 0 0 0 0 0 0 0 0 0 0 0 0 0.242 2.344 2.8894 0.5218 0.0028 0 0 0 0 0 0 0 
0 0 0 0 0 0 0 0 0 0 0 0 0 0 0 0 0.0006 5.8366 7.6368 0.5244 0.0016 0 0 0 0 0 0 0 0 0 0 0 0 0 0.0878 5.3446 5.5852 0.9734 0.009 0 0 0 0 0 0 0 0 0 0 0 0 0.0016 0.2926 4.4396 4.46 0.7946 0.0116 0 0 0 0 0 0 0 0 0 0 0 0 0.0046 0.3482 3.4244 3.6476 0.5656 0.0096 0 0 0 0 0 0 0 0 0 0 0 0 0.0088 0.234 2.224 3.0018 0.5096 0.0218 0 0 0 0 0 0 0 
0 0 0 0 0 0 0 0 0 0 0 0 0 0 0 0 0 6.0152 7.3786 0.6052 0.001 0 0 0 0 0 0 0 0 0 0 0 0 0 0.067 5.5112 5.4172 1.0012 0.0034 0 0 0 0 0 0 0 0 0 0 0 0 0 0.2472 4.6184 4.3394 0.7906 0.0044 0 0 0 0 0 0 0 0 0 0 0 0 0.0018 0.3062 3.5474 3.5818 0.5552 0.0076 0 0 0 0 0 0 0 0 0 0 0 0 0.0014 0.2068 2.311 2.9864 0.4856 0.0088 0 0 0 0 0 0 0 
