0.03 0.09 0.15 0.21 0.27 0.33 0.39 0.45 0.51 0.57 0.63 0.69 0.75 0.81 0.87 0.93 0.99 1.05 1.11 1.17 1.23 1.29 1.35 1.41 1.47 1.53 1.59 1.65 1.71 1.77 1.83 1.89 1.95 2.01 2.07 2.13 2.19 2.25 2.31 2.37 2.43 2.49 2.55 2.61 2.67 2.73 2.79 2.85 2.91 2.97 3.03 3.09 3.15 3.21 3.27 3.33 3.39 3.45 3.51 3.57 3.63 3.69 3.75 3.81 3.87 3.93 3.99 4.05 4.11 4.17 4.23 4.29 4.35 4.41 4.47 4.53 4.59 4.65 4.71 4.77 4.83 4.89 4.95 5.01 5.07 5.13 5.19 5.25 5.31 5.37 5.43 5.49 5.55 5.61 5.67 5.73 5.79 5.85 5.91 5.97 
0 0 0 0 0 0 0 0 0 0 0 0 0 0 0 0 0.0008 0.122 1.5946 2.6068 1.8214 0.7382 0.247 0.0574 0.0108 0.0018 0 0 0 0 0 0 0 0 0 0.0064 0.1454 0.7352 1.3632 1.429 0.967 0.4824 0.2068 0.0544 0.0056 0.004 0.0012 0 0 0 0 0 0 0 0.0014 0.0668 0.3396 0.6276 0.7588 0.6912 0.5768 0.3408 0.1328 0.0458 0.0188 0 0 0 0 0 0 0 0 0 0.0078 0.062 0.2012 0.2692 0.2774 0.2742 0.2958 0.1788 0.123 0.0722 0.0252 0.0102 0.0032 0 0 0 0 0 0 0 0 0 0 0 0 0 
0 0 0 0 0 0 0 0 0 0 0 0 0 0 0 0 0.001 0.0864 1.2692 2.5414 2.1674 1.1186 0.5306 0.2042 0.0592 0.0156 0.0064 0 0 0 0 0 0 0 0 0.006 0.0782 0.4366 1.1022 1.4386 1.2756 0.8912 0.438 0.1918 0.0972 0.0372 0.0074 0 0 0 0 0 0 0.0014 0.0038 0.0184 0.0924 0.411 0.6212 0.8302 0.7782 0.5752 0.3384 0.177 0.084 0.041 0.0176 0.0102 0 0 0 0 0 0.0014 0.0054 0.0074 0.0492 0.1608 0.246 0.2732 0.3392 0.2606 0.2738 0.1802 0.0962 0.0396 0.0434 0.0236 0 0 0 0 0 0 0 0 0 0 0 0 
0 0 0 0 0 0 0 0 0 0 0 0 0 0 0 0 0 0.1102 1.3722 2.7132 2.096 1.0442 0.3792 0.1628 0.0862 0.0262 0.0034 0.0032 0.0032 0 0 0 0 0 0 0.0084 0.0856 0.5048 1.27 1.5752 1.2146 0.715 0.3166 0.2014 0.0636 0.0274 0.0096 0.0078 0 0 0 0 0 0 0.002 0.0294 0.155 0.4476 0.7834 0.8794 0.7096 0.4464 0.2444 0.1758 0.073 0.0422 0.0072 0.0046 0 0 0 0 0 0 0.002 0.0206 0.062 0.202 0.2834 0.3504 0.3322 0.2014 0.2118 0.154 0.0912 0.0568 0.0208 0.0062 0.004 0.0012 0 0 0 0 0 0 0 0 0 0 
0 0 0 0 0 0 0 0 0 0 0 0 0 0 0 0 0 0.1282 1.5452 2.613 1.984 0.9882 0.4524 0.1828 0.0728 0.0152 0.0148 0.0034 0 0 0 0 0 0 0 0.011 0.1264 0.6286 1.316 1.4316 1.154 0.6962 0.3738 0.173 0.061 0.0234 0.005 0 0 0 0 0 0 0.0012 0.0062 0.0392 0.1818 0.5102 0.842 0.7892 0.7024 0.433 0.24 0.1562 0.0666 0.0216 0.008 0.0024 0 0 0 0 0 0 0.004 0.0376 0.0832 0.1642 0.287 0.2948 0.3368 0.3248 0.1838 0.1674 0.0648 0.0238 0.0154 0.0024 0.0032 0.0048 0.002 0 0 0 0 0 0 0 0 0 
0 0 0 0 0 0 0 0 0 0 0 0 0 0 0 0 0 0.1206 1.4298 2.6574 2.0716 1.107 0.3946 0.1464 0.0508 0.016 0.0058 0 0 0 0 0 0 0 0 0.0038 0.129 0.63 1.155 1.5008 1.2646 0.7614 0.3226 0.1272 0.0634 0.0224 0.0198 0 0 0 0 0 0 0 0.004 0.0614 0.232 0.436 0.6722 0.9072 0.7632 0.4778 0.2232 0.1046 0.0572 0.0282 0.013 0.02 0 0 0 0 0 0.0008 0.012 0.0492 0.0852 0.1868 0.2922 0.305 0.2946 0.2914 0.204 0.1334 0.0536 0.0268 0.0174 0.0292 0.0156 0.0028 0 0 0 0 0 0 0 0 0 0 
0 0 0 0 0 0 0 0 0 0 0 0 0 0 0 0 0 0.1034 1.4508 2.8066 2.0022 0.9638 0.383 0.167 0.0952 0.0202 0.004 0.0038 0 0 0 0 0 0 0 0.002 0.0912 0.5234 1.298 1.6196 1.2448 0.711 0.266 0.1474 0.0606 0.022 0.0138 0.0002 0 0 0 0 0 0 0.001 0.0268 0.154 0.4206 0.8064 1.0068 0.7648 0.4004 0.201 0.106 0.0594 0.0404 0.0086 0.0038 0 0 0 0 0 0 0.0068 0.0272 0.0768 0.1664 0.3246 0.3254 0.314 0.3052 0.2044 0.1132 0.0612 0.0534 0.0182 0.0032 0 0 0 0 0 0 0 0 0 0 0 0 
0 0 0 0 0 0 0 0 0 0 0 0 0 0 0 0 0 0.1616 1.6382 2.9224 2.065 0.7762 0.2258 0.11 0.0766 0.0186 0.0056 0 0 0 0 0 0 0 0 0.008 0.1566 0.7278 1.4016 1.7244 1.0528 0.4722 0.2338 0.135 0.049 0.0332 0.0056 0 0 0 0 0 0 0 0.0164 0.0758 0.2448 0.5542 0.9736 0.8576 0.5938 0.3272 0.19 0.1068 0.03 0.0286 0.0012 0 0 0 0 0 0.0022 0.0042 0.0216 0.0484 0.106 0.2526 0.3356 0.4426 0.3432 0.1838 0.1122 0.0668 0.0344 0.0234 0.019 0.004 0 0 0 0 0 0 0 0 0 0 0 0 
0 0 0 0 0 0 0 0 0 0 0 0 0 0 0 0 0 0.1292 1.614 2.9658 2.0098 0.842 0.3086 0.0932 0.0344 0.003 0 0 0 0 0 0 0 0 0 0.007 0.1304 0.7096 1.5134 1.5386 1.1022 0.595 0.2878 0.0856 0.0202 0.0102 0 0 0 0 0 0 0 0 0.0068 0.0516 0.243 0.5952 0.8934 0.8882 0.6538 0.4162 0.156 0.0616 0.0286 0.0056 0 0 0 0 0 0 0 0.0016 0.0136 0.0424 0.0978 0.2312 0.3738 0.4396 0.3214 0.229 0.1248 0.0826 0.0408 0.0014 0 0 0 0 0 0 0 0 0 0 0 0 0 0 
0 0 0 0 0 0 0 0 0 0 0 0 0 0 0 0 0 0.1244 1.4852 2.7536 2.1378 0.9848 0.355 0.112 0.0448 0.0024 0 0 0 0 0 0 0 0 0 0.0064 0.0948 0.5872 1.37 1.558 1.136 0.6506 0.3568 0.1474 0.0706 0.019 0.0032 0 0 0 0 0 0 0 0.003 0.0362 0.1994 0.5196 0.7972 0.8336 0.7036 0.4542 0.236 0.1308 0.0634 0.0196 0.0034 0 0 0 0 0 0 0 0.0036 0.0252 0.1008 0.232 0.291 0.3872 0.3682 0.2348 0.1442 0.1304 0.0402 0.026 0.0078 0.0058 0.0028 0 0 0 0 0 0 0 0 0 0 0 
0 0 0 0 0 0 0 0 0 0 0 0 0 0 0 0 0 0.1154 1.4042 2.7524 2.174 1.0638 0.3068 0.1186 0.0392 0.005 0.0144 0.0062 0 0 0 0 0 0 0 0.0116 0.0984 0.557 1.3238 1.513 1.287 0.735 0.337 0.0764 0.0358 0.0172 0.0036 0.0042 0 0 0 0 0 0 0.0076 0.0286 0.1548 0.4404 0.8178 0.964 0.791 0.464 0.2024 0.069 0.0402 0.0102 0.0042 0.0058 0 0 0 0 0 0 0.0012 0.0066 0.0498 0.1654 0.3384 0.3824 0.4154 0.3198 0.1618 0.0876 0.0464 0.0148 0.0046 0.0026 0.0032 0 0 0 0 0 0 0 0 0 0 0 
0 0 0 0 0 0 0 0 0 0 0 0 0 0 0 0 0.0008 0.133 1.548 2.6028 1.9604 1.022 0.4588 0.1998 0.0626 0.0078 0.004 0 0 0 0 0 0 0 0 0.0062 0.1224 0.594 1.359 1.4804 1.0956 0.736 0.3528 0.1578 0.0682 0.0276 0 0 0 0 0 0 0 0 0.0078 0.038 0.175 0.52 0.7198 0.9006 0.7306 0.4612 0.2374 0.1236 0.0582 0.0278 0 0 0 0 0 0 0 0.004 0.0024 0.0104 0.053 0.1844 0.3234 0.38 0.316 0.27 0.2008 0.1368 0.0594 0.0258 0.0292 0.0044 0 0 0 0 0 0 0 0 0 0 0 0 
0 0 0 0 0 0 0 0 0 0 0 0 0 0 0 0 0 0.1134 1.524 2.6476 2.0212 1.0204 0.4096 0.1734 0.0732 0.0128 0.0044 0 0 0 0 0 0 0 0 0.0018 0.1164 0.6968 1.182 1.4298 1.2452 0.7396 0.3404 0.1556 0.0772 0.0152 0 0 0 0 0 0 0 0 0.0034 0.049 0.221 0.494 0.6482 0.8314 0.7512 0.5078 0.3378 0.1132 0.0348 0.0082 0 0 0 0 0 0 0 0.0022 0.0098 0.044 0.1008 0.1994 0.2494 0.2992 0.2794 0.254 0.2708 0.1612 0.0962 0.02 0.0136 0 0 0 0 0 0 0 0 0 0 0 0 0 
0 0 0 0 0 0 0 0 0 0 0 0 0 0 0 0 0 0.1226 1.5798 2.7702 2.0498 0.9788 0.3682 0.0846 0.0372 0.0088 0 0 0 0 0 0 0 0 0 0.006 0.1296 0.7252 1.4252 1.5518 1.168 0.6254 0.2496 0.086 0.0244 0.0088 0 0 0 0 0 0 0 0 0 0.0452 0.2404 0.5646 0.8896 0.9286 0.6714 0.4118 0.1798 0.0564 0.0122 0 0 0 0 0 0 0 0 0 0.0006 0.0396 0.1026 0.2118 0.3066 0.4042 0.3256 0.2794 0.1996 0.0892 0.03 0.0108 0 0 0 0 0 0 0 0 0 0 0 0 0 0 
0 0 0 0 0 0 0 0 0 0 0 0 0 0 0 0 0 0.1234 1.3322 2.8666 2.0506 1.0698 0.412 0.1326 0.0128 0 0 0 0 0 0 0 0 0 0 0.0116 0.1056 0.5516 1.1374 1.5314 1.3178 0.7332 0.3476 0.176 0.0682 0.0152 0.0044 0 0 0 0 0 0 0 0.0022 0.054 0.1796 0.3816 0.8162 0.8172 0.7198 0.56 0.2418 0.1034 0.0724 0.0298 0.0062 0.01 0.0054 0.0004 0 0 0 0 0.0032 0.033 0.071 0.168 0.327 0.3894 0.358 0.3 0.146 0.0936 0.0476 0.0212 0.0172 0.0116 0.0072 0.006 0 0 0 0 0 0 0 0 0 0 
0 0 0 0 0 0 0 0 0 0 0 0 0 0 0 0 0 0.0982 1.4474 2.7186 2.0442 1.0326 0.3498 0.1756 0.1054 0.0242 0.004 0 0 0 0 0 0 0 0 0.0016 0.0706 0.568 1.3066 1.613 1.1472 0.6284 0.3886 0.1834 0.06 0.018 0.0082 0.0064 0 0 0 0 0 0 0 0.0326 0.1324 0.4846 0.8388 0.8478 0.6734 0.4994 0.2872 0.1294 0.0438 0.0188 0.0034 0.003 0.0054 0 0 0 0 0 0 0.0136 0.0688 0.1654 0.2912 0.3124 0.3862 0.3168 0.1852 0.12 0.079 0.0386 0.0112 0.0056 0.003 0.003 0 0 0 0 0 0 0 0 0 0 
0 0 0 0 0 0 0 0 0 0 0 0 0 0 0 0 0 0.1138 1.4524 2.8084 2.0636 1.0128 0.354 0.1306 0.054 0.0078 0.0026 0 0 0 0 0 0 0 0 0.0022 0.1064 0.6542 1.3428 1.4694 1.1032 0.6928 0.3638 0.1736 0.0744 0.0172 0 0 0 0 0 0 0 0 0.0078 0.0418 0.2204 0.5362 0.8302 0.7676 0.6218 0.4046 0.3046 0.149 0.0804 0.0276 0.008 0 0 0 0 0 0 0.0032 0.017 0.0346 0.1088 0.2576 0.2898 0.269 0.2774 0.2982 0.197 0.1174 0.061 0.0294 0.0324 0.0072 0 0 0 0 0 0 0 0 0 0 0 0 
0 0 0 0 0 0 0 0 0 0 0 0 0 0 0 0 0 0.1294 1.4886 2.762 2.2298 1.0046 0.2618 0.0996 0.0202 0.004 0 0 0 0 0 0 0 0 0 0.0042 0.1392 0.5504 1.2962 1.6264 1.3134 0.6892 0.2602 0.078 0.0272 0.0124 0.0032 0 0 0 0 0 0 0 0.0024 0.0396 0.1918 0.5608 0.802 0.9066 0.7194 0.4072 0.2114 0.1216 0.0278 0.0094 0 0 0 0 0 0 0 0 0.0098 0.0224 0.0876 0.2306 0.3438 0.403 0.337 0.2618 0.1598 0.0884 0.0402 0.0122 0.0034 0 0 0 0 0 0 0 0 0 0 0 0 0 
0 0 0 0 0 0 0 0 0 0 0 0 0 0 0 0 0 0.1044 1.5486 2.734 2.1042 1.0186 0.3152 0.1378 0.035 0.0022 0 0 0 0 0 0 0 0 0 0 0.1222 0.639 1.2622 1.6468 1.1738 0.6308 0.3196 0.1346 0.0582 0.0128 0 0 0 0 0 0 0 0 0.003 0.049 0.2306 0.5286 0.8022 0.8232 0.6958 0.4392 0.2418 0.1158 0.0468 0.0134 0.0094 0.0012 0 0 0 0 0 0.0048 0.0062 0.049 0.1198 0.2142 0.3112 0.336 0.3196 0.2292 0.1828 0.0996 0.0574 0.034 0.0246 0.0066 0.0036 0.0014 0 0 0 0 0 0 0 0 0 0 
0 0 0 0 0 0 0 0 0 0 0 0 0 0 0 0 0 0.0942 1.485 2.8534 2.135 0.8314 0.3974 0.1112 0.0556 0.0212 0.0094 0.0036 0.0026 0 0 0 0 0 0 0.001 0.1088 0.6608 1.4532 1.4952 1.0886 0.6518 0.3336 0.1276 0.0516 0.0082 0.0128 0.0068 0 0 0 0 0 0 0.0028 0.0498 0.2452 0.5526 0.8168 0.7872 0.6646 0.4976 0.2078 0.1152 0.0294 0.0186 0.0124 0 0 0 0 0 0 0 0.0038 0.0338 0.1118 0.197 0.2538 0.3566 0.3678 0.2876 0.2158 0.0966 0.0394 0.0256 0.0104 0 0 0 0 0 0 0 0 0 0 0 0 0 
0 0 0 0 0 0 0 0 0 0 0 0 0 0 0 0 0 0.1492 1.6466 2.9352 2.095 0.7598 0.2596 0.0936 0.0362 0.011 0.0034 0.0048 0.0056 0 0 0 0 0 0 0.0064 0.1468 0.7326 1.4426 1.6134 1.0816 0.5274 0.261 0.1122 0.0552 0.006 0.0042 0.0092 0.0014 0 0 0 0 0.003 0.008 0.0598 0.2566 0.576 0.9186 0.8696 0.675 0.3104 0.1632 0.0736 0.0434 0.0312 0.0086 0.003 0 0 0 0 0 0.003 0.009 0.049 0.1676 0.2848 0.3074 0.3636 0.3334 0.2298 0.1042 0.083 0.0338 0.0182 0.0132 0 0 0 0 0 0 0 0 0 0 0 0 0 
0 0 0 0 0 0 0 0 0 0 0 0 0 0 0 0 0 0.1346 1.681 2.9106 1.9802 0.9098 0.3046 0.0664 0.0102 0.0026 0 0 0 0 0 0 0 0 0 0.004 0.1622 0.7502 1.5206 1.5582 1.128 0.5666 0.2008 0.0868 0.018 0.0046 0 0 0 0 0 0 0 0 0.0048 0.0588 0.2664 0.6462 0.8968 0.925 0.6588 0.3334 0.1316 0.043 0.0276 0.0034 0.0042 0 0 0 0 0 0 0 0.0088 0.049 0.1386 0.2432 0.3756 0.4084 0.338 0.2252 0.12 0.0652 0.0124 0.0042 0.0046 0.0068 0 0 0 0 0 0 0 0 0 0 0 0 
0 0 0 0 0 0 0 0 0 0 0 0 0 0 0 0 0 0.0984 1.4176 3.0036 1.9784 0.8934 0.4328 0.134 0.0298 0.012 0 0 0 0 0 0 0 0 0 0.0044 0.0808 0.572 1.4892 1.6378 1.1024 0.6496 0.2838 0.1264 0.042 0.0116 0 0 0 0 0 0 0 0 0.0036 0.0254 0.16 0.521 0.9428 0.8676 0.7634 0.405 0.1654 0.088 0.0432 0.0092 0.0054 0 0 0 0 0 0 0.0018 0.0038 0.0166 0.0648 0.205 0.3334 0.3658 0.3582 0.303 0.2236 0.0696 0.0304 0.0062 0.0048 0.0088 0.0042 0 0 0 0 0 0 0 0 0 0 0 
0 0 0 0 0 0 0 0 0 0 0 0 0 0 0 0 0.0006 0.1158 1.4206 2.714 2.0426 1.0632 0.4006 0.16 0.0614 0.018 0.0032 0 0 0 0 0 0 0 0 0.007 0.1044 0.5846 1.2444 1.566 1.1996 0.7374 0.2954 0.1318 0.092 0.0352 0.0022 0 0 0 0 0 0 0 0.004 0.0348 0.187 0.4866 0.794 0.8216 0.7452 0.445 0.23 0.1428 0.0722 0.0306 0.0062 0 0 0 0 0 0 0 0.0052 0.0278 0.0634 0.1762 0.3472 0.3288 0.339 0.2692 0.1564 0.127 0.0696 0.0448 0.0356 0.0098 0 0 0 0 0 0 0 0 0 0 0 0 
0 0 0 0 0 0 0 0 0 0 0 0 0 0 0 0 0 0.1116 1.6902 2.8284 1.8882 0.9992 0.3282 0.1072 0.0284 0.0148 0.0038 0 0 0 0 0 0 0 0 0.0062 0.1554 0.6964 1.386 1.5484 1.0826 0.6634 0.2736 0.119 0.0532 0.0108 0.005 0 0 0 0 0 0 0 0.0114 0.0742 0.2534 0.4812 0.9076 0.8874 0.6476 0.3632 0.1912 0.0932 0.0586 0.0258 0.0052 0 0 0 0 0 0 0.002 0.027 0.0524 0.1226 0.2246 0.356 0.338 0.2932 0.2224 0.1658 0.0894 0.0588 0.0372 0.0106 0 0 0 0 0 0 0 0 0 0 0 0 0 
0 0 0 0 0 0 0 0 0 0 0 0 0 0 0 0 0 0.1232 1.7364 2.8686 1.925 0.8676 0.345 0.0956 0.023 0.0072 0.0032 0.0052 0 0 0 0 0 0 0 0.007 0.1718 0.819 1.4526 1.4234 1.0748 0.581 0.2964 0.1286 0.0232 0.0122 0.0026 0.0074 0 0 0 0 0 0 0.0128 0.0842 0.3046 0.6082 0.8876 0.7722 0.5366 0.4062 0.2592 0.0934 0.0198 0.0022 0.0038 0.0032 0.006 0 0 0 0 0 0.0208 0.078 0.1756 0.2636 0.3308 0.3366 0.238 0.1972 0.1638 0.1098 0.0508 0.0184 0.0026 0.0028 0.0028 0.003 0.0054 0 0 0 0 0 0 0 0 0 
0 0 0 0 0 0 0 0 0 0 0 0 0 0 0 0 0 0.1172 1.3468 2.6744 2.0384 1.0168 0.509 0.1976 0.0716 0.0218 0.0064 0 0 0 0 0 0 0 0 0.0026 0.1132 0.5216 1.1968 1.4202 1.2038 0.7622 0.4278 0.2246 0.0974 0.0244 0.0054 0 0 0 0 0 0 0 0.006 0.0544 0.1878 0.4558 0.6352 0.7556 0.693 0.5122 0.3592 0.1984 0.0826 0.044 0.0138 0.002 0 0 0 0 0 0.0046 0.0232 0.0396 0.0948 0.1532 0.2606 0.2726 0.2884 0.2658 0.231 0.1464 0.0762 0.0586 0.041 0.0336 0.0052 0.0052 0 0 0 0 0 0 0 0 0 0 
0 0 0 0 0 0 0 0 0 0 0 0 0 0 0 0 0 0.068 1.3954 2.8514 2.2986 0.975 0.2906 0.0754 0.036 0.0024 0.003 0.0042 0 0 0 0 0 0 0 0.003 0.047 0.5042 1.2732 1.749 1.3392 0.684 0.2578 0.1 0.0334 0.0072 0.002 0 0 0 0 0 0 0 0.001 0.0198 0.1246 0.4224 0.8604 0.9954 0.7666 0.48 0.2324 0.0684 0.0194 0.0096 0 0 0 0 0 0 0 0 0.0024 0.0218 0.067 0.1506 0.3278 0.4282 0.4202 0.2838 0.1614 0.0898 0.0386 0.005 0.0034 0 0 0 0 0 0 0 0 0 0 0 0 0 
0 0 0 0 0 0 0 0 0 0 0 0 0 0 0 0 0 0.1152 1.5722 2.7712 1.9068 1.0262 0.4042 0.1674 0.0276 0.0066 0.0026 0 0 0 0 0 0 0 0 0.003 0.139 0.6874 1.3156 1.4514 1.1826 0.6758 0.3306 0.151 0.042 0.0142 0.0074 0 0 0 0 0 0 0 0.0024 0.0576 0.223 0.5486 0.8014 0.7788 0.7148 0.46 0.2148 0.124 0.049 0.0186 0.007 0 0 0 0 0 0 0.0018 0.0024 0.0554 0.1116 0.1926 0.295 0.3534 0.3228 0.2422 0.2024 0.1336 0.0388 0.0232 0.017 0.004 0.0038 0 0 0 0 0 0 0 0 0 0 0 
0 0 0 0 0 0 0 0 0 0 0 0 0 0 0 0 0 0.101 1.5206 2.6928 2.0666 0.9722 0.4208 0.1636 0.058 0.0044 0 0 0 0 0 0 0 0 0 0.007 0.1346 0.6218 1.2996 1.4652 1.1158 0.7308 0.3868 0.1794 0.0442 0.0148 0 0 0 0 0 0 0 0 0.0072 0.0436 0.2026 0.5192 0.7632 0.7996 0.6854 0.4938 0.2828 0.1462 0.0464 0.01 0 0 0 0 0 0 0 0 0.0132 0.0318 0.1154 0.1872 0.276 0.3174 0.3286 0.2728 0.2078 0.1166 0.088 0.035 0.0088 0.0014 0 0 0 0 0 0 0 0 0 0 0 0 
0 0 0 0 0 0 0 0 0 0 0 0 0 0 0 0 0 0.1014 1.4384 2.756 1.9834 1.02 0.4714 0.16 0.0592 0.0102 0 0 0 0 0 0 0 0 0 0.0078 0.0742 0.5896 1.2926 1.5332 1.2238 0.7716 0.3466 0.1108 0.0426 0.0072 0 0 0 0 0 0 0 0 0.0024 0.0314 0.1542 0.4338 0.804 0.8868 0.7834 0.5412 0.2706 0.0726 0.0168 0.0028 0 0 0 0 0 0 0 0 0.0054 0.0194 0.0462 0.1218 0.2822 0.319 0.4744 0.3506 0.2016 0.1288 0.0478 0.0028 0 0 0 0 0 0 0 0 0 0 0 0 0 0 
0 0 0 0 0 0 0 0 0 0 0 0 0 0 0 0 0.0008 0.1434 1.4534 2.696 2.0504 1.0368 0.4154 0.1502 0.0422 0.0042 0.0072 0 0 0 0 0 0 0 0 0.0104 0.1246 0.6116 1.2818 1.4722 1.17 0.7376 0.3532 0.1586 0.0644 0.0126 0.003 0 0 0 0 0 0 0 0.0038 0.0426 0.2024 0.4464 0.818 0.8882 0.7362 0.4134 0.2172 0.114 0.0692 0.0394 0.0092 0 0 0 0 0 0 0 0.005 0.0288 0.0698 0.182 0.327 0.3478 0.3626 0.2846 0.1832 0.093 0.0524 0.0424 0.0186 0.0028 0 0 0 0 0 0 0 0 0 0 0 0 
0 0 0 0 0 0 0 0 0 0 0 0 0 0 0 0 0.0002 0.1046 1.35 2.5806 2.1084 1.1724 0.4866 0.1276 0.034 0.028 0.0076 0 0 0 0 0 0 0 0 0.0036 0.1088 0.4758 1.1808 1.5078 1.3326 0.7852 0.3804 0.143 0.038 0.008 0.0186 0.0078 0.0096 0 0 0 0 0 0.0008 0.0298 0.1504 0.3596 0.7104 0.9734 0.7762 0.5122 0.2554 0.12 0.0562 0.031 0.0128 0.0086 0.0032 0 0 0 0 0 0 0.0204 0.06 0.108 0.2962 0.3666 0.375 0.3118 0.181 0.1364 0.0766 0.036 0.0092 0.0156 0.0058 0.0014 0 0 0 0 0 0 0 0 0 0 
0 0 0 0 0 0 0 0 0 0 0 0 0 0 0 0 0 0.1074 1.4662 2.6694 2.2196 1.094 0.319 0.1006 0.0164 0.0074 0 0 0 0 0 0 0 0 0 0.0028 0.1046 0.551 1.3102 1.5258 1.2722 0.755 0.3086 0.1126 0.041 0.012 0.0042 0 0 0 0 0 0 0 0 0.035 0.1892 0.4314 0.7762 0.932 0.768 0.4888 0.2184 0.1028 0.0518 0.0064 0 0 0 0 0 0 0 0 0.0056 0.0206 0.0982 0.1808 0.3222 0.3486 0.3712 0.3014 0.1664 0.094 0.0756 0.0154 0 0 0 0 0 0 0 0 0 0 0 0 0 0 
0 0 0 0 0 0 0 0 0 0 0 0 0 0 0 0 0 0.105 1.5146 2.9234 2.0784 0.9328 0.2692 0.1248 0.0362 0.0118 0.0038 0 0 0 0 0 0 0 0.0008 0.0078 0.0702 0.6166 1.47 1.554 1.1938 0.6738 0.2792 0.095 0.0262 0.0074 0.0052 0 0 0 0 0 0 0 0.0028 0.043 0.1986 0.5328 0.8578 0.895 0.7224 0.4024 0.2014 0.1064 0.024 0.0106 0.0028 0 0 0 0 0 0 0 0.0016 0.0262 0.1228 0.228 0.3044 0.4156 0.3102 0.2968 0.1266 0.0964 0.0348 0.0262 0.004 0.003 0.0034 0 0 0 0 0 0 0 0 0 0 0 
0 0 0 0 0 0 0 0 0 0 0 0 0 0 0 0 0 0.0982 1.1948 2.65 2.2366 1.1814 0.473 0.1224 0.0352 0.003 0.0054 0 0 0 0 0 0 0 0 0.0032 0.0816 0.4338 1.0952 1.4498 1.418 0.8726 0.4346 0.1524 0.026 0.0206 0.0078 0.0044 0 0 0 0 0 0 0.0038 0.0284 0.1138 0.3808 0.6362 0.8378 0.8394 0.5908 0.329 0.1664 0.0468 0.0166 0.0102 0 0 0 0 0 0 0 0 0.0138 0.0608 0.1378 0.2504 0.293 0.3546 0.3776 0.2372 0.165 0.0488 0.0452 0.0158 0 0 0 0 0 0 0 0 0 0 0 0 0 
0 0 0 0 0 0 0 0 0 0 0 0 0 0 0 0 0 0.0874 1.3092 2.5582 2.0678 1.1254 0.5062 0.235 0.0664 0.036 0.0084 0 0 0 0 0 0 0 0 0.0018 0.093 0.4762 1.0546 1.5236 1.2606 0.8376 0.3978 0.1972 0.1056 0.0488 0.0032 0 0 0 0 0 0 0 0.0014 0.0232 0.1412 0.3238 0.6546 0.8286 0.7894 0.624 0.3304 0.1408 0.1102 0.0298 0.0026 0 0 0 0 0 0 0 0.004 0.032 0.0618 0.1156 0.2206 0.2692 0.3514 0.3358 0.2118 0.1634 0.124 0.0566 0.0382 0.0156 0 0 0 0 0 0 0 0 0 0 0 0 
0 0 0 0 0 0 0 0 0 0 0 0 0 0 0 0 0 0.1316 1.5684 2.8364 1.911 0.9226 0.4198 0.1476 0.0564 0.003 0.0032 0 0 0 0 0 0 0 0 0.0082 0.123 0.656 1.4042 1.5766 1.1396 0.6252 0.291 0.1342 0.042 0 0 0 0 0 0 0 0 0.0006 0.0062 0.0362 0.2218 0.6112 0.7964 0.8934 0.6726 0.415 0.2094 0.0746 0.0592 0.0034 0 0 0 0 0 0 0 0 0.0018 0.0248 0.0956 0.1908 0.3454 0.3208 0.4156 0.2884 0.1618 0.074 0.063 0.009 0.009 0 0 0 0 0 0 0 0 0 0 0 0 0 
0 0 0 0 0 0 0 0 0 0 0 0 0 0 0 0 0 0.1322 1.638 2.7778 2.1078 0.9054 0.3216 0.0954 0.0176 0.0042 0 0 0 0 0 0 0 0 0 0.0036 0.1174 0.7052 1.5246 1.5988 1.1072 0.5524 0.2582 0.1052 0.0274 0 0 0 0 0 0 0 0 0 0.003 0.0376 0.2222 0.6222 1.0044 0.8766 0.5822 0.3412 0.1808 0.1144 0.0154 0 0 0 0 0 0 0 0 0 0.002 0.0182 0.099 0.2558 0.3568 0.4584 0.3184 0.2356 0.1452 0.0656 0.0416 0.0034 0 0 0 0 0 0 0 0 0 0 0 0 0 0 
0 0 0 0 0 0 0 0 0 0 0 0 0 0 0 0 0 0.1038 1.5018 2.7182 2.1722 0.9922 0.3294 0.1354 0.04 0.007 0 0 0 0 0 0 0 0 0 0.002 0.0922 0.528 1.4234 1.527 1.248 0.6198 0.3606 0.1046 0.0732 0.0208 0.0004 0 0 0 0 0 0 0 0.0022 0.0186 0.1918 0.4996 0.8034 0.9136 0.6824 0.4528 0.2198 0.145 0.0498 0.0098 0.0096 0.0016 0 0 0 0 0 0 0.0064 0.0222 0.1038 0.2112 0.2884 0.3936 0.357 0.2156 0.176 0.1266 0.0626 0.0284 0.0082 0 0 0 0 0 0 0 0 0 0 0 0 0 
0 0 0 0 0 0 0 0 0 0 0 0 0 0 0 0 0 0.097 1.3784 2.7466 2.0568 1.0684 0.4542 0.158 0.0314 0.0092 0 0 0 0 0 0 0 0 0 0.0042 0.0798 0.5388 1.2272 1.5414 1.1946 0.8198 0.3862 0.1506 0.0424 0.0126 0.0024 0 0 0 0 0 0 0 0.0008 0.039 0.1644 0.4546 0.731 0.8322 0.7294 0.5108 0.3266 0.1408 0.0512 0.011 0.0082 0 0 0 0 0 0 0 0.006 0.0418 0.0874 0.142 0.25 0.3432 0.3922 0.2628 0.1988 0.1416 0.082 0.0284 0.0212 0.0026 0 0 0 0 0 0 0 0 0 0 0 0 
0 0 0 0 0 0 0 0 0 0 0 0 0 0 0 0 0 0.1318 1.4466 2.8796 2.1098 0.9578 0.3394 0.0934 0.03 0.006 0.0056 0 0 0 0 0 0 0 0 0.0084 0.1384 0.5496 1.2822 1.6554 1.2532 0.7186 0.265 0.0886 0.029 0.0116 0 0 0 0 0 0 0 0 0.0104 0.0422 0.189 0.4804 0.778 0.8998 0.8266 0.4744 0.213 0.0664 0.0142 0.0026 0.003 0 0 0 0 0 0 0 0.0088 0.0362 0.0846 0.1902 0.3416 0.4222 0.3158 0.265 0.1876 0.0864 0.0294 0.0158 0.0094 0.0026 0.0044 0 0 0 0 0 0 0 0 0 0 0 
0 0 0 0 0 0 0 0 0 0 0 0 0 0 0 0 0 0.1142 1.5474 2.9994 1.938 0.9122 0.3454 0.1214 0.0202 0.0018 0 0 0 0 0 0 0 0 0 0.002 0.1186 0.5848 1.4428 1.6248 1.2136 0.5866 0.2898 0.1162 0.0184 0.0024 0 0 0 0 0 0 0 0 0.0034 0.041 0.2186 0.5452 0.8914 0.8904 0.6588 0.4226 0.2034 0.0894 0.0178 0.0172 0.0008 0 0 0 0 0 0 0 0.0062 0.0306 0.1286 0.2154 0.3606 0.3448 0.344 0.2552 0.2076 0.066 0.027 0.0112 0.0028 0 0 0 0 0 0 0 0 0 0 0 0 0 
0 0 0 0 0 0 0 0 0 0 0 0 0 0 0 0 0 0.1034 1.6156 2.949 2.0352 0.8656 0.3242 0.0798 0.0256 0.0016 0 0 0 0 0 0 0 0 0 0.012 0.1132 0.7244 1.5076 1.5056 1.1384 0.5802 0.2636 0.1166 0.0358 0.0026 0 0 0 0 0 0 0 0 0.0046 0.0616 0.3064 0.6236 0.8036 0.8458 0.6338 0.3614 0.191 0.1262 0.0374 0.0046 0 0 0 0 0 0 0 0 0.02 0.0668 0.1194 0.2398 0.3372 0.3856 0.3014 0.2292 0.137 0.0912 0.0602 0.0122 0 0 0 0 0 0 0 0 0 0 0 0 0 0 
0 0 0 0 0 0 0 0 0 0 0 0 0 0 0 0 0 0.1208 1.5678 2.8266 2.077 0.9456 0.3052 0.1048 0.0436 0.0086 0 0 0 0 0 0 0 0 0 0.007 0.1242 0.625 1.2834 1.5978 1.318 0.6382 0.245 0.1236 0.0326 0.0052 0 0 0 0 0 0 0 0 0.0052 0.055 0.1788 0.5132 0.809 0.9662 0.7312 0.409 0.2162 0.07 0.0406 0.0056 0 0 0 0 0 0 0 0 0.0072 0.027 0.1122 0.2266 0.3902 0.3516 0.2688 0.27 0.1914 0.0932 0.0432 0.0106 0.0068 0.0012 0 0 0 0 0 0 0 0 0 0 0 0 
0 0 0 0 0 0 0 0 0 0 0 0 0 0 0 0 0 0.1134 1.4578 2.7992 2.1206 0.9492 0.385 0.1334 0.0362 0.004 0.0012 0 0 0 0 0 0 0 0 0.0042 0.133 0.61 1.281 1.3772 1.1804 0.8 0.3832 0.1658 0.044 0.018 0.0032 0 0 0 0 0 0 0 0.0042 0.05 0.2676 0.5114 0.6448 0.707 0.7368 0.5212 0.3542 0.1398 0.0544 0.0086 0 0 0 0 0 0 0 0.0028 0.0104 0.053 0.1428 0.2102 0.213 0.273 0.3418 0.2888 0.2916 0.0942 0.054 0.0152 0.0092 0 0 0 0 0 0 0 0 0 0 0 0 0 
0 0 0 0 0 0 0 0 0 0 0 0 0 0 0 0 0 0.1134 1.487 2.7126 2.0066 1.03 0.4106 0.2016 0.0274 0.0108 0 0 0 0 0 0 0 0 0 0.004 0.1236 0.5958 1.302 1.4602 1.1616 0.6984 0.4138 0.1592 0.0594 0.0134 0.0042 0.0044 0 0 0 0 0 0 0.0028 0.0498 0.2118 0.4972 0.7304 0.819 0.7398 0.478 0.2178 0.1624 0.053 0.0184 0.0112 0.0034 0.005 0 0 0 0 0 0.0016 0.0322 0.094 0.1958 0.2738 0.3302 0.3642 0.2546 0.2218 0.1254 0.0446 0.0192 0.0216 0.021 0 0 0 0 0 0 0 0 0 0 0 0 
0 0 0 0 0 0 0 0 0 0 0 0 0 0 0 0 0.0002 0.0964 1.4368 2.7544 2.012 0.998 0.4434 0.1802 0.0474 0.0138 0.01 0.0074 0 0 0 0 0 0 0 0.0026 0.1076 0.5736 1.2356 1.4938 1.1524 0.7538 0.4024 0.1968 0.0388 0.0196 0.0146 0.005 0.0034 0 0 0 0 0 0.0016 0.032 0.2102 0.4948 0.71 0.816 0.727 0.4748 0.2552 0.1424 0.0598 0.0432 0.0106 0.0062 0.006 0.0036 0.0038 0.0028 0 0 0.0036 0.0242 0.1184 0.1894 0.2692 0.3098 0.3508 0.2772 0.2038 0.084 0.0686 0.0404 0.0196 0.011 0.0078 0.0074 0.0058 0.0026 0.0032 0.0032 0 0 0 0 0 0 
0 0 0 0 0 0 0 0 0 0 0 0 0 0 0 0 0.0008 0.1038 1.3288 2.9534 2.1378 0.8128 0.39 0.201 0.056 0.0116 0.004 0 0 0 0 0 0 0 0 0 0.095 0.4992 1.329 1.7216 1.1934 0.6634 0.2856 0.1484 0.0558 0.003 0.0042 0.0014 0 0 0 0 0 0 0.0064 0.0314 0.1458 0.4662 0.837 0.9478 0.7582 0.4116 0.2262 0.1076 0.0404 0.01 0.0088 0.0026 0 0 0 0 0 0 0.0062 0.0108 0.0604 0.1798 0.3656 0.389 0.326 0.2204 0.1984 0.1312 0.0506 0.0352 0.0128 0.0026 0.0026 0.0034 0.005 0 0 0 0 0 0 0 0 0 
0 0 0 0 0 0 0 0 0 0 0 0 0 0 0 0 0 0.1124 1.504 2.8528 2.1534 0.9774 0.3046 0.082 0.0134 0 0 0 0 0 0 0 0 0 0.001 0.0082 0.1152 0.5852 1.3522 1.6366 1.27 0.6634 0.231 0.1032 0.0184 0.0156 0 0 0 0 0 0 0 0 0.0086 0.054 0.2372 0.4964 0.775 0.901 0.7844 0.4476 0.1926 0.0734 0.0238 0.006 0 0 0 0 0 0 0 0.0018 0.0118 0.0414 0.1418 0.2 0.2768 0.3672 0.3698 0.2822 0.1796 0.0924 0.0206 0.0116 0.003 0 0 0 0 0 0 0 0 0 0 0 0 0 
0 0 0 0 0 0 0 0 0 0 0 0 0 0 0 0 0 0.1002 1.295 2.7082 2.2002 1.045 0.4122 0.1702 0.0608 0.0082 0 0 0 0 0 0 0 0 0 0.0026 0.1054 0.4776 1.1846 1.5262 1.2842 0.7316 0.379 0.2172 0.0676 0.0158 0.005 0.0032 0 0 0 0 0 0 0.0048 0.0334 0.13 0.4414 0.7226 0.922 0.7244 0.4474 0.2526 0.147 0.0926 0.0528 0.028 0.001 0 0 0 0 0 0.002 0.0056 0.0204 0.0688 0.1966 0.2056 0.388 0.3902 0.2586 0.158 0.1236 0.0768 0.0508 0.031 0.0178 0.0062 0 0 0 0 0 0 0 0 0 0 0 
0 0 0 0 0 0 0 0 0 0 0 0 0 0 0 0 0 0.1076 1.4182 2.6942 1.989 1.0856 0.4592 0.1628 0.0716 0.0118 0 0 0 0 0 0 0 0 0 0.0088 0.09 0.558 1.1878 1.3822 1.3178 0.7814 0.3812 0.184 0.0624 0.0302 0.0162 0 0 0 0 0 0 0.0024 0.003 0.0248 0.1882 0.402 0.7136 0.7892 0.7446 0.549 0.3686 0.1408 0.041 0.0328 0 0 0 0 0 0 0 0 0.0034 0.0146 0.0576 0.1442 0.2864 0.3416 0.3598 0.3136 0.2338 0.1466 0.0594 0.021 0.0096 0.0066 0.0018 0 0 0 0 0 0 0 0 0 0 0 
0 0 0 0 0 0 0 0 0 0 0 0 0 0 0 0 0.0008 0.1146 1.6446 2.785 2.0806 0.9058 0.3374 0.0834 0.0262 0.0116 0.0088 0.0012 0 0 0 0 0 0 0 0.006 0.1406 0.7136 1.3144 1.5732 1.2464 0.6148 0.2606 0.079 0.0392 0.0122 0 0 0 0 0 0 0 0 0.0092 0.0652 0.2262 0.5654 0.8454 0.8696 0.7128 0.3976 0.1916 0.0902 0.0244 0.0024 0 0 0 0 0 0 0 0.002 0.0188 0.0376 0.0936 0.237 0.3308 0.4076 0.3278 0.2436 0.1682 0.0762 0.0436 0.0092 0.004 0 0 0 0 0 0 0 0 0 0 0 0 0 
0 0 0 0 0 0 0 0 0 0 0 0 0 0 0 0 0 0.097 1.2938 2.6538 2.066 1.0566 0.4262 0.2348 0.1176 0.047 0.0072 0 0 0 0 0 0 0 0 0.0012 0.0716 0.4716 1.138 1.4834 1.2398 0.671 0.3846 0.267 0.124 0.068 0.0548 0.0192 0.0058 0 0 0 0 0 0.002 0.0354 0.1696 0.4426 0.62 0.7254 0.6754 0.49 0.3596 0.1706 0.1342 0.0944 0.0516 0.0132 0.013 0.003 0 0 0 0 0.0142 0.0412 0.0782 0.1786 0.22 0.3152 0.249 0.2372 0.1994 0.1466 0.1042 0.1176 0.0608 0.0252 0.0098 0.0028 0 0 0 0 0 0 0 0 0 0 
0 0 0 0 0 0 0 0 0 0 0 0 0 0 0 0 0 0.0948 1.2796 2.8734 2.1536 0.9962 0.3978 0.132 0.0556 0.0118 0.0052 0 0 0 0 0 0 0 0 0.0026 0.072 0.4958 1.2336 1.616 1.1702 0.778 0.3582 0.176 0.0576 0.0246 0.0154 0 0 0 0 0 0 0 0.0024 0.0322 0.1414 0.382 0.7604 0.8754 0.8084 0.4878 0.2804 0.1334 0.0594 0.0254 0.0092 0.0022 0 0 0 0 0 0 0 0.0266 0.075 0.1766 0.2834 0.3422 0.3278 0.338 0.2006 0.0948 0.0786 0.0356 0.0202 0.0006 0 0 0 0 0 0 0 0 0 0 0 0 
0 0 0 0 0 0 0 0 0 0 0 0 0 0 0 0 0 0.069 1.2472 2.7858 2.218 1.0664 0.4268 0.1278 0.0482 0.0108 0 0 0 0 0 0 0 0 0 0.0052 0.0784 0.454 1.1874 1.5162 1.3192 0.7626 0.402 0.1882 0.0664 0.013 0.0074 0 0 0 0 0 0 0 0.0074 0.0388 0.1562 0.3874 0.682 0.8672 0.7022 0.5486 0.3728 0.146 0.0512 0.0326 0.0046 0.003 0 0 0 0 0 0.0026 0.0158 0.0228 0.0634 0.156 0.224 0.3952 0.3578 0.3036 0.1828 0.1142 0.0572 0.0466 0.0346 0.0128 0.0092 0.0014 0 0 0 0 0 0 0 0 0 0 
0 0 0 0 0 0 0 0 0 0 0 0 0 0 0 0 0 0.1 1.6498 3.0196 1.8838 0.7334 0.38 0.1424 0.0738 0.0172 0 0 0 0 0 0 0 0 0 0.003 0.1078 0.6994 1.4926 1.5624 1.0746 0.5994 0.2504 0.1132 0.072 0.021 0.0042 0 0 0 0 0 0 0 0.0012 0.0398 0.2542 0.6408 0.8156 0.8896 0.6204 0.3488 0.197 0.1248 0.0444 0.0204 0.003 0 0 0 0 0 0 0 0.0094 0.0552 0.1504 0.2332 0.311 0.3458 0.3452 0.192 0.1502 0.1184 0.0398 0.0176 0.0252 0.0066 0 0 0 0 0 0 0 0 0 0 0 0 
0 0 0 0 0 0 0 0 0 0 0 0 0 0 0 0 0.0006 0.1106 1.5962 2.9486 1.8774 0.9202 0.3962 0.1262 0.023 0.001 0 0 0 0 0 0 0 0 0 0.0086 0.1254 0.6536 1.3852 1.6064 1.1418 0.6528 0.288 0.1142 0.0222 0.0018 0 0 0 0 0 0 0 0 0.0142 0.0694 0.1888 0.505 0.8544 0.9628 0.6948 0.4034 0.2004 0.0836 0.0208 0.0024 0 0 0 0 0 0 0 0.006 0.0174 0.0484 0.0924 0.1556 0.3212 0.4186 0.3662 0.3034 0.161 0.0672 0.037 0.0056 0 0 0 0 0 0 0 0 0 0 0 0 0 0 
0 0 0 0 0 0 0 0 0 0 0 0 0 0 0 0 0 0.1282 1.4484 2.9586 2.1502 0.8902 0.3264 0.092 0.006 0 0 0 0 0 0 0 0 0 0 0.0008 0.1094 0.5714 1.4068 1.7008 1.2406 0.642 0.2424 0.0612 0.022 0.0026 0 0 0 0 0 0 0 0 0.0022 0.0316 0.19 0.5112 0.886 0.9562 0.7786 0.4258 0.1514 0.0644 0.0026 0 0 0 0 0 0 0 0 0 0.0038 0.0248 0.0918 0.2088 0.3356 0.3944 0.4426 0.324 0.0926 0.0366 0.0364 0.0086 0 0 0 0 0 0 0 0 0 0 0 0 0 0 
0 0 0 0 0 0 0 0 0 0 0 0 0 0 0 0 0 0.1022 1.3894 2.6572 2.1098 1.225 0.4054 0.0856 0.0208 0.0046 0 0 0 0 0 0 0 0 0 0.0048 0.0848 0.4724 1.206 1.5896 1.3334 0.8164 0.312 0.1456 0.027 0.008 0 0 0 0 0 0 0 0 0 0.0342 0.1362 0.3914 0.7464 0.928 0.8202 0.5346 0.2632 0.1096 0.0288 0.0036 0.0038 0 0 0 0 0 0 0 0.0042 0.0126 0.0756 0.1276 0.3072 0.355 0.4262 0.3314 0.1512 0.119 0.0488 0.0236 0.007 0.0062 0.0044 0 0 0 0 0 0 0 0 0 0 0 
0 0 0 0 0 0 0 0 0 0 0 0 0 0 0 0 0 0.087 1.5042 3.0184 2.1562 0.849 0.2546 0.094 0.0212 0.0058 0.0024 0.0072 0 0 0 0 0 0 0 0.0038 0.1168 0.6252 1.4194 1.7096 1.2396 0.5232 0.2238 0.0988 0.0218 0.0074 0.0042 0.0038 0.0026 0 0 0 0 0 0.0052 0.0212 0.2064 0.5652 0.9242 1.0022 0.6708 0.3232 0.1374 0.0818 0.0454 0.009 0.0032 0.0048 0 0 0 0 0 0 0.0052 0.0256 0.1108 0.24 0.4108 0.3822 0.3236 0.2282 0.1336 0.0746 0.025 0.0246 0.011 0.0038 0.001 0 0 0 0 0 0 0 0 0 0 0 
0 0 0 0 0 0 0 0 0 0 0 0 0 0 0 0 0.001 0.0944 1.468 2.6558 2.0606 1.0708 0.441 0.153 0.0384 0.017 0 0 0 0 0 0 0 0 0 0.001 0.0974 0.5304 1.2766 1.5866 1.2626 0.7706 0.334 0.1034 0.03 0.0074 0 0 0 0 0 0 0 0 0 0.0452 0.1402 0.4478 0.7798 0.8936 0.8116 0.551 0.2424 0.0718 0.0066 0.003 0.007 0 0 0 0 0 0 0 0.0074 0.015 0.0728 0.1318 0.264 0.3446 0.4652 0.3266 0.164 0.1018 0.065 0.0246 0.007 0.0102 0 0 0 0 0 0 0 0 0 0 0 0 
0 0 0 0 0 0 0 0 0 0 0 0 0 0 0 0 0 0.1062 1.5356 2.941 2.0998 0.896 0.3362 0.0736 0.0094 0.0022 0 0 0 0 0 0 0 0 0 0.0008 0.1188 0.6 1.45 1.6266 1.2274 0.6198 0.2612 0.0842 0.0102 0.001 0 0 0 0 0 0 0 0 0.0036 0.0334 0.1858 0.61 0.9588 0.8706 0.6542 0.3822 0.196 0.0688 0.0236 0.0106 0.0024 0 0 0 0 0 0 0 0.0012 0.027 0.109 0.2296 0.385 0.4016 0.356 0.2166 0.151 0.075 0.0376 0.0104 0 0 0 0 0 0 0 0 0 0 0 0 0 0 
0 0 0 0 0 0 0 0 0 0 0 0 0 0 0 0 0.0006 0.1018 1.471 2.8052 2.044 1.0366 0.3756 0.1242 0.0318 0.0066 0.0026 0 0 0 0 0 0 0 0 0.0016 0.1002 0.5812 1.3652 1.5058 1.2294 0.7072 0.3256 0.113 0.0446 0.015 0.0096 0.0016 0 0 0 0 0 0 0 0.03 0.2126 0.457 0.786 0.912 0.7368 0.4682 0.2554 0.0942 0.031 0.01 0.0068 0 0 0 0 0 0 0 0.01 0.0376 0.0712 0.1488 0.3262 0.402 0.3922 0.2506 0.1538 0.1212 0.0566 0.016 0.0056 0.003 0.0052 0 0 0 0 0 0 0 0 0 0 0 
0 0 0 0 0 0 0 0 0 0 0 0 0 0 0 0 0 0.1122 1.4828 2.7764 2.0188 1.0176 0.423 0.1382 0.0266 0.0044 0 0 0 0 0 0 0 0 0 0.0092 0.1118 0.6216 1.2994 1.622 1.1982 0.6708 0.3094 0.1026 0.0452 0.006 0.0038 0 0 0 0 0 0 0 0.0018 0.053 0.2254 0.453 0.7532 1.0302 0.6906 0.4454 0.2264 0.0796 0.0374 0.004 0 0 0 0 0 0 0 0 0.0128 0.0244 0.0972 0.2044 0.2918 0.3584 0.3034 0.283 0.1862 0.1498 0.0658 0.0202 0.0026 0 0 0 0 0 0 0 0 0 0 0 0 0 
0 0 0 0 0 0 0 0 0 0 0 0 0 0 0 0 0 0.0868 1.4266 2.9142 2.0686 0.9552 0.3358 0.1532 0.0276 0.0246 0.0074 0 0 0 0 0 0 0 0 0.0068 0.0932 0.5438 1.2876 1.6592 1.23 0.6624 0.3268 0.1314 0.0358 0.0138 0.0052 0.004 0 0 0 0 0 0 0 0.04 0.16 0.4894 0.7478 0.961 0.7432 0.5004 0.2268 0.0722 0.0166 0.0186 0.0122 0.0058 0.003 0.003 0 0 0 0 0.0036 0.0194 0.0854 0.179 0.2728 0.3826 0.3778 0.3426 0.1928 0.0928 0.015 0.016 0.0078 0.0074 0.005 0 0 0 0 0 0 0 0 0 0 0 
0 0 0 0 0 0 0 0 0 0 0 0 0 0 0 0 0 0.1186 1.623 2.6404 1.9148 0.9686 0.3962 0.1852 0.0862 0.0388 0.0238 0.0044 0 0 0 0 0 0 0 0.0068 0.1498 0.6526 1.2714 1.503 1.1342 0.6806 0.2898 0.1396 0.0878 0.0554 0.021 0.008 0 0 0 0 0 0 0.0032 0.0824 0.2102 0.5098 0.7408 0.864 0.6614 0.3862 0.2464 0.1334 0.084 0.0656 0.0126 0 0 0 0 0 0 0.0006 0.0026 0.04 0.1272 0.1922 0.28 0.329 0.3012 0.2106 0.1734 0.1092 0.1228 0.0568 0.0382 0.016 0.0002 0 0 0 0 0 0 0 0 0 0 0 
0 0 0 0 0 0 0 0 0 0 0 0 0 0 0 0 0.0004 0.1044 1.4922 2.7128 2.0656 1.0038 0.423 0.1458 0.0332 0.0188 0 0 0 0 0 0 0 0 0 0.0032 0.0992 0.6754 1.2808 1.5062 1.1406 0.7274 0.3472 0.1456 0.0532 0.0212 0 0 0 0 0 0 0 0 0 0.0404 0.2638 0.5164 0.65 0.8656 0.7458 0.4558 0.2732 0.1152 0.0426 0.0268 0.0044 0 0 0 0 0 0 0 0.0014 0.0452 0.1266 0.2106 0.217 0.3108 0.3432 0.2984 0.1916 0.1422 0.0684 0.0304 0.0082 0.005 0.001 0 0 0 0 0 0 0 0 0 0 0 
0 0 0 0 0 0 0 0 0 0 0 0 0 0 0 0 0 0.1118 1.5826 2.9072 2.0016 0.9508 0.2984 0.1038 0.035 0.0088 0 0 0 0 0 0 0 0 0 0.005 0.1214 0.7342 1.3584 1.5238 1.1998 0.652 0.2662 0.0976 0.0274 0.0142 0 0 0 0 0 0 0 0 0.0018 0.0346 0.299 0.5982 0.7758 0.8508 0.6718 0.4378 0.1866 0.1086 0.0304 0.0046 0 0 0 0 0 0 0 0 0.0072 0.0438 0.1494 0.236 0.3032 0.3698 0.348 0.2284 0.135 0.094 0.0488 0.0316 0.0048 0 0 0 0 0 0 0 0 0 0 0 0 0 
0 0 0 0 0 0 0 0 0 0 0 0 0 0 0 0 0.0006 0.128 1.6196 2.8094 2.0454 0.8836 0.3342 0.1272 0.0308 0.0152 0.006 0 0 0 0 0 0 0 0.0004 0.0126 0.1174 0.6608 1.4294 1.65 1.1414 0.5472 0.2622 0.1134 0.0428 0.0096 0.0106 0.0022 0 0 0 0 0 0 0.0046 0.0528 0.2254 0.5232 0.9488 0.9296 0.6334 0.3308 0.1954 0.0884 0.045 0.0176 0.005 0 0 0 0 0 0 0 0.0122 0.0488 0.0834 0.2076 0.3858 0.42 0.322 0.219 0.1382 0.0568 0.0342 0.0378 0.0296 0.0046 0 0 0 0 0 0 0 0 0 0 0 0 
0 0 0 0 0 0 0 0 0 0 0 0 0 0 0 0 0.0002 0.1202 1.6314 3.025 1.9522 0.848 0.2868 0.1076 0.0286 0 0 0 0 0 0 0 0 0 0 0.0042 0.1308 0.7624 1.5222 1.469 1.1482 0.5288 0.2762 0.1154 0.0298 0.0098 0.0032 0 0 0 0 0 0 0 0.0068 0.0746 0.2488 0.6598 0.9408 0.755 0.6062 0.3354 0.2474 0.0866 0.0198 0.0092 0.0044 0.0052 0 0 0 0 0 0.0016 0.0134 0.0596 0.1156 0.2938 0.3858 0.3828 0.2524 0.1976 0.129 0.092 0.0462 0.0134 0.0168 0 0 0 0 0 0 0 0 0 0 0 0 0 
0 0 0 0 0 0 0 0 0 0 0 0 0 0 0 0 0 0.093 1.4828 2.9472 2.1238 0.9924 0.2928 0.0614 0.0066 0 0 0 0 0 0 0 0 0 0 0 0.1192 0.6066 1.2956 1.6356 1.2592 0.7084 0.3024 0.063 0.0096 0.0004 0 0 0 0 0 0 0 0 0.004 0.0608 0.172 0.52 0.8068 0.94 0.7558 0.424 0.218 0.0778 0.0182 0.0026 0 0 0 0 0 0 0 0 0.0028 0.0362 0.1228 0.2116 0.3556 0.3606 0.3506 0.2822 0.1702 0.0778 0.0192 0.009 0.0014 0 0 0 0 0 0 0 0 0 0 0 0 0 
0 0 0 0 0 0 0 0 0 0 0 0 0 0 0 0 0 0.0812 1.3012 2.5216 2.0154 1.1712 0.5152 0.2116 0.0828 0.0352 0.0414 0.0172 0.006 0 0 0 0 0 0 0.004 0.0936 0.4962 1.0442 1.3676 1.2122 0.8428 0.492 0.2226 0.1024 0.0546 0.0506 0.0172 0 0 0 0 0 0 0.0036 0.0306 0.135 0.3444 0.6022 0.7468 0.8012 0.566 0.3422 0.1802 0.121 0.0656 0.042 0.0136 0.0056 0 0 0 0 0 0 0.0126 0.052 0.1232 0.1932 0.2862 0.3866 0.256 0.2374 0.1856 0.092 0.0756 0.0494 0.0342 0.013 0.003 0 0 0 0 0 0 0 0 0 0 
0 0 0 0 0 0 0 0 0 0 0 0 0 0 0 0 0 0.083 1.2962 2.513 2.2736 1.1848 0.4652 0.1562 0.0194 0.0086 0 0 0 0 0 0 0 0 0 0.0052 0.1064 0.5036 0.9966 1.3646 1.4252 0.9074 0.4666 0.1632 0.0536 0.0076 0 0 0 0 0 0 0 0 0.0044 0.0502 0.186 0.3682 0.5898 0.7658 0.7012 0.667 0.4048 0.1914 0.061 0.0096 0.0006 0 0 0 0 0 0 0 0.0102 0.0286 0.0736 0.1794 0.2028 0.2476 0.2962 0.3632 0.3022 0.167 0.0804 0.028 0.0208 0 0 0 0 0 0 0 0 0 0 0 0 0 
0 0 0 0 0 0 0 0 0 0 0 0 0 0 0 0 0.0008 0.1004 1.3658 2.6698 2.132 1.0424 0.4626 0.1534 0.0664 0.0064 0 0 0 0 0 0 0 0 0 0.0028 0.0988 0.5214 1.2896 1.4936 1.1964 0.8078 0.3502 0.1474 0.0642 0.0222 0.0056 0 0 0 0 0 0 0 0.0026 0.0248 0.1476 0.4222 0.7374 0.8872 0.8146 0.539 0.2598 0.0842 0.0554 0.0186 0.005 0.0016 0 0 0 0 0 0 0.0004 0.0234 0.0534 0.1438 0.2566 0.3238 0.4168 0.3626 0.1816 0.1204 0.0726 0.0248 0.0132 0.0066 0 0 0 0 0 0 0 0 0 0 0 0 
0 0 0 0 0 0 0 0 0 0 0 0 0 0 0 0 0 0.0908 1.23 2.6108 2.1944 1.2112 0.4646 0.1386 0.0558 0.0038 0 0 0 0 0 0 0 0 0 0.001 0.0718 0.4318 1.1072 1.503 1.266 0.8504 0.495 0.1792 0.0732 0.015 0.0064 0 0 0 0 0 0 0 0 0.0248 0.081 0.3648 0.702 0.8732 0.7198 0.5978 0.382 0.1478 0.063 0.0322 0.011 0.0006 0 0 0 0 0 0 0 0.0258 0.0392 0.1078 0.256 0.347 0.3524 0.3466 0.2508 0.152 0.0644 0.0236 0.02 0.0104 0.004 0 0 0 0 0 0 0 0 0 0 0 
0 0 0 0 0 0 0 0 0 0 0 0 0 0 0 0 0 0.1126 1.4688 2.6946 2.196 0.9836 0.384 0.1354 0.0196 0.0054 0 0 0 0 0 0 0 0 0 0.0062 0.1006 0.6002 1.265 1.5986 1.2218 0.6762 0.339 0.1582 0.0244 0.006 0.0038 0 0 0 0 0 0 0 0.001 0.0388 0.1974 0.4486 0.8234 0.9856 0.626 0.4316 0.2628 0.1142 0.0442 0.0102 0.0162 0 0 0 0 0 0 0.0018 0.0046 0.0264 0.0844 0.2084 0.32 0.3684 0.318 0.2858 0.1736 0.1006 0.0682 0.0254 0.0084 0.006 0 0 0 0 0 0 0 0 0 0 0 0 
0 0 0 0 0 0 0 0 0 0 0 0 0 0 0 0 0 0.1118 1.6652 3.0062 2.0802 0.7778 0.2694 0.0704 0.019 0 0 0 0 0 0 0 0 0 0.0008 0.0036 0.1218 0.6438 1.592 1.724 1.0982 0.5408 0.1808 0.062 0.0322 0 0 0 0 0 0 0 0 0 0.0022 0.0548 0.2146 0.6626 0.98 0.928 0.584 0.3444 0.1656 0.0576 0.0062 0 0 0 0 0 0 0 0 0 0.011 0.044 0.1538 0.3076 0.39 0.3472 0.3238 0.2322 0.0748 0.041 0.0372 0.024 0.012 0.0014 0 0 0 0 0 0 0 0 0 0 0 0 
0 0 0 0 0 0 0 0 0 0 0 0 0 0 0 0 0 0.0934 1.527 2.8666 2.0454 0.9254 0.3584 0.144 0.0398 0 0 0 0 0 0 0 0 0 0 0 0.11 0.637 1.3382 1.4664 1.2696 0.7056 0.31 0.111 0.043 0.0092 0 0 0 0 0 0 0 0 0.0012 0.0416 0.2168 0.4978 0.8752 0.8512 0.6618 0.4368 0.2356 0.1144 0.0426 0.021 0.004 0 0 0 0 0 0 0 0.0042 0.02 0.0942 0.2508 0.305 0.3438 0.3832 0.2876 0.1444 0.077 0.038 0.039 0.0128 0 0 0 0 0 0 0 0 0 0 0 0 0 
0 0 0 0 0 0 0 0 0 0 0 0 0 0 0 0 0 0.1112 1.4092 2.6638 2.1696 1.0336 0.3852 0.1194 0.0636 0.036 0.0046 0.0038 0 0 0 0 0 0 0 0.006 0.1264 0.5952 1.1996 1.4872 1.1732 0.7368 0.3806 0.1482 0.1022 0.0332 0.0052 0.0062 0 0 0 0 0 0 0 0.0414 0.224 0.5212 0.6768 0.7682 0.7332 0.4944 0.2348 0.1562 0.0678 0.0464 0.0208 0.0094 0.0054 0 0 0 0 0 0.0014 0.0354 0.0816 0.1892 0.2864 0.331 0.327 0.2988 0.17 0.1466 0.052 0.042 0.0158 0.0082 0.0096 0.005 0 0 0 0 0 0 0 0 0 0 
0 0 0 0 0 0 0 0 0 0 0 0 0 0 0 0 0 0.0854 1.491 2.9542 1.8796 1.0314 0.4242 0.1076 0.0228 0.0038 0 0 0 0 0 0 0 0 0 0.0008 0.0722 0.622 1.3896 1.6958 1.1192 0.7022 0.3066 0.0848 0.0068 0 0 0 0 0 0 0 0 0 0 0.0128 0.1632 0.5564 0.8706 1.0274 0.6574 0.4274 0.1978 0.08 0.007 0 0 0 0 0 0 0 0 0 0 0.0048 0.0682 0.188 0.3968 0.3884 0.3568 0.2412 0.2114 0.1116 0.0316 0.0012 0 0 0 0 0 0 0 0 0 0 0 0 0 0 
0 0 0 0 0 0 0 0 0 0 0 0 0 0 0 0 0 0.0744 1.3426 2.793 2.1002 0.9842 0.4214 0.1806 0.0406 0.0378 0.0252 0 0 0 0 0 0 0 0 0.0012 0.0732 0.4598 1.2152 1.649 1.2168 0.7194 0.3736 0.187 0.064 0.024 0.0122 0.0046 0 0 0 0 0 0 0 0.0148 0.144 0.371 0.7658 0.894 0.7792 0.5316 0.2596 0.126 0.0662 0.0364 0.0092 0.0022 0 0 0 0 0 0 0.0006 0.023 0.0606 0.1874 0.2298 0.3318 0.343 0.3144 0.2044 0.1524 0.0946 0.035 0.0172 0.0058 0 0 0 0 0 0 0 0 0 0 0 0 
0 0 0 0 0 0 0 0 0 0 0 0 0 0 0 0 0 0.0976 1.5074 2.8772 2.084 1.0478 0.3044 0.0706 0.011 0 0 0 0 0 0 0 0 0 0 0.004 0.1268 0.5424 1.4184 1.6888 1.252 0.6532 0.2218 0.0502 0.0412 0.0012 0 0 0 0 0 0 0 0 0.0036 0.0392 0.192 0.5034 0.9042 0.9404 0.7836 0.3822 0.1776 0.0602 0.0116 0.002 0 0 0 0 0 0 0 0.0046 0.0072 0.0222 0.115 0.1766 0.3076 0.4256 0.3828 0.3074 0.152 0.0664 0.0216 0.0082 0.0028 0 0 0 0 0 0 0 0 0 0 0 0 0 
0 0 0 0 0 0 0 0 0 0 0 0 0 0 0 0 0 0.1172 1.4992 2.6612 2.006 1.0106 0.4446 0.1508 0.0628 0.0284 0.0174 0.0018 0 0 0 0 0 0 0 0.007 0.0862 0.5302 1.364 1.5118 1.2098 0.7256 0.3286 0.1406 0.0586 0.0264 0.0112 0 0 0 0 0 0 0 0.005 0.0444 0.1646 0.4362 0.8408 0.862 0.6986 0.4564 0.2454 0.1568 0.0584 0.0262 0.0052 0 0 0 0 0 0 0 0.0046 0.0268 0.064 0.2268 0.285 0.3018 0.312 0.294 0.1796 0.1366 0.1096 0.0482 0.011 0 0 0 0 0 0 0 0 0 0 0 0 0 
0 0 0 0 0 0 0 0 0 0 0 0 0 0 0 0 0 0.0992 1.4644 2.8602 2.085 0.9802 0.344 0.1378 0.0252 0.004 0 0 0 0 0 0 0 0 0 0.0014 0.1056 0.597 1.3402 1.6182 1.235 0.6208 0.3104 0.1146 0.0496 0.0072 0 0 0 0 0 0 0 0 0 0.0392 0.2122 0.4888 0.8336 0.8972 0.7074 0.4634 0.2164 0.1044 0.031 0.0038 0.0026 0 0 0 0 0 0 0 0.013 0.0458 0.0942 0.2156 0.3236 0.3354 0.326 0.2536 0.179 0.0998 0.0624 0.035 0.0132 0.0034 0 0 0 0 0 0 0 0 0 0 0 0 
0 0 0 0 0 0 0 0 0 0 0 0 0 0 0 0 0.0008 0.0838 1.2706 2.8968 2.1228 0.9158 0.4148 0.1776 0.0796 0.0342 0.0032 0 0 0 0 0 0 0 0 0.0028 0.0552 0.4828 1.2566 1.5812 1.2286 0.7152 0.3798 0.1912 0.071 0.0316 0.004 0 0 0 0 0 0 0 0 0.02 0.146 0.4114 0.7168 0.8792 0.75 0.5114 0.3062 0.1952 0.0516 0.008 0.0042 0 0 0 0 0 0 0 0.0024 0.0194 0.0594 0.1344 0.2698 0.3408 0.3614 0.3074 0.245 0.1674 0.0648 0.01 0.0048 0.0088 0.0042 0 0 0 0 0 0 0 0 0 0 0 
0 0 0 0 0 0 0 0 0 0 0 0 0 0 0 0 0.0006 0.132 1.5494 2.7152 1.9274 0.9512 0.4242 0.1472 0.1114 0.0302 0.006 0.0038 0.0014 0 0 0 0 0 0 0.005 0.129 0.6148 1.3676 1.4986 1.0778 0.7046 0.3434 0.166 0.0544 0.0218 0.012 0.005 0 0 0 0 0 0 0.0016 0.043 0.209 0.4978 0.782 0.821 0.7454 0.4828 0.2356 0.1044 0.041 0.0214 0.013 0.002 0 0 0 0 0 0 0.002 0.0344 0.0744 0.2202 0.239 0.3028 0.361 0.2964 0.2364 0.12 0.0688 0.0278 0.0168 0 0 0 0 0 0 0 0 0 0 0 0 0 
0 0 0 0 0 0 0 0 0 0 0 0 0 0 0 0 0 0.1118 1.488 2.8132 2.133 0.9574 0.3538 0.13 0.0128 0 0 0 0 0 0 0 0 0 0 0.0088 0.0862 0.624 1.3528 1.5242 1.2022 0.6814 0.3768 0.1134 0.0302 0 0 0 0 0 0 0 0 0 0.004 0.0418 0.213 0.545 0.8002 0.8612 0.6214 0.4922 0.244 0.1244 0.0352 0.0138 0.0038 0 0 0 0 0 0 0.002 0.0038 0.05 0.0896 0.22 0.3146 0.4034 0.3178 0.2332 0.1638 0.113 0.0438 0.0226 0.0084 0.0112 0.0028 0 0 0 0 0 0 0 0 0 0 0 
0 0 0 0 0 0 0 0 0 0 0 0 0 0 0 0 0 0.1424 1.6006 2.952 2.0716 0.817 0.2802 0.0948 0.0222 0.0116 0.0038 0.0038 0 0 0 0 0 0 0.001 0.006 0.1346 0.6944 1.5136 1.6144 1.1268 0.5434 0.2692 0.0624 0.0192 0.0086 0.0064 0 0 0 0 0 0 0 0.0062 0.0524 0.2154 0.6194 0.9364 0.903 0.6908 0.351 0.1422 0.0504 0.0162 0.011 0.0056 0 0 0 0 0 0 0 0.0068 0.0432 0.1356 0.2408 0.3714 0.3692 0.3168 0.2814 0.1614 0.0354 0.0116 0.011 0.0112 0.0042 0 0 0 0 0 0 0 0 0 0 0 0 
0 0 0 0 0 0 0 0 0 0 0 0 0 0 0 0 0 0.1026 1.2586 2.6214 2.1412 1.0724 0.4378 0.2218 0.1138 0.0298 0.0006 0 0 0 0 0 0 0 0 0.003 0.0862 0.4416 1.0438 1.631 1.3234 0.7654 0.3374 0.1942 0.1354 0.0314 0.0044 0.0028 0 0 0 0 0 0 0 0.0216 0.1484 0.3598 0.6716 0.8368 0.7768 0.5884 0.2788 0.1864 0.1072 0.0178 0.0064 0 0 0 0 0 0 0 0 0.0038 0.06 0.1584 0.2212 0.3822 0.3056 0.2494 0.2228 0.1642 0.1052 0.0824 0.0372 0.0036 0.004 0 0 0 0 0 0 0 0 0 0 0 
0 0 0 0 0 0 0 0 0 0 0 0 0 0 0 0 0 0.1196 1.4672 2.8044 2.051 0.916 0.3832 0.15 0.0712 0.028 0.0074 0.002 0 0 0 0 0 0 0 0.0076 0.0996 0.5756 1.338 1.5148 1.1628 0.677 0.3866 0.1308 0.05 0.033 0.0114 0.008 0.0048 0 0 0 0 0 0.002 0.0606 0.1912 0.4612 0.7718 0.8458 0.6536 0.5306 0.2752 0.1138 0.0508 0.026 0.0132 0.0042 0 0 0 0 0 0.0022 0.0052 0.0424 0.119 0.2192 0.258 0.3088 0.3164 0.28 0.212 0.0862 0.0588 0.0412 0.0212 0.0174 0.012 0 0 0 0 0 0 0 0 0 0 0 
0 0 0 0 0 0 0 0 0 0 0 0 0 0 0 0 0 0.1122 1.5128 2.7342 2.089 1.0494 0.3524 0.1104 0.0354 0.0042 0 0 0 0 0 0 0 0 0 0.0046 0.1374 0.654 1.2906 1.5218 1.1906 0.6766 0.3288 0.1152 0.0574 0.0194 0.0036 0 0 0 0 0 0 0 0.0014 0.0502 0.2244 0.5166 0.8268 0.88 0.62 0.4124 0.2554 0.1236 0.055 0.0314 0.0028 0 0 0 0 0 0 0 0.003 0.04 0.1134 0.238 0.2924 0.333 0.3426 0.227 0.1714 0.124 0.059 0.034 0.0182 0.004 0 0 0 0 0 0 0 0 0 0 0 0 
0 0 0 0 0 0 0 0 0 0 0 0 0 0 0 0 0 0.1256 1.6854 2.8216 1.949 0.9114 0.323 0.1262 0.046 0.0118 0 0 0 0 0 0 0 0 0 0.004 0.1408 0.7314 1.453 1.5672 1.1346 0.5348 0.2716 0.1274 0.0334 0.0018 0 0 0 0 0 0 0 0 0.0098 0.0472 0.2654 0.5704 0.8442 0.971 0.6542 0.3192 0.1922 0.1076 0.0154 0.0034 0 0 0 0 0 0 0 0.0052 0.0118 0.0456 0.1328 0.2142 0.2426 0.4026 0.4076 0.2418 0.1782 0.075 0.0194 0.0136 0.0054 0.0042 0 0 0 0 0 0 0 0 0 0 0 0 
0 0 0 0 0 0 0 0 0 0 0 0 0 0 0 0 0.0006 0.1186 1.5402 2.8768 1.9762 0.9262 0.348 0.1488 0.053 0.0096 0.002 0 0 0 0 0 0 0 0 0.008 0.1244 0.6698 1.4714 1.4688 1.0582 0.6594 0.3522 0.1068 0.059 0.0128 0.0092 0 0 0 0 0 0 0 0.0086 0.0666 0.1802 0.5792 0.8128 0.8888 0.6706 0.3962 0.2078 0.1148 0.0502 0.0182 0.006 0 0 0 0 0 0 0.0054 0.0148 0.0376 0.0918 0.2086 0.3082 0.3704 0.3172 0.2594 0.1912 0.1172 0.069 0.0092 0 0 0 0 0 0 0 0 0 0 0 0 0 0 
0 0 0 0 0 0 0 0 0 0 0 0 0 0 0 0 0 0.1078 1.4612 2.9104 1.9208 1.0294 0.4324 0.115 0.023 0 0 0 0 0 0 0 0 0 0 0.0054 0.1098 0.536 1.3522 1.5682 1.2634 0.7288 0.3308 0.0848 0.0206 0 0 0 0 0 0 0 0 0 0.0022 0.0416 0.1958 0.5164 0.8368 0.8058 0.699 0.519 0.2812 0.0722 0.024 0.006 0 0 0 0 0 0 0 0.0002 0.0092 0.0288 0.1038 0.2018 0.3042 0.3656 0.3024 0.295 0.2034 0.1126 0.0502 0.0172 0.0056 0 0 0 0 0 0 0 0 0 0 0 0 0 
0 0 0 0 0 0 0 0 0 0 0 0 0 0 0 0 0 0.1016 1.4414 2.6098 2.1794 1.0588 0.4014 0.1258 0.0476 0.0328 0.0014 0 0 0 0 0 0 0 0 0.0062 0.1032 0.508 1.2024 1.5772 1.3118 0.718 0.3146 0.135 0.0834 0.0332 0.007 0 0 0 0 0 0 0 0.004 0.0316 0.1312 0.3978 0.7662 0.9468 0.7918 0.447 0.268 0.1388 0.0592 0.0176 0 0 0 0 0 0 0 0 0 0.016 0.07 0.1964 0.2548 0.3442 0.3732 0.257 0.222 0.1428 0.0934 0.0238 0.0064 0 0 0 0 0 0 0 0 0 0 0 0 0 
0 0 0 0 0 0 0 0 0 0 0 0 0 0 0 0 0 0.1202 1.5638 2.9032 1.9982 0.9398 0.3436 0.1054 0.0222 0.0036 0 0 0 0 0 0 0 0 0 0.0064 0.1352 0.5952 1.2768 1.559 1.3632 0.691 0.2484 0.0964 0.0228 0.0032 0.0024 0 0 0 0 0 0 0 0.0056 0.0488 0.2218 0.4652 0.813 0.931 0.7454 0.429 0.2364 0.08 0.0158 0.0022 0.0032 0.0026 0 0 0 0 0 0 0.0042 0.0422 0.0948 0.2064 0.3434 0.3704 0.3712 0.3102 0.1646 0.0626 0.0126 0.009 0.004 0.0044 0 0 0 0 0 0 0 0 0 0 0 0 
0 0 0 0 0 0 0 0 0 0 0 0 0 0 0 0 0 0.1278 1.4024 2.682 2.083 1.1124 0.409 0.1222 0.0364 0.0168 0.008 0 0 0 0 0 0 0 0 0.0064 0.1394 0.5964 1.1944 1.4778 1.278 0.7636 0.368 0.1114 0.0412 0.018 0.004 0.0014 0 0 0 0 0 0.0018 0.0056 0.056 0.1916 0.4474 0.791 0.8248 0.7484 0.4738 0.236 0.1408 0.058 0.0178 0.007 0 0 0 0 0 0 0.004 0.006 0.0358 0.0578 0.135 0.3022 0.351 0.388 0.3392 0.1418 0.1016 0.0826 0.037 0.0092 0.0068 0.002 0 0 0 0 0 0 0 0 0 0 0 
0 0 0 0 0 0 0 0 0 0 0 0 0 0 0 0 0 0.1146 1.5132 2.5132 1.9274 1.0844 0.574 0.21 0.0562 0.007 0 0 0 0 0 0 0 0 0 0.0054 0.1218 0.5928 1.0874 1.4528 1.1876 0.8076 0.4456 0.175 0.078 0.0382 0.0078 0 0 0 0 0 0 0 0.0064 0.0466 0.1846 0.3752 0.6486 0.8166 0.7934 0.5692 0.2994 0.1626 0.0688 0.0236 0.0046 0.0004 0 0 0 0 0 0 0.0056 0.0364 0.0734 0.1424 0.2448 0.3176 0.3386 0.2924 0.2208 0.1888 0.0852 0.039 0.0098 0.0052 0 0 0 0 0 0 0 0 0 0 0 0 
0 0 0 0 0 0 0 0 0 0 0 0 0 0 0 0 0 0.1294 1.5786 2.7406 1.9992 1.0102 0.399 0.1284 0.0146 0 0 0 0 0 0 0 0 0 0 0.008 0.1372 0.653 1.3906 1.5476 1.2016 0.6474 0.2854 0.0886 0.0358 0.0048 0 0 0 0 0 0 0 0 0.0006 0.0516 0.2392 0.5492 0.803 0.9206 0.7244 0.4174 0.1942 0.0538 0.0272 0.0166 0.0022 0 0 0 0 0 0 0 0.0074 0.0332 0.0698 0.1762 0.3438 0.409 0.3966 0.2722 0.1704 0.0666 0.041 0.0088 0.005 0 0 0 0 0 0 0 0 0 0 0 0 0 
0 0 0 0 0 0 0 0 0 0 0 0 0 0 0 0 0 0.0832 1.2948 2.4788 2.1826 1.2002 0.4914 0.1834 0.0702 0.0116 0.0038 0 0 0 0 0 0 0 0 0.0032 0.0638 0.4318 1.0638 1.471 1.3266 0.8294 0.458 0.2222 0.0862 0.0412 0.0028 0 0 0 0 0 0 0 0 0.0142 0.1356 0.3794 0.6462 0.7606 0.7764 0.56 0.368 0.2004 0.1052 0.0438 0.008 0.0022 0 0 0 0 0 0 0 0.0152 0.0546 0.1248 0.2474 0.3186 0.3168 0.316 0.2254 0.1838 0.0916 0.0518 0.0406 0.0102 0.0032 0 0 0 0 0 0 0 0 0 0 0 
