0.03 0.09 0.15 0.21 0.27 0.33 0.39 0.45 0.51 0.57 0.63 0.69 0.75 0.81 0.87 0.93 0.99 1.05 1.11 1.17 1.23 1.29 1.35 1.41 1.47 1.53 1.59 1.65 1.71 1.77 1.83 1.89 1.95 2.01 2.07 2.13 2.19 2.25 2.31 2.37 2.43 2.49 2.55 2.61 2.67 2.73 2.79 2.85 2.91 2.97 3.03 3.09 3.15 3.21 3.27 3.33 3.39 3.45 3.51 3.57 3.63 3.69 3.75 3.81 3.87 3.93 3.99 4.05 4.11 4.17 4.23 4.29 4.35 4.41 4.47 4.53 4.59 4.65 4.71 4.77 4.83 4.89 4.95 5.01 5.07 5.13 5.19 5.25 5.31 5.37 5.43 5.49 5.55 5.61 5.67 5.73 5.79 5.85 5.91 5.97 
0 0 0 0 0 0 0 0 0 0 0 0 0 0 0 0 0.0564 2.4568 3.6276 0.9308 0.1164 0.0128 0 0 0 0 0 0 0 0 0 0 0 0.003 0.1886 1.4758 2.0646 1.2828 0.3152 0.0552 0.0154 0 0 0 0 0 0 0 0 0 0 0.0036 0.1928 0.7346 1.1238 0.9746 0.4246 0.1064 0.0364 0.0036 0 0 0 0 0 0 0 0 0 0.0074 0.07 0.2586 0.4952 0.4462 0.3324 0.1366 0.0348 0.0174 0.0016 0 0 0 0 0 0 0 0 0 0 0 0 0 0 0 0 0 0 0 0 0 
0 0 0 0 0 0 0 0 0 0 0 0 0 0 0 0 0.0486 2.7438 4.2094 0.8598 0.1184 0.0172 0.0028 0 0 0 0 0 0 0 0 0 0 0.001 0.1268 1.6208 2.7388 1.171 0.2932 0.0432 0.0052 0 0 0 0 0 0 0 0 0 0 0.0006 0.1018 0.8454 1.583 1.0164 0.3418 0.0948 0.0162 0 0 0 0 0 0 0 0 0 0 0 0.0432 0.2816 0.6344 0.5882 0.2892 0.126 0.0344 0.003 0 0 0 0 0 0 0 0 0 0 0 0 0 0 0 0 0 0 0 0 0 0 
0 0 0 0 0 0 0 0 0 0 0 0 0 0 0 0 0.0326 2.7142 4.38 0.7818 0.0864 0.005 0 0 0 0 0 0 0 0 0 0 0 0.0026 0.1162 1.6714 2.7278 1.2096 0.2356 0.0368 0 0 0 0 0 0 0 0 0 0 0 0.003 0.1312 0.8446 1.5534 1.038 0.3254 0.0932 0.0112 0 0 0 0 0 0 0 0 0 0 0.0022 0.0562 0.2938 0.6302 0.588 0.3004 0.094 0.0282 0.0052 0.0018 0 0 0 0 0 0 0 0 0 0 0 0 0 0 0 0 0 0 0 0 0 
0 0 0 0 0 0 0 0 0 0 0 0 0 0 0 0 0.044 2.7826 4.1896 0.8652 0.1144 0.0042 0 0 0 0 0 0 0 0 0 0 0 0 0.1592 1.7016 2.5988 1.2202 0.2734 0.0422 0.0046 0 0 0 0 0 0 0 0 0 0 0.0036 0.133 0.8534 1.5116 1.022 0.3868 0.0766 0.013 0 0 0 0 0 0 0 0 0 0 0.0018 0.0672 0.2966 0.5876 0.5856 0.3148 0.1128 0.033 0.0006 0 0 0 0 0 0 0 0 0 0 0 0 0 0 0 0 0 0 0 0 0 0 
0 0 0 0 0 0 0 0 0 0 0 0 0 0 0 0 0.0668 2.7764 4 0.9722 0.1494 0.0274 0.0078 0 0 0 0 0 0 0 0 0 0 0.001 0.1654 1.5766 2.5622 1.2504 0.3394 0.0782 0.0244 0.0024 0 0 0 0 0 0 0 0 0 0.0016 0.1412 0.7946 1.467 1.0086 0.4046 0.131 0.038 0.0134 0 0 0 0 0 0 0 0 0 0.0044 0.0564 0.2752 0.5804 0.5512 0.3238 0.127 0.0532 0.0226 0.003 0.0028 0 0 0 0 0 0 0 0 0 0 0 0 0 0 0 0 0 0 0 0 
0 0 0 0 0 0 0 0 0 0 0 0 0 0 0 0 0.0512 2.661 4.2816 0.8694 0.1052 0.0232 0.0084 0 0 0 0 0 0 0 0 0 0 0.0026 0.1322 1.558 2.6962 1.2888 0.2318 0.069 0.0126 0.0064 0.0024 0 0 0 0 0 0 0 0 0.0038 0.1328 0.7802 1.4974 1.0598 0.4124 0.0722 0.0262 0.011 0.0042 0 0 0 0 0 0 0 0 0.0006 0.0474 0.271 0.5688 0.6036 0.3612 0.0992 0.028 0.0126 0.0042 0.0034 0 0 0 0 0 0 0 0 0 0 0 0 0 0 0 0 0 0 0 0 
0 0 0 0 0 0 0 0 0 0 0 0 0 0 0 0 0.0298 2.7748 4.24 0.8564 0.0878 0.0112 0 0 0 0 0 0 0 0 0 0 0 0 0.1412 1.6008 2.756 1.2282 0.2334 0.0328 0.0076 0 0 0 0 0 0 0 0 0 0 0.0016 0.1102 0.837 1.58 1.0604 0.3258 0.0696 0.0154 0 0 0 0 0 0 0 0 0 0 0.001 0.039 0.2772 0.6598 0.6016 0.2778 0.1136 0.025 0.0038 0.0012 0 0 0 0 0 0 0 0 0 0 0 0 0 0 0 0 0 0 0 0 0 
0 0 0 0 0 0 0 0 0 0 0 0 0 0 0 0 0.0268 2.7198 4.3442 0.8036 0.0936 0.012 0 0 0 0 0 0 0 0 0 0 0 0 0.0884 1.6364 2.8534 1.1492 0.2348 0.0354 0.0024 0 0 0 0 0 0 0 0 0 0 0 0.0862 0.8674 1.594 1.034 0.3404 0.0724 0.0056 0 0 0 0 0 0 0 0 0 0 0 0.0322 0.3178 0.6006 0.6146 0.3324 0.0754 0.0248 0.0022 0 0 0 0 0 0 0 0 0 0 0 0 0 0 0 0 0 0 0 0 0 0 
0 0 0 0 0 0 0 0 0 0 0 0 0 0 0 0 0.0286 2.694 4.3288 0.8762 0.0624 0.01 0 0 0 0 0 0 0 0 0 0 0 0 0.1052 1.6264 2.6996 1.3026 0.2396 0.0266 0 0 0 0 0 0 0 0 0 0 0 0 0.1154 0.8266 1.5026 1.09 0.392 0.069 0.0044 0 0 0 0 0 0 0 0 0 0 0.0014 0.039 0.2952 0.595 0.621 0.3252 0.1112 0.0098 0.0022 0 0 0 0 0 0 0 0 0 0 0 0 0 0 0 0 0 0 0 0 0 0 
0 0 0 0 0 0 0 0 0 0 0 0 0 0 0 0 0.0404 2.7368 4.1594 0.9642 0.092 0.0072 0 0 0 0 0 0 0 0 0 0 0 0 0.174 1.5564 2.639 1.304 0.278 0.0446 0.003 0.001 0 0 0 0 0 0 0 0 0 0.0032 0.1502 0.7678 1.5266 1.0532 0.3728 0.1068 0.018 0.0014 0 0 0 0 0 0 0 0 0 0.0054 0.0466 0.2674 0.624 0.5836 0.3068 0.1176 0.0394 0.0092 0 0 0 0 0 0 0 0 0 0 0 0 0 0 0 0 0 0 0 0 0 0 
0 0 0 0 0 0 0 0 0 0 0 0 0 0 0 0 0.0292 2.716 4.29 0.8518 0.1036 0.0094 0 0 0 0 0 0 0 0 0 0 0 0 0.1588 1.56 2.7104 1.275 0.2404 0.047 0.0084 0 0 0 0 0 0 0 0 0 0 0.001 0.1462 0.7692 1.5736 1.0534 0.356 0.0806 0.0176 0.0024 0 0 0 0 0 0 0 0 0 0.0026 0.0668 0.2614 0.6232 0.5622 0.3384 0.1054 0.0342 0.0058 0 0 0 0 0 0 0 0 0 0 0 0 0 0 0 0 0 0 0 0 0 0 
0 0 0 0 0 0 0 0 0 0 0 0 0 0 0 0 0.0326 2.7698 4.148 0.9452 0.1008 0.0036 0 0 0 0 0 0 0 0 0 0 0 0.0008 0.136 1.6422 2.633 1.253 0.2866 0.045 0.0026 0.0008 0 0 0 0 0 0 0 0 0 0.0034 0.1322 0.7774 1.54 1.0744 0.3636 0.0978 0.0112 0 0 0 0 0 0 0 0 0 0 0.0048 0.0552 0.261 0.6264 0.5492 0.341 0.1362 0.0262 0 0 0 0 0 0 0 0 0 0 0 0 0 0 0 0 0 0 0 0 0 0 0 
0 0 0 0 0 0 0 0 0 0 0 0 0 0 0 0 0.0438 2.7512 4.1116 0.9742 0.1112 0.008 0 0 0 0 0 0 0 0 0 0 0 0 0.1542 1.6096 2.567 1.3102 0.3066 0.0512 0.0012 0 0 0 0 0 0 0 0 0 0 0.0046 0.131 0.8326 1.4388 1.042 0.4106 0.1176 0.0228 0 0 0 0 0 0 0 0 0 0 0.0002 0.0436 0.3068 0.6116 0.5162 0.3174 0.1544 0.0498 0 0 0 0 0 0 0 0 0 0 0 0 0 0 0 0 0 0 0 0 0 0 0 
0 0 0 0 0 0 0 0 0 0 0 0 0 0 0 0 0.0524 2.692 4.1214 1.0138 0.0916 0.0206 0.0082 0 0 0 0 0 0 0 0 0 0 0.0034 0.195 1.5692 2.4898 1.3268 0.2998 0.0916 0.023 0.0014 0 0 0 0 0 0 0 0 0 0.0158 0.1644 0.7972 1.3676 1.0754 0.4062 0.1062 0.0536 0.0136 0 0 0 0 0 0 0 0 0.0012 0.0076 0.0672 0.2846 0.5328 0.5776 0.3342 0.1202 0.0408 0.0244 0.0094 0 0 0 0 0 0 0 0 0 0 0 0 0 0 0 0 0 0 0 0 0 
0 0 0 0 0 0 0 0 0 0 0 0 0 0 0 0 0.0326 2.7748 4.209 0.8906 0.0878 0.0052 0 0 0 0 0 0 0 0 0 0 0 0 0.1044 1.6494 2.6972 1.2578 0.2664 0.0248 0 0 0 0 0 0 0 0 0 0 0 0 0.0858 0.8544 1.5202 1.1186 0.358 0.0572 0.0058 0 0 0 0 0 0 0 0 0 0 0 0.0304 0.307 0.5822 0.6326 0.3244 0.1008 0.0206 0.002 0 0 0 0 0 0 0 0 0 0 0 0 0 0 0 0 0 0 0 0 0 0 
0 0 0 0 0 0 0 0 0 0 0 0 0 0 0 0 0.0364 2.6488 4.196 1.0176 0.0976 0.0036 0 0 0 0 0 0 0 0 0 0 0 0 0.1482 1.4836 2.674 1.3542 0.3122 0.0278 0 0 0 0 0 0 0 0 0 0 0 0.0016 0.0938 0.8344 1.4132 1.1068 0.4534 0.0848 0.012 0 0 0 0 0 0 0 0 0 0 0 0.047 0.2816 0.5366 0.6054 0.3596 0.1362 0.0288 0.0048 0 0 0 0 0 0 0 0 0 0 0 0 0 0 0 0 0 0 0 0 0 0 
0 0 0 0 0 0 0 0 0 0 0 0 0 0 0 0 0.0558 2.7046 4.0316 1.0856 0.111 0.0114 0 0 0 0 0 0 0 0 0 0 0 0 0.1638 1.4978 2.5538 1.385 0.3332 0.0612 0.0052 0 0 0 0 0 0 0 0 0 0 0.007 0.1288 0.7466 1.4842 1.0038 0.4824 0.1166 0.0302 0.0004 0 0 0 0 0 0 0 0 0 0.0092 0.046 0.2718 0.5804 0.5398 0.3376 0.1524 0.05 0.0128 0 0 0 0 0 0 0 0 0 0 0 0 0 0 0 0 0 0 0 0 0 0 
0 0 0 0 0 0 0 0 0 0 0 0 0 0 0 0 0.041 2.6614 4.2392 0.943 0.102 0.0124 0.001 0 0 0 0 0 0 0 0 0 0 0 0.144 1.5164 2.7176 1.2646 0.3032 0.0474 0.006 0.0008 0 0 0 0 0 0 0 0 0 0.0006 0.107 0.7476 1.5532 1.0982 0.3806 0.0992 0.0136 0 0 0 0 0 0 0 0 0 0 0.0008 0.0394 0.2364 0.6106 0.6428 0.3052 0.1406 0.0224 0.0018 0 0 0 0 0 0 0 0 0 0 0 0 0 0 0 0 0 0 0 0 0 0 
0 0 0 0 0 0 0 0 0 0 0 0 0 0 0 0 0.0362 2.8238 4.1012 0.9174 0.1148 0.0046 0.002 0 0 0 0 0 0 0 0 0 0 0 0.1242 1.6172 2.6922 1.2486 0.2812 0.0306 0.006 0 0 0 0 0 0 0 0 0 0 0 0.1164 0.8264 1.5474 1.0348 0.4024 0.0614 0.0112 0 0 0 0 0 0 0 0 0 0 0.0008 0.0334 0.2806 0.649 0.5602 0.3336 0.1246 0.0178 0 0 0 0 0 0 0 0 0 0 0 0 0 0 0 0 0 0 0 0 0 0 0 
0 0 0 0 0 0 0 0 0 0 0 0 0 0 0 0 0.0432 2.8388 4.0106 0.9764 0.1234 0.0076 0 0 0 0 0 0 0 0 0 0 0 0.0018 0.1704 1.631 2.61 1.2166 0.3062 0.051 0.013 0 0 0 0 0 0 0 0 0 0 0.0116 0.1556 0.7846 1.548 1.0042 0.3732 0.081 0.0314 0.0074 0.003 0 0 0 0 0 0 0 0.0016 0.0084 0.0458 0.2766 0.6326 0.572 0.3214 0.084 0.0376 0.0116 0.0084 0 0 0 0 0 0 0 0 0 0 0 0 0 0 0 0 0 0 0 0 0 
0 0 0 0 0 0 0 0 0 0 0 0 0 0 0 0 0.0316 2.7874 4.1068 0.9626 0.106 0.0056 0 0 0 0 0 0 0 0 0 0 0 0.0016 0.1766 1.6012 2.5914 1.2434 0.3268 0.0486 0.0104 0 0 0 0 0 0 0 0 0 0 0.0044 0.1766 0.802 1.4424 1.0364 0.396 0.1122 0.0242 0.0038 0.002 0 0 0 0 0 0 0 0 0.0062 0.0704 0.291 0.5774 0.5394 0.3218 0.1414 0.0408 0.0076 0.004 0 0 0 0 0 0 0 0 0 0 0 0 0 0 0 0 0 0 0 0 0 
0 0 0 0 0 0 0 0 0 0 0 0 0 0 0 0 0.0518 2.7054 4.1786 0.9446 0.1102 0.0094 0 0 0 0 0 0 0 0 0 0 0 0.001 0.1772 1.5512 2.6146 1.306 0.3032 0.0424 0.0044 0 0 0 0 0 0 0 0 0 0 0.0032 0.1296 0.8694 1.398 1.025 0.4648 0.1014 0.0086 0 0 0 0 0 0 0 0 0 0 0.002 0.0528 0.3418 0.5154 0.5222 0.3848 0.1458 0.0308 0.0044 0 0 0 0 0 0 0 0 0 0 0 0 0 0 0 0 0 0 0 0 0 0 
0 0 0 0 0 0 0 0 0 0 0 0 0 0 0 0 0.0258 2.815 4.3226 0.7828 0.0538 0 0 0 0 0 0 0 0 0 0 0 0 0.0008 0.1804 1.7238 2.6786 1.1472 0.2392 0.03 0 0 0 0 0 0 0 0 0 0 0 0.01 0.1538 0.8864 1.5218 1.011 0.3362 0.0762 0.0046 0 0 0 0 0 0 0 0 0 0 0.0152 0.0644 0.3238 0.6002 0.6028 0.2506 0.1172 0.0258 0 0 0 0 0 0 0 0 0 0 0 0 0 0 0 0 0 0 0 0 0 0 0 
0 0 0 0 0 0 0 0 0 0 0 0 0 0 0 0 0.0472 2.6562 4.1676 1.0096 0.1026 0.0108 0.0022 0.0038 0 0 0 0 0 0 0 0 0 0.0018 0.1702 1.6042 2.4274 1.3778 0.3594 0.0494 0.0054 0.0044 0 0 0 0 0 0 0 0 0 0.0058 0.1518 0.8596 1.2656 1.0736 0.4916 0.117 0.0288 0.0062 0 0 0 0 0 0 0 0 0 0.0038 0.0708 0.3102 0.4974 0.529 0.3596 0.1776 0.0326 0.0136 0.0054 0 0 0 0 0 0 0 0 0 0 0 0 0 0 0 0 0 0 0 0 0 
0 0 0 0 0 0 0 0 0 0 0 0 0 0 0 0 0.0368 2.7316 4.108 0.9974 0.1222 0.004 0 0 0 0 0 0 0 0 0 0 0 0 0.1222 1.5732 2.6846 1.2878 0.295 0.0372 0 0 0 0 0 0 0 0 0 0 0 0.0004 0.0756 0.801 1.5378 1.0926 0.416 0.0732 0.0034 0 0 0 0 0 0 0 0 0 0 0.0004 0.018 0.261 0.5978 0.6476 0.3388 0.119 0.0138 0.0036 0 0 0 0 0 0 0 0 0 0 0 0 0 0 0 0 0 0 0 0 0 0 
0 0 0 0 0 0 0 0 0 0 0 0 0 0 0 0 0.0462 2.7694 4.239 0.8338 0.109 0.0026 0 0 0 0 0 0 0 0 0 0 0 0.0012 0.1404 1.5878 2.8442 1.1492 0.2272 0.044 0.006 0 0 0 0 0 0 0 0 0 0 0.0042 0.1152 0.8294 1.6524 0.989 0.3076 0.0846 0.0176 0 0 0 0 0 0 0 0 0 0 0 0.0484 0.2774 0.6486 0.6278 0.2696 0.084 0.0384 0.0038 0.002 0 0 0 0 0 0 0 0 0 0 0 0 0 0 0 0 0 0 0 0 0 
0 0 0 0 0 0 0 0 0 0 0 0 0 0 0 0 0.0476 2.722 4.1656 0.9562 0.1006 0.008 0 0 0 0 0 0 0 0 0 0 0 0.0002 0.188 1.5656 2.5992 1.3224 0.2878 0.0336 0.0032 0 0 0 0 0 0 0 0 0 0 0.0016 0.164 0.8342 1.4066 1.0498 0.4342 0.1006 0.009 0 0 0 0 0 0 0 0 0 0 0.0008 0.076 0.285 0.5634 0.5682 0.331 0.1392 0.035 0.0014 0 0 0 0 0 0 0 0 0 0 0 0 0 0 0 0 0 0 0 0 0 0 
0 0 0 0 0 0 0 0 0 0 0 0 0 0 0 0 0.0462 2.7408 4.1758 0.9306 0.0924 0.012 0.0022 0 0 0 0 0 0 0 0 0 0 0.0024 0.1642 1.5984 2.6768 1.2144 0.2744 0.0634 0.0042 0.0018 0 0 0 0 0 0 0 0 0 0.0076 0.1422 0.8212 1.5122 1.0372 0.3556 0.0852 0.0264 0.0124 0 0 0 0 0 0 0 0 0 0.0072 0.055 0.2826 0.597 0.6112 0.2868 0.1108 0.0322 0.0078 0.0076 0.0018 0 0 0 0 0 0 0 0 0 0 0 0 0 0 0 0 0 0 0 0 
0 0 0 0 0 0 0 0 0 0 0 0 0 0 0 0 0.0226 2.7506 4.2252 0.9172 0.0824 0.002 0 0 0 0 0 0 0 0 0 0 0 0 0.1618 1.6414 2.5906 1.2954 0.2712 0.0348 0.0048 0 0 0 0 0 0 0 0 0 0 0.0074 0.1542 0.826 1.4438 1.0758 0.3984 0.0866 0.0054 0.0024 0 0 0 0 0 0 0 0 0 0.006 0.0724 0.2818 0.574 0.564 0.3608 0.1126 0.0254 0.003 0 0 0 0 0 0 0 0 0 0 0 0 0 0 0 0 0 0 0 0 0 0 
0 0 0 0 0 0 0 0 0 0 0 0 0 0 0 0 0.073 2.7038 4.0006 1.013 0.1794 0.0302 0 0 0 0 0 0 0 0 0 0 0 0.0046 0.1956 1.5514 2.4876 1.2426 0.406 0.0872 0.0222 0.0028 0 0 0 0 0 0 0 0 0 0.0084 0.1558 0.7748 1.4044 1.052 0.3962 0.1426 0.0506 0.013 0.0022 0 0 0 0 0 0 0 0 0.011 0.0556 0.2588 0.5648 0.56 0.3256 0.1324 0.0664 0.0192 0.0062 0 0 0 0 0 0 0 0 0 0 0 0 0 0 0 0 0 0 0 0 0 
0 0 0 0 0 0 0 0 0 0 0 0 0 0 0 0 0.0422 2.7568 4.1432 0.9516 0.093 0.0132 0 0 0 0 0 0 0 0 0 0 0 0.0004 0.1514 1.5542 2.7288 1.2946 0.2304 0.0368 0.0034 0 0 0 0 0 0 0 0 0 0 0.0032 0.0892 0.8208 1.571 1.1094 0.3336 0.0632 0.0096 0 0 0 0 0 0 0 0 0 0 0 0.0286 0.2838 0.5864 0.643 0.3344 0.0994 0.0228 0.0016 0 0 0 0 0 0 0 0 0 0 0 0 0 0 0 0 0 0 0 0 0 0 
0 0 0 0 0 0 0 0 0 0 0 0 0 0 0 0 0.0418 2.796 4.1288 0.918 0.102 0.0134 0 0 0 0 0 0 0 0 0 0 0 0 0.1896 1.5882 2.6462 1.2316 0.305 0.0364 0.003 0 0 0 0 0 0 0 0 0 0 0.0048 0.1562 0.8458 1.4298 1.0616 0.4036 0.0816 0.0166 0 0 0 0 0 0 0 0 0 0 0.0046 0.07 0.2908 0.5624 0.5942 0.3064 0.1374 0.023 0.0112 0 0 0 0 0 0 0 0 0 0 0 0 0 0 0 0 0 0 0 0 0 0 
0 0 0 0 0 0 0 0 0 0 0 0 0 0 0 0 0.038 2.7616 4.1984 0.8916 0.0846 0.023 0.0028 0 0 0 0 0 0 0 0 0 0 0.0002 0.1622 1.5952 2.6732 1.2634 0.2448 0.0468 0.0098 0.0044 0 0 0 0 0 0 0 0 0 0.009 0.1354 0.826 1.5294 1.0184 0.372 0.086 0.0144 0.0086 0.0008 0 0 0 0 0 0 0 0.0006 0.0032 0.0588 0.2844 0.6088 0.5676 0.314 0.1284 0.0246 0.0086 0.001 0 0 0 0 0 0 0 0 0 0 0 0 0 0 0 0 0 0 0 0 0 
0 0 0 0 0 0 0 0 0 0 0 0 0 0 0 0 0.0472 2.7034 4.1174 0.9686 0.1326 0.0266 0.0042 0 0 0 0 0 0 0 0 0 0 0 0.1374 1.5682 2.5924 1.3128 0.3196 0.0592 0.0082 0.0022 0 0 0 0 0 0 0 0 0 0.0006 0.1188 0.8074 1.4574 1.0222 0.4378 0.13 0.0236 0.0022 0 0 0 0 0 0 0 0 0 0.0006 0.0472 0.2816 0.5998 0.519 0.3242 0.172 0.0538 0.0018 0 0 0 0 0 0 0 0 0 0 0 0 0 0 0 0 0 0 0 0 0 0 
0 0 0 0 0 0 0 0 0 0 0 0 0 0 0 0 0.0636 2.7328 4.0646 1.015 0.1044 0.012 0.0024 0.0052 0 0 0 0 0 0 0 0 0 0.0034 0.1522 1.643 2.4878 1.3324 0.3046 0.0674 0.0024 0.0034 0.0034 0 0 0 0 0 0 0 0 0.0046 0.1292 0.8518 1.4282 1.0118 0.413 0.1212 0.0276 0.0082 0.0034 0.001 0 0 0 0 0 0 0 0.001 0.0504 0.3236 0.5364 0.5612 0.3242 0.1312 0.0544 0.0104 0.004 0.0032 0 0 0 0 0 0 0 0 0 0 0 0 0 0 0 0 0 0 0 0 
0 0 0 0 0 0 0 0 0 0 0 0 0 0 0 0 0.0428 2.7214 4.1312 0.9808 0.109 0.0148 0 0 0 0 0 0 0 0 0 0 0 0.0032 0.1344 1.5118 2.7276 1.2642 0.3056 0.0436 0.0096 0 0 0 0 0 0 0 0 0 0 0.0056 0.0976 0.7608 1.5266 1.146 0.3594 0.0706 0.0248 0.0058 0.0028 0 0 0 0 0 0 0 0 0.0022 0.042 0.2112 0.6682 0.6166 0.3206 0.0884 0.0354 0.0076 0.0078 0 0 0 0 0 0 0 0 0 0 0 0 0 0 0 0 0 0 0 0 0 
0 0 0 0 0 0 0 0 0 0 0 0 0 0 0 0 0.0508 2.7476 3.9908 1.0504 0.1504 0.008 0.002 0 0 0 0 0 0 0 0 0 0 0.0018 0.1504 1.584 2.5338 1.289 0.385 0.0472 0.0078 0.001 0 0 0 0 0 0 0 0 0 0.003 0.1122 0.8368 1.4248 1.03 0.4632 0.1062 0.0204 0.0034 0 0 0 0 0 0 0 0 0 0.0018 0.0448 0.276 0.5764 0.5718 0.3406 0.1314 0.043 0.0116 0.0026 0 0 0 0 0 0 0 0 0 0 0 0 0 0 0 0 0 0 0 0 0 
0 0 0 0 0 0 0 0 0 0 0 0 0 0 0 0 0.0664 2.7402 3.9892 1.0306 0.1468 0.0268 0 0 0 0 0 0 0 0 0 0 0 0.001 0.1718 1.5526 2.589 1.2146 0.3668 0.0856 0.0186 0 0 0 0 0 0 0 0 0 0 0.0028 0.1464 0.7162 1.5316 1.0288 0.3926 0.1422 0.0314 0.008 0 0 0 0 0 0 0 0 0 0.003 0.0454 0.241 0.6032 0.5812 0.3078 0.1618 0.04 0.0128 0.0038 0 0 0 0 0 0 0 0 0 0 0 0 0 0 0 0 0 0 0 0 0 
0 0 0 0 0 0 0 0 0 0 0 0 0 0 0 0 0.0362 2.7924 4.1852 0.8874 0.0918 0.007 0 0 0 0 0 0 0 0 0 0 0 0.001 0.1388 1.5902 2.7308 1.2164 0.2954 0.0214 0.0042 0.0018 0 0 0 0 0 0 0 0 0 0.001 0.1328 0.8428 1.4822 1.0334 0.407 0.091 0.0064 0.0034 0 0 0 0 0 0 0 0 0 0.0016 0.054 0.3056 0.5984 0.5834 0.2908 0.135 0.0256 0.0056 0 0 0 0 0 0 0 0 0 0 0 0 0 0 0 0 0 0 0 0 0 0 
0 0 0 0 0 0 0 0 0 0 0 0 0 0 0 0 0.0472 2.7298 4.1034 1.007 0.1064 0.0052 0.001 0 0 0 0 0 0 0 0 0 0 0.002 0.1434 1.503 2.7216 1.2998 0.2812 0.0428 0.0062 0 0 0 0 0 0 0 0 0 0 0.0082 0.1098 0.769 1.5274 1.1036 0.3604 0.1048 0.0136 0.0032 0 0 0 0 0 0 0 0 0.0016 0.0074 0.038 0.2492 0.5634 0.6746 0.3114 0.1128 0.0336 0.004 0.004 0 0 0 0 0 0 0 0 0 0 0 0 0 0 0 0 0 0 0 0 0 
0 0 0 0 0 0 0 0 0 0 0 0 0 0 0 0 0.0482 2.7534 4.1922 0.9096 0.0836 0.0124 0.0006 0 0 0 0 0 0 0 0 0 0 0.0006 0.176 1.614 2.661 1.2264 0.2668 0.0424 0.0096 0.0032 0 0 0 0 0 0 0 0 0 0.0112 0.1542 0.8368 1.4684 1.0416 0.3694 0.0828 0.0246 0.0056 0.0054 0 0 0 0 0 0 0 0 0.0078 0.0692 0.292 0.5792 0.5718 0.3236 0.1122 0.031 0.0072 0.0052 0.0008 0 0 0 0 0 0 0 0 0 0 0 0 0 0 0 0 0 0 0 0 
0 0 0 0 0 0 0 0 0 0 0 0 0 0 0 0 0.0368 2.7266 4.2104 0.937 0.0816 0.0076 0 0 0 0 0 0 0 0 0 0 0 0 0.1418 1.5606 2.7474 1.2416 0.2774 0.0312 0 0 0 0 0 0 0 0 0 0 0 0.0008 0.1116 0.8166 1.5318 1.067 0.3808 0.082 0.0094 0 0 0 0 0 0 0 0 0 0 0.0024 0.0488 0.293 0.6002 0.5888 0.2964 0.1334 0.036 0.001 0 0 0 0 0 0 0 0 0 0 0 0 0 0 0 0 0 0 0 0 0 0 
0 0 0 0 0 0 0 0 0 0 0 0 0 0 0 0 0.0292 2.819 4.343 0.7736 0.0352 0 0 0 0 0 0 0 0 0 0 0 0 0 0.129 1.7014 2.8086 1.1692 0.184 0.0078 0 0 0 0 0 0 0 0 0 0 0 0.0024 0.1332 0.925 1.56 1.027 0.3104 0.042 0 0 0 0 0 0 0 0 0 0 0 0 0.054 0.3608 0.6184 0.5966 0.2652 0.0972 0.0078 0 0 0 0 0 0 0 0 0 0 0 0 0 0 0 0 0 0 0 0 0 0 0 
0 0 0 0 0 0 0 0 0 0 0 0 0 0 0 0 0.053 2.6802 4.0446 1.0572 0.1462 0.0188 0 0 0 0 0 0 0 0 0 0 0 0.001 0.1536 1.5324 2.4748 1.3928 0.4032 0.035 0.0072 0 0 0 0 0 0 0 0 0 0 0.0052 0.1494 0.7686 1.3284 1.051 0.5604 0.1238 0.0132 0 0 0 0 0 0 0 0 0 0 0.0074 0.0554 0.2628 0.5246 0.533 0.396 0.169 0.0502 0.0016 0 0 0 0 0 0 0 0 0 0 0 0 0 0 0 0 0 0 0 0 0 0 
0 0 0 0 0 0 0 0 0 0 0 0 0 0 0 0 0.033 2.7564 4.225 0.8896 0.0894 0.0066 0 0 0 0 0 0 0 0 0 0 0 0 0.1404 1.6198 2.7136 1.2248 0.2512 0.0474 0.0028 0 0 0 0 0 0 0 0 0 0 0.003 0.134 0.8136 1.531 1.0658 0.335 0.0992 0.0184 0 0 0 0 0 0 0 0 0 0 0.0026 0.0568 0.2722 0.6206 0.5698 0.3486 0.0922 0.0322 0.005 0 0 0 0 0 0 0 0 0 0 0 0 0 0 0 0 0 0 0 0 0 0 
0 0 0 0 0 0 0 0 0 0 0 0 0 0 0 0 0.063 2.7564 3.9654 1.0532 0.1518 0.0102 0 0 0 0 0 0 0 0 0 0 0 0.0006 0.1992 1.5598 2.4774 1.3192 0.3904 0.051 0.0024 0 0 0 0 0 0 0 0 0 0 0.0024 0.1548 0.8132 1.352 1.0276 0.5364 0.1042 0.0094 0 0 0 0 0 0 0 0 0 0 0.0058 0.0668 0.2702 0.523 0.5628 0.3694 0.1562 0.0376 0.0082 0 0 0 0 0 0 0 0 0 0 0 0 0 0 0 0 0 0 0 0 0 0 
0 0 0 0 0 0 0 0 0 0 0 0 0 0 0 0 0.0398 2.8102 4.1766 0.8704 0.0846 0.0118 0.0066 0 0 0 0 0 0 0 0 0 0 0.0022 0.1488 1.6882 2.6086 1.2518 0.2526 0.04 0.0064 0.0014 0 0 0 0 0 0 0 0 0 0.0044 0.1528 0.8834 1.4726 1.0146 0.3534 0.1 0.0166 0.0022 0 0 0 0 0 0 0 0 0 0.0036 0.0742 0.3092 0.5924 0.5558 0.3022 0.1118 0.0444 0.0064 0 0 0 0 0 0 0 0 0 0 0 0 0 0 0 0 0 0 0 0 0 0 
0 0 0 0 0 0 0 0 0 0 0 0 0 0 0 0 0.0348 2.7222 4.3038 0.8428 0.079 0.0174 0 0 0 0 0 0 0 0 0 0 0 0.0004 0.0968 1.6202 2.8068 1.2298 0.2038 0.0274 0.0126 0.0022 0 0 0 0 0 0 0 0 0 0.0004 0.1016 0.7772 1.6546 1.0674 0.3196 0.0554 0.0142 0.0096 0 0 0 0 0 0 0 0 0 0.0048 0.0214 0.2804 0.6494 0.6616 0.2618 0.0886 0.0186 0.0086 0.0032 0.0016 0 0 0 0 0 0 0 0 0 0 0 0 0 0 0 0 0 0 0 0 
0 0 0 0 0 0 0 0 0 0 0 0 0 0 0 0 0.0274 2.7098 4.3118 0.8668 0.0728 0.011 0.0004 0 0 0 0 0 0 0 0 0 0 0 0.151 1.569 2.6864 1.3138 0.2392 0.0324 0.0062 0.002 0 0 0 0 0 0 0 0 0 0.001 0.1426 0.8002 1.4662 1.1662 0.3316 0.0802 0.0078 0.0042 0 0 0 0 0 0 0 0 0 0 0.0568 0.2906 0.5488 0.641 0.3146 0.1326 0.0088 0.0068 0 0 0 0 0 0 0 0 0 0 0 0 0 0 0 0 0 0 0 0 0 0 
0 0 0 0 0 0 0 0 0 0 0 0 0 0 0 0 0.0372 2.7772 4.09 0.9664 0.1184 0.0108 0 0 0 0 0 0 0 0 0 0 0 0 0.1296 1.6264 2.6402 1.2748 0.293 0.0318 0.0042 0 0 0 0 0 0 0 0 0 0 0 0.0992 0.8484 1.495 1.0672 0.4124 0.065 0.012 0.0008 0 0 0 0 0 0 0 0 0 0 0.0468 0.2896 0.5858 0.5802 0.339 0.1274 0.0248 0.0064 0 0 0 0 0 0 0 0 0 0 0 0 0 0 0 0 0 0 0 0 0 0 
0 0 0 0 0 0 0 0 0 0 0 0 0 0 0 0 0.0462 2.7586 4.1358 0.9656 0.0826 0.0112 0 0 0 0 0 0 0 0 0 0 0 0.0016 0.133 1.5508 2.7054 1.3202 0.2486 0.0344 0.006 0 0 0 0 0 0 0 0 0 0 0.0026 0.1224 0.7766 1.5236 1.1138 0.3688 0.0734 0.017 0.0018 0 0 0 0 0 0 0 0 0 0.0014 0.0542 0.2588 0.5924 0.639 0.3104 0.114 0.0214 0.005 0.0034 0 0 0 0 0 0 0 0 0 0 0 0 0 0 0 0 0 0 0 0 0 
0 0 0 0 0 0 0 0 0 0 0 0 0 0 0 0 0.0362 2.777 4.2342 0.8432 0.0912 0.0168 0.0014 0 0 0 0 0 0 0 0 0 0 0.0032 0.1348 1.6122 2.792 1.1688 0.2494 0.0246 0.0124 0.0026 0 0 0 0 0 0 0 0 0 0.0034 0.0956 0.8418 1.6256 0.9996 0.3544 0.0636 0.0134 0.0026 0 0 0 0 0 0 0 0 0 0.001 0.0312 0.2786 0.6484 0.6068 0.3044 0.1052 0.0204 0.004 0 0 0 0 0 0 0 0 0 0 0 0 0 0 0 0 0 0 0 0 0 0 
0 0 0 0 0 0 0 0 0 0 0 0 0 0 0 0 0.0542 2.7354 4.0514 0.9776 0.158 0.0214 0.002 0 0 0 0 0 0 0 0 0 0 0.0016 0.1634 1.5422 2.5848 1.3062 0.3152 0.0712 0.0154 0 0 0 0 0 0 0 0 0 0 0.0092 0.1144 0.7964 1.4276 1.0718 0.4382 0.104 0.0356 0.0028 0 0 0 0 0 0 0 0 0 0.006 0.0512 0.2592 0.5662 0.6008 0.3006 0.1452 0.0628 0.008 0 0 0 0 0 0 0 0 0 0 0 0 0 0 0 0 0 0 0 0 0 0 
0 0 0 0 0 0 0 0 0 0 0 0 0 0 0 0 0.0348 2.7264 4.202 0.9572 0.0726 0.0036 0.0034 0 0 0 0 0 0 0 0 0 0 0 0.153 1.5442 2.7268 1.2906 0.262 0.0178 0.0056 0 0 0 0 0 0 0 0 0 0 0.0004 0.1422 0.7382 1.5516 1.1214 0.3668 0.0708 0.0068 0.0018 0 0 0 0 0 0 0 0 0 0 0.0468 0.277 0.5738 0.6674 0.3078 0.1042 0.0152 0.007 0.0008 0 0 0 0 0 0 0 0 0 0 0 0 0 0 0 0 0 0 0 0 0 
0 0 0 0 0 0 0 0 0 0 0 0 0 0 0 0 0.0486 2.7758 4.0442 1.0148 0.1016 0.0126 0.0024 0 0 0 0 0 0 0 0 0 0 0.0022 0.1988 1.6008 2.5078 1.3248 0.2962 0.0562 0.0088 0.0018 0.0026 0 0 0 0 0 0 0 0 0.0066 0.1964 0.7596 1.4498 1.0312 0.4232 0.1052 0.0196 0.0046 0.003 0.0008 0 0 0 0 0 0 0 0.0072 0.0702 0.273 0.5796 0.561 0.2968 0.1606 0.0392 0.007 0.0044 0.001 0 0 0 0 0 0 0 0 0 0 0 0 0 0 0 0 0 0 0 0 
0 0 0 0 0 0 0 0 0 0 0 0 0 0 0 0 0.0532 2.7466 4.0728 1.0004 0.1084 0.0164 0.0022 0 0 0 0 0 0 0 0 0 0 0.0002 0.1542 1.5856 2.589 1.2748 0.3376 0.0518 0.0068 0 0 0 0 0 0 0 0 0 0 0.009 0.1236 0.813 1.4312 1.067 0.4426 0.0952 0.0184 0 0 0 0 0 0 0 0 0 0.0008 0.0024 0.0486 0.2588 0.605 0.5778 0.3386 0.131 0.0326 0.0044 0 0 0 0 0 0 0 0 0 0 0 0 0 0 0 0 0 0 0 0 0 0 
0 0 0 0 0 0 0 0 0 0 0 0 0 0 0 0 0.0326 2.7606 4.2922 0.86 0.0508 0.0038 0 0 0 0 0 0 0 0 0 0 0 0 0.1264 1.6638 2.7056 1.2478 0.2392 0.0172 0 0 0 0 0 0 0 0 0 0 0 0 0.1438 0.8626 1.515 1.0646 0.3316 0.0778 0.0046 0 0 0 0 0 0 0 0 0 0 0.001 0.064 0.301 0.6132 0.601 0.295 0.1026 0.0222 0 0 0 0 0 0 0 0 0 0 0 0 0 0 0 0 0 0 0 0 0 0 0 
0 0 0 0 0 0 0 0 0 0 0 0 0 0 0 0 0.0314 2.724 4.2424 0.9078 0.0816 0.0128 0 0 0 0 0 0 0 0 0 0 0 0.0012 0.1526 1.5898 2.6366 1.3304 0.2488 0.0316 0.009 0 0 0 0 0 0 0 0 0 0 0.0042 0.1206 0.8198 1.494 1.1184 0.3578 0.0652 0.0162 0.0038 0 0 0 0 0 0 0 0 0 0 0.0622 0.276 0.5736 0.6056 0.3438 0.1036 0.0264 0.0076 0.0012 0 0 0 0 0 0 0 0 0 0 0 0 0 0 0 0 0 0 0 0 0 
0 0 0 0 0 0 0 0 0 0 0 0 0 0 0 0 0.0512 2.7468 4.0056 1.0654 0.1076 0.017 0.0064 0 0 0 0 0 0 0 0 0 0 0.0004 0.1566 1.5272 2.6328 1.3028 0.302 0.0606 0.0148 0.0028 0 0 0 0 0 0 0 0 0 0.0066 0.1312 0.7224 1.4952 1.0896 0.4344 0.0864 0.024 0.0102 0 0 0 0 0 0 0 0 0 0.0068 0.042 0.2314 0.5884 0.6452 0.3118 0.1234 0.0378 0.0068 0.0016 0.0048 0 0 0 0 0 0 0 0 0 0 0 0 0 0 0 0 0 0 0 0 
0 0 0 0 0 0 0 0 0 0 0 0 0 0 0 0 0.075 2.7196 3.8998 1.1152 0.1592 0.028 0.0032 0 0 0 0 0 0 0 0 0 0 0.0034 0.1792 1.5288 2.4184 1.3854 0.394 0.0698 0.0152 0.0058 0 0 0 0 0 0 0 0 0 0.004 0.1548 0.7618 1.3344 1.0782 0.4886 0.1306 0.03 0.012 0.0056 0 0 0 0 0 0 0 0 0.0034 0.0516 0.2936 0.4966 0.5388 0.3978 0.1456 0.0528 0.0124 0.0024 0.005 0 0 0 0 0 0 0 0 0 0 0 0 0 0 0 0 0 0 0 0 
0 0 0 0 0 0 0 0 0 0 0 0 0 0 0 0 0.0424 2.743 4.1494 0.9882 0.0702 0.006 0.0008 0 0 0 0 0 0 0 0 0 0 0.0018 0.1844 1.586 2.5764 1.2852 0.3074 0.0546 0.0042 0 0 0 0 0 0 0 0 0 0 0.0132 0.1468 0.841 1.419 1.0312 0.4182 0.1104 0.0194 0.0008 0 0 0 0 0 0 0 0 0 0.0068 0.07 0.2968 0.556 0.5622 0.3446 0.1166 0.037 0.01 0 0 0 0 0 0 0 0 0 0 0 0 0 0 0 0 0 0 0 0 0 0 
0 0 0 0 0 0 0 0 0 0 0 0 0 0 0 0 0.0382 2.7592 4.2776 0.8458 0.077 0.0022 0 0 0 0 0 0 0 0 0 0 0 0 0.1466 1.6274 2.7118 1.2156 0.2712 0.0274 0 0 0 0 0 0 0 0 0 0 0 0 0.1768 0.82 1.4778 1.078 0.3652 0.0608 0.017 0.0044 0 0 0 0 0 0 0 0 0 0.003 0.0778 0.2744 0.6228 0.5916 0.2932 0.1024 0.0252 0.0058 0.0038 0 0 0 0 0 0 0 0 0 0 0 0 0 0 0 0 0 0 0 0 0 
0 0 0 0 0 0 0 0 0 0 0 0 0 0 0 0 0.039 2.7208 4.1696 0.997 0.0718 0.0018 0 0 0 0 0 0 0 0 0 0 0 0.0022 0.1798 1.6378 2.5286 1.2706 0.3412 0.0398 0 0 0 0 0 0 0 0 0 0 0 0.0056 0.1768 0.8706 1.352 1.017 0.4532 0.1108 0.014 0 0 0 0 0 0 0 0 0 0 0.0072 0.0732 0.327 0.5422 0.495 0.378 0.1316 0.042 0.0038 0 0 0 0 0 0 0 0 0 0 0 0 0 0 0 0 0 0 0 0 0 0 
0 0 0 0 0 0 0 0 0 0 0 0 0 0 0 0 0.036 2.6862 4.2986 0.8752 0.0926 0.0114 0 0 0 0 0 0 0 0 0 0 0 0 0.141 1.6008 2.6884 1.2536 0.271 0.0452 0 0 0 0 0 0 0 0 0 0 0 0 0.1262 0.8198 1.475 1.1082 0.3908 0.0706 0.0094 0 0 0 0 0 0 0 0 0 0 0 0.0492 0.3 0.5946 0.5664 0.3572 0.1024 0.0246 0.0046 0.001 0 0 0 0 0 0 0 0 0 0 0 0 0 0 0 0 0 0 0 0 0 
0 0 0 0 0 0 0 0 0 0 0 0 0 0 0 0 0.0252 2.7722 4.2826 0.8462 0.0656 0.0082 0 0 0 0 0 0 0 0 0 0 0 0.0008 0.1006 1.5928 2.8858 1.1836 0.2076 0.0258 0.003 0 0 0 0 0 0 0 0 0 0 0.0036 0.1046 0.8102 1.6142 1.1034 0.2964 0.0622 0.0054 0 0 0 0 0 0 0 0 0 0 0.0018 0.0372 0.2842 0.6284 0.674 0.2788 0.0822 0.0114 0.002 0 0 0 0 0 0 0 0 0 0 0 0 0 0 0 0 0 0 0 0 0 0 
0 0 0 0 0 0 0 0 0 0 0 0 0 0 0 0 0.0514 2.798 4.0514 0.9804 0.1098 0.009 0 0 0 0 0 0 0 0 0 0 0 0 0.1714 1.6278 2.5768 1.2544 0.326 0.0414 0.0022 0 0 0 0 0 0 0 0 0 0 0.0022 0.145 0.8456 1.424 1.0684 0.4218 0.0852 0.0078 0 0 0 0 0 0 0 0 0 0 0.0014 0.0662 0.2678 0.5664 0.6084 0.3392 0.125 0.0256 0 0 0 0 0 0 0 0 0 0 0 0 0 0 0 0 0 0 0 0 0 0 0 
0 0 0 0 0 0 0 0 0 0 0 0 0 0 0 0 0.038 2.7034 4.2212 0.9306 0.0994 0.0074 0 0 0 0 0 0 0 0 0 0 0 0.0006 0.1378 1.5922 2.6374 1.3134 0.271 0.045 0.0026 0 0 0 0 0 0 0 0 0 0 0.0014 0.1364 0.8024 1.4778 1.066 0.4024 0.0966 0.0144 0.0026 0 0 0 0 0 0 0 0 0 0.0014 0.0602 0.274 0.5854 0.5806 0.3332 0.1214 0.0336 0.0102 0 0 0 0 0 0 0 0 0 0 0 0 0 0 0 0 0 0 0 0 0 0 
0 0 0 0 0 0 0 0 0 0 0 0 0 0 0 0 0.0414 2.7534 4.173 0.9116 0.0962 0.0174 0.002 0.0036 0.0014 0 0 0 0 0 0 0 0 0.002 0.1576 1.5912 2.6928 1.2506 0.2396 0.0564 0.0044 0.0028 0.0026 0 0 0 0 0 0 0 0 0.0034 0.124 0.8374 1.5074 1.091 0.3368 0.073 0.0112 0.0122 0.0036 0 0 0 0 0 0 0 0 0 0.039 0.2952 0.6054 0.5946 0.344 0.077 0.026 0.0086 0.0102 0 0 0 0 0 0 0 0 0 0 0 0 0 0 0 0 0 0 0 0 0 
0 0 0 0 0 0 0 0 0 0 0 0 0 0 0 0 0.0406 2.718 4.124 1.0086 0.101 0.0072 0.0006 0 0 0 0 0 0 0 0 0 0 0 0.1872 1.5702 2.4906 1.3916 0.3192 0.0388 0.0024 0 0 0 0 0 0 0 0 0 0 0.0022 0.1866 0.768 1.3434 1.1284 0.4696 0.0946 0.0072 0 0 0 0 0 0 0 0 0 0 0.003 0.0766 0.29 0.5222 0.5494 0.3704 0.1508 0.0348 0.0028 0 0 0 0 0 0 0 0 0 0 0 0 0 0 0 0 0 0 0 0 0 0 
0 0 0 0 0 0 0 0 0 0 0 0 0 0 0 0 0.036 2.74 4.2122 0.8822 0.1136 0.0126 0.0034 0 0 0 0 0 0 0 0 0 0 0.0008 0.1752 1.5838 2.6578 1.2308 0.2904 0.0522 0.009 0 0 0 0 0 0 0 0 0 0 0.0046 0.169 0.8094 1.4828 1.0274 0.3864 0.0848 0.0294 0.0062 0 0 0 0 0 0 0 0 0 0.0024 0.0792 0.2694 0.592 0.5636 0.3198 0.124 0.0294 0.0202 0 0 0 0 0 0 0 0 0 0 0 0 0 0 0 0 0 0 0 0 0 0 
0 0 0 0 0 0 0 0 0 0 0 0 0 0 0 0 0.0296 2.7806 4.2188 0.877 0.0916 0.0024 0 0 0 0 0 0 0 0 0 0 0 0.002 0.1638 1.6268 2.674 1.222 0.2728 0.0386 0 0 0 0 0 0 0 0 0 0 0 0.0068 0.1392 0.8484 1.4946 1.0212 0.3966 0.0862 0.007 0 0 0 0 0 0 0 0 0 0 0.0004 0.0718 0.2792 0.623 0.5624 0.3062 0.1288 0.0282 0 0 0 0 0 0 0 0 0 0 0 0 0 0 0 0 0 0 0 0 0 0 0 
0 0 0 0 0 0 0 0 0 0 0 0 0 0 0 0 0.0524 2.7266 4.1312 0.99 0.0918 0.008 0 0 0 0 0 0 0 0 0 0 0 0.0058 0.1868 1.5628 2.6786 1.2036 0.3032 0.0522 0.007 0 0 0 0 0 0 0 0 0 0 0.0132 0.1454 0.7904 1.5202 1.0236 0.3674 0.1128 0.027 0 0 0 0 0 0 0 0 0 0 0.0116 0.063 0.2656 0.6112 0.5612 0.3066 0.1186 0.0502 0.012 0 0 0 0 0 0 0 0 0 0 0 0 0 0 0 0 0 0 0 0 0 0 
0 0 0 0 0 0 0 0 0 0 0 0 0 0 0 0 0.0468 2.7688 4.2384 0.8708 0.065 0.0102 0 0 0 0 0 0 0 0 0 0 0 0 0.1164 1.6206 2.7876 1.2434 0.216 0.016 0 0 0 0 0 0 0 0 0 0 0 0.0008 0.0948 0.813 1.6674 1.0526 0.3014 0.0662 0.0038 0 0 0 0 0 0 0 0 0 0 0 0.0448 0.2556 0.6678 0.6512 0.269 0.0866 0.025 0 0 0 0 0 0 0 0 0 0 0 0 0 0 0 0 0 0 0 0 0 0 0 
0 0 0 0 0 0 0 0 0 0 0 0 0 0 0 0 0.05 2.8346 3.9562 1.0258 0.1256 0.0078 0 0 0 0 0 0 0 0 0 0 0 0 0.1558 1.6294 2.5808 1.3018 0.3028 0.0294 0 0 0 0 0 0 0 0 0 0 0 0.002 0.1208 0.8322 1.4206 1.1578 0.3798 0.0868 0 0 0 0 0 0 0 0 0 0 0 0 0.0462 0.2894 0.5704 0.5894 0.3698 0.1246 0.0102 0 0 0 0 0 0 0 0 0 0 0 0 0 0 0 0 0 0 0 0 0 0 0 
0 0 0 0 0 0 0 0 0 0 0 0 0 0 0 0 0.0402 2.7164 4.3532 0.8056 0.0628 0.0092 0.0066 0.0042 0.0018 0 0 0 0 0 0 0 0 0.0026 0.1284 1.6322 2.796 1.2114 0.187 0.0276 0.0084 0.002 0.0044 0 0 0 0 0 0 0 0 0.0032 0.1056 0.8946 1.5476 1.0424 0.3388 0.049 0.0072 0.0062 0.0054 0 0 0 0 0 0 0 0 0.0006 0.0464 0.3036 0.6496 0.5494 0.3356 0.0832 0.0176 0.0074 0.0038 0.0028 0 0 0 0 0 0 0 0 0 0 0 0 0 0 0 0 0 0 0 0 
0 0 0 0 0 0 0 0 0 0 0 0 0 0 0 0 0.022 2.7788 4.4112 0.7314 0.0566 0 0 0 0 0 0 0 0 0 0 0 0 0.0012 0.1116 1.7164 2.8354 1.1914 0.1394 0.0046 0 0 0 0 0 0 0 0 0 0 0 0 0.1032 0.9242 1.6028 1.0968 0.2508 0.0222 0 0 0 0 0 0 0 0 0 0 0 0 0.0374 0.3198 0.6444 0.6482 0.2958 0.05 0.0044 0 0 0 0 0 0 0 0 0 0 0 0 0 0 0 0 0 0 0 0 0 0 0 
0 0 0 0 0 0 0 0 0 0 0 0 0 0 0 0 0.053 2.7384 4.1034 0.9894 0.104 0.009 0.0028 0 0 0 0 0 0 0 0 0 0 0.0008 0.1884 1.6242 2.4974 1.311 0.3276 0.0402 0.0104 0 0 0 0 0 0 0 0 0 0 0.0018 0.1698 0.8288 1.4072 0.9914 0.478 0.1056 0.0174 0 0 0 0 0 0 0 0 0 0 0.0034 0.0664 0.328 0.5318 0.5084 0.3676 0.1456 0.044 0.0048 0 0 0 0 0 0 0 0 0 0 0 0 0 0 0 0 0 0 0 0 0 0 
0 0 0 0 0 0 0 0 0 0 0 0 0 0 0 0 0.0392 2.7746 4.093 0.9766 0.1058 0.0108 0 0 0 0 0 0 0 0 0 0 0 0.0006 0.165 1.6008 2.6226 1.2796 0.2942 0.0316 0.0036 0.002 0 0 0 0 0 0 0 0 0 0.0034 0.1274 0.7856 1.501 1.0984 0.4062 0.0696 0.0084 0 0 0 0 0 0 0 0 0 0 0.0018 0.0422 0.2678 0.5822 0.6216 0.3646 0.0964 0.0196 0.0038 0 0 0 0 0 0 0 0 0 0 0 0 0 0 0 0 0 0 0 0 0 0 
0 0 0 0 0 0 0 0 0 0 0 0 0 0 0 0 0.0444 2.684 4.2062 0.96 0.0896 0.0158 0 0 0 0 0 0 0 0 0 0 0 0.0006 0.1874 1.5592 2.5884 1.3108 0.2986 0.0498 0.0052 0 0 0 0 0 0 0 0 0 0 0.005 0.1754 0.8378 1.3348 1.079 0.4616 0.0978 0.0086 0 0 0 0 0 0 0 0 0 0 0.0052 0.0574 0.3362 0.515 0.5344 0.388 0.1344 0.0276 0.0018 0 0 0 0 0 0 0 0 0 0 0 0 0 0 0 0 0 0 0 0 0 0 
0 0 0 0 0 0 0 0 0 0 0 0 0 0 0 0 0.0366 2.726 4.1804 0.9568 0.0972 0.003 0 0 0 0 0 0 0 0 0 0 0 0 0.1434 1.5654 2.6972 1.2892 0.285 0.0198 0 0 0 0 0 0 0 0 0 0 0 0.0012 0.1174 0.8024 1.5376 1.0896 0.3856 0.0598 0.0064 0 0 0 0 0 0 0 0 0 0 0.0032 0.046 0.2834 0.5728 0.6218 0.348 0.0968 0.0242 0.0038 0 0 0 0 0 0 0 0 0 0 0 0 0 0 0 0 0 0 0 0 0 0 
0 0 0 0 0 0 0 0 0 0 0 0 0 0 0 0 0.0508 2.6766 4.1044 1.023 0.1272 0.018 0 0 0 0 0 0 0 0 0 0 0 0 0.1268 1.4882 2.6494 1.3836 0.2976 0.0532 0.0012 0 0 0 0 0 0 0 0 0 0 0.001 0.0908 0.7292 1.4602 1.2218 0.3908 0.085 0.0178 0.0034 0 0 0 0 0 0 0 0 0 0 0.0302 0.237 0.5784 0.6568 0.329 0.1248 0.0362 0.0076 0 0 0 0 0 0 0 0 0 0 0 0 0 0 0 0 0 0 0 0 0 0 
0 0 0 0 0 0 0 0 0 0 0 0 0 0 0 0 0.0548 2.6832 4.203 0.9234 0.126 0.0096 0 0 0 0 0 0 0 0 0 0 0 0.0006 0.1688 1.5514 2.6488 1.2188 0.3424 0.0638 0.0038 0.0016 0 0 0 0 0 0 0 0 0 0.005 0.1436 0.772 1.494 1.0326 0.4062 0.1146 0.0286 0.0034 0 0 0 0 0 0 0 0 0 0.0064 0.065 0.2378 0.6156 0.5696 0.3046 0.1548 0.0304 0.0094 0.0064 0 0 0 0 0 0 0 0 0 0 0 0 0 0 0 0 0 0 0 0 0 
0 0 0 0 0 0 0 0 0 0 0 0 0 0 0 0 0.0254 2.767 4.2534 0.8794 0.0704 0.003 0.0014 0 0 0 0 0 0 0 0 0 0 0 0.1322 1.6414 2.7212 1.2382 0.2398 0.0258 0.0014 0 0 0 0 0 0 0 0 0 0 0.001 0.1268 0.8672 1.4636 1.081 0.3856 0.0638 0.011 0 0 0 0 0 0 0 0 0 0 0.0008 0.0632 0.3162 0.5724 0.5828 0.3274 0.1124 0.0248 0 0 0 0 0 0 0 0 0 0 0 0 0 0 0 0 0 0 0 0 0 0 0 
0 0 0 0 0 0 0 0 0 0 0 0 0 0 0 0 0.0554 2.738 4.1926 0.8962 0.1108 0.007 0 0 0 0 0 0 0 0 0 0 0 0.0026 0.201 1.6358 2.5528 1.1952 0.332 0.0738 0.0068 0 0 0 0 0 0 0 0 0 0 0.0194 0.201 0.8612 1.3864 0.939 0.4072 0.1412 0.038 0.005 0.0016 0 0 0 0 0 0 0 0 0.0172 0.0854 0.3266 0.5548 0.4864 0.3088 0.1568 0.0426 0.0162 0.0034 0.0018 0 0 0 0 0 0 0 0 0 0 0 0 0 0 0 0 0 0 0 0 
0 0 0 0 0 0 0 0 0 0 0 0 0 0 0 0 0.0378 2.6718 4.2992 0.885 0.0888 0.0138 0.0036 0 0 0 0 0 0 0 0 0 0 0 0.1058 1.547 2.7686 1.285 0.24 0.0388 0.0148 0 0 0 0 0 0 0 0 0 0 0.0018 0.0988 0.8024 1.5032 1.0904 0.413 0.0658 0.02 0.0046 0 0 0 0 0 0 0 0 0 0 0.045 0.2834 0.5974 0.5772 0.3418 0.1156 0.0262 0.0106 0.0028 0 0 0 0 0 0 0 0 0 0 0 0 0 0 0 0 0 0 0 0 0 
0 0 0 0 0 0 0 0 0 0 0 0 0 0 0 0 0.0424 2.729 4.2302 0.8988 0.0866 0.013 0 0 0 0 0 0 0 0 0 0 0 0.0004 0.1536 1.6224 2.653 1.2592 0.2738 0.031 0.0066 0 0 0 0 0 0 0 0 0 0 0.002 0.1614 0.8664 1.4058 1.0506 0.4094 0.0902 0.0142 0 0 0 0 0 0 0 0 0 0 0.0082 0.0706 0.3352 0.516 0.535 0.3902 0.1032 0.0326 0.009 0 0 0 0 0 0 0 0 0 0 0 0 0 0 0 0 0 0 0 0 0 0 
0 0 0 0 0 0 0 0 0 0 0 0 0 0 0 0 0.0518 2.7282 4.1614 0.9644 0.0796 0.0146 0 0 0 0 0 0 0 0 0 0 0 0.0008 0.1676 1.601 2.6004 1.291 0.2958 0.0368 0.0066 0 0 0 0 0 0 0 0 0 0 0.0074 0.153 0.8356 1.4284 1.03 0.4202 0.1148 0.008 0.0026 0 0 0 0 0 0 0 0 0 0.0042 0.0642 0.3024 0.577 0.5252 0.3398 0.1392 0.0414 0.0066 0 0 0 0 0 0 0 0 0 0 0 0 0 0 0 0 0 0 0 0 0 0 
0 0 0 0 0 0 0 0 0 0 0 0 0 0 0 0 0.0324 2.7782 4.2704 0.8404 0.0786 0 0 0 0 0 0 0 0 0 0 0 0 0 0.1012 1.6428 2.836 1.1974 0.1946 0.021 0.006 0.001 0 0 0 0 0 0 0 0 0 0.0012 0.0958 0.8454 1.633 1.0378 0.321 0.051 0.014 0.0008 0 0 0 0 0 0 0 0 0 0 0.0474 0.313 0.6218 0.6128 0.3068 0.071 0.0174 0.0098 0 0 0 0 0 0 0 0 0 0 0 0 0 0 0 0 0 0 0 0 0 0 
0 0 0 0 0 0 0 0 0 0 0 0 0 0 0 0 0.0314 2.8032 4.2694 0.8198 0.0734 0.0028 0 0 0 0 0 0 0 0 0 0 0 0 0.111 1.6486 2.8404 1.2054 0.1798 0.0148 0 0 0 0 0 0 0 0 0 0 0 0 0.0914 0.8392 1.6876 1.0654 0.269 0.046 0.0014 0 0 0 0 0 0 0 0 0 0 0 0.033 0.3076 0.6464 0.614 0.3224 0.0678 0.0088 0 0 0 0 0 0 0 0 0 0 0 0 0 0 0 0 0 0 0 0 0 0 0 
0 0 0 0 0 0 0 0 0 0 0 0 0 0 0 0 0.0396 2.7296 4.246 0.8966 0.075 0.0132 0 0 0 0 0 0 0 0 0 0 0 0.001 0.1802 1.5786 2.5962 1.3212 0.2862 0.0336 0.003 0 0 0 0 0 0 0 0 0 0 0.004 0.1696 0.8152 1.4078 1.0748 0.422 0.095 0.0116 0 0 0 0 0 0 0 0 0 0 0.0068 0.0656 0.313 0.565 0.531 0.3458 0.1332 0.0382 0.0014 0 0 0 0 0 0 0 0 0 0 0 0 0 0 0 0 0 0 0 0 0 0 
0 0 0 0 0 0 0 0 0 0 0 0 0 0 0 0 0.0342 2.7296 4.1526 1.0106 0.068 0.005 0 0 0 0 0 0 0 0 0 0 0 0 0.1318 1.5632 2.6708 1.3348 0.2678 0.0236 0.0068 0.0012 0 0 0 0 0 0 0 0 0 0.005 0.1196 0.7958 1.4592 1.1676 0.3588 0.0694 0.0178 0.0068 0 0 0 0 0 0 0 0 0 0.0016 0.0444 0.2656 0.5782 0.67 0.3084 0.1038 0.0214 0.004 0.0026 0 0 0 0 0 0 0 0 0 0 0 0 0 0 0 0 0 0 0 0 0 
0 0 0 0 0 0 0 0 0 0 0 0 0 0 0 0 0.0534 2.737 4.1538 0.9392 0.0968 0.0154 0.0044 0 0 0 0 0 0 0 0 0 0 0.0008 0.172 1.6 2.704 1.1382 0.3294 0.0484 0.0072 0 0 0 0 0 0 0 0 0 0 0.006 0.1376 0.8386 1.5106 0.99 0.349 0.159 0.0092 0 0 0 0 0 0 0 0 0 0 0.0066 0.0554 0.3062 0.568 0.5932 0.272 0.1506 0.0394 0.0086 0 0 0 0 0 0 0 0 0 0 0 0 0 0 0 0 0 0 0 0 0 0 
0 0 0 0 0 0 0 0 0 0 0 0 0 0 0 0 0.0282 2.782 4.2798 0.8256 0.076 0.0084 0 0 0 0 0 0 0 0 0 0 0 0 0.1324 1.608 2.8656 1.1358 0.2228 0.0324 0.003 0 0 0 0 0 0 0 0 0 0 0.0014 0.1178 0.899 1.5398 1.01 0.3586 0.0546 0.0188 0 0 0 0 0 0 0 0 0 0 0.0006 0.0514 0.3208 0.6028 0.605 0.3034 0.0802 0.0236 0.008 0.0042 0 0 0 0 0 0 0 0 0 0 0 0 0 0 0 0 0 0 0 0 0 
0 0 0 0 0 0 0 0 0 0 0 0 0 0 0 0 0.0536 2.6952 4.1718 0.917 0.1306 0.0318 0 0 0 0 0 0 0 0 0 0 0 0.0028 0.202 1.5558 2.5378 1.2722 0.3404 0.0818 0.0072 0 0 0 0 0 0 0 0 0 0 0.008 0.1752 0.81 1.421 1.0192 0.3754 0.1476 0.0402 0.0034 0 0 0 0 0 0 0 0 0 0.0056 0.072 0.2828 0.5754 0.521 0.3456 0.1156 0.0574 0.0246 0 0 0 0 0 0 0 0 0 0 0 0 0 0 0 0 0 0 0 0 0 0 
0 0 0 0 0 0 0 0 0 0 0 0 0 0 0 0 0.0362 2.773 4.2142 0.8974 0.07 0.0064 0.0028 0 0 0 0 0 0 0 0 0 0 0.002 0.1372 1.6406 2.6726 1.274 0.223 0.0258 0.0226 0.0022 0 0 0 0 0 0 0 0 0 0.0104 0.1336 0.8266 1.5442 1.0348 0.3584 0.0638 0.0116 0.0084 0.0042 0.004 0 0 0 0 0 0 0.0008 0.0108 0.0522 0.2488 0.6604 0.6004 0.2992 0.088 0.0258 0.0052 0.0018 0.0022 0.0044 0 0 0 0 0 0 0 0 0 0 0 0 0 0 0 0 0 0 0 
0 0 0 0 0 0 0 0 0 0 0 0 0 0 0 0 0.038 2.7152 4.2278 0.9154 0.0938 0.0098 0 0 0 0 0 0 0 0 0 0 0 0.0012 0.136 1.6004 2.6776 1.2602 0.2776 0.043 0.004 0 0 0 0 0 0 0 0 0 0 0.0046 0.1262 0.822 1.4836 1.0902 0.3862 0.0794 0.0078 0 0 0 0 0 0 0 0 0 0 0 0.0594 0.2536 0.6234 0.5874 0.3448 0.0938 0.0342 0.0034 0 0 0 0 0 0 0 0 0 0 0 0 0 0 0 0 0 0 0 0 0 0 
0 0 0 0 0 0 0 0 0 0 0 0 0 0 0 0 0.037 2.8002 4.1168 0.961 0.076 0.009 0 0 0 0 0 0 0 0 0 0 0 0.0004 0.1306 1.6694 2.6106 1.31 0.2476 0.0274 0.004 0 0 0 0 0 0 0 0 0 0 0.0018 0.1284 0.8414 1.51 1.0606 0.3784 0.068 0.0114 0 0 0 0 0 0 0 0 0 0 0.0014 0.0482 0.276 0.6302 0.5636 0.3538 0.099 0.0278 0 0 0 0 0 0 0 0 0 0 0 0 0 0 0 0 0 0 0 0 0 0 0 
0 0 0 0 0 0 0 0 0 0 0 0 0 0 0 0 0.0552 2.6806 3.9824 1.1278 0.1348 0.0176 0.0016 0 0 0 0 0 0 0 0 0 0 0.0032 0.2044 1.5048 2.3914 1.4264 0.392 0.0672 0.0074 0.0032 0 0 0 0 0 0 0 0 0 0.0048 0.1588 0.7468 1.2944 1.1416 0.497 0.1218 0.0306 0.0042 0 0 0 0 0 0 0 0 0 0.0018 0.049 0.2796 0.4614 0.6132 0.3838 0.154 0.0424 0.0148 0 0 0 0 0 0 0 0 0 0 0 0 0 0 0 0 0 0 0 0 0 0 
0 0 0 0 0 0 0 0 0 0 0 0 0 0 0 0 0.0558 2.734 4.25 0.837 0.1106 0.012 0.0006 0 0 0 0 0 0 0 0 0 0 0.0014 0.1448 1.6102 2.712 1.2266 0.2614 0.0388 0.0048 0 0 0 0 0 0 0 0 0 0 0.0052 0.1372 0.8268 1.5178 1.0396 0.3742 0.0796 0.0196 0 0 0 0 0 0 0 0 0 0 0.0072 0.0504 0.328 0.5708 0.552 0.3544 0.1036 0.0272 0.0064 0 0 0 0 0 0 0 0 0 0 0 0 0 0 0 0 0 0 0 0 0 0 
0 0 0 0 0 0 0 0 0 0 0 0 0 0 0 0 0.0402 2.7278 4.1678 0.9544 0.106 0.0038 0 0 0 0 0 0 0 0 0 0 0 0.0014 0.1632 1.5888 2.6444 1.2486 0.3126 0.0402 0.0008 0 0 0 0 0 0 0 0 0 0 0.0032 0.1364 0.8006 1.5266 1.0132 0.4206 0.0892 0.0102 0 0 0 0 0 0 0 0 0 0 0.0012 0.0712 0.274 0.5914 0.5594 0.3262 0.136 0.0374 0.0032 0 0 0 0 0 0 0 0 0 0 0 0 0 0 0 0 0 0 0 0 0 0 
