0.03 0.09 0.15 0.21 0.27 0.33 0.39 0.45 0.51 0.57 0.63 0.69 0.75 0.81 0.87 0.93 0.99 1.05 1.11 1.17 1.23 1.29 1.35 1.41 1.47 1.53 1.59 1.65 1.71 1.77 1.83 1.89 1.95 2.01 2.07 2.13 2.19 2.25 2.31 2.37 2.43 2.49 2.55 2.61 2.67 2.73 2.79 2.85 2.91 2.97 3.03 3.09 3.15 3.21 3.27 3.33 3.39 3.45 3.51 3.57 3.63 3.69 3.75 3.81 3.87 3.93 3.99 4.05 4.11 4.17 4.23 4.29 4.35 4.41 4.47 4.53 4.59 4.65 4.71 4.77 4.83 4.89 4.95 5.01 5.07 5.13 5.19 5.25 5.31 5.37 5.43 5.49 5.55 5.61 5.67 5.73 5.79 5.85 5.91 5.97 
0 0 0 0 0 0 0 0 0 0 0 0 0 0 0 0 0.6498 7.8422 3.6934 0.3984 0.0152 0.0024 0 0 0 0 0 0 0 0 0 0 0 0.1422 2.8274 5.1884 2.2088 0.4008 0.032 0.0016 0 0 0 0 0 0 0 0 0 0 0.0354 0.855 3.1874 3.3364 1.3102 0.2504 0.0226 0.0036 0 0 0 0 0 0 0 0 0 0.0088 0.2334 1.2968 2.6042 2.0998 0.7896 0.1494 0.0188 0 0 0 0 0 0 0 0 0 0.0014 0.0536 0.3562 1.3014 1.7406 1.349 0.4886 0.099 0.0108 0 0 0 0 0 0 0 
0 0 0 0 0 0 0 0 0 0 0 0 0 0 0 0 0.7788 8.631 4.076 0.4752 0.038 0.001 0 0 0 0 0 0 0 0 0 0 0 0.1792 3.2098 5.6684 2.4054 0.4666 0.0666 0.004 0 0 0 0 0 0 0 0 0 0 0.0414 0.9252 3.6474 3.6082 1.393 0.3104 0.0684 0.006 0 0 0 0 0 0 0 0 0 0.0048 0.215 1.4736 3.023 2.2326 0.8044 0.2034 0.0416 0.0016 0 0 0 0 0 0 0 0 0.0008 0.0276 0.3964 1.3914 2.1656 1.3434 0.5188 0.1242 0.0274 0.0044 0 0 0 0 0 0 
0 0 0 0 0 0 0 0 0 0 0 0 0 0 0 0 0.816 8.7468 3.9576 0.4284 0.05 0.0012 0 0 0 0 0 0 0 0 0 0 0 0.1694 3.2578 5.7886 2.329 0.3912 0.0636 0.0004 0 0 0 0 0 0 0 0 0 0 0.0362 0.9364 3.7386 3.6904 1.318 0.235 0.045 0.0004 0 0 0 0 0 0 0 0 0 0.0054 0.2462 1.4606 3.1478 2.23 0.739 0.1482 0.0228 0 0 0 0 0 0 0 0 0 0 0.0364 0.4384 1.3884 2.254 1.3312 0.444 0.0978 0.0098 0 0 0 0 0 0 0 
0 0 0 0 0 0 0 0 0 0 0 0 0 0 0 0 0.6906 8.7456 4.1408 0.4014 0.0216 0 0 0 0 0 0 0 0 0 0 0 0 0.16 3.0986 5.8896 2.4086 0.4022 0.0398 0.0012 0 0 0 0 0 0 0 0 0 0 0.0286 0.8718 3.65 3.7266 1.4488 0.247 0.0272 0 0 0 0 0 0 0 0 0 0 0.0032 0.1708 1.5152 2.9932 2.3346 0.8256 0.148 0.0094 0 0 0 0 0 0 0 0 0 0 0.011 0.3502 1.4744 2.1124 1.4488 0.5122 0.081 0.01 0 0 0 0 0 0 0 
0 0 0 0 0 0 0 0 0 0 0 0 0 0 0 0.0002 0.684 8.8504 3.9938 0.4436 0.0272 0.0008 0 0 0 0 0 0 0 0 0 0 0.0004 0.1402 3.2082 5.7476 2.4054 0.4422 0.0532 0.0028 0 0 0 0 0 0 0 0 0 0 0.0308 0.8406 3.7664 3.5736 1.4452 0.3062 0.036 0.0012 0 0 0 0 0 0 0 0 0 0.0032 0.1494 1.5148 3.018 2.2784 0.8662 0.1428 0.0242 0.003 0 0 0 0 0 0 0 0 0 0.0116 0.3216 1.5204 2.0884 1.4676 0.4774 0.0888 0.022 0.0022 0 0 0 0 0 0 
0 0 0 0 0 0 0 0 0 0 0 0 0 0 0 0 0.77 8.5712 4.1874 0.444 0.025 0.0024 0 0 0 0 0 0 0 0 0 0 0 0.1334 3.0194 5.9054 2.462 0.4288 0.0478 0.0032 0 0 0 0 0 0 0 0 0 0 0.0276 0.8124 3.615 3.797 1.4508 0.2548 0.0404 0.002 0 0 0 0 0 0 0 0 0 0.0038 0.1674 1.3038 3.1622 2.3628 0.8044 0.1696 0.026 0 0 0 0 0 0 0 0 0 0 0.0208 0.2966 1.388 2.2226 1.4658 0.4702 0.1196 0.0164 0 0 0 0 0 0 0 
0 0 0 0 0 0 0 0 0 0 0 0 0 0 0 0 0.71 8.749 4.1014 0.4066 0.0316 0.0014 0 0 0 0 0 0 0 0 0 0 0 0.1296 3.0268 5.975 2.402 0.43 0.0296 0.007 0 0 0 0 0 0 0 0 0 0 0.0218 0.8226 3.7284 3.6786 1.4218 0.2846 0.0362 0.006 0 0 0 0 0 0 0 0 0 0.002 0.1866 1.4588 2.9748 2.3622 0.8254 0.1542 0.0314 0.0046 0 0 0 0 0 0 0 0 0 0.023 0.3826 1.3868 2.1072 1.4638 0.5018 0.1074 0.0208 0.0066 0 0 0 0 0 0 
0 0 0 0 0 0 0 0 0 0 0 0 0 0 0 0 0.7204 8.7068 4.1008 0.4236 0.0426 0.0058 0 0 0 0 0 0 0 0 0 0 0.0002 0.1404 3.1328 5.813 2.471 0.3774 0.062 0.0032 0 0 0 0 0 0 0 0 0 0 0.0298 0.8104 3.6964 3.722 1.4018 0.2916 0.0464 0.0016 0 0 0 0 0 0 0 0 0 0.0028 0.1588 1.4806 3.0126 2.2748 0.8548 0.1742 0.0414 0 0 0 0 0 0 0 0 0 0 0.0246 0.3586 1.4444 2.0876 1.4 0.5216 0.1502 0.013 0 0 0 0 0 0 0 
0 0 0 0 0 0 0 0 0 0 0 0 0 0 0 0 0.6916 8.8084 4.0558 0.423 0.0212 0 0 0 0 0 0 0 0 0 0 0 0.001 0.1598 3.0708 5.9182 2.3726 0.433 0.0446 0 0 0 0 0 0 0 0 0 0 0.0018 0.0478 0.8572 3.6442 3.8072 1.3312 0.2782 0.0294 0.003 0 0 0 0 0 0 0 0 0.0012 0.0138 0.1976 1.3692 3.124 2.388 0.7168 0.1572 0.0278 0.0044 0 0 0 0 0 0 0 0 0.0096 0.0396 0.2902 1.3964 2.2932 1.43 0.418 0.0898 0.0288 0.0044 0 0 0 0 0 0 
0 0 0 0 0 0 0 0 0 0 0 0 0 0 0 0 0.8662 8.4416 4.1048 0.5332 0.0542 0 0 0 0 0 0 0 0 0 0 0 0.0006 0.1792 3.087 5.7362 2.4326 0.4902 0.0658 0.0084 0 0 0 0 0 0 0 0 0 0 0.041 0.8982 3.5302 3.7606 1.387 0.3334 0.0464 0.0032 0 0 0 0 0 0 0 0 0 0.0044 0.2016 1.2892 3.1156 2.3664 0.8076 0.189 0.0226 0.0036 0 0 0 0 0 0 0 0 0 0.0326 0.3052 1.3278 2.2158 1.5076 0.4998 0.0954 0.0158 0 0 0 0 0 0 0 
0 0 0 0 0 0 0 0 0 0 0 0 0 0 0 0 0.8008 8.5418 4.237 0.3948 0.0226 0.003 0 0 0 0 0 0 0 0 0 0 0 0.167 3.0686 5.7778 2.5292 0.4216 0.0296 0.0062 0 0 0 0 0 0 0 0 0 0 0.0352 0.92 3.5396 3.7398 1.453 0.2764 0.033 0.003 0 0 0 0 0 0 0 0 0 0.0066 0.2476 1.4526 2.8858 2.3432 0.8524 0.1878 0.022 0.002 0 0 0 0 0 0 0 0 0 0.049 0.4038 1.3732 2.0584 1.3934 0.5942 0.1064 0.0204 0.0012 0 0 0 0 0 0 
0 0 0 0 0 0 0 0 0 0 0 0 0 0 0 0 0.8234 8.5792 4.0664 0.4754 0.0406 0.0126 0.0024 0 0 0 0 0 0 0 0 0 0.0026 0.2268 3.1242 5.6162 2.4848 0.4716 0.0598 0.009 0.005 0 0 0 0 0 0 0 0 0 0.0754 0.9738 3.462 3.659 1.4596 0.315 0.0452 0.0062 0.0038 0 0 0 0 0 0 0 0 0.019 0.2694 1.4006 2.9112 2.297 0.848 0.2126 0.035 0.0056 0.0016 0 0 0 0 0 0 0 0.0006 0.0626 0.4438 1.3102 2.0596 1.4072 0.5232 0.1516 0.0358 0.0054 0 0 0 0 0 0 
0 0 0 0 0 0 0 0 0 0 0 0 0 0 0 0 0.7582 8.6446 4.1622 0.4204 0.0146 0 0 0 0 0 0 0 0 0 0 0 0 0.191 3.073 5.7816 2.4624 0.4662 0.0248 0.001 0 0 0 0 0 0 0 0 0 0 0.05 0.9254 3.5578 3.6756 1.4654 0.3026 0.0232 0 0 0 0 0 0 0 0 0 0 0.0054 0.2424 1.4776 2.8348 2.386 0.835 0.205 0.0138 0 0 0 0 0 0 0 0 0 0 0.033 0.4726 1.3326 2.0734 1.3952 0.55 0.1322 0.011 0 0 0 0 0 0 0 
0 0 0 0 0 0 0 0 0 0 0 0 0 0 0 0 0.7712 8.4604 4.2206 0.5044 0.0434 0 0 0 0 0 0 0 0 0 0 0 0 0.172 3.0358 5.5918 2.5998 0.5352 0.0574 0.008 0 0 0 0 0 0 0 0 0 0 0.0346 0.9032 3.3608 3.6598 1.6016 0.3808 0.0504 0.0072 0.0016 0 0 0 0 0 0 0 0 0.0018 0.2442 1.3618 2.7432 2.3684 1.0116 0.2196 0.0408 0.0086 0 0 0 0 0 0 0 0 0 0.0322 0.412 1.2986 1.9368 1.4414 0.6934 0.16 0.0224 0.0032 0 0 0 0 0 0 
0 0 0 0 0 0 0 0 0 0 0 0 0 0 0 0 0.7754 8.565 4.1394 0.4846 0.0338 0.0018 0 0 0 0 0 0 0 0 0 0 0 0.1786 3.107 5.6978 2.4568 0.4822 0.0708 0.0068 0 0 0 0 0 0 0 0 0 0 0.0482 0.9242 3.5066 3.6516 1.4602 0.3424 0.0608 0.006 0 0 0 0 0 0 0 0 0 0.0144 0.225 1.3854 2.9742 2.2338 0.909 0.1996 0.0526 0.006 0 0 0 0 0 0 0 0 0.0042 0.0378 0.3412 1.4202 2.081 1.3924 0.5148 0.1692 0.0304 0.0088 0 0 0 0 0 0 
0 0 0 0 0 0 0 0 0 0 0 0 0 0 0 0 0.6844 8.808 4.1128 0.3826 0.0092 0.003 0 0 0 0 0 0 0 0 0 0 0 0.1336 3.072 5.9654 2.4446 0.3558 0.0238 0.0038 0.001 0 0 0 0 0 0 0 0 0 0.0332 0.8578 3.6386 3.8068 1.4134 0.231 0.0136 0.0026 0.003 0 0 0 0 0 0 0 0 0.009 0.163 1.484 3.0406 2.3162 0.839 0.135 0.008 0.0022 0.003 0 0 0 0 0 0 0 0.0012 0.0192 0.3946 1.4422 2.0964 1.4358 0.5078 0.089 0.007 0.006 0.0008 0 0 0 0 0 
0 0 0 0 0 0 0 0 0 0 0 0 0 0 0 0 0.8302 8.5156 4.1894 0.4376 0.0246 0.0026 0 0 0 0 0 0 0 0 0 0 0 0.1706 3.0704 5.823 2.4602 0.4412 0.032 0.0026 0 0 0 0 0 0 0 0 0 0 0.042 0.8762 3.5506 3.869 1.369 0.2732 0.0178 0.0022 0 0 0 0 0 0 0 0 0 0.0136 0.1806 1.3594 3.0826 2.4274 0.7774 0.1406 0.0154 0.003 0 0 0 0 0 0 0 0 0.0042 0.034 0.305 1.3946 2.2268 1.4818 0.4594 0.0832 0.0086 0.0024 0 0 0 0 0 0 
0 0 0 0 0 0 0 0 0 0 0 0 0 0 0 0 0.8538 8.5026 4.1302 0.4824 0.03 0.001 0 0 0 0 0 0 0 0 0 0 0 0.1752 3.0578 5.8404 2.4362 0.438 0.05 0.0024 0 0 0 0 0 0 0 0 0 0 0.0456 0.8904 3.5954 3.6086 1.5344 0.2896 0.0322 0.0038 0 0 0 0 0 0 0 0 0 0.0016 0.216 1.4244 2.9526 2.2986 0.9026 0.1852 0.0162 0.0028 0 0 0 0 0 0 0 0 0 0.0328 0.379 1.41 2.048 1.4576 0.5338 0.1274 0.0114 0 0 0 0 0 0 0 
0 0 0 0 0 0 0 0 0 0 0 0 0 0 0 0.0004 0.7322 8.614 4.1674 0.4404 0.0436 0.002 0 0 0 0 0 0 0 0 0 0 0 0.1852 3.154 5.638 2.4628 0.5018 0.049 0.0092 0 0 0 0 0 0 0 0 0 0 0.041 1.028 3.4218 3.6502 1.467 0.3338 0.046 0.0122 0 0 0 0 0 0 0 0 0 0.0058 0.2702 1.5134 2.766 2.2746 0.8914 0.2374 0.0334 0.0044 0.0034 0 0 0 0 0 0 0 0 0.0424 0.4646 1.4076 1.8804 1.4438 0.5618 0.1582 0.0344 0.0068 0 0 0 0 0 0 
0 0 0 0 0 0 0 0 0 0 0 0 0 0 0 0 0.7892 8.6184 4.1572 0.42 0.0152 0 0 0 0 0 0 0 0 0 0 0 0 0.1718 3.1586 5.7376 2.5022 0.3878 0.042 0 0 0 0 0 0 0 0 0 0 0 0.0438 0.936 3.5512 3.6782 1.5052 0.2602 0.0254 0 0 0 0 0 0 0 0 0 0 0.0114 0.2538 1.5228 2.7848 2.3512 0.8868 0.1764 0.012 0.0008 0 0 0 0 0 0 0 0 0.0018 0.0574 0.4646 1.3638 1.9442 1.4746 0.566 0.116 0.0116 0 0 0 0 0 0 0 
0 0 0 0 0 0 0 0 0 0 0 0 0 0 0 0 0.7574 8.7398 4.018 0.454 0.0272 0.0036 0 0 0 0 0 0 0 0 0 0 0 0.1582 3.2088 5.7218 2.4612 0.4048 0.0402 0.005 0 0 0 0 0 0 0 0 0 0 0.0276 0.9592 3.6176 3.6478 1.431 0.285 0.0318 0 0 0 0 0 0 0 0 0 0 0.004 0.1978 1.5256 2.9294 2.331 0.8312 0.1556 0.0254 0 0 0 0 0 0 0 0 0 0 0.0308 0.393 1.4518 2.0458 1.4848 0.4818 0.0926 0.0174 0.002 0 0 0 0 0 0 
0 0 0 0 0 0 0 0 0 0 0 0 0 0 0 0 0.8142 8.5046 4.1812 0.4628 0.0318 0.0054 0 0 0 0 0 0 0 0 0 0 0 0.177 3.0844 5.7312 2.4846 0.4624 0.0486 0.0118 0 0 0 0 0 0 0 0 0 0 0.042 0.9268 3.4954 3.669 1.5018 0.3114 0.049 0.0046 0 0 0 0 0 0 0 0 0 0.0102 0.2184 1.4592 2.835 2.3678 0.8552 0.2172 0.0362 0.0008 0 0 0 0 0 0 0 0 0.0008 0.0332 0.3762 1.4356 1.9976 1.4302 0.5414 0.1694 0.0156 0 0 0 0 0 0 0 
0 0 0 0 0 0 0 0 0 0 0 0 0 0 0 0 0.7626 8.5208 4.1654 0.5062 0.0436 0.0014 0 0 0 0 0 0 0 0 0 0 0.0002 0.1554 3.0816 5.5876 2.603 0.517 0.0512 0.004 0 0 0 0 0 0 0 0 0 0 0.0254 0.8794 3.4612 3.636 1.6408 0.3174 0.0352 0.0046 0 0 0 0 0 0 0 0 0 0.0024 0.1878 1.3508 2.8964 2.388 0.9748 0.1838 0.0128 0.0032 0 0 0 0 0 0 0 0 0 0.0176 0.3398 1.3398 1.993 1.58 0.618 0.1028 0.0076 0.0014 0 0 0 0 0 0 
0 0 0 0 0 0 0 0 0 0 0 0 0 0 0 0.0004 0.679 8.9068 3.9952 0.3902 0.0218 0.002 0.0046 0 0 0 0 0 0 0 0 0 0 0.115 3.1952 5.911 2.4044 0.3536 0.0102 0.0032 0.0038 0.0036 0 0 0 0 0 0 0 0 0.0208 0.8212 3.798 3.7826 1.372 0.178 0.0156 0.0056 0.0062 0 0 0 0 0 0 0 0 0 0.1738 1.4638 3.1374 2.377 0.729 0.099 0.0124 0.0046 0.003 0 0 0 0 0 0 0 0 0.0192 0.3404 1.5112 2.1744 1.4534 0.4086 0.077 0.0106 0.0042 0.001 0 0 0 0 0 
0 0 0 0 0 0 0 0 0 0 0 0 0 0 0 0 0.7516 8.6846 4.1152 0.4102 0.0384 0 0 0 0 0 0 0 0 0 0 0 0.0004 0.1782 3.0808 5.8848 2.412 0.3838 0.0552 0.0048 0 0 0 0 0 0 0 0 0 0.0006 0.0412 0.8978 3.6198 3.7284 1.4048 0.2744 0.0312 0.0018 0 0 0 0 0 0 0 0 0 0.0116 0.2094 1.4994 2.8964 2.385 0.8002 0.1768 0.0212 0 0 0 0 0 0 0 0 0 0 0.0434 0.402 1.487 1.9406 1.5054 0.4854 0.1192 0.017 0 0 0 0 0 0 0 
0 0 0 0 0 0 0 0 0 0 0 0 0 0 0 0 0.73 8.7262 4.059 0.4582 0.0266 0 0 0 0 0 0 0 0 0 0 0 0 0.171 3.1852 5.666 2.5048 0.4408 0.0306 0.0016 0 0 0 0 0 0 0 0 0 0 0.034 0.9146 3.6544 3.6448 1.4256 0.305 0.0216 0 0 0 0 0 0 0 0 0 0 0.003 0.2248 1.4864 2.9416 2.319 0.824 0.1854 0.0158 0 0 0 0 0 0 0 0 0 0 0.0376 0.4134 1.3778 2.0894 1.4686 0.4768 0.1234 0.013 0 0 0 0 0 0 0 
0 0 0 0 0 0 0 0 0 0 0 0 0 0 0 0 0.7312 8.59 4.2162 0.427 0.0352 0.0004 0 0 0 0 0 0 0 0 0 0 0 0.131 3.0844 5.7872 2.5292 0.4204 0.0452 0.0026 0 0 0 0 0 0 0 0 0 0 0.0254 0.8378 3.5782 3.7176 1.5306 0.2784 0.0314 0.0006 0 0 0 0 0 0 0 0 0 0.0026 0.1642 1.381 3.0232 2.361 0.8894 0.1668 0.0118 0 0 0 0 0 0 0 0 0 0 0.0218 0.3564 1.317 2.1674 1.4838 0.547 0.1038 0.0028 0 0 0 0 0 0 0 
0 0 0 0 0 0 0 0 0 0 0 0 0 0 0 0 0.7202 8.6604 4.1878 0.4066 0.0204 0.0046 0 0 0 0 0 0 0 0 0 0 0 0.143 3.0794 5.8432 2.4576 0.4306 0.0414 0.0048 0 0 0 0 0 0 0 0 0 0 0.0308 0.8752 3.6006 3.679 1.4912 0.2794 0.0412 0.0026 0 0 0 0 0 0 0 0 0 0.0054 0.2212 1.4186 2.9366 2.3182 0.9042 0.1752 0.0192 0.0014 0 0 0 0 0 0 0 0 0.0018 0.0374 0.3722 1.387 2.0102 1.5262 0.5362 0.1158 0.0132 0 0 0 0 0 0 0 
0 0 0 0 0 0 0 0 0 0 0 0 0 0 0 0 0.7802 8.6764 4.1012 0.4202 0.022 0 0 0 0 0 0 0 0 0 0 0 0 0.1648 3.1032 5.8358 2.4812 0.378 0.034 0.003 0 0 0 0 0 0 0 0 0 0 0.0426 0.8726 3.6364 3.7536 1.4138 0.2544 0.0234 0.0032 0 0 0 0 0 0 0 0 0 0.0102 0.2106 1.4604 2.9766 2.3458 0.8156 0.1584 0.0198 0.0026 0 0 0 0 0 0 0 0 0 0.0408 0.4 1.41 2.0754 1.4826 0.4588 0.114 0.0152 0.0032 0 0 0 0 0 0 
0 0 0 0 0 0 0 0 0 0 0 0 0 0 0 0 0.7532 8.7996 4.0434 0.3676 0.0306 0.0024 0.0032 0 0 0 0 0 0 0 0 0 0 0.1614 3.2806 5.7976 2.3522 0.3586 0.0426 0.004 0.003 0 0 0 0 0 0 0 0 0 0.0278 1.0304 3.717 3.6234 1.3152 0.2528 0.0262 0.0056 0.0016 0 0 0 0 0 0 0 0 0.0022 0.228 1.646 2.9518 2.2424 0.7592 0.1544 0.0122 0.0038 0 0 0 0 0 0 0 0 0 0.034 0.4544 1.5022 2.041 1.4128 0.459 0.0864 0.0088 0.0014 0 0 0 0 0 0 
0 0 0 0 0 0 0 0 0 0 0 0 0 0 0 0 0.7232 8.746 4.1472 0.3668 0.0168 0 0 0 0 0 0 0 0 0 0 0 0 0.127 2.965 6.1164 2.4184 0.347 0.0248 0.0014 0 0 0 0 0 0 0 0 0 0 0.0294 0.7666 3.717 3.8628 1.404 0.1922 0.028 0 0 0 0 0 0 0 0 0 0 0.007 0.1698 1.355 3.2054 2.2996 0.8222 0.124 0.017 0 0 0 0 0 0 0 0 0 0.0018 0.0364 0.3206 1.429 2.1924 1.4322 0.4824 0.0942 0.011 0 0 0 0 0 0 0 
0 0 0 0 0 0 0 0 0 0 0 0 0 0 0 0 0.7766 8.6038 4.1426 0.4156 0.0464 0.0114 0.0036 0 0 0 0 0 0 0 0 0 0 0.196 3.1652 5.613 2.4946 0.4542 0.0594 0.01 0.0076 0 0 0 0 0 0 0 0 0 0.047 1.0206 3.4856 3.609 1.458 0.308 0.0562 0.0096 0.006 0 0 0 0 0 0 0 0 0.0042 0.2614 1.5474 2.7788 2.268 0.888 0.1896 0.0496 0.0112 0.0018 0 0 0 0 0 0 0 0 0.0332 0.4948 1.4144 1.8686 1.4366 0.5696 0.1334 0.0412 0.0082 0 0 0 0 0 0 
0 0 0 0 0 0 0 0 0 0 0 0 0 0 0 0 0.8616 8.3804 4.1632 0.5568 0.0358 0.0022 0 0 0 0 0 0 0 0 0 0 0 0.2158 3.2256 5.3494 2.5556 0.5778 0.0658 0.01 0 0 0 0 0 0 0 0 0 0.0012 0.0554 1.0656 3.4128 3.4052 1.6196 0.37 0.0616 0.0086 0 0 0 0 0 0 0 0 0 0.0106 0.305 1.4848 2.6694 2.247 1.0088 0.2226 0.048 0.0038 0 0 0 0 0 0 0 0 0.0008 0.0674 0.4504 1.339 1.854 1.4664 0.6524 0.1288 0.0346 0.0062 0 0 0 0 0 0 
0 0 0 0 0 0 0 0 0 0 0 0 0 0 0 0 0.793 8.544 4.2058 0.4266 0.0288 0.0018 0 0 0 0 0 0 0 0 0 0 0 0.1538 3.1008 5.7764 2.494 0.444 0.031 0 0 0 0 0 0 0 0 0 0 0 0.037 0.8564 3.607 3.686 1.4706 0.322 0.0204 0.0006 0 0 0 0 0 0 0 0 0 0.008 0.2164 1.4236 2.9272 2.3432 0.8752 0.1956 0.0108 0 0 0 0 0 0 0 0 0 0 0.0412 0.3952 1.3556 2.0628 1.4198 0.6216 0.096 0.0078 0 0 0 0 0 0 0 
0 0 0 0 0 0 0 0 0 0 0 0 0 0 0 0 0.7446 8.5664 4.1508 0.5044 0.0296 0.0016 0.0026 0 0 0 0 0 0 0 0 0 0 0.1484 3.0582 5.7504 2.4776 0.5066 0.054 0.0038 0.001 0 0 0 0 0 0 0 0 0 0.0234 0.8262 3.5842 3.6882 1.4868 0.3334 0.057 0.0008 0 0 0 0 0 0 0 0 0 0.0004 0.178 1.3418 3.0502 2.273 0.9172 0.2112 0.0282 0 0 0 0 0 0 0 0 0 0 0.0216 0.2962 1.4038 2.1114 1.4572 0.5568 0.1334 0.0196 0 0 0 0 0 0 0 
0 0 0 0 0 0 0 0 0 0 0 0 0 0 0 0 0.7312 8.8118 4.0468 0.3754 0.0332 0.0016 0 0 0 0 0 0 0 0 0 0 0 0.152 3.2802 5.8078 2.3446 0.3698 0.0402 0.0054 0 0 0 0 0 0 0 0 0 0 0.0274 0.9442 3.7414 3.6592 1.3684 0.231 0.0246 0.0038 0 0 0 0 0 0 0 0 0 0.0036 0.2004 1.5396 3.1002 2.2456 0.7888 0.105 0.0168 0 0 0 0 0 0 0 0 0 0 0.029 0.379 1.5224 2.1108 1.4242 0.448 0.083 0.0036 0 0 0 0 0 0 0 
0 0 0 0 0 0 0 0 0 0 0 0 0 0 0 0 0.817 8.4912 4.2204 0.4286 0.0368 0.006 0 0 0 0 0 0 0 0 0 0 0 0.181 3.0552 5.7554 2.5294 0.42 0.047 0.0094 0.0026 0 0 0 0 0 0 0 0 0.0004 0.0566 0.9154 3.4404 3.7864 1.441 0.3066 0.042 0.0094 0.0018 0 0 0 0 0 0 0 0 0.0168 0.2382 1.3356 2.9588 2.3894 0.8422 0.175 0.037 0.007 0 0 0 0 0 0 0 0 0.0038 0.0606 0.396 1.296 2.083 1.4764 0.5362 0.1138 0.0326 0.0016 0 0 0 0 0 0 
0 0 0 0 0 0 0 0 0 0 0 0 0 0 0 0 0.7602 8.692 4.0602 0.4636 0.024 0 0 0 0 0 0 0 0 0 0 0 0 0.1768 3.2228 5.7126 2.4236 0.4262 0.038 0 0 0 0 0 0 0 0 0 0 0 0.0362 1.036 3.5356 3.7078 1.3802 0.2722 0.032 0 0 0 0 0 0 0 0 0 0 0.011 0.2508 1.529 2.9486 2.2642 0.8038 0.1758 0.0168 0 0 0 0 0 0 0 0 0 0.0036 0.0284 0.4692 1.422 2.081 1.4012 0.4598 0.122 0.0124 0.0004 0 0 0 0 0 0 
0 0 0 0 0 0 0 0 0 0 0 0 0 0 0 0 0.7104 8.758 4.0534 0.4444 0.0304 0.0034 0 0 0 0 0 0 0 0 0 0 0 0.1382 3.0616 5.9826 2.3658 0.3944 0.0508 0.005 0.0016 0 0 0 0 0 0 0 0 0 0.0172 0.7948 3.74 3.8326 1.3038 0.2556 0.0504 0.0056 0 0 0 0 0 0 0 0 0 0.0002 0.1406 1.3756 3.235 2.3874 0.6614 0.157 0.0296 0.0132 0 0 0 0 0 0 0 0 0 0.0206 0.2638 1.4478 2.3498 1.4158 0.374 0.0896 0.0242 0.013 0.0014 0 0 0 0 0 
0 0 0 0 0 0 0 0 0 0 0 0 0 0 0 0 0.7122 8.9188 3.9544 0.3934 0.0202 0.001 0 0 0 0 0 0 0 0 0 0 0 0.1102 3.2142 5.9832 2.311 0.3502 0.0298 0.001 0.0004 0 0 0 0 0 0 0 0 0 0.0194 0.7806 3.8968 3.7958 1.2608 0.2306 0.0138 0.0012 0.001 0 0 0 0 0 0 0 0 0.0028 0.159 1.4382 3.2614 2.3104 0.7118 0.109 0.0062 0.0012 0 0 0 0 0 0 0 0 0 0.0218 0.324 1.4578 2.3452 1.4052 0.3796 0.0642 0.0022 0 0 0 0 0 0 0 
0 0 0 0 0 0 0 0 0 0 0 0 0 0 0 0 0.7124 8.7584 4.0434 0.4478 0.0362 0.0018 0 0 0 0 0 0 0 0 0 0 0 0.1604 3.0508 5.8124 2.5044 0.4298 0.0422 0 0 0 0 0 0 0 0 0 0 0 0.0354 0.8496 3.6192 3.7108 1.491 0.2774 0.0166 0 0 0 0 0 0 0 0 0 0 0.0064 0.19 1.3848 3.0344 2.308 0.8924 0.177 0.007 0 0 0 0 0 0 0 0 0 0 0.0308 0.3474 1.3758 2.171 1.4212 0.5234 0.1282 0.0022 0 0 0 0 0 0 0 
0 0 0 0 0 0 0 0 0 0 0 0 0 0 0 0 0.7454 8.6866 4.1532 0.3914 0.0234 0 0 0 0 0 0 0 0 0 0 0 0 0.1194 3.1354 5.9014 2.424 0.3744 0.0454 0 0 0 0 0 0 0 0 0 0 0 0.025 0.9028 3.572 3.7928 1.3984 0.271 0.0368 0.0012 0 0 0 0 0 0 0 0 0 0.0064 0.192 1.4414 2.966 2.3932 0.8002 0.1768 0.0228 0.0012 0 0 0 0 0 0 0 0 0 0.0396 0.4052 1.3932 2.0332 1.5036 0.4922 0.1142 0.0174 0.0014 0 0 0 0 0 0 
0 0 0 0 0 0 0 0 0 0 0 0 0 0 0 0 0.7858 8.6166 4.0636 0.501 0.0282 0.0038 0.001 0 0 0 0 0 0 0 0 0 0 0.137 3.247 5.6994 2.4002 0.4524 0.0558 0.0082 0 0 0 0 0 0 0 0 0 0 0.0336 0.887 3.6598 3.6746 1.4034 0.3 0.033 0.006 0.0026 0 0 0 0 0 0 0 0 0.005 0.1848 1.4154 3.0946 2.306 0.8078 0.16 0.0212 0.0052 0 0 0 0 0 0 0 0 0 0.0236 0.3278 1.3738 2.263 1.4302 0.4948 0.0758 0.0098 0.0012 0 0 0 0 0 0 
0 0 0 0 0 0 0 0 0 0 0 0 0 0 0 0 0.712 8.617 4.222 0.4052 0.0394 0.0044 0 0 0 0 0 0 0 0 0 0 0 0.1428 3.205 5.5144 2.6626 0.4184 0.045 0.0098 0.002 0 0 0 0 0 0 0 0 0 0.0248 1.027 3.4112 3.6054 1.5832 0.3132 0.0236 0.0092 0.0024 0 0 0 0 0 0 0 0 0.0034 0.222 1.617 2.6386 2.2948 0.9936 0.2048 0.0204 0.0054 0 0 0 0 0 0 0 0 0 0.0346 0.4728 1.4046 1.8314 1.459 0.6282 0.1396 0.0286 0.0012 0 0 0 0 0 0 
0 0 0 0 0 0 0 0 0 0 0 0 0 0 0 0 0.7134 8.7958 4.0452 0.4082 0.0364 0.001 0 0 0 0 0 0 0 0 0 0 0 0.1542 3.1444 5.9516 2.286 0.4156 0.0456 0.0026 0 0 0 0 0 0 0 0 0 0 0.0374 0.9 3.7032 3.7596 1.2514 0.311 0.0342 0.0032 0 0 0 0 0 0 0 0 0 0.008 0.2142 1.4916 3.0676 2.2568 0.742 0.193 0.0228 0.004 0 0 0 0 0 0 0 0 0.0022 0.0378 0.3972 1.469 2.1228 1.3706 0.4588 0.1094 0.0268 0.0054 0 0 0 0 0 0 
0 0 0 0 0 0 0 0 0 0 0 0 0 0 0 0 0.7694 8.594 4.1096 0.4894 0.0288 0.0046 0.0034 0.0008 0 0 0 0 0 0 0 0 0 0.15 3.0648 5.8084 2.497 0.4218 0.044 0.0068 0.0072 0 0 0 0 0 0 0 0 0 0.03 0.8386 3.601 3.7344 1.4744 0.2754 0.0318 0.009 0.0054 0 0 0 0 0 0 0 0 0.0016 0.16 1.4138 3.0484 2.3288 0.8586 0.148 0.0296 0.0068 0.0032 0.0012 0 0 0 0 0 0 0 0.0174 0.368 1.3852 2.0556 1.5374 0.5032 0.0886 0.0314 0.0074 0.0058 0 0 0 0 0 
0 0 0 0 0 0 0 0 0 0 0 0 0 0 0 0 0.757 8.8156 4.023 0.3704 0.0284 0.0042 0.0014 0 0 0 0 0 0 0 0 0 0.0012 0.1554 3.207 5.894 2.3644 0.3382 0.035 0.0048 0 0 0 0 0 0 0 0 0 0 0.0338 0.9832 3.6048 3.7728 1.3534 0.2088 0.0408 0.0024 0 0 0 0 0 0 0 0 0 0.01 0.2526 1.5232 2.976 2.3074 0.7538 0.1446 0.0324 0 0 0 0 0 0 0 0 0 0.0028 0.0502 0.4694 1.5002 1.9858 1.3694 0.4758 0.1162 0.0284 0.0018 0 0 0 0 0 0 
0 0 0 0 0 0 0 0 0 0 0 0 0 0 0 0 0.7344 8.6636 4.1426 0.4024 0.0516 0.0054 0 0 0 0 0 0 0 0 0 0 0 0.1772 3.1944 5.6828 2.4624 0.4148 0.0598 0.0086 0 0 0 0 0 0 0 0 0 0 0.0398 0.9358 3.6434 3.6192 1.4028 0.3116 0.0428 0.0046 0 0 0 0 0 0 0 0 0 0.0164 0.1988 1.5098 2.9982 2.204 0.8602 0.1742 0.036 0.0024 0 0 0 0 0 0 0 0 0.0058 0.0398 0.391 1.4514 2.0634 1.3712 0.5288 0.1174 0.0272 0.004 0 0 0 0 0 0 
0 0 0 0 0 0 0 0 0 0 0 0 0 0 0 0 0.876 8.1522 4.2622 0.6442 0.064 0.0014 0 0 0 0 0 0 0 0 0 0 0.0012 0.1836 2.9778 5.4248 2.7244 0.6046 0.0796 0.004 0 0 0 0 0 0 0 0 0 0.0022 0.0324 0.799 3.3596 3.671 1.668 0.4214 0.0422 0.0042 0 0 0 0 0 0 0 0 0.001 0.0062 0.1418 1.2478 2.8534 2.4276 1.0566 0.2408 0.0248 0 0 0 0 0 0 0 0 0 0.0026 0.0276 0.257 1.2342 2.0506 1.6178 0.648 0.144 0.0182 0 0 0 0 0 0 0 
0 0 0 0 0 0 0 0 0 0 0 0 0 0 0 0 0.7692 8.637 4.0962 0.4594 0.0382 0 0 0 0 0 0 0 0 0 0 0 0 0.1626 3.0526 5.8772 2.387 0.4528 0.0678 0 0 0 0 0 0 0 0 0 0 0 0.0286 0.8562 3.6512 3.6922 1.387 0.3292 0.054 0.0016 0 0 0 0 0 0 0 0 0 0.003 0.1914 1.3878 3.0164 2.3862 0.7738 0.2042 0.0372 0 0 0 0 0 0 0 0 0 0 0.0258 0.3536 1.4156 2.1324 1.4278 0.4758 0.1442 0.023 0.0018 0 0 0 0 0 0 
0 0 0 0 0 0 0 0 0 0 0 0 0 0 0 0 0.7346 8.6626 4.1202 0.4566 0.0248 0.0012 0 0 0 0 0 0 0 0 0 0 0 0.1566 3.1356 5.7624 2.418 0.477 0.0486 0.0018 0 0 0 0 0 0 0 0 0 0 0.0366 0.9172 3.6402 3.5836 1.4678 0.3134 0.0394 0.0018 0 0 0 0 0 0 0 0 0 0.0086 0.1964 1.4874 2.9588 2.221 0.9036 0.208 0.0162 0 0 0 0 0 0 0 0 0 0.0042 0.0242 0.4134 1.4186 2.0392 1.3912 0.5586 0.1356 0.015 0 0 0 0 0 0 0 
0 0 0 0 0 0 0 0 0 0 0 0 0 0 0 0 0.7334 8.784 4.0946 0.376 0.012 0 0 0 0 0 0 0 0 0 0 0 0 0.142 3.2578 5.8356 2.3664 0.3628 0.0326 0.0028 0 0 0 0 0 0 0 0 0 0 0.034 0.965 3.7212 3.6462 1.4066 0.197 0.0266 0.0034 0 0 0 0 0 0 0 0 0 0.0036 0.2358 1.4704 3.1434 2.218 0.7828 0.1334 0.0094 0.0032 0 0 0 0 0 0 0 0 0.0008 0.043 0.3964 1.4314 2.2692 1.2884 0.4924 0.0648 0.0136 0 0 0 0 0 0 0 
0 0 0 0 0 0 0 0 0 0 0 0 0 0 0 0 0.8442 8.5442 4.0886 0.4858 0.0372 0 0 0 0 0 0 0 0 0 0 0 0.0006 0.1942 3.2092 5.6438 2.42 0.4756 0.055 0.0016 0 0 0 0 0 0 0 0 0 0 0.041 0.9616 3.53 3.7148 1.4268 0.2878 0.0338 0.0042 0 0 0 0 0 0 0 0 0 0.01 0.2072 1.437 2.9924 2.3632 0.7974 0.1684 0.022 0.0024 0 0 0 0 0 0 0 0 0.0026 0.0288 0.3722 1.4308 2.1242 1.4366 0.4742 0.1102 0.0196 0.0008 0 0 0 0 0 0 
0 0 0 0 0 0 0 0 0 0 0 0 0 0 0 0 0.7362 8.7958 3.9836 0.442 0.0422 0.0002 0 0 0 0 0 0 0 0 0 0 0 0.1666 3.087 5.9194 2.3472 0.4202 0.0548 0.0048 0 0 0 0 0 0 0 0 0 0 0.039 0.9038 3.6572 3.7236 1.3228 0.2896 0.0622 0.0018 0 0 0 0 0 0 0 0 0 0.0108 0.201 1.5238 3.0188 2.2036 0.805 0.1808 0.0476 0.0086 0 0 0 0 0 0 0 0 0.0006 0.0394 0.3898 1.4956 2.0956 1.288 0.4904 0.1416 0.0528 0.0062 0 0 0 0 0 0 
0 0 0 0 0 0 0 0 0 0 0 0 0 0 0 0 0.7354 8.728 4.045 0.4572 0.0298 0.0046 0 0 0 0 0 0 0 0 0 0 0 0.1288 3.1214 5.9012 2.3916 0.4006 0.0496 0.0068 0 0 0 0 0 0 0 0 0 0 0.0144 0.7986 3.6936 3.878 1.316 0.2634 0.0286 0.0074 0 0 0 0 0 0 0 0 0 0.0012 0.1248 1.3944 3.1664 2.4106 0.7426 0.1356 0.0222 0.0022 0 0 0 0 0 0 0 0 0 0.0108 0.2986 1.3696 2.388 1.3798 0.4456 0.0924 0.0152 0 0 0 0 0 0 0 
0 0 0 0 0 0 0 0 0 0 0 0 0 0 0 0.0004 0.8314 8.4708 4.2006 0.4714 0.021 0.0034 0.001 0 0 0 0 0 0 0 0 0 0 0.1862 3.0996 5.6666 2.5464 0.4428 0.0542 0.0042 0 0 0 0 0 0 0 0 0 0 0.0336 1.0014 3.4966 3.5902 1.5514 0.2786 0.0402 0.008 0 0 0 0 0 0 0 0 0 0.0014 0.2546 1.4762 2.8018 2.3702 0.894 0.1672 0.0314 0.0032 0 0 0 0 0 0 0 0 0 0.0326 0.4146 1.4032 1.9558 1.5176 0.5288 0.1252 0.0206 0.0016 0 0 0 0 0 0 
0 0 0 0 0 0 0 0 0 0 0 0 0 0 0 0 0.8146 8.5858 4.1648 0.3896 0.039 0.0062 0 0 0 0 0 0 0 0 0 0 0.0012 0.1774 3.1596 5.7962 2.4104 0.4022 0.0468 0.0038 0.0024 0 0 0 0 0 0 0 0 0 0.0432 0.9464 3.6408 3.6874 1.3522 0.296 0.0252 0.008 0.0008 0 0 0 0 0 0 0 0 0.0126 0.2242 1.468 2.993 2.2876 0.833 0.163 0.0124 0.006 0.0002 0 0 0 0 0 0 0 0 0.0402 0.4022 1.42 2.1252 1.4004 0.4978 0.1006 0.0116 0.002 0 0 0 0 0 0 
0 0 0 0 0 0 0 0 0 0 0 0 0 0 0 0 0.6872 8.9288 4.012 0.3532 0.0188 0 0 0 0 0 0 0 0 0 0 0 0.0004 0.157 3.0564 6.1184 2.328 0.3028 0.037 0 0 0 0 0 0 0 0 0 0 0 0.0294 0.8756 3.7586 3.7654 1.3332 0.206 0.0318 0 0 0 0 0 0 0 0 0 0 0.0056 0.196 1.4772 3.1514 2.2198 0.7648 0.1684 0.0168 0 0 0 0 0 0 0 0 0 0 0.0244 0.4154 1.5682 2.043 1.3286 0.4926 0.117 0.0092 0.0016 0 0 0 0 0 0 
0 0 0 0 0 0 0 0 0 0 0 0 0 0 0 0 0.7466 8.6326 4.199 0.3924 0.0286 0.0008 0 0 0 0 0 0 0 0 0 0 0 0.1684 3.1574 5.7156 2.5114 0.4096 0.0376 0 0 0 0 0 0 0 0 0 0 0 0.04 0.9026 3.5862 3.7154 1.4426 0.2878 0.0254 0 0 0 0 0 0 0 0 0 0 0.0052 0.191 1.5156 2.917 2.3108 0.8462 0.1922 0.022 0 0 0 0 0 0 0 0 0 0.0012 0.0324 0.407 1.416 2.0924 1.402 0.4884 0.1442 0.0146 0.0018 0 0 0 0 0 0 
0 0 0 0 0 0 0 0 0 0 0 0 0 0 0 0 0.798 8.5612 4.2034 0.4134 0.0212 0.0028 0 0 0 0 0 0 0 0 0 0 0 0.2006 2.996 5.8794 2.4838 0.3938 0.0464 0 0 0 0 0 0 0 0 0 0 0 0.0672 0.9552 3.4014 3.7824 1.4588 0.3096 0.0254 0 0 0 0 0 0 0 0 0 0 0.0178 0.2968 1.4246 2.8212 2.3036 0.9 0.2198 0.0144 0.0018 0 0 0 0 0 0 0 0 0.001 0.084 0.4468 1.3476 1.9564 1.3974 0.5858 0.1616 0.0184 0.001 0 0 0 0 0 0 
0 0 0 0 0 0 0 0 0 0 0 0 0 0 0 0 0.7706 8.5722 4.1596 0.4698 0.026 0.0018 0 0 0 0 0 0 0 0 0 0 0 0.1544 3.1408 5.6688 2.5524 0.4332 0.0436 0.006 0.0008 0 0 0 0 0 0 0 0 0.0008 0.0278 0.8708 3.5494 3.749 1.4652 0.292 0.0382 0.0054 0.0014 0 0 0 0 0 0 0 0.0006 0.005 0.2008 1.3572 3.003 2.3996 0.8278 0.1734 0.027 0.0038 0.0018 0 0 0 0 0 0 0 0 0.0404 0.3206 1.3866 2.0936 1.5044 0.5332 0.0918 0.024 0.0054 0 0 0 0 0 0 
0 0 0 0 0 0 0 0 0 0 0 0 0 0 0 0 0.7104 8.7688 4.1014 0.3988 0.016 0.003 0.0016 0 0 0 0 0 0 0 0 0 0 0.1642 3.1976 5.6938 2.5074 0.3944 0.0328 0.007 0.0028 0 0 0 0 0 0 0 0 0 0.0342 1.0084 3.524 3.5834 1.5652 0.2462 0.0282 0.0104 0 0 0 0 0 0 0 0 0 0.0054 0.2548 1.5662 2.778 2.286 0.9082 0.1752 0.0204 0.0058 0 0 0 0 0 0 0 0 0 0.0474 0.4942 1.4184 1.8584 1.4606 0.59 0.115 0.0106 0.0054 0 0 0 0 0 0 
0 0 0 0 0 0 0 0 0 0 0 0 0 0 0 0 0.729 8.759 4.0546 0.4382 0.0192 0 0 0 0 0 0 0 0 0 0 0 0 0.1672 3.0872 5.8416 2.4632 0.395 0.0408 0.005 0 0 0 0 0 0 0 0 0 0 0.043 0.8894 3.5498 3.7414 1.455 0.2716 0.0444 0.0054 0 0 0 0 0 0 0 0 0 0.0076 0.23 1.4396 2.904 2.3518 0.8452 0.1878 0.0296 0.0038 0.0006 0 0 0 0 0 0 0 0 0.0404 0.4434 1.3198 2.0708 1.439 0.5256 0.1294 0.0286 0.003 0 0 0 0 0 0 
0 0 0 0 0 0 0 0 0 0 0 0 0 0 0 0 0.7998 8.6402 4.126 0.4102 0.0208 0.003 0 0 0 0 0 0 0 0 0 0 0 0.1346 3.2126 5.7258 2.4782 0.3982 0.0452 0.0054 0 0 0 0 0 0 0 0 0 0 0.0304 0.9108 3.7364 3.5672 1.4298 0.2832 0.0348 0.0074 0 0 0 0 0 0 0 0 0 0.0054 0.1726 1.5722 2.9642 2.2722 0.81 0.168 0.0314 0.0026 0.0014 0 0 0 0 0 0 0 0.0012 0.0148 0.3826 1.4854 2.0828 1.4234 0.4598 0.1338 0.013 0.0032 0 0 0 0 0 0 
0 0 0 0 0 0 0 0 0 0 0 0 0 0 0 0 0.7086 8.7248 4.1128 0.421 0.0328 0 0 0 0 0 0 0 0 0 0 0 0 0.1458 3.0626 5.7918 2.5166 0.4508 0.0324 0 0 0 0 0 0 0 0 0 0 0 0.0272 0.883 3.5834 3.6884 1.4902 0.2998 0.028 0 0 0 0 0 0 0 0 0 0 0.003 0.1816 1.4734 2.9476 2.3098 0.858 0.211 0.0156 0 0 0 0 0 0 0 0 0 0 0.0238 0.3752 1.4526 2.004 1.467 0.5128 0.1494 0.0134 0.0018 0 0 0 0 0 0 
0 0 0 0 0 0 0 0 0 0 0 0 0 0 0 0 0.7568 8.6518 4.1136 0.4282 0.0426 0.007 0 0 0 0 0 0 0 0 0 0 0 0.173 2.9902 5.9184 2.454 0.415 0.042 0.0058 0.0016 0 0 0 0 0 0 0 0 0 0.03 0.8354 3.5634 3.895 1.3998 0.2338 0.0354 0.0072 0 0 0 0 0 0 0 0 0 0.0022 0.1854 1.3608 3.092 2.39 0.7824 0.1554 0.0286 0.0032 0 0 0 0 0 0 0 0 0 0.019 0.3286 1.4494 2.1418 1.4114 0.5162 0.1104 0.022 0.0012 0 0 0 0 0 0 
0 0 0 0 0 0 0 0 0 0 0 0 0 0 0 0 0.7922 8.5734 4.1942 0.4098 0.0266 0.0038 0 0 0 0 0 0 0 0 0 0 0.0004 0.189 3.0912 5.776 2.4502 0.4416 0.0512 0.0004 0 0 0 0 0 0 0 0 0 0 0.0568 0.9764 3.4972 3.6214 1.4886 0.3238 0.0324 0.0034 0 0 0 0 0 0 0 0 0 0.0242 0.2588 1.4736 2.8382 2.2654 0.875 0.2382 0.025 0.0016 0 0 0 0 0 0 0 0 0.0072 0.06 0.4392 1.3396 2.0384 1.3936 0.5308 0.1718 0.0194 0 0 0 0 0 0 0 
0 0 0 0 0 0 0 0 0 0 0 0 0 0 0 0 0.868 8.3296 4.2212 0.5346 0.0444 0.0022 0 0 0 0 0 0 0 0 0 0 0 0.184 3.0688 5.5826 2.5718 0.5162 0.075 0.0016 0 0 0 0 0 0 0 0 0 0 0.0442 0.887 3.4578 3.5806 1.6272 0.3526 0.0468 0.0038 0 0 0 0 0 0 0 0 0 0.0066 0.1848 1.4326 2.7694 2.3664 0.9874 0.2222 0.0276 0.003 0 0 0 0 0 0 0 0 0 0.0268 0.343 1.3512 1.9254 1.6176 0.5896 0.1234 0.0194 0.0036 0 0 0 0 0 0 
0 0 0 0 0 0 0 0 0 0 0 0 0 0 0 0 0.797 8.482 4.208 0.4872 0.025 0.0008 0 0 0 0 0 0 0 0 0 0 0 0.1258 3.062 5.8586 2.4858 0.4164 0.0514 0 0 0 0 0 0 0 0 0 0 0 0.0154 0.751 3.6902 3.832 1.4322 0.2588 0.0204 0 0 0 0 0 0 0 0 0 0 0.001 0.1066 1.2924 3.2388 2.4474 0.7716 0.128 0.0128 0.0014 0 0 0 0 0 0 0 0 0 0.0056 0.196 1.3858 2.4154 1.5096 0.3954 0.0824 0.0098 0 0 0 0 0 0 0 
0 0 0 0 0 0 0 0 0 0 0 0 0 0 0 0 0.6592 8.9774 3.9624 0.3796 0.0214 0 0 0 0 0 0 0 0 0 0 0 0 0.1192 3.2046 6.0174 2.2718 0.361 0.026 0 0 0 0 0 0 0 0 0 0 0 0.0166 0.8732 3.8594 3.8246 1.1964 0.2216 0.0082 0 0 0 0 0 0 0 0 0 0 0.004 0.1592 1.4742 3.2966 2.2788 0.6744 0.1094 0.0034 0 0 0 0 0 0 0 0 0 0.0014 0.0204 0.3318 1.519 2.326 1.3724 0.3624 0.0592 0.0074 0 0 0 0 0 0 0 
0 0 0 0 0 0 0 0 0 0 0 0 0 0 0 0 0.7138 8.7852 4.095 0.3786 0.0274 0 0 0 0 0 0 0 0 0 0 0 0.0004 0.1248 3.163 5.9238 2.3688 0.3768 0.04 0.0024 0 0 0 0 0 0 0 0 0 0 0.0264 0.891 3.6808 3.763 1.366 0.2406 0.0322 0 0 0 0 0 0 0 0 0 0 0.0076 0.1854 1.5212 3.012 2.3044 0.797 0.1586 0.0138 0 0 0 0 0 0 0 0 0 0.003 0.0206 0.376 1.4966 2.0852 1.409 0.5118 0.0902 0.0076 0 0 0 0 0 0 0 
0 0 0 0 0 0 0 0 0 0 0 0 0 0 0 0 0.7056 8.7192 4.1406 0.4082 0.0202 0.0036 0.0026 0 0 0 0 0 0 0 0 0 0 0.1062 3.0168 6.0194 2.4254 0.3896 0.035 0.005 0.0026 0 0 0 0 0 0 0 0 0 0.021 0.7292 3.7536 3.826 1.3966 0.2412 0.0252 0.0062 0.001 0 0 0 0 0 0 0 0 0.0016 0.1376 1.3564 3.1478 2.4174 0.7706 0.1448 0.0188 0.005 0 0 0 0 0 0 0 0 0 0.012 0.2676 1.4628 2.1876 1.5124 0.4262 0.1164 0.0108 0.0028 0.0014 0 0 0 0 0 
0 0 0 0 0 0 0 0 0 0 0 0 0 0 0 0 0.7858 8.4862 4.1444 0.5318 0.0496 0.0022 0 0 0 0 0 0 0 0 0 0 0 0.1462 3.0364 5.7006 2.553 0.489 0.0588 0.015 0.001 0 0 0 0 0 0 0 0 0 0.0222 0.82 3.5638 3.7038 1.517 0.3398 0.0208 0.0072 0.0054 0 0 0 0 0 0 0 0 0.0046 0.1498 1.3294 3.0616 2.3444 0.8734 0.2098 0.0166 0.008 0.0024 0 0 0 0 0 0 0 0 0.016 0.2784 1.3726 2.2082 1.4246 0.5452 0.133 0.014 0.008 0 0 0 0 0 0 
0 0 0 0 0 0 0 0 0 0 0 0 0 0 0 0 0.8208 8.6178 4.0504 0.478 0.033 0 0 0 0 0 0 0 0 0 0 0 0 0.2156 3.2092 5.5888 2.4556 0.48 0.0488 0.002 0 0 0 0 0 0 0 0 0 0 0.0498 1.0342 3.542 3.5198 1.5002 0.3152 0.0368 0.002 0 0 0 0 0 0 0 0 0 0.008 0.2958 1.4914 2.8536 2.2634 0.8524 0.2042 0.0298 0.0014 0 0 0 0 0 0 0 0 0 0.055 0.4988 1.3538 2.0174 1.3794 0.5342 0.1334 0.0238 0.0042 0 0 0 0 0 0 
0 0 0 0 0 0 0 0 0 0 0 0 0 0 0 0.0006 0.73 8.8012 4.0416 0.3774 0.0424 0.0068 0 0 0 0 0 0 0 0 0 0 0 0.1722 3.1532 5.8384 2.3508 0.4226 0.056 0.0068 0 0 0 0 0 0 0 0 0 0 0.0372 0.9176 3.725 3.6534 1.3336 0.273 0.0568 0.0034 0 0 0 0 0 0 0 0 0 0.0108 0.1974 1.4994 3.067 2.2764 0.7332 0.1754 0.037 0.0034 0 0 0 0 0 0 0 0 0.0024 0.0288 0.3828 1.5012 2.1244 1.347 0.4752 0.1116 0.0218 0.0048 0 0 0 0 0 0 
0 0 0 0 0 0 0 0 0 0 0 0 0 0 0 0.0004 0.8714 8.395 4.1108 0.5398 0.0676 0.0106 0.0044 0 0 0 0 0 0 0 0 0 0.0016 0.2008 3.2132 5.4194 2.5076 0.526 0.1122 0.0164 0.0028 0 0 0 0 0 0 0 0 0.0012 0.0448 0.9882 3.472 3.545 1.4946 0.3498 0.094 0.0102 0.0002 0 0 0 0 0 0 0 0 0.008 0.2144 1.469 2.8126 2.3398 0.8582 0.2434 0.051 0.0036 0 0 0 0 0 0 0 0 0.001 0.0318 0.391 1.3606 2.0556 1.3952 0.5418 0.1846 0.0372 0.0012 0 0 0 0 0 0 
0 0 0 0 0 0 0 0 0 0 0 0 0 0 0 0 0.6954 8.721 4.1448 0.4064 0.0272 0.0052 0 0 0 0 0 0 0 0 0 0 0 0.1498 3.084 5.888 2.4316 0.3918 0.0482 0.0054 0.0012 0 0 0 0 0 0 0 0 0 0.0352 0.8134 3.6682 3.7806 1.4032 0.259 0.0358 0.0046 0 0 0 0 0 0 0 0 0 0.0112 0.1758 1.3812 3.1222 2.2996 0.8252 0.1592 0.0224 0.0032 0 0 0 0 0 0 0 0 0 0.0442 0.3084 1.409 2.1968 1.402 0.5142 0.1124 0.011 0.002 0 0 0 0 0 0 
0 0 0 0 0 0 0 0 0 0 0 0 0 0 0 0 0.6944 8.7716 4.0912 0.4168 0.026 0 0 0 0 0 0 0 0 0 0 0 0 0.1708 3.1366 5.823 2.3966 0.4238 0.0488 0.0004 0 0 0 0 0 0 0 0 0 0 0.026 0.915 3.642 3.7472 1.3448 0.2966 0.0272 0.0012 0 0 0 0 0 0 0 0 0 0.0072 0.2044 1.481 3.027 2.2804 0.7914 0.1944 0.0142 0 0 0 0 0 0 0 0 0 0.0008 0.0298 0.3844 1.4348 2.1224 1.4152 0.4912 0.1108 0.01 0.0006 0 0 0 0 0 0 
0 0 0 0 0 0 0 0 0 0 0 0 0 0 0 0 0.6666 8.868 4.0606 0.3962 0.0086 0 0 0 0 0 0 0 0 0 0 0 0 0.1074 3.1512 5.9284 2.368 0.41 0.0296 0.0054 0 0 0 0 0 0 0 0 0 0 0.0242 0.8312 3.7682 3.6792 1.3932 0.2664 0.0306 0.007 0 0 0 0 0 0 0 0 0 0.007 0.1614 1.509 3.0582 2.2722 0.809 0.1522 0.0246 0.0062 0.0002 0 0 0 0 0 0 0 0 0.0284 0.3446 1.449 2.1828 1.3886 0.4754 0.1054 0.0238 0.002 0 0 0 0 0 0 
0 0 0 0 0 0 0 0 0 0 0 0 0 0 0 0 0.7008 8.8506 4.02 0.4034 0.0252 0 0 0 0 0 0 0 0 0 0 0 0 0.1408 3.1298 5.928 2.3634 0.3956 0.0402 0.0022 0 0 0 0 0 0 0 0 0 0 0.0352 0.9284 3.673 3.637 1.4344 0.2562 0.0344 0.0014 0 0 0 0 0 0 0 0 0 0.002 0.233 1.462 2.9704 2.2904 0.8562 0.165 0.021 0 0 0 0 0 0 0 0 0 0 0.0346 0.43 1.4562 2.0278 1.3738 0.5402 0.122 0.0154 0 0 0 0 0 0 0 
0 0 0 0 0 0 0 0 0 0 0 0 0 0 0 0 0.7294 8.875 3.9432 0.4286 0.0238 0 0 0 0 0 0 0 0 0 0 0 0 0.142 3.1876 5.9352 2.2914 0.4058 0.038 0 0 0 0 0 0 0 0 0 0 0 0.0188 0.879 3.8254 3.6928 1.2806 0.2818 0.0216 0 0 0 0 0 0 0 0 0 0 0.0012 0.1842 1.5084 3.1708 2.1808 0.7814 0.1542 0.019 0 0 0 0 0 0 0 0 0 0 0.0222 0.374 1.4956 2.2354 1.2992 0.4572 0.0936 0.0228 0 0 0 0 0 0 0 
0 0 0 0 0 0 0 0 0 0 0 0 0 0 0 0 0.7108 8.7624 4.1372 0.3748 0.0148 0 0 0 0 0 0 0 0 0 0 0 0 0.1236 3.0558 6.1008 2.3098 0.3794 0.0306 0 0 0 0 0 0 0 0 0 0 0 0.0214 0.7566 3.7968 3.859 1.3078 0.243 0.0154 0 0 0 0 0 0 0 0 0 0 0.0018 0.1374 1.3366 3.3428 2.2794 0.7712 0.1232 0.0076 0 0 0 0 0 0 0 0 0 0 0.0186 0.2528 1.3998 2.476 1.3454 0.4146 0.0898 0.003 0 0 0 0 0 0 0 
0 0 0 0 0 0 0 0 0 0 0 0 0 0 0 0 0.8538 8.481 4.161 0.4666 0.0376 0 0 0 0 0 0 0 0 0 0 0 0 0.2094 3.144 5.6648 2.4358 0.4944 0.0474 0.0042 0 0 0 0 0 0 0 0 0 0 0.0424 1.0034 3.4768 3.663 1.4786 0.2882 0.044 0.0036 0 0 0 0 0 0 0 0 0 0.0046 0.276 1.4512 2.827 2.3506 0.8876 0.1812 0.0194 0.0024 0 0 0 0 0 0 0 0 0 0.0586 0.4462 1.3024 1.9742 1.5602 0.5386 0.107 0.0128 0 0 0 0 0 0 0 
0 0 0 0 0 0 0 0 0 0 0 0 0 0 0 0 0.6908 8.7528 4.1674 0.3734 0.0146 0.001 0 0 0 0 0 0 0 0 0 0 0 0.1512 3.116 5.819 2.5202 0.3626 0.031 0 0 0 0 0 0 0 0 0 0 0 0.0318 0.9492 3.507 3.7422 1.5224 0.2322 0.0152 0 0 0 0 0 0 0 0 0 0 0.0018 0.2364 1.4772 2.8552 2.412 0.865 0.1428 0.0096 0 0 0 0 0 0 0 0 0 0 0.0344 0.4598 1.383 1.9742 1.5106 0.535 0.0894 0.0134 0.0002 0 0 0 0 0 0 
0 0 0 0 0 0 0 0 0 0 0 0 0 0 0 0 0.7592 8.7418 4.027 0.4288 0.0362 0.004 0.003 0 0 0 0 0 0 0 0 0 0.0008 0.1676 3.1658 5.836 2.3608 0.423 0.041 0.0026 0.0024 0 0 0 0 0 0 0 0 0 0.0446 0.8818 3.7404 3.679 1.3498 0.2686 0.0314 0.0044 0 0 0 0 0 0 0 0 0 0.0086 0.201 1.4028 3.1888 2.2348 0.7834 0.1532 0.0274 0 0 0 0 0 0 0 0 0 0.0004 0.039 0.3432 1.459 2.2174 1.34 0.4754 0.1164 0.0092 0 0 0 0 0 0 0 
0 0 0 0 0 0 0 0 0 0 0 0 0 0 0 0 0.7752 8.5014 4.221 0.4582 0.0394 0.0048 0 0 0 0 0 0 0 0 0 0 0 0.178 3.0904 5.6638 2.5074 0.489 0.0682 0.0032 0 0 0 0 0 0 0 0 0 0 0.0406 0.875 3.526 3.6152 1.5252 0.3522 0.0626 0.0032 0 0 0 0 0 0 0 0 0 0.0084 0.1966 1.4536 2.8892 2.2402 0.9142 0.2552 0.0426 0 0 0 0 0 0 0 0 0 0.0012 0.0272 0.3852 1.4322 1.9458 1.419 0.5764 0.1778 0.0334 0.0018 0 0 0 0 0 0 
0 0 0 0 0 0 0 0 0 0 0 0 0 0 0 0 0.8264 8.4736 4.156 0.509 0.0334 0.0016 0 0 0 0 0 0 0 0 0 0 0.0008 0.1752 2.999 5.7294 2.5646 0.4828 0.046 0.0022 0 0 0 0 0 0 0 0 0 0.001 0.0404 0.7864 3.5278 3.8284 1.4938 0.2844 0.0366 0.0012 0 0 0 0 0 0 0 0 0.0006 0.0108 0.1648 1.3532 3.0126 2.4364 0.8264 0.1636 0.029 0.0026 0 0 0 0 0 0 0 0 0.0052 0.022 0.3054 1.3516 2.1486 1.5364 0.5028 0.0982 0.026 0.0038 0 0 0 0 0 0 
0 0 0 0 0 0 0 0 0 0 0 0 0 0 0 0 0.816 8.5136 4.1348 0.5072 0.0284 0 0 0 0 0 0 0 0 0 0 0 0 0.17 3.1774 5.5914 2.5424 0.476 0.041 0.0018 0 0 0 0 0 0 0 0 0 0 0.0334 0.9808 3.4958 3.6818 1.434 0.3328 0.0408 0.0006 0 0 0 0 0 0 0 0 0 0.005 0.2506 1.3842 3.0118 2.2426 0.9112 0.1704 0.0242 0 0 0 0 0 0 0 0 0 0 0.048 0.3742 1.3892 2.1108 1.3812 0.5742 0.112 0.0076 0.0028 0 0 0 0 0 0 
0 0 0 0 0 0 0 0 0 0 0 0 0 0 0 0 0.8228 8.6574 3.9682 0.4938 0.0458 0.012 0 0 0 0 0 0 0 0 0 0 0 0.2242 3.228 5.555 2.4946 0.4166 0.066 0.0148 0.0008 0 0 0 0 0 0 0 0 0 0.0472 1.0402 3.5096 3.6128 1.4428 0.2862 0.049 0.0122 0 0 0 0 0 0 0 0 0 0.0052 0.2732 1.5372 2.8106 2.258 0.8958 0.1796 0.0334 0.007 0 0 0 0 0 0 0 0 0.0008 0.039 0.4498 1.4486 1.9896 1.3466 0.5742 0.1258 0.0238 0.0018 0 0 0 0 0 0 
0 0 0 0 0 0 0 0 0 0 0 0 0 0 0 0 0.833 8.5614 4.1094 0.4634 0.0252 0.006 0.0016 0 0 0 0 0 0 0 0 0 0.0004 0.2106 3.288 5.5364 2.4462 0.4672 0.041 0.0102 0 0 0 0 0 0 0 0 0 0 0.0496 1.0708 3.5 3.5328 1.4974 0.3118 0.0304 0.0072 0 0 0 0 0 0 0 0 0 0.0098 0.303 1.5346 2.7774 2.2572 0.903 0.1866 0.0244 0.004 0 0 0 0 0 0 0 0 0.0016 0.065 0.4812 1.392 1.9958 1.3528 0.5604 0.1246 0.0222 0.0044 0 0 0 0 0 0 
0 0 0 0 0 0 0 0 0 0 0 0 0 0 0 0 0.7056 8.8618 4.0878 0.326 0.0172 0.0016 0 0 0 0 0 0 0 0 0 0 0 0.1264 3.2306 5.883 2.423 0.302 0.0342 0.0008 0 0 0 0 0 0 0 0 0 0 0.0262 0.8426 3.814 3.7742 1.336 0.183 0.024 0 0 0 0 0 0 0 0 0 0 0.0024 0.17 1.4932 3.1676 2.3262 0.7076 0.1146 0.0162 0.0022 0 0 0 0 0 0 0 0 0 0.017 0.3712 1.486 2.2294 1.4146 0.3806 0.0866 0.0126 0.002 0 0 0 0 0 0 
0 0 0 0 0 0 0 0 0 0 0 0 0 0 0 0 0.7966 8.5798 4.1172 0.4734 0.033 0 0 0 0 0 0 0 0 0 0 0 0 0.1906 3.135 5.6664 2.48 0.4548 0.0648 0.0084 0 0 0 0 0 0 0 0 0 0 0.0458 0.9676 3.4584 3.6596 1.4932 0.3122 0.0486 0.0124 0.0022 0 0 0 0 0 0 0 0 0.0118 0.265 1.441 2.8186 2.3278 0.9004 0.1886 0.0382 0.0066 0.002 0 0 0 0 0 0 0 0.0018 0.0572 0.404 1.37 1.9906 1.4288 0.578 0.137 0.0228 0.0098 0 0 0 0 0 0 
0 0 0 0 0 0 0 0 0 0 0 0 0 0 0 0 0.7252 8.6938 4.0982 0.456 0.0254 0.0014 0 0 0 0 0 0 0 0 0 0 0 0.1422 3.045 5.8938 2.4504 0.4276 0.0384 0.0026 0 0 0 0 0 0 0 0 0 0 0.0224 0.7782 3.7084 3.7816 1.4278 0.2486 0.0292 0.0038 0 0 0 0 0 0 0 0 0 0.0006 0.1576 1.342 3.1938 2.332 0.8154 0.1432 0.0128 0.0026 0 0 0 0 0 0 0 0 0 0.0158 0.2998 1.4232 2.2128 1.4368 0.5278 0.076 0.0078 0 0 0 0 0 0 0 
0 0 0 0 0 0 0 0 0 0 0 0 0 0 0 0 0.8224 8.4424 4.2036 0.4956 0.0332 0.0028 0 0 0 0 0 0 0 0 0 0 0 0.1968 3.1124 5.6002 2.4992 0.5246 0.0626 0.0042 0 0 0 0 0 0 0 0 0 0 0.0576 0.9566 3.4622 3.5316 1.5338 0.3988 0.0582 0.0012 0 0 0 0 0 0 0 0 0 0.0166 0.2732 1.4118 2.8556 2.1436 0.9714 0.2902 0.035 0.0026 0 0 0 0 0 0 0 0 0.0004 0.0716 0.427 1.3238 1.9772 1.3298 0.6414 0.1884 0.038 0.0024 0 0 0 0 0 0 
0 0 0 0 0 0 0 0 0 0 0 0 0 0 0 0 0.6946 8.8786 3.9854 0.4196 0.0218 0 0 0 0 0 0 0 0 0 0 0 0 0.1192 3.1488 5.9686 2.369 0.3608 0.0326 0.001 0 0 0 0 0 0 0 0 0 0 0.0156 0.808 3.8126 3.7848 1.3202 0.2376 0.0212 0 0 0 0 0 0 0 0 0 0 0.0014 0.1248 1.479 3.2206 2.3214 0.7098 0.125 0.018 0 0 0 0 0 0 0 0 0 0 0.0134 0.286 1.5054 2.3042 1.4332 0.3646 0.0708 0.0224 0 0 0 0 0 0 0 
0 0 0 0 0 0 0 0 0 0 0 0 0 0 0 0 0.7856 8.6072 4.0844 0.4738 0.038 0.011 0 0 0 0 0 0 0 0 0 0 0.0006 0.194 3.0168 5.7848 2.509 0.4286 0.0534 0.0102 0.0026 0 0 0 0 0 0 0 0 0 0.038 0.8644 3.5502 3.7696 1.449 0.2782 0.043 0.0076 0 0 0 0 0 0 0 0 0 0.0026 0.2246 1.3634 2.9986 2.3328 0.88 0.1692 0.0234 0.0054 0 0 0 0 0 0 0 0 0 0.0264 0.3928 1.306 2.1738 1.4252 0.5352 0.1232 0.0144 0.003 0 0 0 0 0 0 
0 0 0 0 0 0 0 0 0 0 0 0 0 0 0 0 0.7588 8.5412 4.2372 0.4378 0.0238 0.0012 0 0 0 0 0 0 0 0 0 0 0 0.1488 2.9946 5.88 2.5338 0.4088 0.034 0 0 0 0 0 0 0 0 0 0 0 0.0342 0.8558 3.4796 3.848 1.4732 0.2788 0.0304 0 0 0 0 0 0 0 0 0 0 0.0112 0.183 1.3702 2.9614 2.4128 0.8558 0.1892 0.0164 0 0 0 0 0 0 0 0 0 0.0046 0.0334 0.3322 1.3478 2.1308 1.4778 0.5402 0.1104 0.0212 0.0016 0 0 0 0 0 0 
0 0 0 0 0 0 0 0 0 0 0 0 0 0 0 0 0.768 8.6366 4.1704 0.3896 0.0314 0.0024 0.0016 0 0 0 0 0 0 0 0 0 0 0.168 3.0906 5.7896 2.4784 0.4164 0.0532 0.0038 0 0 0 0 0 0 0 0 0 0 0.0368 0.954 3.4524 3.7982 1.419 0.3002 0.0356 0.0038 0 0 0 0 0 0 0 0 0 0.0028 0.221 1.4758 2.8424 2.3928 0.855 0.183 0.026 0.0012 0 0 0 0 0 0 0 0 0 0.03 0.444 1.3136 2.0632 1.4878 0.529 0.1228 0.0096 0 0 0 0 0 0 0 
0 0 0 0 0 0 0 0 0 0 0 0 0 0 0 0 0.7436 8.582 4.1872 0.4608 0.0264 0 0 0 0 0 0 0 0 0 0 0 0 0.1522 3.0388 5.8494 2.4478 0.4648 0.0438 0.0032 0 0 0 0 0 0 0 0 0 0 0.0286 0.8264 3.5774 3.7776 1.479 0.2778 0.0308 0.0024 0 0 0 0 0 0 0 0 0 0.0032 0.1772 1.3134 3.0464 2.4594 0.8142 0.169 0.0172 0 0 0 0 0 0 0 0 0 0 0.0272 0.2914 1.3656 2.189 1.5108 0.504 0.1022 0.008 0.0018 0 0 0 0 0 0 
0 0 0 0 0 0 0 0 0 0 0 0 0 0 0 0 0.8658 8.2584 4.2494 0.5722 0.0494 0.0048 0 0 0 0 0 0 0 0 0 0 0 0.2166 3.0322 5.456 2.6406 0.5718 0.0724 0.0084 0.002 0 0 0 0 0 0 0 0 0 0.0466 0.9442 3.319 3.601 1.6114 0.4178 0.0536 0.0018 0.0022 0.0024 0 0 0 0 0 0 0 0.004 0.2482 1.3796 2.6972 2.3184 1.0712 0.2456 0.0274 0.0032 0.0036 0.0016 0 0 0 0 0 0 0 0.027 0.427 1.2744 1.8898 1.5232 0.6632 0.1632 0.0256 0.0026 0.0024 0.0016 0 0 0 0 
