0.03 0.09 0.15 0.21 0.27 0.33 0.39 0.45 0.51 0.57 0.63 0.69 0.75 0.81 0.87 0.93 0.99 1.05 1.11 1.17 1.23 1.29 1.35 1.41 1.47 1.53 1.59 1.65 1.71 1.77 1.83 1.89 1.95 2.01 2.07 2.13 2.19 2.25 2.31 2.37 2.43 2.49 2.55 2.61 2.67 2.73 2.79 2.85 2.91 2.97 3.03 3.09 3.15 3.21 3.27 3.33 3.39 3.45 3.51 3.57 3.63 3.69 3.75 3.81 3.87 3.93 3.99 4.05 4.11 4.17 4.23 4.29 4.35 4.41 4.47 4.53 4.59 4.65 4.71 4.77 4.83 4.89 4.95 5.01 5.07 5.13 5.19 5.25 5.31 5.37 5.43 5.49 5.55 5.61 5.67 5.73 5.79 5.85 5.91 5.97 
0 0 0 0 0 0 0 0 0 0 0 0 0 0 0 0 0 0 0 0.036 0.3644 0.9954 1.621 1.5968 1.1428 0.7804 0.3764 0.1978 0.0704 0.0194 0 0 0 0 0 0 0 0 0 0.002 0.0306 0.1084 0.179 0.37 0.6954 0.933 1.0572 0.8018 0.5432 0.3434 0.1808 0.0912 0.0406 0.0142 0.0058 0.004 0 0 0 0 0.0052 0.0222 0.0414 0.03 0.0638 0.1012 0.2454 0.3426 0.5098 0.5874 0.5854 0.4626 0.2904 0.17 0.078 0.0488 0.011 0.0026 0.0026 0 0 0 0.0084 0.0044 0.0104 0.0264 0.0112 0.006 0.0212 0.0714 0.1188 0.1592 0.1656 0.2142 0.2168 0.227 0.2014 0.1698 0.0962 0.0412 
0 0 0 0 0 0 0 0 0 0 0 0 0 0 0 0 0 0 0 0.01 0.192 0.9568 1.8174 1.9792 1.3878 0.9146 0.4478 0.2128 0.0576 0.021 0.003 0 0 0 0 0 0 0 0 0 0.0016 0.0232 0.0944 0.3418 0.7604 1.0322 1.1498 1.042 0.7734 0.4488 0.1978 0.084 0.0374 0.008 0.0052 0 0 0 0 0 0 0 0.0016 0.0036 0.0166 0.0732 0.1822 0.3808 0.5784 0.7018 0.7334 0.5998 0.3974 0.1894 0.0818 0.0456 0.0086 0.003 0.0028 0 0 0 0 0 0 0 0 0.0076 0.0236 0.048 0.0896 0.126 0.199 0.2872 0.3036 0.2582 0.2272 0.1984 0.1424 0.0636 
0 0 0 0 0 0 0 0 0 0 0 0 0 0 0 0 0 0 0 0.0176 0.263 1.1592 1.8484 1.6952 1.3406 0.9292 0.472 0.1948 0.0576 0.0186 0.0038 0 0 0 0 0 0 0 0 0 0 0.0082 0.1228 0.4616 0.8836 1.091 1.1038 0.9276 0.6704 0.4126 0.2162 0.0712 0.0268 0.0034 0.0008 0 0 0 0 0 0 0 0 0.0028 0.023 0.113 0.2562 0.457 0.6176 0.6802 0.6904 0.5634 0.326 0.158 0.07 0.0278 0.011 0.0036 0 0 0 0 0 0 0 0 0 0.0076 0.0342 0.068 0.1208 0.1642 0.2132 0.249 0.2834 0.3138 0.2266 0.147 0.0968 0.0416 
0 0 0 0 0 0 0 0 0 0 0 0 0 0 0 0 0 0 0 0.0056 0.1928 1.0266 1.7898 1.8188 1.3162 0.8902 0.5252 0.2636 0.1324 0.0236 0.01 0.0026 0.0026 0 0 0 0 0 0 0 0.003 0.0256 0.1112 0.3252 0.7384 1.0316 1.0858 0.9978 0.7242 0.49 0.2704 0.129 0.0448 0.0172 0.0012 0.0026 0.002 0 0 0 0 0 0.0008 0.0056 0.0322 0.0728 0.1936 0.3492 0.5088 0.6682 0.7124 0.5754 0.4398 0.2556 0.114 0.0504 0.0094 0.0044 0.0036 0.0014 0.0024 0 0 0 0 0 0.0002 0.0024 0.0096 0.032 0.069 0.1314 0.1858 0.2402 0.2874 0.3168 0.2886 0.1868 0.1166 0.0648 
0 0 0 0 0 0 0 0 0 0 0 0 0 0 0 0 0 0 0.0008 0.018 0.2648 0.9734 1.8444 1.8452 1.3908 0.9202 0.4276 0.205 0.074 0.0262 0.0074 0.0022 0 0 0 0 0 0 0 0 0.003 0.0242 0.121 0.4008 0.7192 1.0474 1.1424 1.0564 0.7164 0.407 0.219 0.09 0.039 0.0126 0.0016 0 0 0 0 0 0 0 0.002 0.0012 0.0322 0.1006 0.2138 0.393 0.593 0.6846 0.695 0.5766 0.3288 0.1736 0.1196 0.0668 0.0172 0.002 0 0 0 0 0 0 0 0 0 0.002 0.0158 0.0434 0.1032 0.1704 0.231 0.257 0.32 0.3202 0.184 0.1368 0.0758 0.067 
0 0 0 0 0 0 0 0 0 0 0 0 0 0 0 0 0 0 0 0.0076 0.1978 1.026 2.001 1.9828 1.3274 0.7668 0.4136 0.183 0.0676 0.0136 0.01 0.0016 0.0012 0 0 0 0 0 0 0 0.001 0.019 0.1058 0.4174 0.81 1.1372 1.1312 0.9726 0.6794 0.3558 0.2178 0.1206 0.0236 0.005 0.002 0.0016 0 0 0 0 0 0 0.0016 0.0114 0.0386 0.0994 0.219 0.4372 0.6164 0.7312 0.6516 0.5064 0.3338 0.1836 0.1096 0.0456 0.0104 0.0042 0 0 0 0 0 0 0 0 0.0012 0.0078 0.0254 0.0566 0.1196 0.1778 0.2624 0.3098 0.27 0.252 0.1676 0.1476 0.0952 0.0554 
0 0 0 0 0 0 0 0 0 0 0 0 0 0 0 0 0 0 0 0.0116 0.224 1.0564 1.8684 1.8796 1.5024 0.831 0.3826 0.163 0.0618 0.0142 0.002 0.003 0 0 0 0 0 0 0 0 0 0.012 0.1048 0.4276 0.7962 1.0112 1.2188 1.113 0.6698 0.335 0.2008 0.0854 0.0156 0.0058 0.0028 0.0012 0 0 0 0 0 0 0.0012 0.007 0.022 0.0764 0.206 0.4094 0.6386 0.7916 0.6964 0.5274 0.3618 0.159 0.062 0.0298 0.01 0.0014 0 0 0 0 0 0 0 0 0 0.0046 0.0152 0.0522 0.1288 0.1756 0.2192 0.3054 0.3174 0.2642 0.2292 0.1392 0.0688 0.0532 
0 0 0 0 0 0 0 0 0 0 0 0 0 0 0 0 0 0 0 0.0158 0.266 1.1414 1.782 1.8168 1.4506 0.8948 0.4016 0.143 0.0502 0.0198 0.0086 0.0058 0.0036 0 0 0 0 0 0 0 0.0026 0.0282 0.124 0.424 0.8098 1.1394 1.2412 0.9576 0.6004 0.3574 0.1956 0.0744 0.032 0.0058 0.0024 0.0052 0 0 0 0 0 0 0.0004 0.0078 0.0376 0.0886 0.2244 0.4522 0.6216 0.7982 0.698 0.5052 0.3052 0.1802 0.057 0.014 0.0012 0.0032 0.0052 0 0 0 0 0 0 0 0.0008 0.0074 0.0302 0.0506 0.11 0.1624 0.2628 0.2866 0.3354 0.2856 0.1818 0.126 0.0802 0.0392 
0 0 0 0 0 0 0 0 0 0 0 0 0 0 0 0 0 0 0 0.014 0.2694 1.1554 1.861 1.8164 1.36 0.873 0.399 0.1718 0.0528 0.0238 0.0034 0 0 0 0 0 0 0 0 0 0.0022 0.0154 0.1208 0.3994 0.9362 1.1516 1.167 0.9866 0.5978 0.3558 0.1786 0.063 0.0228 0.0028 0 0 0 0 0 0 0 0 0.0006 0.0024 0.0088 0.0852 0.2442 0.4986 0.728 0.8202 0.642 0.4536 0.279 0.1394 0.0674 0.0224 0.006 0.0022 0 0 0 0 0 0 0 0 0 0.0046 0.0174 0.0584 0.1058 0.2016 0.289 0.2882 0.298 0.2628 0.2142 0.1188 0.0774 0.0406 
0 0 0 0 0 0 0 0 0 0 0 0 0 0 0 0 0 0 0.0006 0.022 0.3262 1.2274 1.8352 1.7994 1.289 0.8414 0.3862 0.2028 0.0536 0.0156 0.0006 0 0 0 0 0 0 0 0 0 0.0058 0.065 0.2048 0.5434 0.8292 1.0726 1.0916 0.8622 0.598 0.378 0.2046 0.0912 0.0406 0.0102 0.0028 0 0 0 0 0 0 0 0.0018 0.0196 0.0708 0.214 0.3338 0.4372 0.6028 0.6126 0.5988 0.4686 0.298 0.1814 0.0904 0.0472 0.01 0.0078 0.0052 0 0 0 0 0 0.0008 0.0122 0.0184 0.0322 0.0458 0.0998 0.1278 0.2352 0.2178 0.2162 0.219 0.2134 0.2138 0.1508 0.0972 0.054 
0 0 0 0 0 0 0 0 0 0 0 0 0 0 0 0 0 0 0 0.0188 0.3572 1.324 1.933 1.7988 1.3354 0.7466 0.3312 0.1192 0.0254 0.0104 0 0 0 0 0 0 0 0 0 0 0.0062 0.051 0.232 0.583 1.0086 1.2 1.1626 0.8626 0.5226 0.208 0.1192 0.0396 0.0046 0 0 0 0 0 0 0 0 0 0 0.0102 0.0482 0.1622 0.391 0.6396 0.7732 0.7992 0.57 0.324 0.1824 0.0578 0.0292 0.0106 0.0024 0 0 0 0 0 0 0 0 0 0 0.0064 0.0474 0.1106 0.157 0.2402 0.3292 0.3334 0.2878 0.208 0.1392 0.0828 0.039 0.0114 
0 0 0 0 0 0 0 0 0 0 0 0 0 0 0 0 0 0 0 0.0108 0.2928 1.261 1.9118 1.8072 1.4146 0.72 0.3994 0.1404 0.0382 0.0038 0 0 0 0 0 0 0 0 0 0 0.0056 0.046 0.217 0.5534 0.874 1.071 1.1118 0.903 0.6034 0.3404 0.1968 0.0656 0.01 0.002 0 0 0 0 0 0 0 0.0006 0.0018 0.0364 0.0892 0.1548 0.343 0.5486 0.6036 0.6124 0.5414 0.498 0.275 0.1666 0.0906 0.032 0.006 0 0 0 0 0 0 0 0.0022 0.007 0.0208 0.0314 0.0544 0.0886 0.1582 0.2102 0.2384 0.2724 0.2472 0.2306 0.1526 0.1164 0.0774 0.0548 
0 0 0 0 0 0 0 0 0 0 0 0 0 0 0 0 0 0 0 0.0114 0.235 0.9794 1.7784 1.9842 1.4762 0.8214 0.4486 0.1782 0.0698 0.0134 0.0014 0.0026 0 0 0 0 0 0 0 0 0.0034 0.0192 0.1108 0.3738 0.757 1.0512 1.1824 1.0672 0.684 0.3884 0.2162 0.0972 0.0384 0.0094 0.0014 0 0 0 0 0 0 0 0 0.0038 0.022 0.087 0.2078 0.3976 0.659 0.72 0.664 0.5238 0.3202 0.1958 0.1244 0.052 0.0168 0.0058 0 0 0 0 0 0 0 0 0.0012 0.0066 0.0104 0.0346 0.1088 0.1692 0.2462 0.3108 0.2898 0.2588 0.1898 0.1476 0.101 0.0694 
0 0 0 0 0 0 0 0 0 0 0 0 0 0 0 0 0 0 0.0006 0.0148 0.2932 1.184 1.7882 1.7752 1.366 0.8356 0.4612 0.198 0.0586 0.0182 0.0026 0.0038 0 0 0 0 0 0 0 0 0.0042 0.0266 0.1572 0.4852 0.8604 1.053 1.1584 0.8896 0.6862 0.3834 0.1834 0.0704 0.0224 0.0118 0.0054 0.0024 0 0 0 0 0 0 0 0 0.0268 0.1214 0.2718 0.5482 0.6044 0.688 0.6698 0.4534 0.3202 0.1708 0.0712 0.0338 0.014 0.0054 0.0008 0 0 0 0 0 0 0 0 0.003 0.0178 0.069 0.1646 0.1672 0.2264 0.2994 0.2872 0.2498 0.1848 0.1554 0.0886 0.0338 
0 0 0 0 0 0 0 0 0 0 0 0 0 0 0 0 0 0 0 0.0172 0.2856 1.1374 1.9488 1.9286 1.2454 0.7342 0.4062 0.2086 0.0706 0.0136 0.0038 0 0 0 0 0 0 0 0 0 0.0024 0.0312 0.1178 0.4272 0.9246 1.165 1.145 0.9226 0.62 0.3528 0.1724 0.0764 0.0294 0.0122 0.001 0 0 0 0 0 0 0 0 0.005 0.018 0.1082 0.292 0.5278 0.6884 0.676 0.6282 0.4846 0.2852 0.1742 0.0618 0.0306 0.0168 0.0032 0 0 0 0 0 0 0 0 0.0028 0.0018 0.0192 0.076 0.1262 0.2424 0.2618 0.2886 0.2856 0.2582 0.1766 0.1148 0.0708 0.0462 
0 0 0 0 0 0 0 0 0 0 0 0 0 0 0 0 0 0 0 0.0318 0.3214 1.159 1.8856 1.7976 1.3468 0.8352 0.4274 0.149 0.0404 0.0052 0.0006 0 0 0 0 0 0 0 0 0 0.0142 0.0472 0.1924 0.4894 0.9002 1.0286 1.1034 0.932 0.6864 0.327 0.1632 0.0678 0.0346 0.0096 0.002 0.002 0 0 0 0 0 0 0.0044 0.0188 0.0652 0.119 0.3182 0.4628 0.691 0.7214 0.626 0.422 0.2352 0.163 0.08 0.0346 0.0214 0.0126 0.0044 0 0 0 0 0 0 0.0006 0.0096 0.0112 0.0358 0.0848 0.148 0.2108 0.2662 0.285 0.2946 0.2402 0.1632 0.0928 0.0622 0.0456 
0 0 0 0 0 0 0 0 0 0 0 0 0 0 0 0 0 0 0 0.0166 0.3204 1.2032 2.1572 1.901 1.274 0.7536 0.2996 0.0584 0.0152 0.0008 0 0 0 0 0 0 0 0 0 0.0004 0.0068 0.061 0.1938 0.5404 1.005 1.2048 1.1622 0.8592 0.5642 0.2494 0.102 0.036 0.0128 0.002 0 0 0 0 0 0 0 0.0014 0.0084 0.0342 0.0684 0.1528 0.3584 0.578 0.7074 0.7852 0.5646 0.3938 0.2086 0.0854 0.041 0.0124 0 0 0 0 0 0 0 0 0.0038 0.006 0.0168 0.0202 0.0338 0.099 0.1834 0.2636 0.3244 0.31 0.2612 0.2144 0.1286 0.0816 0.03 0.0156 
0 0 0 0 0 0 0 0 0 0 0 0 0 0 0 0 0 0 0 0.0166 0.2762 1.1622 2.095 1.8526 1.33 0.7366 0.3292 0.148 0.0522 0.0014 0 0 0 0 0 0 0 0 0 0 0.0074 0.04 0.134 0.4938 0.9396 1.2004 1.19 0.8454 0.5994 0.3382 0.149 0.0514 0.0114 0 0 0 0 0 0 0 0 0 0 0.0062 0.0446 0.1686 0.2886 0.529 0.7074 0.7138 0.6162 0.4664 0.2644 0.124 0.0538 0.0146 0.0024 0 0 0 0 0 0 0 0 0 0.0118 0.0338 0.0426 0.083 0.146 0.1962 0.2712 0.3042 0.2912 0.2404 0.1704 0.0986 0.0706 0.0326 
0 0 0 0 0 0 0 0 0 0 0 0 0 0 0 0 0 0 0 0.021 0.2008 0.9384 1.9362 1.9024 1.4488 0.8496 0.4396 0.1928 0.0556 0.0148 0 0 0 0 0 0 0 0 0 0 0.0014 0.0274 0.1178 0.3684 0.7402 1.0898 1.1562 1.0514 0.6812 0.3844 0.2364 0.1118 0.031 0.0016 0.001 0 0 0 0 0 0 0 0.0002 0.0028 0.0188 0.0878 0.2538 0.427 0.5868 0.72 0.626 0.4972 0.3588 0.2364 0.1308 0.0404 0.0094 0.0038 0 0 0 0 0 0 0 0 0 0.0004 0.0278 0.0434 0.1216 0.188 0.2152 0.2846 0.2646 0.2386 0.2212 0.1754 0.1226 0.0436 
0 0 0 0 0 0 0 0 0 0 0 0 0 0 0 0 0 0 0 0.0108 0.2716 1.1746 1.7212 1.7478 1.4078 0.9168 0.434 0.2228 0.0752 0.014 0.0034 0 0 0 0 0 0 0 0 0 0.0014 0.0216 0.1436 0.4606 0.8536 1.059 1.1532 0.912 0.6826 0.4112 0.186 0.0942 0.0196 0.0014 0 0 0 0 0 0 0 0 0 0 0.0116 0.086 0.2372 0.4478 0.6776 0.7888 0.6964 0.51 0.2932 0.1768 0.0608 0.0122 0.0016 0 0 0 0 0 0 0 0 0 0 0.0024 0.004 0.0402 0.091 0.1982 0.2256 0.2898 0.3068 0.2876 0.2452 0.1668 0.0872 0.0398 
0 0 0 0 0 0 0 0 0 0 0 0 0 0 0 0 0 0 0 0.017 0.3082 1.1712 1.9756 1.9042 1.2938 0.7738 0.314 0.1458 0.055 0.0276 0.0126 0.0012 0 0 0 0 0 0 0 0 0.0054 0.0458 0.1526 0.454 0.8636 1.2294 1.2676 0.9434 0.5406 0.2702 0.1458 0.053 0.0186 0.007 0.0024 0.0006 0 0 0 0 0 0 0.001 0.0108 0.0482 0.1374 0.2904 0.5312 0.7222 0.752 0.6558 0.3974 0.2438 0.1324 0.0364 0.0274 0.0092 0.0036 0.0008 0 0 0 0 0 0 0.0008 0.003 0.0146 0.0242 0.0592 0.1398 0.2168 0.2882 0.3386 0.3174 0.2312 0.1566 0.116 0.0656 0.0172 
0 0 0 0 0 0 0 0 0 0 0 0 0 0 0 0 0 0 0 0.0054 0.2466 1.0084 1.772 1.8058 1.3442 0.963 0.5062 0.2502 0.074 0.0196 0.0036 0.001 0 0 0 0 0 0 0 0 0.0008 0.017 0.1334 0.3864 0.6984 1.037 1.1358 1.0148 0.7562 0.4668 0.2064 0.0862 0.033 0.021 0.0062 0.0006 0 0 0 0 0 0 0 0 0.0118 0.0644 0.1874 0.3878 0.6084 0.7344 0.7394 0.5434 0.3648 0.1878 0.0976 0.0436 0.0182 0.0092 0.0018 0 0 0 0 0 0 0 0 0.0032 0.0042 0.029 0.0798 0.155 0.2126 0.2676 0.383 0.2626 0.199 0.1474 0.103 0.0726 
0 0 0 0 0 0 0 0 0 0 0 0 0 0 0 0 0 0 0 0.0228 0.3744 1.2372 1.8714 1.9108 1.3472 0.747 0.3148 0.1412 0.03 0.0032 0 0 0 0 0 0 0 0 0 0 0.002 0.0456 0.1894 0.5308 1.0404 1.2236 1.062 0.861 0.5326 0.2966 0.1336 0.0664 0.0138 0.0022 0 0 0 0 0 0 0 0 0.0006 0.0052 0.0208 0.1426 0.3878 0.624 0.8068 0.7048 0.5104 0.395 0.2266 0.0986 0.046 0.0278 0.003 0 0 0 0 0 0 0 0 0 0 0.0066 0.0298 0.082 0.1854 0.2756 0.3382 0.3414 0.2136 0.2012 0.13 0.113 0.0464 0.0244 
0 0 0 0 0 0 0 0 0 0 0 0 0 0 0 0 0 0 0 0.016 0.2452 1.1568 1.8646 1.7878 1.3768 0.8044 0.4392 0.1884 0.0878 0.0242 0.0088 0 0 0 0 0 0 0 0 0 0.006 0.0378 0.1526 0.4822 0.7492 1.083 1.1898 0.9304 0.6278 0.3792 0.2116 0.0888 0.0498 0.009 0.0028 0 0 0 0 0 0 0 0.001 0.0188 0.0562 0.1154 0.236 0.459 0.6076 0.683 0.6786 0.4742 0.3194 0.1792 0.1028 0.0506 0.0142 0.004 0 0 0 0 0 0 0.0004 0.0026 0.0058 0.0124 0.0372 0.0672 0.1168 0.1828 0.2024 0.2382 0.2998 0.3162 0.1842 0.1404 0.0846 0.0476 
0 0 0 0 0 0 0 0 0 0 0 0 0 0 0 0 0 0 0 0.0162 0.321 1.333 1.8774 1.7334 1.2952 0.7506 0.4088 0.1986 0.0596 0.0048 0.0014 0 0 0 0 0 0 0 0 0 0.0016 0.0392 0.2008 0.576 0.9584 1.1838 1.0434 0.905 0.5148 0.3464 0.1674 0.0414 0.0176 0.0042 0 0 0 0 0 0 0 0 0 0.0032 0.048 0.1352 0.387 0.5512 0.708 0.7218 0.578 0.484 0.2272 0.092 0.041 0.0222 0.0012 0 0 0 0 0 0 0 0 0 0 0.0166 0.0266 0.063 0.141 0.2292 0.2808 0.3124 0.3306 0.2378 0.1558 0.1226 0.0574 0.024 
0 0 0 0 0 0 0 0 0 0 0 0 0 0 0 0 0 0 0.0016 0.0154 0.2094 1.054 1.754 1.683 1.351 0.9528 0.559 0.2854 0.0908 0.0336 0.0092 0.0008 0 0 0 0 0 0 0 0.0016 0.003 0.0246 0.1154 0.3174 0.7098 1.051 1.2064 0.9854 0.74 0.4422 0.218 0.108 0.051 0.0186 0.0076 0 0 0 0 0 0 0 0.0014 0.0048 0.0184 0.0448 0.129 0.3392 0.6542 0.7854 0.7432 0.5436 0.3338 0.239 0.1004 0.048 0.0114 0.0034 0 0 0 0 0 0 0 0 0.0008 0.0016 0.0104 0.0178 0.0432 0.0962 0.1876 0.3018 0.329 0.336 0.2718 0.1628 0.1188 0.0688 
0 0 0 0 0 0 0 0 0 0 0 0 0 0 0 0 0 0 0 0.012 0.2426 1.0098 1.6764 1.7546 1.4122 0.9886 0.5642 0.2232 0.088 0.0236 0.0042 0.0006 0 0 0 0 0 0 0 0 0 0.012 0.1232 0.3708 0.6202 0.9856 1.1956 1.0554 0.733 0.4816 0.2656 0.114 0.031 0.0088 0.0032 0 0 0 0 0 0 0 0 0 0.005 0.044 0.1772 0.3348 0.559 0.7354 0.8016 0.5694 0.3622 0.224 0.12 0.0518 0.014 0.0016 0 0 0 0 0 0 0 0 0 0 0.0044 0.022 0.0614 0.1416 0.2046 0.271 0.2982 0.3146 0.2486 0.1828 0.1212 0.065 
0 0 0 0 0 0 0 0 0 0 0 0 0 0 0 0 0 0 0 0.0128 0.2 0.906 1.7912 1.8956 1.4952 0.9194 0.4756 0.2188 0.0658 0.0176 0.002 0 0 0 0 0 0 0 0 0 0.001 0.0176 0.0968 0.2908 0.68 1.0304 1.1924 1.0404 0.7256 0.461 0.251 0.1456 0.0506 0.0148 0.002 0 0 0 0 0 0 0 0 0.003 0.0094 0.0556 0.1824 0.3204 0.517 0.7074 0.7068 0.6212 0.4428 0.25 0.113 0.0498 0.016 0.0032 0.002 0 0 0 0 0 0 0 0 0.0012 0.0116 0.0398 0.0868 0.1498 0.1988 0.2358 0.284 0.2838 0.2666 0.2178 0.1236 0.0624 
0 0 0 0 0 0 0 0 0 0 0 0 0 0 0 0 0 0 0 0.0244 0.3126 1.171 1.876 1.8406 1.3848 0.8024 0.3586 0.142 0.0586 0.021 0.0072 0.0008 0 0 0 0 0 0 0 0 0.0014 0.0344 0.1862 0.4946 0.8486 1.16 1.2162 1.0016 0.5578 0.2766 0.1308 0.0508 0.0222 0.0156 0.0032 0 0 0 0 0 0 0 0 0.0022 0.0326 0.1232 0.314 0.519 0.716 0.7908 0.6778 0.3956 0.23 0.1178 0.0516 0.0188 0.0068 0.0034 0.0004 0 0 0 0 0 0 0 0.0014 0.0036 0.0116 0.0746 0.1656 0.2324 0.27 0.3238 0.2902 0.2228 0.1516 0.1108 0.0728 0.0346 
0 0 0 0 0 0 0 0 0 0 0 0 0 0 0 0 0 0 0 0.0176 0.237 0.9498 1.7348 1.8824 1.5004 0.8988 0.4466 0.2096 0.089 0.0254 0.0064 0.0022 0 0 0 0 0 0 0 0.0006 0.007 0.0284 0.1416 0.3856 0.6778 0.9424 1.0744 1.0782 0.75 0.4668 0.2638 0.1122 0.0308 0.018 0.0158 0.0066 0 0 0 0 0 0 0 0.003 0.035 0.0968 0.2528 0.3752 0.5488 0.6098 0.6018 0.5444 0.4126 0.2542 0.1354 0.0614 0.0284 0.0296 0.01 0.0008 0 0 0 0 0 0 0.0026 0.006 0.0186 0.045 0.0862 0.1736 0.246 0.1954 0.2526 0.268 0.2728 0.1998 0.1196 0.0528 
0 0 0 0 0 0 0 0 0 0 0 0 0 0 0 0 0 0 0 0.008 0.199 1.047 1.7852 1.8264 1.4268 0.9026 0.5368 0.2056 0.0486 0.0106 0.0034 0 0 0 0 0 0 0 0 0 0 0.0206 0.0968 0.3166 0.7302 1.0826 1.2254 1.0394 0.7604 0.4258 0.2 0.083 0.0176 0.0016 0 0 0 0 0 0 0 0 0 0.0004 0.01 0.034 0.158 0.3928 0.5986 0.8024 0.7916 0.6316 0.3018 0.1606 0.0904 0.0272 0.0006 0 0 0 0 0 0 0 0 0 0.0018 0.0016 0.0044 0.0252 0.0672 0.12 0.2396 0.3184 0.3372 0.3154 0.2356 0.1768 0.0724 0.04 
0 0 0 0 0 0 0 0 0 0 0 0 0 0 0 0 0 0 0 0.014 0.3244 1.0052 1.6856 1.7824 1.3908 0.9604 0.4944 0.2178 0.083 0.0292 0.0092 0.0036 0 0 0 0 0 0 0 0 0 0.0228 0.1828 0.425 0.7444 1.0114 1.1154 0.9446 0.7166 0.425 0.2168 0.11 0.0542 0.019 0.0082 0.0038 0 0 0 0 0 0 0 0.0008 0.0256 0.1044 0.2326 0.4732 0.6538 0.6578 0.5406 0.4756 0.361 0.2368 0.1294 0.0702 0.0246 0.0116 0.002 0 0 0 0 0 0 0 0.0016 0.0042 0.0158 0.0598 0.095 0.1728 0.2408 0.2764 0.277 0.1922 0.1842 0.1584 0.1408 0.0736 
0 0 0 0 0 0 0 0 0 0 0 0 0 0 0 0 0 0 0.0002 0.0162 0.2518 1.0354 1.7932 1.8954 1.4138 0.8854 0.4632 0.1756 0.0564 0.0072 0.0034 0.0028 0 0 0 0 0 0 0 0.0008 0.0042 0.038 0.1292 0.4124 0.6974 1.0602 1.1832 0.9928 0.7472 0.3916 0.21 0.087 0.0302 0.0094 0.0036 0.0028 0 0 0 0 0 0 0.003 0.0078 0.0356 0.087 0.2262 0.4412 0.6316 0.6536 0.6532 0.5388 0.3462 0.196 0.1152 0.038 0.0182 0.0048 0.0036 0 0 0 0 0 0.001 0.0018 0.001 0.0036 0.0198 0.046 0.0972 0.1764 0.2588 0.2878 0.3044 0.2432 0.206 0.1476 0.0994 0.0522 
0 0 0 0 0 0 0 0 0 0 0 0 0 0 0 0 0 0 0 0.0098 0.2772 1.2106 1.9758 1.9302 1.2844 0.79 0.3482 0.1142 0.0426 0.0082 0.0088 0 0 0 0 0 0 0 0 0 0.0018 0.0252 0.1702 0.5392 0.9404 1.1094 1.1364 1.0122 0.5868 0.2774 0.1376 0.0396 0.0136 0.0074 0.0028 0 0 0 0 0 0 0 0 0.0106 0.0324 0.135 0.3288 0.5246 0.7374 0.7252 0.6566 0.4484 0.2346 0.0988 0.0406 0.021 0.005 0.001 0 0 0 0 0 0 0.001 0.0026 0.002 0.0132 0.0398 0.082 0.1742 0.187 0.2578 0.3166 0.3 0.285 0.1924 0.073 0.0218 0.022 
0 0 0 0 0 0 0 0 0 0 0 0 0 0 0 0 0 0 0 0.0132 0.2814 1.0426 1.9076 1.935 1.5378 0.7946 0.34 0.1026 0.0356 0.0088 0.0008 0 0 0 0 0 0 0 0 0 0.0012 0.024 0.131 0.42 0.8284 1.1244 1.225 0.9996 0.6666 0.374 0.1516 0.0486 0.0056 0 0 0 0 0 0 0 0 0 0 0.0046 0.0334 0.1044 0.2142 0.4878 0.6752 0.7638 0.6632 0.5394 0.318 0.135 0.0474 0.0106 0.002 0.001 0 0 0 0 0 0 0 0 0.0022 0.01 0.0392 0.0582 0.1028 0.1872 0.3052 0.3008 0.3196 0.2544 0.216 0.1238 0.0596 0.0146 
0 0 0 0 0 0 0 0 0 0 0 0 0 0 0 0 0 0 0 0.0296 0.3436 1.1838 1.9684 1.9062 1.2542 0.713 0.3554 0.1452 0.0596 0.0332 0.007 0.0008 0 0 0 0 0 0 0 0 0.0144 0.0736 0.2318 0.4952 0.9288 1.196 1.0438 0.7986 0.5438 0.3122 0.2154 0.1 0.0348 0.0104 0.0012 0 0 0 0 0 0 0 0.0022 0.0328 0.0936 0.2186 0.3866 0.5136 0.6556 0.5992 0.4806 0.3622 0.2368 0.201 0.1266 0.052 0.023 0.0144 0.0012 0 0 0 0 0 0.004 0.0046 0.01 0.033 0.0732 0.1196 0.2006 0.2372 0.2404 0.2052 0.2076 0.1594 0.1336 0.1316 0.1006 0.0742 
0 0 0 0 0 0 0 0 0 0 0 0 0 0 0 0 0 0 0.0006 0.0312 0.3144 1.1716 2.0074 1.8314 1.2922 0.7924 0.3764 0.1368 0.0342 0.0114 0 0 0 0 0 0 0 0 0 0.0024 0.0098 0.0654 0.244 0.5014 0.9094 1.1574 1.0586 0.7946 0.5412 0.3672 0.2272 0.083 0.0304 0.008 0 0 0 0 0 0 0 0.0012 0.0042 0.0128 0.0844 0.2144 0.3624 0.5802 0.6344 0.597 0.4466 0.3828 0.2792 0.2026 0.1194 0.0718 0.0054 0.0012 0 0 0 0 0 0 0 0 0.0034 0.0126 0.0606 0.1218 0.2192 0.2668 0.2328 0.2514 0.1956 0.1944 0.1288 0.1122 0.074 0.06 
0 0 0 0 0 0 0 0 0 0 0 0 0 0 0 0 0 0 0 0.013 0.2412 0.9544 1.7228 1.8752 1.4274 0.8672 0.5082 0.2214 0.133 0.0296 0.0066 0 0 0 0 0 0 0 0 0 0.0058 0.0374 0.1234 0.3116 0.671 1.0812 1.2028 1.018 0.6532 0.4406 0.2504 0.1172 0.059 0.0172 0.0032 0.008 0 0 0 0 0 0 0 0.0046 0.0284 0.0714 0.1604 0.419 0.5692 0.7184 0.662 0.5402 0.3868 0.2248 0.117 0.0524 0.0236 0.0124 0.0054 0.0026 0.0014 0 0 0 0 0 0 0 0.0052 0.022 0.0792 0.1598 0.2284 0.2844 0.2626 0.2752 0.2372 0.1682 0.1034 0.0864 
0 0 0 0 0 0 0 0 0 0 0 0 0 0 0 0 0 0 0 0.011 0.2614 1.097 1.8586 1.8976 1.3874 0.863 0.395 0.1554 0.053 0.0206 0 0 0 0 0 0 0 0 0 0 0 0.0138 0.1484 0.5138 0.8354 1.064 1.1352 0.9852 0.6566 0.3526 0.1598 0.089 0.0408 0.0054 0 0 0 0 0 0 0 0 0 0.0046 0.0362 0.115 0.2646 0.446 0.694 0.7456 0.6184 0.4536 0.3182 0.1856 0.0646 0.0442 0.0094 0 0 0 0 0 0 0 0 0 0.0024 0.0134 0.0344 0.0454 0.116 0.182 0.2522 0.315 0.2872 0.2474 0.208 0.1458 0.0842 0.0462 
0 0 0 0 0 0 0 0 0 0 0 0 0 0 0 0 0 0 0 0.0134 0.2678 1.0692 1.8594 1.899 1.3546 0.7896 0.4828 0.182 0.0604 0.017 0.004 0.0008 0 0 0 0 0 0 0 0 0.0016 0.0186 0.1556 0.4238 0.832 1.0998 1.0832 0.961 0.6676 0.408 0.2256 0.0882 0.0334 0.0016 0 0 0 0 0 0 0 0 0 0.0064 0.0278 0.1014 0.234 0.483 0.651 0.728 0.604 0.4318 0.353 0.2184 0.1164 0.0416 0.0032 0 0 0 0 0 0 0 0 0 0 0.005 0.0246 0.0494 0.1018 0.2014 0.2414 0.3092 0.2872 0.2326 0.224 0.1554 0.0916 0.0428 
0 0 0 0 0 0 0 0 0 0 0 0 0 0 0 0 0 0 0 0.0124 0.3802 1.2414 1.932 1.7304 1.3428 0.798 0.3392 0.1268 0.068 0.023 0.005 0.0008 0 0 0 0 0 0 0 0 0.0056 0.0486 0.2198 0.6032 0.984 1.0562 1.0934 0.8602 0.5746 0.2922 0.1604 0.052 0.035 0.0138 0.001 0 0 0 0 0 0 0 0.0024 0.0144 0.0514 0.204 0.3984 0.5772 0.657 0.6112 0.5742 0.426 0.244 0.1396 0.0534 0.0312 0.0136 0.002 0 0 0 0 0 0 0 0 0.0108 0.0366 0.05 0.0744 0.176 0.2264 0.2988 0.2604 0.2334 0.2226 0.1388 0.1108 0.0756 0.0486 
0 0 0 0 0 0 0 0 0 0 0 0 0 0 0 0 0 0 0 0.0216 0.2674 1.0356 2.009 1.7016 1.398 0.9346 0.431 0.1556 0.0408 0.0048 0 0 0 0 0 0 0 0 0 0 0 0.026 0.1784 0.4534 0.8214 1.0214 1.103 0.9538 0.6852 0.4418 0.2026 0.0752 0.0218 0.009 0.0024 0.0014 0.0032 0 0 0 0 0 0.0012 0.0126 0.039 0.1364 0.288 0.4518 0.6028 0.6524 0.5924 0.505 0.3774 0.1674 0.1024 0.0352 0.0212 0.009 0.0012 0.001 0.0012 0.0024 0 0 0 0.0012 0.0074 0.027 0.0336 0.0832 0.1138 0.2106 0.24 0.2378 0.2524 0.2346 0.21 0.145 0.1006 0.0484 
0 0 0 0 0 0 0 0 0 0 0 0 0 0 0 0 0 0 0 0.011 0.2114 1.07 1.9074 1.8832 1.462 0.8484 0.3786 0.1462 0.0496 0.0166 0.0044 0.0066 0.0046 0 0 0 0 0 0 0 0.0014 0.02 0.1236 0.372 0.8402 1.1264 1.2298 0.96 0.6732 0.361 0.1788 0.0576 0.0276 0.0204 0.008 0 0 0 0 0 0 0 0.003 0.0058 0.023 0.1244 0.226 0.444 0.5984 0.7168 0.7516 0.4944 0.3106 0.1698 0.0718 0.038 0.0184 0.003 0.001 0 0 0 0 0 0 0.001 0.0036 0.0122 0.0228 0.059 0.1066 0.1674 0.2628 0.2812 0.287 0.29 0.2018 0.1386 0.0802 0.0482 
0 0 0 0 0 0 0 0 0 0 0 0 0 0 0 0 0 0 0.001 0.0316 0.3446 1.2482 1.9566 1.7072 1.3092 0.774 0.4064 0.1644 0.0424 0.01 0.003 0.0014 0 0 0 0 0 0 0 0 0.0086 0.0452 0.2044 0.5462 0.953 1.172 1.1122 0.8598 0.5436 0.331 0.1654 0.0412 0.0116 0.0058 0 0 0 0 0 0 0 0 0 0.013 0.0642 0.1788 0.3068 0.5488 0.6982 0.7306 0.6394 0.4282 0.2132 0.1126 0.0462 0.0134 0.0066 0 0 0 0 0 0 0 0 0 0.0072 0.0216 0.041 0.0726 0.1524 0.2224 0.2756 0.2934 0.2894 0.2506 0.1766 0.1126 0.041 0.0288 
0 0 0 0 0 0 0 0 0 0 0 0 0 0 0 0 0 0 0 0.0204 0.3214 1.0024 1.5774 1.7278 1.4988 1.0264 0.522 0.198 0.0758 0.0214 0.0082 0 0 0 0 0 0 0 0 0 0.009 0.0684 0.1674 0.386 0.6924 0.8714 1.1264 0.971 0.6824 0.4978 0.3196 0.1426 0.051 0.0124 0.0022 0 0 0 0 0 0 0 0.0016 0.0108 0.0436 0.1202 0.2402 0.3898 0.5344 0.6164 0.562 0.502 0.3816 0.3024 0.182 0.0832 0.023 0.0068 0 0 0 0 0 0 0 0.0006 0.0012 0.0072 0.0204 0.0506 0.0866 0.1548 0.1914 0.2516 0.2718 0.263 0.2268 0.1846 0.1248 0.1004 
0 0 0 0 0 0 0 0 0 0 0 0 0 0 0 0 0 0 0 0.0066 0.2006 1.048 1.9372 1.9946 1.3794 0.8002 0.3966 0.1948 0.0324 0.0092 0.0004 0 0 0 0 0 0 0 0 0 0.002 0.0228 0.139 0.3874 0.764 1.1286 1.1808 1.022 0.6836 0.3692 0.1748 0.0872 0.031 0.0052 0.0024 0 0 0 0 0 0 0 0.0012 0.0086 0.0396 0.0998 0.1892 0.4678 0.6584 0.6962 0.6304 0.5592 0.3392 0.1718 0.0938 0.034 0.0108 0 0 0 0 0 0 0 0 0 0.0028 0.0136 0.0216 0.0568 0.1082 0.1974 0.2694 0.2886 0.2776 0.2298 0.212 0.1664 0.0928 0.046 
0 0 0 0 0 0 0 0 0 0 0 0 0 0 0 0 0 0 0 0.0186 0.3258 1.2616 1.9472 1.8082 1.3514 0.7452 0.3422 0.1392 0.047 0.0136 0 0 0 0 0 0 0 0 0 0.0004 0.0046 0.0242 0.1954 0.53 0.96 1.194 1.207 0.8608 0.5316 0.2678 0.1242 0.0646 0.029 0.0056 0.0008 0 0 0 0 0 0 0 0.0042 0.0084 0.0544 0.1476 0.3184 0.6092 0.7308 0.7404 0.591 0.3694 0.2014 0.1344 0.0626 0.0164 0.0114 0 0 0 0 0 0 0 0 0 0.0078 0.0158 0.0494 0.1174 0.1696 0.2506 0.2644 0.308 0.2376 0.1818 0.1382 0.1176 0.0734 0.0362 
0 0 0 0 0 0 0 0 0 0 0 0 0 0 0 0 0 0 0 0.0266 0.3688 1.1794 1.8178 1.8506 1.4676 0.8068 0.316 0.122 0.0336 0.0056 0.0052 0 0 0 0 0 0 0 0 0 0.002 0.0382 0.176 0.531 0.9602 1.1324 1.1544 0.9052 0.5494 0.3158 0.1498 0.0568 0.0142 0.0096 0.0036 0.0014 0 0 0 0 0 0 0.0034 0.0076 0.0316 0.1338 0.3378 0.5656 0.74 0.7236 0.6 0.42 0.227 0.1196 0.0534 0.0212 0.0088 0.0052 0.0014 0 0 0 0 0 0 0 0.0006 0.0146 0.0464 0.0798 0.1264 0.2194 0.3194 0.314 0.2806 0.2516 0.1702 0.0986 0.0412 0.0206 
0 0 0 0 0 0 0 0 0 0 0 0 0 0 0 0 0 0 0 0.0118 0.3332 1.2028 1.9624 1.687 1.347 0.8548 0.3988 0.147 0.0464 0.0072 0.0016 0 0 0 0 0 0 0 0 0 0.0022 0.0382 0.2054 0.484 0.8498 1.1746 1.2064 0.9176 0.5818 0.302 0.1404 0.07 0.0236 0.004 0 0 0 0 0 0 0 0 0.0006 0.0136 0.035 0.1468 0.3232 0.5368 0.7056 0.708 0.5812 0.4492 0.2706 0.1398 0.0606 0.018 0.0064 0.0046 0 0 0 0 0 0 0 0 0.0056 0.0116 0.029 0.0668 0.1498 0.2496 0.2626 0.277 0.303 0.243 0.1592 0.1102 0.0768 0.0386 
0 0 0 0 0 0 0 0 0 0 0 0 0 0 0 0 0 0 0.0004 0.019 0.3212 1.1864 1.896 1.833 1.393 0.7842 0.389 0.1316 0.0368 0.0094 0 0 0 0 0 0 0 0 0 0 0.0066 0.0526 0.2024 0.4844 0.9016 1.1198 1.098 0.84 0.6244 0.3428 0.2198 0.0824 0.0198 0.0038 0.0016 0 0 0 0 0 0 0 0.003 0.0236 0.0614 0.165 0.3666 0.4834 0.6416 0.653 0.5426 0.4448 0.284 0.1578 0.0964 0.0404 0.0258 0.006 0.0026 0.002 0 0 0 0 0 0.0008 0.0074 0.0204 0.0476 0.1 0.1822 0.239 0.2408 0.2544 0.2456 0.226 0.1554 0.096 0.0778 0.0504 
0 0 0 0 0 0 0 0 0 0 0 0 0 0 0 0 0 0 0.0008 0.014 0.2732 1.0002 1.8296 1.843 1.4042 0.9606 0.4876 0.1652 0.0212 0.0004 0 0 0 0 0 0 0 0 0 0 0.002 0.0344 0.1722 0.394 0.7624 1.0314 1.1148 1.0508 0.7436 0.4462 0.1832 0.0498 0.013 0.0022 0 0 0 0 0 0 0 0 0 0.0034 0.0402 0.082 0.2266 0.4712 0.6098 0.697 0.7128 0.5182 0.342 0.1868 0.0724 0.0298 0.0078 0 0 0 0 0 0 0 0 0 0 0.0062 0.0164 0.06 0.1432 0.1964 0.2178 0.231 0.235 0.2936 0.2698 0.1696 0.0874 0.0364 
0 0 0 0 0 0 0 0 0 0 0 0 0 0 0 0 0 0 0 0.0126 0.254 1.0222 1.8748 1.8508 1.4256 0.7728 0.4294 0.2172 0.0944 0.04 0.0062 0 0 0 0 0 0 0 0 0.0008 0.0014 0.0242 0.1364 0.3806 0.8032 1.1256 1.2014 0.869 0.5994 0.3544 0.2394 0.1392 0.0756 0.0342 0.0144 0.0008 0 0 0 0 0 0 0 0.0026 0.0206 0.091 0.2262 0.448 0.632 0.7308 0.6496 0.4596 0.3192 0.1638 0.0974 0.0856 0.0486 0.0174 0.0064 0.0012 0 0 0 0 0 0 0.0002 0.0082 0.0226 0.041 0.077 0.1562 0.2494 0.3426 0.3594 0.249 0.1518 0.1078 0.0796 0.0616 
0 0 0 0 0 0 0 0 0 0 0 0 0 0 0 0 0 0 0 0.011 0.2388 1.0282 1.6616 1.8294 1.4558 0.9054 0.5134 0.2624 0.0756 0.0156 0.0028 0 0 0 0 0 0 0 0 0 0.0014 0.0152 0.1288 0.3558 0.7278 1.0284 1.1288 0.9648 0.762 0.5026 0.2178 0.1048 0.0454 0.0114 0.005 0 0 0 0 0 0 0 0 0.0054 0.0286 0.0666 0.2346 0.3724 0.546 0.6502 0.6986 0.5534 0.4088 0.2396 0.1322 0.0386 0.0196 0.0054 0 0 0 0 0 0 0 0 0 0.0062 0.0248 0.053 0.0872 0.1364 0.1984 0.2154 0.2788 0.2878 0.2472 0.1994 0.1222 0.0756 
0 0 0 0 0 0 0 0 0 0 0 0 0 0 0 0 0 0 0 0.018 0.3654 1.2242 1.8584 1.7194 1.4278 0.8652 0.3362 0.143 0.0394 0.003 0 0 0 0 0 0 0 0 0 0 0.0018 0.0566 0.2306 0.518 0.8426 1.0828 1.2318 0.9088 0.6618 0.2694 0.148 0.0424 0.0054 0 0 0 0 0 0 0 0 0 0.0004 0.0166 0.0556 0.1462 0.3104 0.5326 0.674 0.7648 0.6616 0.4226 0.2576 0.1098 0.0388 0.009 0 0 0 0 0 0 0 0 0 0 0.0068 0.0048 0.034 0.056 0.1404 0.209 0.2766 0.3764 0.3022 0.2468 0.1744 0.1122 0.0542 0.005 
0 0 0 0 0 0 0 0 0 0 0 0 0 0 0 0 0 0 0 0.0188 0.3438 1.071 2.067 2.0588 1.3798 0.6732 0.294 0.07 0.0178 0.004 0.0018 0 0 0 0 0 0 0 0 0 0.0054 0.0284 0.1876 0.5062 0.8694 1.2608 1.2466 0.9904 0.553 0.232 0.0952 0.0246 0.0004 0 0 0 0 0 0 0 0 0 0 0.012 0.0538 0.1442 0.3224 0.5696 0.745 0.756 0.6632 0.4046 0.207 0.088 0.0252 0.009 0 0 0 0 0 0 0 0 0 0 0.0018 0.0166 0.036 0.1 0.1556 0.2352 0.3492 0.3604 0.2706 0.202 0.1478 0.0702 0.0388 0.0138 
0 0 0 0 0 0 0 0 0 0 0 0 0 0 0 0 0 0 0 0.0094 0.246 1.0616 1.881 2.0336 1.381 0.7982 0.375 0.1546 0.0474 0.0122 0 0 0 0 0 0 0 0 0 0 0.0008 0.0354 0.1386 0.389 0.8012 1.1688 1.155 0.9464 0.6214 0.3744 0.1936 0.1198 0.0368 0.0158 0.003 0 0 0 0 0 0 0 0 0.0054 0.0316 0.1188 0.306 0.4816 0.6248 0.6126 0.632 0.482 0.3084 0.1536 0.1222 0.0666 0.032 0.011 0.0114 0 0 0 0 0 0 0.001 0.0024 0.0058 0.0204 0.074 0.157 0.233 0.2568 0.2634 0.2808 0.2472 0.1722 0.1096 0.0538 0.0438 
0 0 0 0 0 0 0 0 0 0 0 0 0 0 0 0 0 0 0.0012 0.0188 0.2554 0.8604 1.6272 1.8048 1.4432 0.9958 0.5648 0.2796 0.0962 0.0392 0.0076 0.0058 0 0 0 0 0 0 0 0 0.0092 0.03 0.1172 0.3302 0.6492 0.8798 1.088 1.0924 0.7752 0.4898 0.3068 0.1452 0.0642 0.0222 0.0006 0 0 0 0 0 0 0 0 0.007 0.0184 0.062 0.171 0.355 0.4418 0.6486 0.7068 0.5694 0.4634 0.3002 0.163 0.0684 0.0174 0.0074 0.0002 0 0 0 0 0 0 0.0012 0.0038 0.0028 0.004 0.0204 0.0722 0.087 0.1504 0.2614 0.2856 0.2852 0.2706 0.2162 0.1546 0.1028 
0 0 0 0 0 0 0 0 0 0 0 0 0 0 0 0 0 0 0.0004 0.0136 0.3128 1.0642 1.8124 2.0934 1.3736 0.7544 0.3434 0.1544 0.0506 0.0236 0.0032 0 0 0 0 0 0 0 0 0 0.0018 0.046 0.17 0.4522 0.7924 1.0646 1.2292 0.928 0.6464 0.3706 0.1956 0.0684 0.0228 0.0054 0.0034 0.0018 0.0014 0 0 0 0 0 0.0048 0.008 0.0476 0.1568 0.2876 0.4478 0.5888 0.6996 0.629 0.5004 0.3188 0.1682 0.0858 0.032 0.0156 0.0042 0.0014 0.0022 0.0014 0 0 0 0 0.0014 0.002 0.0156 0.0414 0.1024 0.1292 0.2068 0.2374 0.2962 0.2604 0.2404 0.1808 0.1074 0.0784 0.0512 
0 0 0 0 0 0 0 0 0 0 0 0 0 0 0 0 0 0 0 0.0278 0.313 1.0606 1.8038 1.8012 1.424 0.8882 0.4136 0.1784 0.0738 0.0156 0 0 0 0 0 0 0 0 0 0 0.0062 0.0458 0.1622 0.3914 0.7726 1.1132 1.2596 0.9692 0.625 0.375 0.1762 0.0778 0.0214 0.0044 0 0 0 0 0 0 0 0 0 0.0088 0.0186 0.0806 0.2524 0.5142 0.6992 0.7334 0.6284 0.4824 0.3016 0.163 0.0838 0.0274 0.0062 0 0 0 0 0 0 0 0 0 0.0006 0.0078 0.0146 0.0274 0.1044 0.206 0.2412 0.3218 0.3052 0.3058 0.2044 0.1258 0.0624 0.0418 
0 0 0 0 0 0 0 0 0 0 0 0 0 0 0 0 0 0 0 0.0236 0.3118 1.0612 2.061 2.0086 1.304 0.7212 0.3768 0.114 0.0158 0.002 0 0 0 0 0 0 0 0 0 0.0028 0.0148 0.057 0.1576 0.4324 0.9182 1.1776 1.1598 0.9718 0.5672 0.2856 0.161 0.0652 0.0238 0.0052 0 0 0 0 0 0 0 0 0.0026 0.0228 0.0496 0.1416 0.343 0.5074 0.6824 0.7162 0.5708 0.4344 0.2826 0.1286 0.073 0.0332 0.0084 0.002 0.0014 0 0 0 0 0 0 0 0.0132 0.0242 0.043 0.0908 0.152 0.2322 0.3154 0.3028 0.2724 0.1912 0.1302 0.0918 0.0664 0.0364 
0 0 0 0 0 0 0 0 0 0 0 0 0 0 0 0 0 0 0 0.0198 0.2816 1.127 1.8582 1.7122 1.4134 0.8786 0.499 0.175 0.0298 0.0054 0 0 0 0 0 0 0 0 0 0 0.001 0.0276 0.137 0.4316 0.833 1.1836 1.1114 0.8918 0.6772 0.46 0.1724 0.049 0.0194 0.005 0 0 0 0 0 0 0 0 0 0.0034 0.0142 0.1112 0.2658 0.5356 0.6096 0.6816 0.7046 0.4924 0.2992 0.1658 0.0914 0.014 0.0058 0.0054 0 0 0 0 0 0 0 0 0 0.0008 0.0156 0.0592 0.1096 0.178 0.2638 0.3144 0.3164 0.257 0.2128 0.1384 0.0796 0.038 
0 0 0 0 0 0 0 0 0 0 0 0 0 0 0 0 0 0 0.0002 0.0178 0.3964 1.367 1.789 1.8192 1.3458 0.7644 0.3478 0.1226 0.0268 0.003 0 0 0 0 0 0 0 0 0 0.0012 0.0074 0.052 0.2492 0.613 0.9396 1.1718 1.1306 0.871 0.5476 0.2678 0.1014 0.0422 0.0046 0.0006 0 0 0 0 0 0 0 0 0 0.01 0.078 0.2106 0.4132 0.5754 0.674 0.6722 0.6288 0.4132 0.2124 0.0888 0.0216 0.0018 0 0 0 0 0 0 0 0 0 0.0026 0.002 0.0168 0.0518 0.094 0.1784 0.2454 0.2802 0.263 0.3236 0.259 0.1628 0.076 0.033 0.011 
0 0 0 0 0 0 0 0 0 0 0 0 0 0 0 0 0 0 0 0.0196 0.3458 1.2528 1.891 1.9014 1.3308 0.764 0.3376 0.1132 0.0334 0.0104 0 0 0 0 0 0 0 0 0 0 0.004 0.048 0.224 0.5328 0.8604 1.1546 1.2282 0.8874 0.5936 0.2928 0.1118 0.049 0.0094 0.004 0 0 0 0 0 0 0 0 0.0044 0.0222 0.083 0.1504 0.3202 0.5162 0.6762 0.7304 0.6372 0.48 0.2156 0.1204 0.0344 0.0092 0.0002 0 0 0 0 0 0 0 0 0.0032 0.0134 0.0274 0.0602 0.0726 0.132 0.2364 0.2634 0.3134 0.3146 0.2462 0.1576 0.084 0.0504 0.012 
0 0 0 0 0 0 0 0 0 0 0 0 0 0 0 0 0 0 0 0.011 0.241 1.047 1.9012 2.0286 1.4988 0.8122 0.3084 0.1144 0.0318 0.0056 0 0 0 0 0 0 0 0 0 0 0.002 0.023 0.1264 0.3756 0.8084 1.1804 1.259 1.0438 0.6772 0.3088 0.1078 0.059 0.0212 0.0074 0 0 0 0 0 0 0 0 0.002 0.0026 0.0284 0.0794 0.2294 0.4916 0.7094 0.8174 0.6686 0.4614 0.2628 0.149 0.058 0.029 0.011 0 0 0 0 0 0 0 0 0 0.001 0.0132 0.014 0.0622 0.1244 0.208 0.3014 0.3388 0.2898 0.2302 0.175 0.1188 0.0578 0.0486 
0 0 0 0 0 0 0 0 0 0 0 0 0 0 0 0 0 0 0 0.0142 0.2726 1.1766 2.0042 1.9726 1.2918 0.7416 0.3224 0.1366 0.0488 0.0172 0.0014 0 0 0 0 0 0 0 0 0 0 0.027 0.1704 0.4756 0.8826 1.2826 1.171 0.955 0.576 0.2734 0.1086 0.0638 0.0122 0.0018 0 0 0 0 0 0 0 0 0 0.0028 0.0342 0.1274 0.3082 0.5326 0.7478 0.7744 0.661 0.4464 0.2218 0.0832 0.04 0.0166 0.0036 0 0 0 0 0 0 0 0 0 0.0004 0.0044 0.0326 0.086 0.1626 0.2298 0.315 0.3246 0.258 0.2212 0.1572 0.0898 0.0564 0.0328 
0 0 0 0 0 0 0 0 0 0 0 0 0 0 0 0 0 0 0.0002 0.017 0.268 1.213 2.0188 1.926 1.273 0.7418 0.365 0.1112 0.0486 0.0142 0.0032 0 0 0 0 0 0 0 0 0 0.002 0.047 0.186 0.4516 0.9176 1.2438 1.1926 0.892 0.5572 0.3088 0.1188 0.0614 0.0156 0.0056 0 0 0 0 0 0 0 0 0.0008 0.0128 0.045 0.1144 0.2932 0.6168 0.7446 0.7362 0.6024 0.425 0.2062 0.105 0.0598 0.0254 0.0124 0 0 0 0 0 0 0 0 0 0.0066 0.0066 0.0188 0.08 0.19 0.2448 0.2756 0.2872 0.3044 0.2466 0.1472 0.1016 0.0582 0.0186 
0 0 0 0 0 0 0 0 0 0 0 0 0 0 0 0 0 0 0.0002 0.0152 0.2776 1.1654 1.7378 1.706 1.3272 0.8726 0.574 0.2206 0.0702 0.0288 0.0044 0 0 0 0 0 0 0 0 0 0.0018 0.0222 0.1416 0.4476 0.7948 1.1034 1.1024 0.9944 0.671 0.3806 0.2126 0.0896 0.032 0.005 0.001 0 0 0 0 0 0 0 0 0 0.0096 0.0758 0.216 0.4796 0.6842 0.7322 0.6858 0.4858 0.3618 0.1776 0.063 0.0252 0.0034 0 0 0 0 0 0 0 0 0 0 0.0004 0.0122 0.033 0.0782 0.1556 0.2482 0.3134 0.2926 0.2834 0.2328 0.1768 0.0962 0.0464 
0 0 0 0 0 0 0 0 0 0 0 0 0 0 0 0 0 0 0.0012 0.0278 0.2064 0.955 1.8178 2.0174 1.6118 0.8994 0.336 0.0968 0.0236 0.0058 0.001 0 0 0 0 0 0 0 0 0 0 0.0236 0.0912 0.3152 0.7514 1.1158 1.2072 1.089 0.7588 0.3946 0.1478 0.0688 0.0254 0.0082 0.003 0 0 0 0 0 0 0 0 0.0032 0.017 0.0816 0.218 0.3866 0.645 0.734 0.6784 0.546 0.3556 0.1978 0.0768 0.028 0.02 0.011 0.001 0 0 0 0 0 0 0 0.0004 0.0048 0.0178 0.0436 0.1256 0.1792 0.2834 0.2902 0.3016 0.2974 0.1986 0.1386 0.0502 0.0226 
0 0 0 0 0 0 0 0 0 0 0 0 0 0 0 0 0 0 0.0002 0.0212 0.3698 1.2232 2.0264 1.9252 1.3156 0.6786 0.277 0.1056 0.0404 0.0128 0.004 0 0 0 0 0 0 0 0 0 0.0056 0.0752 0.214 0.5454 0.9654 1.2324 1.1676 0.8768 0.5132 0.2498 0.095 0.035 0.0168 0.0048 0.003 0 0 0 0 0 0 0.0012 0.002 0.0214 0.1172 0.1998 0.378 0.5638 0.6884 0.7108 0.5448 0.3646 0.2178 0.1266 0.0414 0.0186 0.0036 0 0 0 0 0 0 0 0 0.0052 0.0188 0.0316 0.0654 0.1004 0.1746 0.2238 0.3434 0.2904 0.2292 0.2038 0.1174 0.096 0.0504 0.0346 
0 0 0 0 0 0 0 0 0 0 0 0 0 0 0 0 0 0 0 0.0102 0.2136 0.9446 1.7742 1.979 1.4086 0.9276 0.477 0.1774 0.062 0.0228 0.003 0 0 0 0 0 0 0 0 0 0.0034 0.0192 0.0852 0.316 0.7458 1.0696 1.2374 1.0514 0.6762 0.4246 0.2138 0.0968 0.0466 0.0086 0.0054 0 0 0 0 0 0 0 0.0006 0.0024 0.0078 0.0436 0.1894 0.4406 0.6484 0.6656 0.6404 0.6098 0.3616 0.2238 0.1034 0.0322 0.0222 0.0082 0 0 0 0 0 0 0 0 0 0.0022 0.0124 0.0266 0.0722 0.1534 0.2334 0.319 0.31 0.276 0.232 0.136 0.1076 0.053 
0 0 0 0 0 0 0 0 0 0 0 0 0 0 0 0 0 0 0 0.0236 0.3328 1.1874 1.8188 1.8294 1.3338 0.7964 0.407 0.183 0.063 0.015 0.0078 0.002 0 0 0 0 0 0 0 0 0.0028 0.0496 0.2118 0.4978 0.8632 1.1298 1.0776 0.8894 0.603 0.3696 0.1892 0.0762 0.0336 0.0064 0 0 0 0 0 0 0 0 0.0014 0.0144 0.0468 0.1402 0.3286 0.5244 0.6706 0.6654 0.6208 0.413 0.2626 0.1692 0.0786 0.0384 0.0186 0.007 0 0 0 0 0 0 0 0.004 0.0018 0.0086 0.0344 0.0918 0.1474 0.1814 0.2382 0.3082 0.2936 0.2312 0.169 0.1188 0.0876 0.0468 
0 0 0 0 0 0 0 0 0 0 0 0 0 0 0 0 0 0 0 0.019 0.2454 1.074 1.9742 2.0172 1.3962 0.7344 0.3814 0.1236 0.033 0.0016 0 0 0 0 0 0 0 0 0 0 0.0018 0.0366 0.1406 0.3746 0.8854 1.214 1.25 0.9802 0.6008 0.3096 0.1336 0.0596 0.012 0.0012 0 0 0 0 0 0 0 0 0 0.0012 0.0424 0.1124 0.2708 0.479 0.7138 0.7204 0.7004 0.4834 0.294 0.1384 0.03 0.0126 0.0012 0 0 0 0 0 0 0 0 0 0.0016 0.002 0.0348 0.0716 0.1384 0.2012 0.2796 0.3478 0.2918 0.2356 0.1742 0.1046 0.0724 0.035 
0 0 0 0 0 0 0 0 0 0 0 0 0 0 0 0 0 0 0 0.008 0.1964 0.9334 1.8604 2.0852 1.4804 0.8018 0.3506 0.1572 0.0706 0.0408 0.01 0.0016 0.0026 0.001 0 0 0 0 0 0 0.0016 0.0092 0.0834 0.2966 0.744 1.1794 1.25 1.017 0.6586 0.3726 0.1794 0.1306 0.0536 0.0188 0.0026 0.0026 0 0 0 0 0 0 0 0.0022 0.0116 0.0664 0.1956 0.4182 0.5496 0.758 0.7704 0.5018 0.3234 0.2044 0.1016 0.0628 0.0244 0.0096 0 0 0 0 0 0 0 0 0 0.0066 0.0114 0.0466 0.0838 0.1698 0.2408 0.2968 0.3148 0.2526 0.2196 0.1598 0.1034 0.0466 
0 0 0 0 0 0 0 0 0 0 0 0 0 0 0 0 0 0 0 0.0088 0.1858 0.9464 1.9308 1.957 1.4078 0.855 0.4098 0.2086 0.0638 0.0196 0.0066 0 0 0 0 0 0 0 0 0 0.001 0.0202 0.1116 0.3506 0.7318 1.1014 1.178 1.0096 0.7014 0.4308 0.21 0.1054 0.0274 0.018 0.0028 0 0 0 0 0 0 0 0 0.0064 0.0208 0.0884 0.2364 0.4026 0.5396 0.7144 0.666 0.5608 0.3594 0.219 0.114 0.0496 0.0162 0.0064 0 0 0 0 0 0 0 0.001 0.0018 0.0024 0.0184 0.0534 0.1082 0.1586 0.188 0.2624 0.3296 0.2854 0.227 0.158 0.1066 0.0544 
0 0 0 0 0 0 0 0 0 0 0 0 0 0 0 0 0 0 0 0.0198 0.2216 1.081 1.857 1.8506 1.4952 0.853 0.4168 0.1594 0.0352 0.0104 0 0 0 0 0 0 0 0 0 0 0 0.0222 0.1248 0.4282 0.7842 1.1184 1.21 0.945 0.652 0.4472 0.1614 0.0678 0.0278 0.0082 0.0028 0 0 0 0 0 0 0 0 0.0012 0.0318 0.1232 0.2544 0.418 0.592 0.6842 0.7052 0.5678 0.3642 0.1568 0.0738 0.0228 0.0042 0.0004 0 0 0 0 0 0 0 0 0.002 0.0078 0.029 0.0758 0.1042 0.1446 0.2322 0.2588 0.3278 0.3292 0.2382 0.1314 0.0622 0.0324 
0 0 0 0 0 0 0 0 0 0 0 0 0 0 0 0 0 0 0 0.0228 0.2754 1.0744 1.9928 1.8454 1.367 0.8356 0.3848 0.1464 0.0456 0.0082 0.0016 0 0 0 0 0 0 0 0 0 0.0024 0.021 0.1716 0.4714 0.837 1.0458 1.1318 0.9842 0.7272 0.3434 0.1808 0.0614 0.0166 0.0052 0.0002 0 0 0 0 0 0 0 0 0.0102 0.0518 0.1352 0.2758 0.451 0.6314 0.6818 0.6596 0.5308 0.284 0.1616 0.0954 0.0238 0.007 0.0006 0 0 0 0 0 0 0 0 0 0.0132 0.0502 0.0678 0.1528 0.189 0.2398 0.2648 0.2922 0.2796 0.1972 0.112 0.0738 0.0448 
0 0 0 0 0 0 0 0 0 0 0 0 0 0 0 0 0 0 0 0.011 0.3042 1.0578 1.6906 1.874 1.3516 0.9374 0.4858 0.177 0.0782 0.0286 0.0038 0 0 0 0 0 0 0 0 0 0.0054 0.0462 0.144 0.3742 0.7762 1.0956 1.1794 0.9052 0.6978 0.4172 0.1882 0.1092 0.0412 0.0134 0.0068 0 0 0 0 0 0 0 0.0006 0.013 0.0232 0.096 0.2446 0.4606 0.604 0.6958 0.6194 0.4946 0.3904 0.187 0.0994 0.0526 0.0144 0.0044 0 0 0 0 0 0 0 0 0.0012 0.0066 0.019 0.058 0.1222 0.1708 0.2268 0.2472 0.2602 0.2514 0.2006 0.1814 0.1338 0.0742 
0 0 0 0 0 0 0 0 0 0 0 0 0 0 0 0 0 0 0 0.0276 0.3768 1.3758 1.9578 1.744 1.2716 0.727 0.3214 0.1428 0.0358 0.017 0.0024 0 0 0 0 0 0 0 0 0 0.0064 0.0554 0.2554 0.563 0.9942 1.248 1.0618 0.8744 0.5418 0.261 0.0828 0.0264 0.0164 0.0082 0.0036 0.0012 0 0 0 0 0 0 0.0096 0.0242 0.0778 0.1736 0.3462 0.5928 0.7718 0.7446 0.5836 0.3776 0.1788 0.0808 0.0258 0.0086 0.0026 0.0016 0 0 0 0 0 0 0.0018 0.0022 0.0064 0.026 0.0542 0.0902 0.1592 0.2264 0.3018 0.3344 0.3146 0.2332 0.117 0.0748 0.0428 0.015 
0 0 0 0 0 0 0 0 0 0 0 0 0 0 0 0 0 0 0 0.0074 0.2068 1.0186 1.8294 1.8686 1.3668 0.873 0.5158 0.2044 0.0698 0.0254 0.0116 0.0024 0 0 0 0 0 0 0 0 0.0006 0.0138 0.1056 0.3698 0.7504 1.0548 1.124 0.9874 0.7424 0.4664 0.2066 0.0924 0.0528 0.0206 0.0064 0.0042 0.0018 0 0 0 0 0 0 0.0016 0.0116 0.0736 0.228 0.4052 0.6114 0.6888 0.6682 0.5074 0.3524 0.2016 0.1266 0.0624 0.032 0.0154 0.007 0.0068 0 0 0 0 0 0 0 0 0.0082 0.049 0.0944 0.1366 0.2552 0.299 0.2906 0.2598 0.2008 0.1668 0.1074 0.0488 
0 0 0 0 0 0 0 0 0 0 0 0 0 0 0 0 0 0 0.0004 0.0156 0.3292 1.2408 1.969 1.8858 1.25 0.766 0.366 0.1396 0.035 0.0026 0 0 0 0 0 0 0 0 0 0 0.0054 0.0506 0.1922 0.5158 0.9178 1.1994 1.1446 0.85 0.6026 0.3208 0.1378 0.0556 0.0074 0 0 0 0 0 0 0 0 0 0.0012 0.0214 0.0788 0.1778 0.3268 0.5144 0.6758 0.6604 0.6526 0.4138 0.2764 0.1284 0.056 0.015 0.0012 0 0 0 0 0 0 0 0 0.0014 0.0014 0.0216 0.047 0.1224 0.165 0.234 0.2338 0.2842 0.291 0.2256 0.1654 0.1144 0.0468 0.0346 
0 0 0 0 0 0 0 0 0 0 0 0 0 0 0 0 0 0 0 0.01 0.2224 1.1358 1.9054 1.8778 1.4178 0.848 0.393 0.1402 0.0434 0.0062 0 0 0 0 0 0 0 0 0 0 0.0024 0.0262 0.141 0.429 0.8214 1.1256 1.2574 0.9508 0.6168 0.3948 0.1604 0.0442 0.017 0.0088 0.0042 0 0 0 0 0 0 0 0.002 0.0072 0.026 0.1114 0.251 0.4818 0.7162 0.7456 0.5934 0.455 0.3568 0.1552 0.059 0.0288 0.0098 0.0008 0 0 0 0 0 0 0 0 0 0.0014 0.023 0.0654 0.0988 0.1846 0.2786 0.3306 0.3138 0.282 0.202 0.1184 0.0522 0.0276 
0 0 0 0 0 0 0 0 0 0 0 0 0 0 0 0 0 0 0 0.0242 0.327 1.2096 1.7466 1.7112 1.4584 0.8256 0.3988 0.1654 0.089 0.0302 0.0088 0.0038 0.0014 0 0 0 0 0 0 0.0002 0.0042 0.0432 0.2044 0.5044 0.8 1.1106 1.1576 0.932 0.5992 0.353 0.1692 0.0772 0.0272 0.0084 0.0092 0 0 0 0 0 0 0 0 0.0056 0.046 0.1378 0.2508 0.5122 0.6728 0.7466 0.681 0.4388 0.2594 0.122 0.073 0.04 0.009 0.005 0 0 0 0 0 0 0 0 0.0014 0.0046 0.016 0.0576 0.119 0.186 0.283 0.2978 0.3088 0.2698 0.18 0.1082 0.0754 0.0426 
0 0 0 0 0 0 0 0 0 0 0 0 0 0 0 0 0 0 0 0.0036 0.1986 1.0228 1.9608 1.7558 1.2744 0.9208 0.5316 0.2224 0.079 0.0214 0.0076 0.0012 0 0 0 0 0 0 0 0 0.001 0.0128 0.1006 0.3912 0.712 1.114 1.1504 0.9456 0.7772 0.4346 0.2258 0.0808 0.044 0.01 0 0 0 0 0 0 0 0 0 0.0014 0.0158 0.0798 0.2392 0.3914 0.5326 0.6512 0.7716 0.5694 0.3956 0.1974 0.107 0.0388 0.0072 0.0016 0 0 0 0 0 0 0 0 0.0008 0.0094 0.0324 0.0572 0.092 0.1032 0.1834 0.234 0.3152 0.3302 0.2836 0.1382 0.0954 0.0644 
0 0 0 0 0 0 0 0 0 0 0 0 0 0 0 0 0 0 0.0002 0.0198 0.2898 1.1478 1.9514 1.8918 1.3302 0.7908 0.3668 0.1392 0.053 0.0074 0.0036 0.0034 0.0016 0.0024 0.0008 0 0 0 0 0.0002 0.0162 0.0534 0.2014 0.476 0.826 1.0862 1.1852 0.9258 0.6152 0.3638 0.1564 0.0532 0.0254 0.0104 0.0028 0.0024 0 0 0 0 0 0.0012 0.0144 0.0474 0.0846 0.1188 0.227 0.463 0.6708 0.7442 0.6484 0.4526 0.2468 0.1476 0.0742 0.0362 0.0146 0.0042 0.004 0 0 0 0 0 0.0004 0.0186 0.0242 0.0178 0.038 0.0536 0.1318 0.2034 0.2462 0.2654 0.2896 0.264 0.184 0.1142 0.0806 0.0388 
0 0 0 0 0 0 0 0 0 0 0 0 0 0 0 0 0 0 0 0.0332 0.2806 1.0182 1.9404 1.9864 1.46 0.8644 0.3172 0.0834 0.013 0.0032 0 0 0 0 0 0 0 0 0 0 0.0054 0.0328 0.1406 0.4174 0.7996 1.2198 1.2266 1 0.6108 0.364 0.1462 0.0352 0.0016 0 0 0 0 0 0 0 0 0 0 0.0034 0.0266 0.1116 0.3022 0.4918 0.6718 0.7162 0.6914 0.5078 0.2702 0.1522 0.0396 0.012 0.0032 0 0 0 0 0 0 0 0 0 0 0.0032 0.0188 0.0536 0.1356 0.2386 0.2884 0.3276 0.3186 0.2652 0.188 0.1024 0.0422 0.0164 
0 0 0 0 0 0 0 0 0 0 0 0 0 0 0 0 0 0 0 0.0064 0.1896 1.0228 1.8546 1.9478 1.5192 0.824 0.413 0.1548 0.055 0.0128 0 0 0 0 0 0 0 0 0 0 0 0.0118 0.1018 0.3574 0.6978 1.0526 1.2012 1.0728 0.7654 0.4348 0.1934 0.0766 0.018 0.011 0.0054 0 0 0 0 0 0 0 0 0 0.0104 0.0728 0.2194 0.4056 0.6334 0.7114 0.6834 0.4844 0.3502 0.2292 0.1182 0.0622 0.0144 0.005 0 0 0 0 0 0 0 0 0 0.0002 0.0096 0.0452 0.115 0.2032 0.2502 0.2784 0.3086 0.2604 0.199 0.133 0.089 0.0544 
0 0 0 0 0 0 0 0 0 0 0 0 0 0 0 0 0 0 0.0004 0.0216 0.2172 1.037 2.002 2.0592 1.3996 0.7686 0.34 0.112 0.0308 0.0058 0.0058 0 0 0 0 0 0 0 0 0.0006 0.003 0.0238 0.1298 0.4286 0.8134 1.1856 1.2606 0.969 0.639 0.3228 0.1404 0.0534 0.0178 0.0072 0.0018 0.0032 0 0 0 0 0 0 0.001 0.0058 0.0516 0.1552 0.241 0.4732 0.6528 0.736 0.6462 0.4746 0.294 0.1524 0.07 0.0334 0.0076 0.0028 0.0024 0 0 0 0 0 0 0.001 0.0074 0.0118 0.04 0.0992 0.1262 0.1962 0.2708 0.2936 0.2886 0.244 0.1598 0.123 0.0644 0.0408 
0 0 0 0 0 0 0 0 0 0 0 0 0 0 0 0 0 0 0 0.0186 0.2638 0.9638 1.863 1.9532 1.3944 0.8908 0.4372 0.153 0.0458 0.0146 0.0018 0 0 0 0 0 0 0 0 0 0.0002 0.019 0.1214 0.3924 0.795 1.1124 1.211 1.0058 0.6502 0.382 0.2152 0.0728 0.0192 0.0034 0 0 0 0 0 0 0 0 0.001 0.0034 0.033 0.0752 0.2162 0.4596 0.6294 0.77 0.6482 0.5308 0.3672 0.1548 0.0708 0.0278 0.0086 0.004 0 0 0 0 0 0 0 0 0.0004 0.0068 0.0218 0.0404 0.1158 0.1726 0.2766 0.2756 0.3022 0.267 0.188 0.145 0.097 0.0548 
0 0 0 0 0 0 0 0 0 0 0 0 0 0 0 0 0 0 0 0.0184 0.2456 1.1484 2.0088 1.959 1.3338 0.7408 0.3262 0.1458 0.059 0.0128 0.0014 0 0 0 0 0 0 0 0 0 0.0012 0.0316 0.1572 0.4492 0.929 1.1672 1.262 0.9254 0.546 0.2658 0.1524 0.0622 0.0374 0.0104 0.003 0 0 0 0 0 0 0 0 0.001 0.0246 0.092 0.3096 0.6212 0.704 0.7186 0.6228 0.4244 0.2584 0.1248 0.0652 0.021 0.009 0.0034 0 0 0 0 0 0 0 0 0.0022 0.0038 0.0262 0.0702 0.155 0.2234 0.2966 0.3164 0.3008 0.211 0.1786 0.1162 0.0608 0.0208 
0 0 0 0 0 0 0 0 0 0 0 0 0 0 0 0 0 0 0 0.018 0.3172 1.0652 1.7604 1.878 1.4284 0.8216 0.4324 0.2044 0.0606 0.0122 0.0016 0 0 0 0 0 0 0 0 0 0.0118 0.0504 0.164 0.4424 0.832 1.0572 1.0506 0.9028 0.6834 0.4374 0.216 0.0948 0.0406 0.0128 0.0038 0 0 0 0 0 0 0 0.0038 0.0196 0.0474 0.1292 0.2938 0.4746 0.5392 0.6422 0.5992 0.5066 0.3638 0.1876 0.1042 0.066 0.0198 0.0014 0.0016 0 0 0 0 0 0 0.0026 0.008 0.0136 0.0308 0.0716 0.1542 0.1818 0.1966 0.2554 0.2888 0.2306 0.213 0.1382 0.0858 0.0518 
0 0 0 0 0 0 0 0 0 0 0 0 0 0 0 0 0 0 0 0.0162 0.311 1.168 1.9056 1.8292 1.3212 0.8122 0.4264 0.1436 0.0508 0.014 0.0018 0 0 0 0 0 0 0 0 0 0.0004 0.0234 0.1466 0.4934 0.9612 1.1692 1.1448 0.8854 0.583 0.3558 0.145 0.0546 0.0236 0.0136 0 0 0 0 0 0 0 0 0 0.004 0.0268 0.125 0.2808 0.471 0.7458 0.8348 0.6432 0.4284 0.2456 0.121 0.047 0.0198 0.0068 0 0 0 0 0 0 0 0 0 0 0 0.0234 0.0574 0.132 0.1992 0.298 0.3412 0.3134 0.2514 0.1766 0.1148 0.0584 0.0186 
0 0 0 0 0 0 0 0 0 0 0 0 0 0 0 0 0 0 0 0.0166 0.2952 1.1858 2.1576 1.8702 1.3204 0.7752 0.2838 0.0814 0.0138 0 0 0 0 0 0 0 0 0 0 0 0.0016 0.0212 0.1678 0.4394 0.9818 1.371 1.2436 0.9488 0.5444 0.189 0.0706 0.0194 0.0014 0 0 0 0 0 0 0 0 0 0.0002 0.0122 0.0392 0.1278 0.2982 0.5562 0.83 0.9034 0.628 0.3608 0.1646 0.0632 0.0118 0.0044 0 0 0 0 0 0 0 0 0 0 0.0042 0.0126 0.02 0.0718 0.1226 0.2072 0.4044 0.4472 0.3608 0.2006 0.0746 0.043 0.0222 0.0066 
0 0 0 0 0 0 0 0 0 0 0 0 0 0 0 0 0 0 0 0.014 0.1996 1.0222 1.7926 1.8852 1.6194 0.8694 0.3992 0.1452 0.046 0.0072 0 0 0 0 0 0 0 0 0 0 0.0062 0.0144 0.0952 0.314 0.7506 1.1414 1.2666 1.0104 0.7158 0.3786 0.1836 0.0734 0.0324 0.009 0.0084 0 0 0 0 0 0 0 0 0.0028 0.0088 0.054 0.1846 0.3916 0.691 0.8182 0.7154 0.501 0.3212 0.1596 0.0826 0.0322 0.0202 0.0072 0.004 0.0056 0 0 0 0 0 0 0 0.0046 0.0084 0.0376 0.0778 0.147 0.2784 0.3472 0.3396 0.2754 0.198 0.1408 0.0688 0.0354 
0 0 0 0 0 0 0 0 0 0 0 0 0 0 0 0 0 0 0.0006 0.0318 0.2854 1.2218 2.0808 1.8654 1.205 0.693 0.367 0.1804 0.0572 0.0094 0.0022 0 0 0 0 0 0 0 0 0.0006 0.0032 0.0466 0.2146 0.5298 0.9058 1.2014 1.1392 0.857 0.564 0.3078 0.1538 0.0488 0.0176 0.0062 0.0036 0 0 0 0 0 0 0 0 0.0134 0.071 0.1906 0.3152 0.5362 0.7062 0.6704 0.6076 0.441 0.2518 0.1358 0.0362 0.0118 0.0092 0.0036 0 0 0 0 0 0 0 0 0.0174 0.0318 0.046 0.0998 0.1682 0.2066 0.2816 0.2678 0.2664 0.209 0.143 0.1338 0.061 0.0354 
0 0 0 0 0 0 0 0 0 0 0 0 0 0 0 0 0 0 0 0.0306 0.3314 1.1356 1.7416 1.6304 1.4686 0.958 0.4518 0.1566 0.0722 0.0232 0 0 0 0 0 0 0 0 0 0.0014 0.005 0.0336 0.1622 0.4968 0.8292 1.068 1.0902 0.9152 0.6736 0.3942 0.189 0.1048 0.027 0.0098 0 0 0 0 0 0 0 0 0.001 0.0048 0.0268 0.1032 0.256 0.4746 0.6998 0.7896 0.6268 0.428 0.2346 0.1694 0.1198 0.0428 0.0182 0.0046 0 0 0 0 0 0 0 0.0004 0.0014 0.0028 0.0242 0.0528 0.1156 0.1678 0.2314 0.2876 0.3174 0.2846 0.212 0.1384 0.0736 0.053 
0 0 0 0 0 0 0 0 0 0 0 0 0 0 0 0 0 0 0 0.0284 0.277 1.1276 1.8438 1.978 1.4028 0.7424 0.3942 0.1474 0.0472 0.0112 0 0 0 0 0 0 0 0 0 0.0034 0.011 0.052 0.1908 0.4578 0.8036 0.988 1.16 1.0698 0.6762 0.366 0.1376 0.053 0.0232 0.0044 0.0012 0.002 0 0 0 0 0 0.001 0.005 0.0212 0.0512 0.1518 0.309 0.4252 0.622 0.682 0.6478 0.4896 0.2984 0.1784 0.083 0.0248 0.0046 0.0038 0.0012 0 0 0 0 0 0 0 0.0012 0.01 0.0412 0.0858 0.138 0.1974 0.2518 0.2894 0.3206 0.2524 0.168 0.0978 0.0648 0.0424 
0 0 0 0 0 0 0 0 0 0 0 0 0 0 0 0 0 0 0.0004 0.0144 0.3384 1.2418 1.8274 1.6944 1.2312 0.9422 0.428 0.197 0.0618 0.015 0.0042 0.0024 0.0014 0 0 0 0 0 0 0 0.0034 0.0546 0.1942 0.5558 0.8446 1.0486 1.0956 0.9256 0.654 0.3782 0.1458 0.0696 0.0176 0.0074 0.0018 0.0032 0 0 0 0 0 0 0.0024 0.014 0.0532 0.1384 0.3148 0.5092 0.6748 0.6708 0.6198 0.5056 0.2342 0.1296 0.0796 0.041 0.007 0.0026 0.0018 0.0012 0 0 0 0 0 0 0 0.0068 0.0344 0.1058 0.1216 0.168 0.2304 0.2576 0.3092 0.2978 0.2178 0.116 0.0606 0.028 
0 0 0 0 0 0 0 0 0 0 0 0 0 0 0 0 0 0 0.0014 0.0296 0.33 1.0168 1.6928 1.832 1.3784 0.9864 0.4974 0.1808 0.0506 0.0038 0 0 0 0 0 0 0 0 0 0 0.0046 0.028 0.1432 0.4024 0.8144 1.0816 1.1276 0.8944 0.7162 0.4562 0.212 0.0842 0.0206 0.0072 0.003 0.0036 0.0008 0 0 0 0 0 0.0026 0.0052 0.0306 0.0718 0.2404 0.429 0.5788 0.7358 0.7426 0.553 0.3046 0.1644 0.0786 0.04 0.0144 0.0082 0 0 0 0 0 0 0 0.002 0.0014 0.005 0.0124 0.051 0.0974 0.1414 0.218 0.2928 0.328 0.3318 0.2302 0.1464 0.0668 0.0302 
0 0 0 0 0 0 0 0 0 0 0 0 0 0 0 0 0 0 0.0002 0.0228 0.2302 1.0352 1.7538 1.9492 1.5582 0.9128 0.3814 0.131 0.0244 0.0008 0 0 0 0 0 0 0 0 0 0 0.0022 0.0364 0.1356 0.3708 0.7148 1.0698 1.2206 1.0846 0.7578 0.4104 0.145 0.0466 0.0054 0 0 0 0 0 0 0 0 0 0.001 0.0092 0.0224 0.0604 0.1888 0.423 0.6898 0.786 0.7074 0.5248 0.3574 0.1524 0.063 0.0138 0.0006 0 0 0 0 0 0 0 0 0 0 0.007 0.0168 0.029 0.09 0.1812 0.2466 0.3122 0.357 0.2942 0.2266 0.1584 0.054 0.0192 
0 0 0 0 0 0 0 0 0 0 0 0 0 0 0 0 0 0 0 0.0082 0.268 1.067 1.7636 1.8248 1.4588 0.88 0.4574 0.1938 0.0658 0.0096 0.0014 0.0016 0 0 0 0 0 0 0 0 0.0012 0.022 0.1452 0.4014 0.75 1.0636 1.1998 0.9982 0.6644 0.403 0.1988 0.098 0.0348 0.0196 0 0 0 0 0 0 0 0 0 0.0052 0.0242 0.0568 0.2224 0.479 0.6114 0.6962 0.6664 0.5472 0.3648 0.2004 0.0738 0.0368 0.0138 0.0016 0 0 0 0 0 0 0 0 0.0016 0.0026 0.0118 0.0274 0.0972 0.1926 0.2484 0.2806 0.3004 0.2712 0.2286 0.1798 0.0864 0.035 
