0.03 0.09 0.15 0.21 0.27 0.33 0.39 0.45 0.51 0.57 0.63 0.69 0.75 0.81 0.87 0.93 0.99 1.05 1.11 1.17 1.23 1.29 1.35 1.41 1.47 1.53 1.59 1.65 1.71 1.77 1.83 1.89 1.95 2.01 2.07 2.13 2.19 2.25 2.31 2.37 2.43 2.49 2.55 2.61 2.67 2.73 2.79 2.85 2.91 2.97 3.03 3.09 3.15 3.21 3.27 3.33 3.39 3.45 3.51 3.57 3.63 3.69 3.75 3.81 3.87 3.93 3.99 4.05 4.11 4.17 4.23 4.29 4.35 4.41 4.47 4.53 4.59 4.65 4.71 4.77 4.83 4.89 4.95 5.01 5.07 5.13 5.19 5.25 5.31 5.37 5.43 5.49 5.55 5.61 5.67 5.73 5.79 5.85 5.91 5.97 
0 0 0 0 0 0 0 0 0 0 0 0 0 0 0 0 0.0002 0.0218 0.1924 0.6114 0.927 1.1922 1.1962 0.8998 0.6734 0.524 0.387 0.2498 0.1446 0.083 0.0366 0.03 0.019 0.007 0.0044 0.001 0.0012 0.0164 0.0708 0.1594 0.2876 0.4164 0.5664 0.6344 0.6692 0.6574 0.5194 0.3552 0.3336 0.2226 0.1616 0.1224 0.0758 0.0538 0.0296 0.02 0.0158 0.0116 0.018 0.032 0.0882 0.1212 0.173 0.2044 0.2858 0.327 0.4118 0.3452 0.3008 0.2904 0.274 0.221 0.1534 0.118 0.0842 0.0526 0.042 0.0212 0.014 0.0116 0.0234 0.0352 0.0252 0.0334 0.0336 0.06 0.0842 0.1218 0.1404 0.1642 0.1132 0.1192 0.1104 0.1406 0.1366 0.1048 0.1172 0.077 0.0412 0.035 
0 0 0 0 0 0 0 0 0 0 0 0 0 0 0 0 0.0014 0.0246 0.2022 0.63 1.1236 1.3532 1.352 1.0926 0.8002 0.5728 0.341 0.22 0.1346 0.0692 0.0372 0.0314 0.0076 0.002 0.0026 0.0018 0.0012 0.0192 0.0706 0.1596 0.3082 0.5266 0.6588 0.6706 0.7654 0.7006 0.5786 0.4642 0.3552 0.2852 0.1882 0.1024 0.0582 0.0386 0.0194 0.0152 0.0122 0.0064 0.0114 0.0204 0.053 0.1306 0.2012 0.2952 0.3202 0.389 0.4156 0.457 0.3794 0.3294 0.3102 0.2174 0.162 0.1124 0.0694 0.0394 0.0398 0.0286 0.0128 0.0052 0.0038 0.0108 0.0214 0.0374 0.0526 0.0652 0.1132 0.1502 0.1754 0.2124 0.192 0.1556 0.1476 0.1472 0.127 0.103 0.0752 0.0686 0.039 0.034 
0 0 0 0 0 0 0 0 0 0 0 0 0 0 0 0 0 0.0224 0.2106 0.6466 1.0844 1.2914 1.216 1.0334 0.8484 0.6036 0.4414 0.2478 0.1678 0.0832 0.0496 0.031 0.009 0.0042 0.004 0.002 0.0086 0.0248 0.07 0.1722 0.3166 0.4916 0.5962 0.6566 0.6852 0.6284 0.5676 0.4956 0.43 0.2932 0.2118 0.1482 0.0966 0.0462 0.0382 0.017 0.0054 0.008 0.0144 0.043 0.064 0.1384 0.2004 0.2606 0.3256 0.3282 0.3218 0.3872 0.3766 0.3404 0.29 0.2366 0.217 0.1746 0.108 0.0736 0.0446 0.0186 0.0132 0.0156 0.0156 0.0132 0.0162 0.0326 0.0452 0.079 0.109 0.1166 0.1424 0.1324 0.1544 0.167 0.1732 0.1638 0.1354 0.1366 0.0942 0.0984 0.0664 0.0398 
0 0 0 0 0 0 0 0 0 0 0 0 0 0 0 0 0.0002 0.0132 0.1508 0.5042 0.9816 1.3734 1.3612 1.153 0.8244 0.5626 0.3656 0.2784 0.183 0.0988 0.055 0.0388 0.0272 0.0074 0.0048 0.0086 0.0036 0.0138 0.0386 0.0988 0.2826 0.409 0.5708 0.6702 0.7678 0.6614 0.581 0.4964 0.397 0.3042 0.2352 0.1492 0.1032 0.088 0.0538 0.0262 0.0182 0.0096 0.0166 0.0218 0.0438 0.0832 0.1326 0.2036 0.308 0.3834 0.4044 0.4258 0.3566 0.3364 0.2956 0.2414 0.1998 0.1548 0.1252 0.0894 0.0604 0.057 0.034 0.0218 0.0066 0.0124 0.0146 0.022 0.0498 0.0818 0.1046 0.1336 0.1688 0.1562 0.1576 0.1308 0.1718 0.1504 0.1036 0.1008 0.0882 0.0774 0.0608 0.0438 
0 0 0 0 0 0 0 0 0 0 0 0 0 0 0 0 0 0.0108 0.1694 0.506 0.9562 1.2096 1.3428 1.1792 0.8892 0.6672 0.4244 0.2682 0.1494 0.0942 0.0668 0.0384 0.0176 0.008 0.0026 0 0 0.0012 0.0304 0.1042 0.2286 0.3804 0.5304 0.6762 0.7164 0.6952 0.6734 0.5224 0.4554 0.3078 0.2098 0.1764 0.1084 0.0702 0.0474 0.0278 0.0212 0.0106 0.0098 0.022 0.0448 0.0776 0.1294 0.2074 0.2998 0.3224 0.427 0.351 0.3288 0.326 0.3202 0.3116 0.2648 0.1678 0.0974 0.079 0.0698 0.0524 0.0468 0.0306 0.0204 0.0158 0.008 0.025 0.037 0.0782 0.0864 0.134 0.134 0.145 0.1308 0.1346 0.15 0.1432 0.1402 0.1342 0.105 0.0864 0.0758 0.0648 
0 0 0 0 0 0 0 0 0 0 0 0 0 0 0 0 0 0.021 0.1854 0.6166 1.0886 1.2966 1.2184 1.0382 0.789 0.5586 0.4774 0.2964 0.1782 0.105 0.0554 0.0424 0.018 0.0074 0.0074 0 0.007 0.0216 0.0632 0.1458 0.283 0.4552 0.5992 0.6584 0.6888 0.6726 0.6218 0.4932 0.373 0.2974 0.2182 0.155 0.0924 0.0754 0.0424 0.0262 0.0114 0.01 0.0094 0.0144 0.0484 0.0954 0.1614 0.2474 0.3242 0.403 0.3732 0.4148 0.3556 0.3356 0.3088 0.2486 0.1782 0.1436 0.1104 0.0816 0.045 0.035 0.0308 0.0094 0.0102 0.0076 0.0192 0.0244 0.0488 0.0812 0.1002 0.1246 0.1434 0.151 0.1448 0.1544 0.1724 0.135 0.1416 0.1072 0.0974 0.088 0.0868 0.0572 
0 0 0 0 0 0 0 0 0 0 0 0 0 0 0 0 0.0008 0.0168 0.1694 0.5596 1.0146 1.3666 1.3724 1.1212 0.8384 0.518 0.3962 0.2766 0.1742 0.0718 0.046 0.0204 0.0108 0.0078 0.0024 0.0012 0.0038 0.012 0.0354 0.1256 0.2286 0.4042 0.6044 0.786 0.785 0.732 0.6036 0.4882 0.3834 0.2648 0.2 0.1674 0.0958 0.0316 0.0264 0.0148 0.0054 0.0062 0.0094 0.0156 0.0452 0.0728 0.1434 0.2168 0.3392 0.364 0.4268 0.4372 0.4256 0.3822 0.3022 0.2188 0.1982 0.1658 0.099 0.0568 0.0406 0.0214 0.0086 0.0076 0.006 0.0056 0.0172 0.0306 0.0366 0.0708 0.0872 0.154 0.1484 0.1486 0.1868 0.1496 0.191 0.1674 0.1318 0.1078 0.1024 0.0726 0.0636 0.043 
0 0 0 0 0 0 0 0 0 0 0 0 0 0 0 0 0 0.0154 0.2034 0.6152 1.0584 1.2828 1.2832 1.1152 0.8036 0.6008 0.3944 0.2552 0.1542 0.096 0.0574 0.0346 0.0206 0.0046 0.0024 0.0036 0.0036 0.0136 0.0734 0.1476 0.2868 0.4194 0.5792 0.7334 0.7968 0.6616 0.5462 0.4714 0.4196 0.2714 0.1914 0.1344 0.0908 0.062 0.041 0.0228 0.0124 0.013 0.0112 0.0216 0.0578 0.1132 0.1704 0.2622 0.3478 0.379 0.3758 0.3844 0.395 0.3158 0.2994 0.2342 0.1826 0.1438 0.097 0.084 0.0424 0.0314 0.0162 0.0136 0.0202 0.0156 0.013 0.0322 0.045 0.0818 0.0876 0.1314 0.18 0.1372 0.1732 0.1626 0.1608 0.1382 0.14 0.131 0.1204 0.0654 0.0606 0.0404 
0 0 0 0 0 0 0 0 0 0 0 0 0 0 0 0 0 0.0172 0.1874 0.6646 1.1074 1.4318 1.3642 1.1306 0.8056 0.5568 0.3306 0.2044 0.0892 0.059 0.0286 0.0114 0.0066 0.0046 0 0 0.0034 0.009 0.039 0.157 0.328 0.5122 0.6658 0.7846 0.7736 0.768 0.5768 0.4468 0.3402 0.2334 0.1476 0.098 0.0642 0.0274 0.0112 0.0052 0.0046 0.0026 0.0064 0.0196 0.0602 0.1552 0.2068 0.224 0.3328 0.4286 0.4702 0.473 0.436 0.3482 0.2644 0.1892 0.1532 0.0888 0.064 0.0458 0.018 0.0044 0.0042 0.0054 0.005 0.0054 0.0184 0.0448 0.053 0.0676 0.1322 0.1618 0.186 0.2074 0.1916 0.2024 0.1744 0.1332 0.1068 0.0916 0.0778 0.0636 0.0344 0.0162 
0 0 0 0 0 0 0 0 0 0 0 0 0 0 0 0 0 0.0196 0.1268 0.4868 0.9222 1.1968 1.2162 1.135 0.9798 0.7248 0.451 0.2728 0.1618 0.1176 0.0708 0.0428 0.026 0.0268 0.0152 0.0072 0.0006 0.009 0.0508 0.1064 0.1758 0.3242 0.5448 0.62 0.6814 0.7198 0.5996 0.5698 0.4758 0.3532 0.2508 0.1756 0.115 0.0804 0.047 0.0488 0.0294 0.018 0.0156 0.023 0.0326 0.0602 0.103 0.1664 0.2326 0.293 0.365 0.3936 0.4112 0.4244 0.3434 0.2678 0.2416 0.1728 0.12 0.0948 0.0746 0.0538 0.0496 0.0464 0.0268 0.009 0.004 0.0108 0.0212 0.0394 0.065 0.0886 0.0968 0.121 0.1378 0.1444 0.208 0.2014 0.1794 0.1436 0.108 0.092 0.0772 0.0578 
0 0 0 0 0 0 0 0 0 0 0 0 0 0 0 0 0 0.012 0.1828 0.5752 1.1448 1.3694 1.363 1.0784 0.8106 0.6132 0.4128 0.1816 0.0972 0.0634 0.047 0.0298 0.0106 0.007 0.0012 0 0.0014 0.0116 0.0524 0.144 0.297 0.5338 0.6876 0.6858 0.6418 0.6982 0.6586 0.5474 0.3356 0.2474 0.189 0.1128 0.0576 0.0446 0.0292 0.0152 0.0068 0.0022 0.0086 0.0394 0.0708 0.1414 0.2064 0.2698 0.2962 0.3446 0.4132 0.4364 0.3854 0.3592 0.2582 0.23 0.1608 0.1212 0.0846 0.0742 0.0604 0.0216 0.0146 0.0054 0.0058 0.0168 0.0244 0.0412 0.0602 0.0902 0.118 0.1328 0.1494 0.1562 0.1598 0.176 0.1864 0.1562 0.1198 0.08 0.0664 0.0694 0.0524 0.036 
0 0 0 0 0 0 0 0 0 0 0 0 0 0 0 0 0 0.0186 0.1798 0.6456 1.0818 1.276 1.231 1.1226 0.9096 0.6064 0.3738 0.2244 0.1498 0.0934 0.046 0.025 0.0082 0.008 0 0 0.002 0.0186 0.0708 0.1492 0.2944 0.451 0.5732 0.6862 0.7352 0.715 0.6294 0.4828 0.3622 0.2992 0.1878 0.1244 0.089 0.0468 0.0348 0.0204 0.012 0.0164 0.0198 0.0292 0.0574 0.126 0.1856 0.235 0.3202 0.3864 0.3944 0.3704 0.3798 0.3382 0.2892 0.2472 0.1828 0.1244 0.0944 0.0734 0.0516 0.035 0.034 0.016 0.0088 0.0198 0.0296 0.0424 0.0512 0.0806 0.1186 0.1246 0.1326 0.135 0.1496 0.1752 0.1938 0.1694 0.132 0.0998 0.0714 0.0566 0.048 0.0468 
0 0 0 0 0 0 0 0 0 0 0 0 0 0 0 0 0 0.0078 0.1322 0.5134 1.0128 1.334 1.2768 1.0872 0.8854 0.63 0.4166 0.2766 0.172 0.0998 0.0502 0.0264 0.0308 0.0276 0.0094 0.0032 0.0014 0.005 0.0302 0.13 0.2312 0.364 0.5408 0.69 0.7686 0.6992 0.6216 0.5016 0.436 0.332 0.2246 0.1552 0.0898 0.0564 0.0476 0.0186 0.0192 0.018 0.0074 0.0202 0.0464 0.0826 0.1268 0.1994 0.252 0.3262 0.3856 0.4314 0.4292 0.3844 0.3278 0.289 0.206 0.1328 0.1274 0.0798 0.0586 0.0404 0.0264 0.0194 0.0182 0.0086 0.017 0.0228 0.0494 0.0506 0.0844 0.1074 0.1218 0.14 0.1376 0.1682 0.1458 0.169 0.1666 0.1246 0.1278 0.0952 0.064 0.0594 
0 0 0 0 0 0 0 0 0 0 0 0 0 0 0 0 0 0.035 0.2746 0.7316 1.1318 1.3498 1.3626 0.9398 0.7528 0.4968 0.3694 0.263 0.1558 0.0666 0.0316 0.0132 0.0134 0.0058 0.0064 0 0.0048 0.0308 0.0922 0.2204 0.3658 0.5372 0.6914 0.7354 0.712 0.6176 0.5372 0.4194 0.3422 0.2358 0.1366 0.0976 0.077 0.0586 0.0424 0.0266 0.0074 0.0104 0.0226 0.0542 0.0928 0.194 0.2904 0.3074 0.3354 0.371 0.349 0.3978 0.3312 0.2804 0.2566 0.2318 0.1248 0.0918 0.0834 0.0546 0.041 0.0206 0.026 0.0222 0.0288 0.0294 0.0536 0.0554 0.0964 0.1394 0.1326 0.1486 0.1558 0.1412 0.1408 0.1238 0.1166 0.1094 0.1048 0.112 0.0814 0.0658 0.043 0.04 
0 0 0 0 0 0 0 0 0 0 0 0 0 0 0 0 0 0.0096 0.1448 0.579 1.132 1.3416 1.2292 1.0326 0.8762 0.6296 0.3966 0.2728 0.152 0.0906 0.0572 0.0286 0.017 0.0044 0.0062 0 0.0006 0.0098 0.0328 0.1234 0.2776 0.4708 0.6022 0.6912 0.7308 0.6828 0.5994 0.5196 0.417 0.2836 0.202 0.157 0.0814 0.0616 0.0274 0.0162 0.0084 0.0036 0.0046 0.0192 0.0502 0.095 0.157 0.237 0.302 0.3668 0.4188 0.422 0.3826 0.3818 0.2734 0.2382 0.21 0.176 0.104 0.0668 0.0456 0.0256 0.0126 0.0052 0.0076 0.0056 0.0108 0.03 0.0532 0.0588 0.0914 0.1222 0.1404 0.1894 0.1816 0.1778 0.143 0.1316 0.1446 0.1198 0.1002 0.0698 0.0586 0.0622 
0 0 0 0 0 0 0 0 0 0 0 0 0 0 0 0 0 0.022 0.1774 0.5208 1.0672 1.2918 1.2732 1.1034 0.846 0.586 0.4346 0.263 0.1928 0.1216 0.0648 0.0164 0.0076 0.004 0.0036 0.0038 0.0028 0.015 0.0502 0.0976 0.2496 0.3856 0.5404 0.6686 0.7084 0.7186 0.7054 0.5086 0.4054 0.3058 0.2114 0.1788 0.0914 0.0518 0.0546 0.0258 0.011 0.0086 0.0056 0.0202 0.0626 0.0868 0.1346 0.1722 0.2634 0.3678 0.4232 0.4272 0.4032 0.326 0.3038 0.247 0.2232 0.1718 0.112 0.0868 0.0614 0.0432 0.0358 0.0224 0.0058 0.0098 0.016 0.0258 0.0346 0.0552 0.0896 0.1044 0.1436 0.136 0.2006 0.1762 0.1664 0.162 0.1474 0.1376 0.0914 0.0808 0.0554 0.046 
0 0 0 0 0 0 0 0 0 0 0 0 0 0 0 0 0 0.0122 0.136 0.4886 0.9426 1.2604 1.3552 1.1726 0.8708 0.645 0.4616 0.2782 0.1602 0.1098 0.052 0.0262 0.0074 0.0076 0.009 0.0038 0.002 0.0096 0.0348 0.0868 0.1682 0.3154 0.542 0.6684 0.789 0.7216 0.6598 0.525 0.4424 0.3762 0.2738 0.1728 0.0894 0.0506 0.03 0.0248 0.0122 0.0054 0.0072 0.0112 0.0268 0.062 0.1006 0.1822 0.2428 0.2876 0.4312 0.4694 0.4126 0.3922 0.3074 0.2962 0.221 0.1808 0.1408 0.0918 0.0482 0.032 0.0268 0.0174 0.007 0.0042 0.0096 0.0152 0.0248 0.0378 0.088 0.1038 0.1356 0.1676 0.1404 0.1798 0.1798 0.1604 0.16 0.159 0.1104 0.0964 0.0746 0.0432 
0 0 0 0 0 0 0 0 0 0 0 0 0 0 0 0 0.0004 0.0186 0.1738 0.5236 1.0366 1.282 1.2702 1.1306 0.9376 0.6244 0.43 0.225 0.1726 0.1074 0.045 0.016 0.0046 0.0016 0 0 0.0004 0.0134 0.0374 0.1122 0.2396 0.45 0.5766 0.655 0.717 0.7358 0.6316 0.541 0.4116 0.3086 0.241 0.1062 0.071 0.0688 0.0526 0.021 0.0054 0.004 0.0052 0.0182 0.0322 0.0768 0.1262 0.2252 0.3084 0.3708 0.4168 0.4704 0.3908 0.3362 0.3016 0.2518 0.2164 0.1374 0.1198 0.0652 0.0516 0.0382 0.0192 0.0142 0.009 0.0066 0.0062 0.0282 0.045 0.0748 0.0974 0.1068 0.1424 0.1624 0.1836 0.1576 0.1706 0.167 0.1532 0.1082 0.0898 0.0712 0.0554 0.0468 
0 0 0 0 0 0 0 0 0 0 0 0 0 0 0 0 0 0.0168 0.1712 0.5836 0.9734 1.314 1.3644 1.1254 0.7988 0.5964 0.4368 0.2558 0.1742 0.0768 0.0482 0.035 0.016 0.0082 0.005 0 0 0.0076 0.0628 0.1388 0.2544 0.4122 0.575 0.6484 0.6856 0.6858 0.701 0.5676 0.439 0.2868 0.1882 0.123 0.0904 0.0592 0.0362 0.016 0.0124 0.0026 0.0084 0.0202 0.0626 0.0954 0.1428 0.2162 0.2984 0.3236 0.3842 0.4116 0.4112 0.3936 0.3284 0.2636 0.2246 0.1596 0.1116 0.0506 0.036 0.022 0.0186 0.0122 0.014 0.0198 0.0198 0.0186 0.0478 0.0576 0.0936 0.1448 0.1298 0.141 0.1552 0.1526 0.1826 0.1552 0.1186 0.1224 0.108 0.0836 0.0908 0.0554 
0 0 0 0 0 0 0 0 0 0 0 0 0 0 0 0 0.0018 0.0254 0.2392 0.7286 1.2198 1.4786 1.271 0.9968 0.7238 0.5046 0.3596 0.1938 0.0958 0.0824 0.0398 0.0186 0.0106 0.002 0.0018 0.0034 0.0094 0.025 0.1026 0.1876 0.3664 0.5918 0.7006 0.7664 0.7652 0.6522 0.5648 0.425 0.3088 0.179 0.1288 0.0918 0.06 0.0224 0.0272 0.0142 0.0074 0.0126 0.0278 0.054 0.0806 0.1482 0.231 0.3436 0.4138 0.4262 0.4266 0.4008 0.3296 0.2768 0.2444 0.2226 0.1242 0.0916 0.0686 0.032 0.0166 0.0146 0.0126 0.0076 0.018 0.0374 0.031 0.0426 0.0654 0.1118 0.1368 0.1648 0.1598 0.1916 0.1906 0.1554 0.1426 0.1304 0.1 0.0774 0.0632 0.05 0.0318 0.0296 
0 0 0 0 0 0 0 0 0 0 0 0 0 0 0 0 0 0.016 0.2156 0.6258 0.9806 1.2168 1.2368 1.0362 0.8612 0.6624 0.4228 0.278 0.1518 0.103 0.071 0.0458 0.025 0.0166 0.0174 0.0112 0.006 0.0214 0.0552 0.109 0.2574 0.4398 0.5668 0.6418 0.6106 0.689 0.642 0.5328 0.404 0.3056 0.2136 0.155 0.1238 0.0796 0.05 0.0362 0.0208 0.0184 0.0262 0.0294 0.0384 0.0856 0.1682 0.2704 0.341 0.3136 0.3182 0.326 0.3322 0.3108 0.3224 0.288 0.228 0.178 0.1416 0.0922 0.071 0.051 0.0394 0.0296 0.0096 0.0178 0.0174 0.0222 0.0424 0.0682 0.1072 0.1146 0.1332 0.1642 0.1616 0.1442 0.1264 0.131 0.1216 0.1364 0.119 0.1048 0.0782 0.0474 
0 0 0 0 0 0 0 0 0 0 0 0 0 0 0 0 0 0.0202 0.1556 0.4994 0.9534 1.2464 1.339 1.1554 0.8668 0.55 0.4258 0.2772 0.1814 0.1296 0.0958 0.0508 0.0222 0.0198 0.0054 0.001 0.0016 0.0166 0.0458 0.118 0.2162 0.3728 0.5094 0.654 0.713 0.6972 0.6426 0.5348 0.4368 0.3336 0.24 0.1578 0.1322 0.0754 0.042 0.0292 0.0084 0.0146 0.0154 0.0154 0.0416 0.0694 0.125 0.1964 0.2916 0.3132 0.3646 0.3896 0.3866 0.4004 0.355 0.2546 0.1896 0.1588 0.1538 0.1002 0.081 0.0486 0.0312 0.0118 0.0118 0.0092 0.0128 0.0232 0.0412 0.0496 0.0726 0.112 0.1412 0.1588 0.1614 0.152 0.1416 0.1422 0.1226 0.141 0.1038 0.0892 0.0722 0.06 
0 0 0 0 0 0 0 0 0 0 0 0 0 0 0 0 0 0.0124 0.1684 0.547 0.9294 1.2434 1.2554 1.198 0.905 0.6098 0.4352 0.3278 0.1748 0.0874 0.0538 0.0298 0.009 0.0044 0.0046 0.0044 0.0024 0.01 0.0358 0.1044 0.2206 0.3744 0.495 0.6504 0.7756 0.7018 0.6474 0.5354 0.44 0.3162 0.2148 0.1532 0.1222 0.0826 0.0528 0.0328 0.0178 0.0074 0.0092 0.0278 0.0444 0.059 0.1126 0.2054 0.277 0.2956 0.3678 0.4004 0.4088 0.4076 0.3458 0.267 0.19 0.1712 0.1288 0.0878 0.0844 0.0438 0.03 0.0268 0.014 0.0142 0.0148 0.0276 0.0474 0.0608 0.0776 0.1138 0.1274 0.1336 0.14 0.1548 0.1602 0.1542 0.154 0.1206 0.1182 0.0946 0.0942 0.0604 
0 0 0 0 0 0 0 0 0 0 0 0 0 0 0 0 0 0.0226 0.224 0.6456 1.1458 1.2706 1.2268 1.0832 0.833 0.561 0.3924 0.239 0.1364 0.0882 0.0474 0.0316 0.0132 0.0106 0.0088 0.0058 0.0082 0.0322 0.0752 0.1522 0.291 0.4672 0.6006 0.72 0.6706 0.7184 0.6158 0.4922 0.3498 0.2862 0.1942 0.1252 0.0688 0.0446 0.0312 0.024 0.017 0.0178 0.0224 0.032 0.0738 0.122 0.1732 0.256 0.3372 0.407 0.422 0.3544 0.2838 0.335 0.29 0.2604 0.2042 0.1576 0.0932 0.0568 0.0328 0.0334 0.0248 0.0198 0.0246 0.024 0.0328 0.0368 0.0564 0.0674 0.1004 0.1336 0.153 0.1336 0.1678 0.1672 0.175 0.1584 0.1226 0.1068 0.0924 0.0568 0.0502 0.038 
0 0 0 0 0 0 0 0 0 0 0 0 0 0 0 0 0.001 0.021 0.181 0.612 1.1044 1.3316 1.3274 1.097 0.7962 0.5422 0.3522 0.2246 0.1498 0.1216 0.0572 0.0306 0.0124 0.0142 0.0118 0.0034 0.0048 0.0186 0.0578 0.1616 0.311 0.4668 0.6196 0.6838 0.7542 0.6644 0.5512 0.4716 0.3686 0.2824 0.2154 0.1492 0.0894 0.0556 0.029 0.0136 0.0162 0.0132 0.014 0.042 0.0654 0.1052 0.1586 0.2128 0.329 0.3774 0.457 0.4062 0.4188 0.3002 0.2688 0.2192 0.1934 0.1502 0.115 0.058 0.045 0.0242 0.0228 0.0164 0.0184 0.0134 0.0206 0.029 0.0514 0.0596 0.1084 0.125 0.141 0.1674 0.1892 0.1778 0.1512 0.1238 0.1356 0.1032 0.1132 0.0978 0.058 0.0366 
0 0 0 0 0 0 0 0 0 0 0 0 0 0 0 0 0.0006 0.0324 0.2068 0.5722 1.0414 1.2996 1.2698 1.115 0.8326 0.5886 0.41 0.2714 0.1544 0.0888 0.0642 0.027 0.0118 0.0116 0.0018 0.0012 0.0008 0.008 0.0648 0.1536 0.2884 0.479 0.5668 0.6944 0.7084 0.606 0.5896 0.4722 0.3928 0.3172 0.2258 0.1392 0.1002 0.0662 0.0442 0.0306 0.021 0.017 0.0132 0.0376 0.0902 0.127 0.1644 0.23 0.2804 0.3672 0.3822 0.3642 0.3532 0.3362 0.286 0.2612 0.1842 0.1348 0.1096 0.081 0.085 0.0482 0.0356 0.0212 0.0168 0.027 0.0264 0.0304 0.0442 0.0556 0.1134 0.129 0.1736 0.1658 0.136 0.155 0.1578 0.1288 0.1286 0.1164 0.089 0.0766 0.066 0.0452 
0 0 0 0 0 0 0 0 0 0 0 0 0 0 0 0 0 0.0128 0.1364 0.4778 0.9822 1.3326 1.4252 1.0988 0.913 0.609 0.4176 0.2316 0.1406 0.0988 0.0588 0.0332 0.02 0.0096 0.002 0.0016 0.005 0.0126 0.0426 0.1204 0.2108 0.3564 0.538 0.6676 0.7744 0.6934 0.6658 0.5804 0.4266 0.3226 0.211 0.1398 0.1044 0.058 0.031 0.0168 0.0188 0.0154 0.0134 0.0212 0.0452 0.0886 0.1192 0.1708 0.2722 0.334 0.3532 0.42 0.4314 0.3926 0.3524 0.271 0.2158 0.1738 0.1098 0.075 0.0518 0.0314 0.0194 0.0094 0.012 0.0162 0.0124 0.0402 0.0342 0.0562 0.0686 0.1108 0.1138 0.1388 0.1722 0.1802 0.1646 0.1912 0.1664 0.1348 0.1236 0.0718 0.0474 0.0394 
0 0 0 0 0 0 0 0 0 0 0 0 0 0 0 0 0 0.0188 0.202 0.6354 1.2058 1.366 1.2806 1.0176 0.8216 0.5596 0.3948 0.2302 0.1382 0.058 0.0302 0.0246 0.0094 0.0072 0 0 0.0006 0.0116 0.053 0.1578 0.352 0.5366 0.6682 0.708 0.7314 0.6366 0.5934 0.4638 0.3482 0.2446 0.1622 0.132 0.088 0.0592 0.0252 0.0126 0.009 0.005 0.0096 0.0222 0.0636 0.1494 0.2268 0.2942 0.3328 0.392 0.3944 0.395 0.3634 0.3224 0.2772 0.2436 0.1744 0.1132 0.0788 0.0562 0.0222 0.0134 0.023 0.0124 0.0146 0.0216 0.0302 0.0462 0.0812 0.0796 0.1208 0.143 0.1492 0.1694 0.176 0.1698 0.1686 0.1268 0.104 0.1304 0.0886 0.0658 0.0424 0.023 
0 0 0 0 0 0 0 0 0 0 0 0 0 0 0 0 0 0.0154 0.1644 0.5546 1.041 1.3144 1.2588 1.0936 0.8384 0.5858 0.4238 0.2202 0.155 0.1164 0.0748 0.0696 0.0384 0.018 0.0084 0.0038 0.0062 0.0072 0.0474 0.1224 0.2498 0.388 0.5472 0.6864 0.7518 0.7054 0.6096 0.5238 0.391 0.2774 0.2338 0.147 0.1106 0.0672 0.0358 0.0384 0.029 0.0152 0.0152 0.02 0.0542 0.098 0.1216 0.2116 0.2964 0.3504 0.3892 0.3862 0.3946 0.3596 0.2886 0.2464 0.2114 0.1768 0.128 0.0856 0.0616 0.0478 0.0232 0.0096 0.0152 0.018 0.0248 0.0266 0.0494 0.066 0.0712 0.1032 0.135 0.1778 0.1656 0.1474 0.1572 0.1434 0.131 0.1094 0.115 0.0894 0.0684 0.0604 
0 0 0 0 0 0 0 0 0 0 0 0 0 0 0 0 0 0.0196 0.1774 0.5976 1.1032 1.346 1.3982 1.1436 0.8344 0.5092 0.361 0.1928 0.1336 0.0744 0.0518 0.0284 0.0146 0.0092 0.002 0.003 0.003 0.0216 0.0498 0.125 0.2788 0.4696 0.6186 0.7486 0.7768 0.7068 0.6096 0.504 0.3454 0.2502 0.174 0.126 0.0852 0.0402 0.025 0.0174 0.0152 0.0164 0.0188 0.0294 0.0472 0.0946 0.1652 0.2404 0.3446 0.3858 0.4372 0.4102 0.4262 0.3514 0.2974 0.2254 0.1452 0.1098 0.0886 0.075 0.0436 0.0182 0.0154 0.016 0.0124 0.0114 0.024 0.0432 0.0636 0.0898 0.0966 0.1376 0.1506 0.1706 0.1778 0.1862 0.161 0.1318 0.118 0.103 0.0808 0.0712 0.045 0.0378 
0 0 0 0 0 0 0 0 0 0 0 0 0 0 0 0 0.0012 0.0154 0.1846 0.5942 1.1182 1.3496 1.3574 1.2068 0.7956 0.5322 0.358 0.2244 0.1158 0.075 0.0328 0.019 0.0046 0.0026 0.0012 0.0014 0.0092 0.0246 0.058 0.1604 0.2592 0.4192 0.6162 0.7338 0.7672 0.7508 0.6504 0.4804 0.3818 0.2556 0.174 0.0954 0.0634 0.039 0.0278 0.015 0.015 0.0162 0.0132 0.0258 0.0564 0.1082 0.1562 0.242 0.3362 0.3956 0.4438 0.4122 0.4214 0.3544 0.2938 0.224 0.1768 0.1018 0.0794 0.0456 0.0264 0.033 0.0216 0.0148 0.02 0.0172 0.024 0.032 0.043 0.0892 0.1258 0.138 0.1828 0.182 0.1476 0.1822 0.1538 0.1458 0.1264 0.1064 0.0948 0.0668 0.031 0.0254 
0 0 0 0 0 0 0 0 0 0 0 0 0 0 0 0 0 0.0184 0.1376 0.5442 1.053 1.359 1.3788 1.1482 0.8502 0.5208 0.3374 0.2218 0.1628 0.104 0.0544 0.0354 0.028 0.0208 0.0152 0.0066 0.0028 0.0168 0.0434 0.1278 0.2168 0.4184 0.6186 0.7274 0.7328 0.7088 0.6082 0.5226 0.4006 0.2362 0.1888 0.135 0.0974 0.0616 0.0616 0.0376 0.0224 0.0156 0.0248 0.025 0.041 0.081 0.1818 0.2278 0.29 0.3214 0.4078 0.4284 0.3526 0.344 0.3028 0.263 0.1964 0.1612 0.1184 0.089 0.0524 0.0334 0.0294 0.0248 0.0166 0.0094 0.0152 0.0276 0.0406 0.0808 0.103 0.1062 0.1392 0.1374 0.16 0.1618 0.1642 0.1654 0.1576 0.1124 0.086 0.0766 0.0638 0.0456 
0 0 0 0 0 0 0 0 0 0 0 0 0 0 0 0 0.0002 0.026 0.1898 0.6564 1.0774 1.3128 1.2674 1.0916 0.8326 0.583 0.421 0.26 0.1444 0.0742 0.0256 0.0176 0.0106 0.0094 0 0 0.002 0.0092 0.051 0.1614 0.2762 0.4998 0.6768 0.7152 0.711 0.6878 0.569 0.4728 0.3692 0.283 0.1786 0.1358 0.086 0.0586 0.029 0.0096 0.0092 0.005 0.0164 0.0332 0.0588 0.1106 0.1672 0.2372 0.346 0.382 0.4138 0.4558 0.3976 0.3398 0.256 0.2196 0.1778 0.1344 0.1088 0.048 0.0428 0.0222 0.0138 0.0126 0.0096 0.019 0.032 0.0448 0.0546 0.074 0.101 0.1128 0.1476 0.16 0.172 0.218 0.1708 0.1424 0.13 0.11 0.0742 0.0706 0.0408 0.0326 
0 0 0 0 0 0 0 0 0 0 0 0 0 0 0 0 0.0004 0.0224 0.2004 0.6358 1.1342 1.2832 1.2218 1.0784 0.8012 0.559 0.3748 0.292 0.1602 0.0944 0.0648 0.04 0.0204 0.01 0.005 0.003 0.0032 0.0232 0.08 0.2132 0.2822 0.4492 0.589 0.6524 0.7126 0.6486 0.5878 0.4786 0.3724 0.2812 0.1964 0.1418 0.1046 0.0642 0.0552 0.0298 0.0116 0.0166 0.0246 0.0582 0.0922 0.1362 0.1832 0.2152 0.295 0.3448 0.3694 0.395 0.375 0.3468 0.2596 0.2194 0.1836 0.147 0.1072 0.0788 0.0486 0.0354 0.0322 0.0242 0.0214 0.0438 0.0346 0.0626 0.0636 0.07 0.0784 0.0878 0.1144 0.143 0.1738 0.1724 0.186 0.1754 0.128 0.094 0.084 0.0652 0.046 0.0438 
0 0 0 0 0 0 0 0 0 0 0 0 0 0 0 0 0.0002 0.0294 0.2564 0.671 1.1106 1.2972 1.3002 1.1092 0.8058 0.5386 0.3656 0.2266 0.1198 0.0692 0.0498 0.022 0.0164 0.0038 0.0042 0.0034 0.0074 0.0286 0.0716 0.1754 0.308 0.5536 0.6532 0.7512 0.6796 0.659 0.5402 0.446 0.374 0.2658 0.1786 0.1212 0.0678 0.0358 0.0206 0.0184 0.0134 0.0204 0.0402 0.048 0.0748 0.14 0.216 0.2716 0.3658 0.3878 0.3846 0.3688 0.3738 0.3292 0.2438 0.2372 0.175 0.1196 0.0774 0.0298 0.0214 0.0184 0.0264 0.0224 0.025 0.0308 0.044 0.0514 0.0636 0.104 0.1482 0.178 0.1368 0.1572 0.1626 0.1244 0.1062 0.1436 0.1356 0.1174 0.0698 0.0628 0.0504 0.0284 
0 0 0 0 0 0 0 0 0 0 0 0 0 0 0 0 0.0008 0.0144 0.1704 0.4968 1.0322 1.3598 1.2678 1.0956 0.8432 0.6508 0.441 0.2436 0.162 0.1026 0.0638 0.0308 0.0182 0.004 0.0022 0.0004 0.0016 0.013 0.0282 0.1218 0.2594 0.4318 0.5122 0.7038 0.7916 0.7162 0.5814 0.491 0.3754 0.31 0.2456 0.1624 0.0924 0.0608 0.0472 0.023 0.0224 0.0108 0.005 0.0212 0.0442 0.083 0.1532 0.2334 0.2864 0.319 0.3778 0.4386 0.4084 0.366 0.3054 0.243 0.2138 0.1402 0.1174 0.1002 0.0608 0.0304 0.0122 0.0172 0.0102 0.0206 0.0288 0.0282 0.0418 0.0554 0.0856 0.1208 0.1274 0.1654 0.1598 0.1502 0.1504 0.156 0.1442 0.1254 0.1118 0.089 0.0748 0.0588 
0 0 0 0 0 0 0 0 0 0 0 0 0 0 0 0 0 0.0272 0.1582 0.5386 1.0356 1.3138 1.2884 1.141 0.8372 0.5806 0.3662 0.2394 0.1638 0.1058 0.071 0.0444 0.0378 0.0222 0.0148 0.0092 0.0086 0.0238 0.0684 0.171 0.2574 0.4054 0.515 0.6594 0.7126 0.7156 0.6418 0.481 0.3428 0.2918 0.1846 0.1484 0.1304 0.0758 0.0618 0.0476 0.0314 0.0238 0.0282 0.0348 0.0546 0.0986 0.1476 0.21 0.2976 0.378 0.356 0.349 0.358 0.341 0.307 0.2318 0.2042 0.179 0.1392 0.0958 0.0754 0.0388 0.033 0.0284 0.0202 0.0128 0.0146 0.022 0.0514 0.0676 0.11 0.0964 0.1426 0.1264 0.1542 0.1548 0.1632 0.178 0.1316 0.1034 0.0846 0.0686 0.067 0.0646 
0 0 0 0 0 0 0 0 0 0 0 0 0 0 0 0 0 0.0198 0.1894 0.7006 1.166 1.3718 1.3346 1.091 0.7814 0.5398 0.3346 0.1902 0.1106 0.075 0.0406 0.0272 0.0102 0.006 0.0038 0.003 0.0064 0.0108 0.0928 0.1958 0.3212 0.5132 0.6994 0.7398 0.7084 0.6404 0.5438 0.4432 0.3082 0.204 0.148 0.1134 0.1 0.0768 0.053 0.0294 0.0188 0.0322 0.0244 0.0544 0.1012 0.1394 0.2404 0.3202 0.3176 0.366 0.3732 0.397 0.3454 0.2664 0.258 0.1942 0.1546 0.1218 0.0922 0.0584 0.043 0.0416 0.0206 0.0218 0.0388 0.0496 0.0452 0.0628 0.0882 0.1402 0.1318 0.137 0.132 0.1822 0.1264 0.1348 0.0996 0.1254 0.1282 0.0956 0.074 0.0482 0.0464 0.0478 
0 0 0 0 0 0 0 0 0 0 0 0 0 0 0 0 0 0.0162 0.187 0.5592 1.0864 1.2992 1.2342 1.0788 0.8 0.6076 0.4396 0.2778 0.152 0.1092 0.0626 0.0474 0.0162 0.012 0.011 0.0026 0.001 0.0124 0.0502 0.133 0.2384 0.4178 0.5708 0.6704 0.7404 0.7772 0.619 0.4882 0.3928 0.2754 0.1948 0.1602 0.1074 0.0464 0.0278 0.0346 0.02 0.008 0.0198 0.031 0.0454 0.0972 0.1584 0.2056 0.3174 0.3486 0.3942 0.4212 0.4008 0.3386 0.3104 0.224 0.1824 0.159 0.1176 0.0786 0.0592 0.0346 0.0264 0.018 0.0162 0.0272 0.0292 0.0364 0.0472 0.089 0.1008 0.1166 0.1252 0.1358 0.144 0.1374 0.1388 0.1386 0.1626 0.119 0.0854 0.0922 0.0538 0.046 
0 0 0 0 0 0 0 0 0 0 0 0 0 0 0 0 0 0.0118 0.1526 0.5134 1.006 1.3016 1.3602 1.1462 0.8934 0.6684 0.387 0.244 0.1452 0.0756 0.0344 0.015 0.0166 0.0202 0.0078 0.0006 0.0002 0.0088 0.0408 0.1244 0.2854 0.3962 0.529 0.666 0.7714 0.7092 0.6714 0.5338 0.4202 0.2956 0.2142 0.1426 0.0848 0.0404 0.026 0.021 0.0122 0.0076 0.004 0.0132 0.0322 0.0884 0.1656 0.2096 0.298 0.3504 0.4486 0.423 0.3914 0.3712 0.3 0.2452 0.2088 0.1674 0.0976 0.0634 0.0512 0.0336 0.0162 0.0062 0.0142 0.0118 0.0098 0.0184 0.0332 0.0554 0.0722 0.1236 0.1662 0.1844 0.1814 0.1986 0.1474 0.1372 0.1244 0.1124 0.1002 0.0928 0.0808 0.0618 
0 0 0 0 0 0 0 0 0 0 0 0 0 0 0 0 0.0004 0.0148 0.1704 0.5246 0.9334 1.3038 1.4408 1.1598 0.8828 0.5638 0.3552 0.2446 0.1568 0.102 0.0594 0.0464 0.0312 0.0042 0.0056 0 0.004 0.0068 0.0482 0.1282 0.2424 0.378 0.5408 0.7166 0.766 0.7406 0.5922 0.5048 0.425 0.2722 0.1946 0.156 0.0934 0.0722 0.037 0.0244 0.0224 0.017 0.0218 0.0148 0.0588 0.107 0.1588 0.2236 0.3044 0.3232 0.3602 0.3642 0.3864 0.3582 0.3422 0.2806 0.2002 0.147 0.1308 0.0804 0.0394 0.0306 0.0218 0.0196 0.0184 0.0188 0.0418 0.0408 0.0692 0.0632 0.0892 0.0934 0.1038 0.1514 0.1688 0.1516 0.1416 0.1324 0.1694 0.1296 0.122 0.098 0.0696 0.04 
0 0 0 0 0 0 0 0 0 0 0 0 0 0 0 0 0 0.0168 0.174 0.5022 0.9384 1.236 1.186 1.1612 0.9098 0.703 0.4794 0.2986 0.1842 0.1158 0.0488 0.025 0.0114 0.007 0.0024 0 0.0014 0.0098 0.0412 0.1256 0.2392 0.3784 0.5246 0.6528 0.6902 0.6682 0.619 0.553 0.4462 0.358 0.248 0.1802 0.1372 0.0692 0.0336 0.0096 0.006 0.008 0.0118 0.0168 0.0422 0.0762 0.129 0.189 0.2656 0.344 0.3924 0.394 0.3924 0.3306 0.3388 0.2784 0.2286 0.1944 0.1362 0.089 0.0506 0.038 0.0282 0.0128 0.0084 0.0094 0.0124 0.0126 0.0372 0.0468 0.0806 0.079 0.149 0.1644 0.1516 0.1378 0.1868 0.1694 0.1566 0.121 0.138 0.0842 0.068 0.0624 
0 0 0 0 0 0 0 0 0 0 0 0 0 0 0 0 0.0002 0.0172 0.1678 0.5642 1.0156 1.317 1.3596 1.1662 0.8884 0.65 0.356 0.222 0.1398 0.0622 0.026 0.0144 0.0096 0.0106 0.0042 0.0036 0.0044 0.014 0.052 0.1302 0.289 0.4332 0.5594 0.6898 0.729 0.7118 0.6744 0.5764 0.3776 0.2812 0.1652 0.115 0.0804 0.0526 0.0262 0.02 0.0108 0.0084 0.0154 0.026 0.053 0.1298 0.1874 0.2562 0.2936 0.3766 0.369 0.351 0.394 0.3504 0.33 0.2606 0.1982 0.1276 0.079 0.0594 0.0466 0.0304 0.0292 0.0208 0.0208 0.0182 0.025 0.0402 0.065 0.0898 0.1206 0.1098 0.1226 0.1354 0.1626 0.167 0.1542 0.1496 0.1508 0.1082 0.0906 0.0726 0.0492 0.0528 
0 0 0 0 0 0 0 0 0 0 0 0 0 0 0 0 0.001 0.0214 0.1526 0.5282 1.0072 1.2526 1.2536 1.1502 0.8498 0.62 0.4284 0.279 0.176 0.109 0.0598 0.04 0.037 0.0144 0.0084 0.0052 0.0072 0.0046 0.0674 0.1204 0.252 0.4068 0.5882 0.5648 0.6968 0.6882 0.6514 0.5256 0.3882 0.3134 0.2574 0.1674 0.1042 0.0642 0.0478 0.0322 0.026 0.0224 0.0102 0.0252 0.0652 0.0886 0.1516 0.2232 0.2708 0.3488 0.3902 0.3412 0.3148 0.3472 0.3398 0.2648 0.2342 0.1696 0.1114 0.0994 0.0698 0.0544 0.0306 0.0234 0.0178 0.0122 0.0218 0.0196 0.0562 0.0824 0.097 0.1096 0.104 0.1264 0.1322 0.129 0.1472 0.1638 0.1442 0.1602 0.1232 0.0858 0.0654 0.0828 
0 0 0 0 0 0 0 0 0 0 0 0 0 0 0 0 0.0004 0.0056 0.1504 0.571 1.108 1.3708 1.396 1.1158 0.7964 0.57 0.3934 0.2052 0.1358 0.0796 0.0524 0.0194 0.0082 0.005 0.005 0.0056 0.0014 0.007 0.0448 0.1172 0.2974 0.4738 0.6392 0.6518 0.7448 0.7294 0.6172 0.5052 0.3754 0.2878 0.1868 0.1296 0.0762 0.0428 0.0218 0.0224 0.0128 0.0136 0.007 0.0186 0.06 0.095 0.177 0.2516 0.3396 0.3876 0.4236 0.4034 0.3596 0.3608 0.2802 0.2262 0.1964 0.1296 0.0984 0.061 0.0354 0.03 0.0166 0.018 0.02 0.0146 0.0132 0.0416 0.0622 0.0812 0.1426 0.1332 0.152 0.1576 0.1726 0.1622 0.1724 0.1584 0.109 0.071 0.0868 0.0614 0.0466 0.0532 
0 0 0 0 0 0 0 0 0 0 0 0 0 0 0 0 0 0.0096 0.157 0.4816 0.925 1.2062 1.2734 1.062 0.8456 0.666 0.483 0.3198 0.2274 0.1068 0.0788 0.0544 0.0422 0.0214 0.0184 0.009 0.007 0.0148 0.0416 0.0946 0.2012 0.3754 0.485 0.5992 0.6744 0.649 0.6194 0.5516 0.4638 0.3716 0.3026 0.1938 0.1286 0.0836 0.0556 0.0338 0.0204 0.017 0.013 0.0212 0.0372 0.0678 0.114 0.1654 0.2178 0.305 0.3712 0.3676 0.3962 0.3554 0.323 0.3052 0.272 0.226 0.1434 0.1018 0.066 0.049 0.0332 0.0352 0.0228 0.0134 0.0114 0.0146 0.0266 0.0476 0.0454 0.0752 0.1314 0.1422 0.143 0.1672 0.155 0.1444 0.1524 0.135 0.1364 0.1158 0.0712 0.0504 
0 0 0 0 0 0 0 0 0 0 0 0 0 0 0 0 0 0.0164 0.2044 0.664 1.1812 1.3592 1.2708 1.062 0.783 0.487 0.3786 0.2512 0.1162 0.1088 0.0602 0.0338 0.0174 0.0058 0 0 0.0002 0.0166 0.047 0.1794 0.3544 0.5124 0.6578 0.7486 0.7646 0.6338 0.5466 0.4772 0.3628 0.237 0.175 0.117 0.1008 0.0338 0.0154 0.0128 0.0068 0 0.0062 0.0292 0.0486 0.1342 0.1946 0.3126 0.363 0.3872 0.412 0.392 0.4104 0.3612 0.3106 0.2252 0.1362 0.089 0.0718 0.0492 0.0314 0.0196 0.0032 0.0054 0.0028 0.01 0.0232 0.0402 0.0534 0.0794 0.1172 0.1348 0.1426 0.1704 0.1872 0.194 0.1962 0.168 0.1022 0.089 0.0928 0.0648 0.0538 0.0258 
0 0 0 0 0 0 0 0 0 0 0 0 0 0 0 0 0 0.0126 0.164 0.5092 0.997 1.2258 1.3308 1.1628 0.8544 0.6298 0.409 0.2638 0.1824 0.1196 0.0488 0.0318 0.0218 0.0102 0.0178 0.0028 0.003 0.0104 0.0354 0.1168 0.2452 0.3658 0.4958 0.6598 0.7844 0.7116 0.6418 0.516 0.4068 0.3278 0.2494 0.1602 0.0958 0.0756 0.0458 0.0232 0.0116 0.0104 0.016 0.0234 0.0534 0.0822 0.129 0.2232 0.2444 0.317 0.3468 0.383 0.4172 0.3848 0.3064 0.2716 0.2402 0.212 0.1252 0.0898 0.0494 0.0358 0.0244 0.0172 0.0138 0.0134 0.0272 0.0378 0.0386 0.0762 0.0774 0.0934 0.1052 0.1182 0.154 0.1594 0.1542 0.1642 0.1534 0.1174 0.128 0.1266 0.0814 0.0406 
0 0 0 0 0 0 0 0 0 0 0 0 0 0 0 0 0 0.0218 0.1456 0.4902 0.9322 1.276 1.252 1.1284 0.8986 0.6748 0.4778 0.3186 0.1726 0.1044 0.053 0.0254 0.0146 0.0074 0.0042 0.0024 0 0.0102 0.0362 0.1068 0.2322 0.3932 0.5036 0.667 0.6546 0.6898 0.6362 0.5312 0.4472 0.325 0.2552 0.1918 0.1468 0.0816 0.044 0.0212 0.0108 0.0108 0.0044 0.0304 0.0358 0.0594 0.1398 0.2306 0.2806 0.3078 0.3224 0.387 0.3832 0.3792 0.3744 0.2522 0.2002 0.1686 0.1292 0.0896 0.0664 0.0564 0.0406 0.0258 0.0182 0.0134 0.0274 0.0316 0.0328 0.054 0.068 0.1096 0.1102 0.1512 0.1576 0.163 0.1702 0.1572 0.1552 0.1096 0.0978 0.0864 0.085 0.0604 
0 0 0 0 0 0 0 0 0 0 0 0 0 0 0 0 0 0.0156 0.15 0.5194 1.0086 1.3116 1.4084 1.2266 0.8712 0.5496 0.3412 0.22 0.163 0.094 0.056 0.028 0.0116 0.0112 0.0064 0.0062 0.004 0.0068 0.0244 0.1142 0.2498 0.4118 0.5696 0.7468 0.7978 0.736 0.6366 0.4954 0.39 0.2746 0.2036 0.1252 0.095 0.0622 0.027 0.0118 0.0022 0.008 0.0158 0.018 0.038 0.0784 0.1376 0.2374 0.3434 0.375 0.4142 0.4314 0.3602 0.3744 0.3334 0.2548 0.1926 0.1366 0.0806 0.0594 0.0326 0.0262 0.0254 0.0238 0.0134 0.0154 0.014 0.0316 0.057 0.0658 0.101 0.0992 0.1264 0.1512 0.1796 0.1916 0.176 0.1546 0.1438 0.1162 0.0952 0.0534 0.0716 0.0492 
0 0 0 0 0 0 0 0 0 0 0 0 0 0 0 0 0 0.0082 0.1446 0.463 0.9308 1.287 1.328 1.2214 0.9454 0.6282 0.3728 0.2576 0.149 0.0878 0.0676 0.0414 0.029 0.0164 0.0056 0.0054 0.0034 0.008 0.039 0.0874 0.1654 0.366 0.5602 0.6422 0.7482 0.6816 0.693 0.6536 0.4558 0.2588 0.1956 0.159 0.0948 0.0692 0.045 0.027 0.0208 0.016 0.0122 0.0206 0.0276 0.0632 0.1466 0.1964 0.2162 0.32 0.3334 0.416 0.3764 0.4368 0.411 0.3176 0.2098 0.1692 0.1052 0.0778 0.0374 0.038 0.0216 0.0274 0.0264 0.0116 0.0098 0.0198 0.043 0.052 0.0792 0.0956 0.103 0.1398 0.1628 0.1412 0.1788 0.1998 0.149 0.1666 0.1018 0.0876 0.0822 0.054 
0 0 0 0 0 0 0 0 0 0 0 0 0 0 0 0 0 0.0208 0.1898 0.6132 1.1262 1.351 1.3244 1.1778 0.8802 0.5856 0.3092 0.1746 0.0842 0.0518 0.0402 0.0248 0.0198 0.0162 0.001 0.0014 0.0016 0.0176 0.0428 0.1334 0.3062 0.497 0.6924 0.7584 0.7732 0.6962 0.5914 0.4772 0.3416 0.2248 0.1422 0.1106 0.0718 0.0522 0.036 0.0156 0.0062 0.009 0.0102 0.018 0.0636 0.1264 0.198 0.2604 0.3468 0.3784 0.4398 0.4406 0.384 0.361 0.2886 0.211 0.154 0.1062 0.091 0.0616 0.0284 0.0146 0.0092 0.0064 0.0054 0.0222 0.0338 0.0448 0.0578 0.0988 0.107 0.1376 0.1308 0.1656 0.2104 0.1926 0.1458 0.1394 0.1266 0.1094 0.086 0.0548 0.0372 0.0334 
0 0 0 0 0 0 0 0 0 0 0 0 0 0 0 0 0.0006 0.0186 0.1758 0.69 1.2222 1.4266 1.2652 0.9774 0.7568 0.517 0.3462 0.2474 0.1674 0.0742 0.0612 0.025 0.0186 0.0062 0.0036 0 0.0044 0.015 0.0678 0.194 0.3632 0.4818 0.6196 0.77 0.7626 0.6688 0.6054 0.4044 0.3662 0.2682 0.147 0.1216 0.0568 0.0372 0.0174 0.0148 0.0112 0.0052 0.0216 0.0328 0.0736 0.113 0.2024 0.3022 0.3536 0.3788 0.4336 0.437 0.3766 0.3412 0.282 0.2022 0.154 0.1078 0.0722 0.049 0.03 0.0178 0.0084 0.002 0.0044 0.0096 0.0262 0.0708 0.0762 0.0838 0.1148 0.1206 0.1354 0.1734 0.1608 0.1662 0.1652 0.1622 0.1288 0.1218 0.0852 0.0744 0.045 0.031 
0 0 0 0 0 0 0 0 0 0 0 0 0 0 0 0 0 0.0202 0.1636 0.6118 1.1476 1.3888 1.3604 1.0726 0.8176 0.5256 0.343 0.2212 0.1268 0.0786 0.0576 0.0288 0.0218 0.0084 0.0016 0.0016 0.0032 0.014 0.0534 0.1446 0.292 0.511 0.6864 0.7676 0.73 0.6756 0.5916 0.4678 0.3354 0.2236 0.1796 0.1198 0.0838 0.0452 0.0314 0.0236 0.0148 0.0098 0.0136 0.0292 0.0584 0.1214 0.188 0.2834 0.3696 0.389 0.448 0.4244 0.3356 0.31 0.238 0.204 0.204 0.122 0.0808 0.0612 0.0448 0.0318 0.0224 0.0056 0.0094 0.016 0.0346 0.0544 0.0684 0.0982 0.1016 0.1324 0.154 0.1512 0.1404 0.1676 0.1634 0.1436 0.1334 0.1066 0.0856 0.0692 0.0522 0.0366 
0 0 0 0 0 0 0 0 0 0 0 0 0 0 0 0 0.0016 0.0272 0.2132 0.6516 1.1226 1.369 1.3334 1.09 0.7666 0.5412 0.3504 0.2296 0.0986 0.0894 0.046 0.0292 0.0174 0.0064 0.0068 0.0026 0.0056 0.0282 0.0892 0.1956 0.3134 0.45 0.6036 0.7254 0.7698 0.617 0.6092 0.4942 0.3718 0.2652 0.1732 0.1048 0.0628 0.037 0.0176 0.017 0.0256 0.032 0.0284 0.0432 0.0696 0.1212 0.1646 0.231 0.3722 0.3944 0.4294 0.4068 0.3692 0.338 0.3034 0.2138 0.1508 0.1188 0.0672 0.046 0.0378 0.0358 0.0318 0.0234 0.0184 0.02 0.0304 0.0438 0.0582 0.0804 0.0782 0.1558 0.1824 0.1584 0.157 0.1948 0.1538 0.1508 0.1124 0.1006 0.0674 0.0736 0.041 0.036 
0 0 0 0 0 0 0 0 0 0 0 0 0 0 0 0 0 0.0164 0.202 0.5916 1.184 1.4302 1.3894 1.1904 0.778 0.5162 0.3034 0.1894 0.0962 0.0466 0.0278 0.0132 0.013 0.0122 0 0 0.0024 0.0138 0.069 0.162 0.3216 0.5332 0.636 0.743 0.8042 0.7518 0.588 0.4104 0.3288 0.232 0.1672 0.1024 0.0504 0.0296 0.0222 0.0152 0.0148 0.0042 0.0138 0.0528 0.0944 0.1264 0.1974 0.2532 0.384 0.447 0.4164 0.369 0.3804 0.3274 0.2438 0.1882 0.1716 0.1244 0.083 0.0572 0.0308 0.0186 0.0218 0.0082 0.0192 0.0178 0.0356 0.0424 0.0836 0.1146 0.1094 0.1326 0.1662 0.1926 0.1576 0.1328 0.1302 0.1336 0.1198 0.097 0.0972 0.0812 0.0664 0.0252 
0 0 0 0 0 0 0 0 0 0 0 0 0 0 0 0 0.0004 0.0222 0.199 0.54 1.095 1.324 1.2214 1.144 0.8122 0.58 0.4132 0.2594 0.1598 0.0996 0.066 0.0288 0.0196 0.009 0.004 0.0024 0.0026 0.0188 0.0462 0.1106 0.2922 0.4806 0.5908 0.7188 0.7374 0.7036 0.569 0.4394 0.3996 0.3024 0.233 0.1652 0.0816 0.044 0.0306 0.0206 0.008 0.0058 0.0168 0.0242 0.0686 0.1108 0.182 0.2278 0.2912 0.3812 0.377 0.41 0.4104 0.3236 0.2778 0.2136 0.2038 0.1592 0.1174 0.087 0.0532 0.0332 0.0174 0.012 0.0056 0.0062 0.0152 0.047 0.0554 0.0754 0.0914 0.1128 0.1326 0.139 0.1956 0.1952 0.132 0.137 0.1302 0.1008 0.077 0.0824 0.0672 0.0686 
0 0 0 0 0 0 0 0 0 0 0 0 0 0 0 0 0.0002 0.027 0.1916 0.5704 0.9414 1.1808 1.2012 1.1258 0.9314 0.588 0.4296 0.286 0.193 0.1166 0.0632 0.0512 0.0508 0.0346 0.0158 0.0036 0.0096 0.0154 0.0486 0.1262 0.2784 0.346 0.4784 0.6534 0.7246 0.7056 0.6362 0.5046 0.3892 0.2788 0.2282 0.1664 0.1264 0.0944 0.0526 0.0412 0.0444 0.0364 0.0208 0.0306 0.0372 0.0764 0.1432 0.1946 0.2744 0.314 0.321 0.3974 0.3982 0.3442 0.3088 0.2774 0.231 0.1786 0.1362 0.1016 0.0702 0.056 0.0518 0.0284 0.0198 0.0104 0.0104 0.0162 0.034 0.0606 0.1076 0.111 0.1048 0.1384 0.1506 0.1188 0.1294 0.1264 0.1528 0.1764 0.121 0.0896 0.069 0.0824 
0 0 0 0 0 0 0 0 0 0 0 0 0 0 0 0 0 0.015 0.1422 0.4452 0.9902 1.4478 1.4438 1.2276 0.8648 0.553 0.3194 0.2256 0.1268 0.0926 0.04 0.0198 0.0116 0.013 0.0034 0.0054 0.0086 0.0208 0.041 0.1172 0.2098 0.4292 0.6 0.679 0.78 0.7226 0.6326 0.5122 0.4178 0.3168 0.1946 0.122 0.0648 0.0504 0.034 0.0102 0.0086 0.015 0.0186 0.0342 0.0616 0.0892 0.147 0.2294 0.282 0.3274 0.3754 0.4126 0.4186 0.3972 0.3158 0.3034 0.1874 0.1464 0.1062 0.0566 0.0334 0.0236 0.0166 0.0122 0.0196 0.022 0.0222 0.0318 0.0642 0.0628 0.0656 0.1196 0.1504 0.1326 0.1452 0.1954 0.1644 0.1866 0.1674 0.1446 0.09 0.054 0.0554 0.0376 
0 0 0 0 0 0 0 0 0 0 0 0 0 0 0 0 0 0.0166 0.1572 0.4948 1.0376 1.3662 1.4578 1.2296 0.8396 0.5256 0.3784 0.23 0.1068 0.0664 0.0394 0.0276 0.0112 0.007 0.0028 0.0016 0.0028 0.0112 0.0488 0.1226 0.271 0.3922 0.553 0.7096 0.7494 0.8184 0.6342 0.5232 0.3774 0.2886 0.1844 0.1054 0.0684 0.0376 0.0418 0.0336 0.0182 0.004 0.0064 0.0214 0.0748 0.105 0.1438 0.2178 0.316 0.3728 0.406 0.4082 0.3612 0.3706 0.3404 0.2526 0.2162 0.1272 0.0774 0.0462 0.0372 0.035 0.021 0.0122 0.0126 0.0274 0.023 0.0392 0.0534 0.065 0.1014 0.1464 0.158 0.1728 0.1642 0.1618 0.172 0.1418 0.1472 0.1148 0.0822 0.0718 0.0522 0.0452 
0 0 0 0 0 0 0 0 0 0 0 0 0 0 0 0 0.0014 0.0122 0.136 0.5282 0.9608 1.176 1.234 1.0828 0.8926 0.6682 0.5076 0.3446 0.1962 0.1134 0.082 0.029 0.0096 0.0098 0.0084 0.0022 0.0016 0.0052 0.028 0.1012 0.1936 0.3228 0.5078 0.6918 0.7016 0.71 0.6262 0.5738 0.4326 0.3492 0.254 0.1622 0.1166 0.097 0.062 0.0332 0.0184 0.0058 0.0016 0.0088 0.0276 0.0698 0.1086 0.1478 0.2402 0.3284 0.3708 0.4176 0.4486 0.35 0.3494 0.2844 0.2552 0.1796 0.1386 0.0906 0.0716 0.05 0.019 0.0152 0.0082 0.0078 0.0116 0.0276 0.0302 0.0356 0.0724 0.1162 0.1128 0.1298 0.1524 0.1582 0.1764 0.1544 0.1462 0.1252 0.1348 0.1134 0.1088 0.0614 
0 0 0 0 0 0 0 0 0 0 0 0 0 0 0 0 0 0.0094 0.167 0.567 0.9752 1.2328 1.2614 1.1578 0.878 0.694 0.4576 0.2494 0.135 0.0762 0.0682 0.0334 0.0144 0.01 0.007 0.0024 0.0042 0.0068 0.0464 0.1302 0.267 0.387 0.5638 0.6936 0.7116 0.6736 0.6284 0.5532 0.4348 0.2918 0.2168 0.1596 0.079 0.052 0.0436 0.0336 0.0184 0.0052 0.0124 0.0202 0.0544 0.0896 0.1204 0.199 0.2592 0.3668 0.405 0.3964 0.3904 0.3916 0.3694 0.2778 0.2172 0.1226 0.1104 0.0672 0.0504 0.037 0.0256 0.0158 0.0058 0.0074 0.029 0.0292 0.0298 0.0406 0.0804 0.0958 0.1162 0.1314 0.1608 0.1808 0.1992 0.1686 0.1654 0.1232 0.0968 0.1086 0.0824 0.0544 
0 0 0 0 0 0 0 0 0 0 0 0 0 0 0 0 0.0008 0.0262 0.2302 0.6802 1.12 1.4366 1.3558 1.1058 0.8532 0.4982 0.2932 0.1642 0.119 0.0628 0.0328 0.008 0.004 0.0026 0.0014 0.0022 0.0032 0.0224 0.0596 0.1834 0.3586 0.5218 0.6618 0.8014 0.7892 0.7116 0.6076 0.4134 0.288 0.1892 0.1582 0.1114 0.0716 0.0334 0.0048 0.0048 0.0056 0.0078 0.0134 0.06 0.107 0.1282 0.1826 0.2994 0.3526 0.394 0.4938 0.4492 0.4182 0.2932 0.2546 0.1618 0.0968 0.0796 0.0796 0.0532 0.0366 0.0136 0.0106 0.0152 0.0168 0.0192 0.0338 0.0424 0.073 0.1102 0.0948 0.1406 0.1802 0.2184 0.1966 0.1964 0.1534 0.1468 0.0934 0.0618 0.0496 0.054 0.0458 0.0338 
0 0 0 0 0 0 0 0 0 0 0 0 0 0 0 0 0 0.0244 0.1816 0.572 1.0716 1.3266 1.2526 1.2052 0.8364 0.5716 0.37 0.2304 0.159 0.0888 0.0424 0.0322 0.016 0.0048 0.0062 0.0048 0.0072 0.0118 0.0546 0.1318 0.2802 0.4576 0.6142 0.7078 0.6944 0.7146 0.5804 0.4972 0.3822 0.2742 0.2044 0.115 0.0972 0.0824 0.036 0.026 0.015 0.0094 0.0184 0.0264 0.0548 0.1064 0.1806 0.26 0.2984 0.363 0.3788 0.4014 0.3686 0.339 0.2962 0.2314 0.2028 0.144 0.1 0.0944 0.0668 0.0322 0.02 0.0168 0.0166 0.0084 0.015 0.0286 0.0848 0.0896 0.107 0.119 0.1302 0.1354 0.1572 0.1896 0.1506 0.1408 0.1464 0.1146 0.0966 0.0648 0.0404 0.051 
0 0 0 0 0 0 0 0 0 0 0 0 0 0 0 0 0 0.0118 0.1564 0.5802 1.0964 1.3876 1.4004 1.0378 0.8328 0.584 0.381 0.261 0.1228 0.0662 0.0372 0.0242 0.0146 0.0056 0 0 0.0012 0.0136 0.039 0.1026 0.2526 0.461 0.6118 0.7322 0.7252 0.7036 0.6662 0.5278 0.4076 0.3048 0.2022 0.0902 0.056 0.0354 0.0324 0.02 0.0032 0.0028 0.0062 0.0146 0.0636 0.1078 0.1664 0.2328 0.3172 0.3596 0.415 0.4324 0.3942 0.3624 0.3408 0.2168 0.178 0.1466 0.0966 0.0506 0.037 0.0246 0.027 0.0068 0.0062 0.0108 0.0262 0.056 0.0606 0.0706 0.0888 0.1236 0.1512 0.1594 0.2032 0.2078 0.1242 0.1266 0.1518 0.1246 0.0842 0.0622 0.06 0.0334 
0 0 0 0 0 0 0 0 0 0 0 0 0 0 0 0 0 0.0162 0.1788 0.5442 1.0176 1.232 1.3346 1.1398 0.8206 0.5716 0.445 0.2932 0.1754 0.1122 0.0518 0.024 0.0176 0.018 0.0036 0.0026 0.0046 0.0238 0.062 0.1206 0.2392 0.382 0.5424 0.6834 0.7014 0.7578 0.6072 0.5038 0.3684 0.3242 0.2196 0.1866 0.1078 0.0648 0.0578 0.0292 0.0138 0.0036 0.0092 0.0274 0.0522 0.088 0.1478 0.2192 0.2326 0.3362 0.3958 0.4268 0.399 0.3534 0.313 0.277 0.2362 0.1304 0.1052 0.0798 0.052 0.0504 0.018 0.0188 0.0104 0.0188 0.0256 0.028 0.0442 0.0798 0.0718 0.1036 0.124 0.1604 0.1656 0.1452 0.1648 0.165 0.1722 0.1148 0.1026 0.0638 0.0716 0.0606 
0 0 0 0 0 0 0 0 0 0 0 0 0 0 0 0 0.0006 0.0148 0.1346 0.5272 0.9596 1.2814 1.3148 1.1836 0.8766 0.6178 0.3706 0.258 0.146 0.1034 0.0784 0.0494 0.0318 0.0222 0.0144 0.0044 0.006 0.008 0.0452 0.12 0.204 0.3588 0.5236 0.676 0.7224 0.709 0.6802 0.5282 0.4414 0.2804 0.2244 0.169 0.099 0.06 0.051 0.0458 0.0274 0.0164 0.0164 0.0218 0.0556 0.0712 0.1168 0.1734 0.2428 0.316 0.3742 0.381 0.4314 0.428 0.3266 0.29 0.2288 0.1756 0.0956 0.088 0.0608 0.0432 0.0346 0.0212 0.0138 0.0104 0.0156 0.0196 0.0328 0.0434 0.0582 0.0896 0.1158 0.1638 0.1834 0.1658 0.1726 0.1672 0.1632 0.1292 0.1078 0.0942 0.0722 0.064 
0 0 0 0 0 0 0 0 0 0 0 0 0 0 0 0 0 0.0212 0.2062 0.5892 1.1024 1.3782 1.2988 1.0254 0.8978 0.605 0.3696 0.2168 0.128 0.0834 0.0354 0.0092 0.0112 0.0056 0.0038 0.0042 0.0064 0.0176 0.0662 0.1694 0.293 0.4384 0.5678 0.735 0.7666 0.686 0.5902 0.4614 0.359 0.3116 0.2052 0.135 0.0902 0.037 0.027 0.017 0.0144 0.0178 0.0182 0.046 0.0798 0.1132 0.1656 0.228 0.3184 0.3582 0.4296 0.4118 0.3818 0.3456 0.2546 0.2238 0.165 0.1086 0.114 0.0942 0.0538 0.031 0.0232 0.0176 0.0158 0.0302 0.035 0.037 0.0732 0.0698 0.1056 0.1224 0.1276 0.1832 0.1814 0.1694 0.1754 0.1402 0.0838 0.0958 0.0834 0.0678 0.0488 0.048 
0 0 0 0 0 0 0 0 0 0 0 0 0 0 0 0 0.0004 0.0228 0.2124 0.6816 1.1618 1.4588 1.2624 1.0022 0.7494 0.5746 0.3818 0.2178 0.1324 0.0856 0.0296 0.0142 0.0122 0 0 0 0.0024 0.0176 0.0882 0.1686 0.288 0.5456 0.7044 0.836 0.752 0.653 0.5452 0.4248 0.3296 0.2332 0.156 0.1204 0.0854 0.0328 0.0132 0.0026 0.001 0.0052 0.0136 0.0468 0.082 0.121 0.1956 0.295 0.3536 0.4138 0.4568 0.4526 0.3684 0.325 0.2524 0.2092 0.1632 0.0944 0.0614 0.0394 0.028 0.0118 0.0096 0.0108 0.0154 0.0252 0.0198 0.0424 0.0704 0.0934 0.1048 0.1312 0.1584 0.1658 0.1894 0.1786 0.1452 0.1414 0.1344 0.0986 0.0832 0.0682 0.0476 0.0332 
0 0 0 0 0 0 0 0 0 0 0 0 0 0 0 0 0 0.0216 0.215 0.7176 1.2234 1.4468 1.3362 1.1366 0.7542 0.5018 0.2662 0.1516 0.0912 0.0704 0.0346 0.0174 0.0048 0.0072 0.0034 0 0 0.0148 0.077 0.163 0.3256 0.5948 0.7738 0.8456 0.7996 0.6688 0.5386 0.3846 0.2662 0.2024 0.1686 0.0912 0.0396 0.0258 0.0116 0.0058 0.0026 0.0042 0.023 0.0442 0.0766 0.1488 0.2726 0.3408 0.3492 0.4294 0.4772 0.4098 0.337 0.2938 0.256 0.1818 0.1338 0.0952 0.0626 0.0284 0.0166 0.011 0.006 0.0038 0.0106 0.0182 0.0322 0.0462 0.094 0.1364 0.1526 0.1608 0.1712 0.1872 0.176 0.167 0.1242 0.112 0.0954 0.0858 0.0658 0.0502 0.0414 0.035 
0 0 0 0 0 0 0 0 0 0 0 0 0 0 0 0 0 0.0128 0.1346 0.508 1.0264 1.2664 1.3916 1.0806 0.8108 0.61 0.4538 0.2876 0.1814 0.099 0.0522 0.039 0.0166 0.0114 0.0082 0.0064 0.0068 0.0164 0.0372 0.0942 0.2242 0.346 0.5664 0.7124 0.7404 0.7378 0.6368 0.5322 0.405 0.3256 0.2018 0.1504 0.1168 0.0574 0.0376 0.0254 0.02 0.01 0.008 0.0112 0.0374 0.0844 0.13 0.2084 0.2952 0.3334 0.3768 0.4126 0.3352 0.3656 0.3772 0.2702 0.245 0.201 0.1214 0.0788 0.0442 0.0236 0.0224 0.0064 0.0094 0.0062 0.0058 0.0238 0.047 0.06 0.0758 0.107 0.1352 0.161 0.1536 0.175 0.1622 0.1444 0.1364 0.1296 0.121 0.0842 0.068 0.0594 
0 0 0 0 0 0 0 0 0 0 0 0 0 0 0 0 0 0.0118 0.1248 0.4828 0.9232 1.2412 1.3236 1.173 0.9564 0.69 0.46 0.281 0.1532 0.0796 0.0396 0.0218 0.0234 0.0146 0 0 0 0.008 0.0216 0.0696 0.1928 0.3618 0.533 0.6622 0.7408 0.7606 0.696 0.56 0.4622 0.3276 0.2434 0.1412 0.106 0.0432 0.0294 0.019 0.0112 0.0082 0.005 0.0124 0.0196 0.0506 0.0884 0.1636 0.2874 0.3332 0.4106 0.451 0.3996 0.4308 0.3598 0.3036 0.2118 0.1598 0.0996 0.0814 0.0682 0.0258 0.0152 0.0152 0.0112 0.0038 0.0042 0.0064 0.0342 0.0582 0.0744 0.0952 0.1272 0.1346 0.1742 0.1702 0.1592 0.1618 0.1774 0.1622 0.1016 0.0948 0.0852 0.0694 
0 0 0 0 0 0 0 0 0 0 0 0 0 0 0 0 0 0.0102 0.1486 0.6078 0.972 1.2408 1.3182 1.1218 0.8594 0.6124 0.4536 0.2758 0.1586 0.087 0.0556 0.0316 0.0328 0.0104 0.0034 0 0.0024 0.0084 0.034 0.0914 0.2404 0.3814 0.6094 0.6358 0.7424 0.708 0.5994 0.502 0.4292 0.3108 0.2436 0.1576 0.1184 0.09 0.0472 0.0224 0.0106 0.0148 0.01 0.0136 0.03 0.0896 0.1588 0.218 0.2798 0.3354 0.3886 0.398 0.3686 0.3644 0.2962 0.2446 0.1868 0.1524 0.156 0.105 0.0798 0.0464 0.0356 0.0196 0.0104 0.0116 0.0188 0.0288 0.0422 0.0664 0.0942 0.1342 0.129 0.1482 0.154 0.163 0.1826 0.1222 0.1342 0.1146 0.1154 0.0786 0.053 0.0502 
0 0 0 0 0 0 0 0 0 0 0 0 0 0 0 0 0 0.0092 0.117 0.4934 0.9694 1.2432 1.305 1.1754 0.9456 0.6486 0.4344 0.2482 0.1656 0.0986 0.0436 0.0418 0.0324 0.0136 0.0064 0.0012 0.0012 0.0054 0.0266 0.084 0.2016 0.337 0.5292 0.6934 0.7182 0.715 0.7058 0.561 0.4224 0.313 0.2394 0.1732 0.1056 0.0704 0.0346 0.0246 0.0186 0.0126 0.0098 0.0076 0.0338 0.0784 0.1066 0.1906 0.2172 0.3226 0.4328 0.4442 0.4 0.3682 0.304 0.2604 0.24 0.182 0.1562 0.0964 0.0608 0.034 0.024 0.022 0.0096 0.0066 0.02 0.0266 0.029 0.0504 0.0792 0.091 0.1284 0.1786 0.1662 0.1612 0.1402 0.1558 0.1274 0.1158 0.1082 0.121 0.094 0.0612 
0 0 0 0 0 0 0 0 0 0 0 0 0 0 0 0 0.0004 0.0126 0.1158 0.4752 0.9428 1.2794 1.3126 1.1432 0.9268 0.6246 0.4358 0.274 0.1722 0.1134 0.0692 0.031 0.0314 0.0132 0.009 0.0042 0.0062 0.0096 0.024 0.0856 0.2034 0.3712 0.461 0.6038 0.668 0.689 0.6938 0.5792 0.4694 0.372 0.2724 0.161 0.1088 0.096 0.0648 0.027 0.0172 0.0088 0.0092 0.0234 0.0328 0.074 0.1136 0.1756 0.208 0.2856 0.3346 0.3622 0.4194 0.4104 0.3722 0.3082 0.241 0.1742 0.135 0.107 0.078 0.051 0.0312 0.025 0.0258 0.0144 0.0236 0.0214 0.0292 0.039 0.0588 0.0668 0.1104 0.1604 0.1684 0.1768 0.1782 0.1836 0.165 0.1434 0.1172 0.0798 0.0938 0.0482 
0 0 0 0 0 0 0 0 0 0 0 0 0 0 0 0 0.0004 0.0152 0.1594 0.4874 0.9386 1.2152 1.3214 1.1278 0.9428 0.6752 0.4204 0.2618 0.1868 0.1192 0.053 0.0312 0.0242 0.0106 0.0068 0.0046 0.0032 0.0076 0.0384 0.108 0.2126 0.3432 0.5378 0.6662 0.6872 0.6748 0.6188 0.57 0.4976 0.3684 0.2366 0.1598 0.095 0.072 0.0496 0.0162 0.0114 0.0072 0.0082 0.0162 0.0394 0.0706 0.1354 0.2066 0.2276 0.3028 0.3898 0.3796 0.425 0.3898 0.3142 0.2622 0.2402 0.2234 0.154 0.093 0.0616 0.0268 0.0158 0.0104 0.0118 0.008 0.0206 0.0268 0.0502 0.0524 0.0816 0.0794 0.115 0.1376 0.165 0.1456 0.146 0.148 0.132 0.145 0.1176 0.1388 0.093 0.0784 
0 0 0 0 0 0 0 0 0 0 0 0 0 0 0 0 0 0.0138 0.2068 0.705 1.1108 1.3428 1.279 1.0594 0.732 0.5632 0.384 0.2312 0.1532 0.0854 0.0498 0.03 0.0184 0.0058 0.0074 0.0108 0.011 0.0298 0.058 0.1746 0.3154 0.5186 0.6558 0.813 0.7118 0.6298 0.544 0.3928 0.3286 0.271 0.1866 0.1416 0.086 0.0388 0.034 0.025 0.0188 0.0108 0.0296 0.031 0.0698 0.1338 0.2084 0.3124 0.3644 0.426 0.3932 0.3518 0.3418 0.314 0.2758 0.2168 0.14 0.097 0.0866 0.0592 0.0446 0.0396 0.0272 0.0214 0.0194 0.0196 0.0294 0.0442 0.079 0.079 0.1248 0.1428 0.1494 0.1518 0.1588 0.1818 0.1514 0.1322 0.1184 0.0902 0.0854 0.0704 0.0508 0.035 
0 0 0 0 0 0 0 0 0 0 0 0 0 0 0 0 0.0006 0.0238 0.1864 0.6328 1.1716 1.399 1.2678 1.0804 0.8444 0.5982 0.3264 0.1854 0.1364 0.072 0.04 0.0174 0.0084 0.0016 0.0018 0.002 0.0058 0.0162 0.0452 0.1812 0.3126 0.4986 0.6774 0.7576 0.79 0.7538 0.6046 0.4232 0.3382 0.2092 0.1862 0.0934 0.0598 0.0268 0.0158 0.0044 0.0048 0.0046 0.014 0.0296 0.063 0.1112 0.2136 0.257 0.3558 0.4274 0.4692 0.443 0.4126 0.326 0.247 0.2244 0.1502 0.1116 0.0664 0.0446 0.024 0.0036 0.0024 0.0014 0.0012 0.008 0.0314 0.0646 0.0656 0.0702 0.0954 0.1168 0.18 0.1968 0.1718 0.1714 0.1622 0.1392 0.111 0.133 0.0966 0.0682 0.043 0.0286 
0 0 0 0 0 0 0 0 0 0 0 0 0 0 0 0 0 0.0188 0.1688 0.6238 1.0768 1.4292 1.418 1.1036 0.7858 0.5096 0.3388 0.216 0.1184 0.084 0.0482 0.0286 0.018 0.012 0.0016 0.0014 0.0052 0.012 0.0654 0.1492 0.276 0.487 0.679 0.725 0.811 0.679 0.5694 0.4568 0.3574 0.2408 0.194 0.135 0.0764 0.0364 0.025 0.0176 0.0044 0.006 0.0186 0.0366 0.075 0.1222 0.1788 0.2464 0.3112 0.4298 0.4386 0.3816 0.3746 0.341 0.2708 0.226 0.1744 0.1316 0.1048 0.0562 0.0368 0.0262 0.0086 0.012 0.0106 0.0152 0.0366 0.033 0.0596 0.0696 0.0824 0.1412 0.183 0.1556 0.164 0.1872 0.153 0.128 0.1152 0.1182 0.0988 0.0748 0.0646 0.0482 
0 0 0 0 0 0 0 0 0 0 0 0 0 0 0 0 0.0002 0.0176 0.1474 0.5552 0.9276 1.2636 1.3142 1.1428 0.8532 0.6276 0.4258 0.2788 0.1966 0.1268 0.0582 0.0272 0.023 0.0078 0.0032 0.0032 0.0034 0.011 0.0506 0.0924 0.2294 0.3278 0.5002 0.7178 0.776 0.7244 0.5794 0.5276 0.4638 0.3444 0.2844 0.157 0.0938 0.0624 0.0342 0.0116 0.005 0.0034 0.0026 0.0116 0.0376 0.0794 0.1244 0.2026 0.267 0.3856 0.4024 0.4026 0.3604 0.365 0.2956 0.2572 0.2374 0.1678 0.1628 0.1042 0.057 0.0422 0.0252 0.0046 0.0026 0.0022 0.005 0.0136 0.0504 0.0538 0.0724 0.1056 0.1532 0.1646 0.1768 0.1642 0.177 0.148 0.144 0.1096 0.0866 0.083 0.0528 0.0502 
0 0 0 0 0 0 0 0 0 0 0 0 0 0 0 0 0.0006 0.0114 0.1316 0.4278 0.8432 1.191 1.3058 1.1996 0.9758 0.7262 0.5388 0.3314 0.1442 0.0788 0.044 0.0282 0.0096 0.0088 0.0032 0 0 0.0036 0.0282 0.0804 0.1672 0.3366 0.4972 0.5772 0.6298 0.7704 0.6916 0.633 0.4988 0.4008 0.269 0.1708 0.1058 0.0492 0.0322 0.0266 0.0178 0.0076 0.0052 0.007 0.0226 0.0504 0.1 0.1406 0.198 0.2938 0.405 0.429 0.4424 0.372 0.3694 0.3404 0.2292 0.171 0.1494 0.1172 0.0732 0.0394 0.0172 0.0078 0.0144 0.0138 0.0106 0.013 0.0262 0.0454 0.0614 0.0748 0.1028 0.133 0.1596 0.1878 0.1672 0.171 0.1456 0.1496 0.1246 0.1082 0.0946 0.0638 
0 0 0 0 0 0 0 0 0 0 0 0 0 0 0 0 0 0.0134 0.1572 0.5094 1.0752 1.3414 1.3522 1.1054 0.8784 0.5862 0.4252 0.2448 0.1462 0.0626 0.038 0.0246 0.0148 0.0088 0.0044 0.011 0.0036 0.0086 0.0294 0.0966 0.2682 0.4066 0.5774 0.681 0.701 0.7016 0.6578 0.565 0.3834 0.3244 0.2222 0.1218 0.0854 0.0626 0.0378 0.0236 0.0116 0.0106 0.009 0.0272 0.0576 0.0922 0.147 0.244 0.2722 0.3118 0.4 0.4052 0.3694 0.3972 0.337 0.2156 0.1976 0.162 0.124 0.0818 0.0518 0.0606 0.018 0.0108 0.021 0.0276 0.0298 0.0334 0.0414 0.0536 0.091 0.126 0.1674 0.1562 0.1684 0.1416 0.1124 0.1722 0.1738 0.1264 0.093 0.0626 0.0612 0.041 
0 0 0 0 0 0 0 0 0 0 0 0 0 0 0 0 0 0.0146 0.1584 0.5666 1.0046 1.3738 1.3634 1.1354 0.8608 0.6122 0.3884 0.2556 0.1174 0.0662 0.0376 0.0198 0.0112 0.0032 0.0042 0.0018 0.0052 0.0052 0.0388 0.129 0.2716 0.4326 0.6404 0.6998 0.7794 0.7 0.559 0.5202 0.445 0.3164 0.2124 0.1068 0.0604 0.034 0.0164 0.0128 0.0084 0.0058 0.0064 0.025 0.049 0.1028 0.1598 0.2328 0.3094 0.3846 0.4332 0.4364 0.3688 0.3402 0.3302 0.2804 0.1746 0.1178 0.0896 0.0708 0.0394 0.0292 0.014 0.0062 0.0058 0.007 0.0288 0.0524 0.0724 0.0646 0.0848 0.099 0.1382 0.151 0.1694 0.1562 0.1814 0.1684 0.1438 0.1108 0.1166 0.081 0.0522 0.0402 
0 0 0 0 0 0 0 0 0 0 0 0 0 0 0 0 0.0004 0.0282 0.2036 0.6434 1.05 1.3164 1.4236 1.1118 0.8004 0.5746 0.3442 0.2276 0.1334 0.064 0.0328 0.02 0.0108 0.0084 0.0026 0.0014 0.008 0.0198 0.0696 0.1726 0.3312 0.4536 0.616 0.6322 0.7034 0.7354 0.6514 0.4794 0.3692 0.2682 0.2294 0.115 0.0636 0.0292 0.0234 0.0148 0.0104 0.0038 0.0214 0.0408 0.086 0.138 0.2218 0.243 0.2804 0.3634 0.376 0.396 0.3808 0.3798 0.3028 0.227 0.1648 0.1164 0.0948 0.0508 0.0386 0.029 0.024 0.0198 0.0112 0.023 0.0486 0.067 0.0638 0.0788 0.1144 0.1144 0.1156 0.1596 0.1622 0.1894 0.1786 0.1466 0.1038 0.1088 0.074 0.0718 0.063 0.0328 
0 0 0 0 0 0 0 0 0 0 0 0 0 0 0 0 0.0004 0.021 0.2014 0.5262 0.9892 1.3448 1.3424 1.1844 0.8866 0.6134 0.3662 0.2428 0.1262 0.0712 0.0322 0.0236 0.0108 0.0088 0.001 0.0012 0.0012 0.0104 0.048 0.1242 0.2882 0.4492 0.659 0.6376 0.7536 0.7148 0.6434 0.511 0.3702 0.2618 0.1948 0.1316 0.0934 0.051 0.0232 0.0114 0.0106 0.011 0.0056 0.0156 0.045 0.11 0.157 0.2278 0.3206 0.3982 0.46 0.4356 0.408 0.3202 0.3156 0.2062 0.1686 0.1326 0.1004 0.0642 0.0388 0.022 0.013 0.0076 0.0124 0.017 0.0184 0.0334 0.0512 0.078 0.0884 0.158 0.1568 0.1754 0.17 0.1842 0.1448 0.1372 0.1376 0.1176 0.104 0.073 0.048 0.0354 
0 0 0 0 0 0 0 0 0 0 0 0 0 0 0 0 0.0008 0.0212 0.1598 0.511 0.9936 1.3206 1.3602 1.1232 0.854 0.5914 0.3906 0.2426 0.1734 0.0996 0.0546 0.0428 0.047 0.0062 0.0042 0.0032 0.0002 0.0144 0.0362 0.11 0.2402 0.411 0.5398 0.6838 0.7398 0.6356 0.6332 0.5498 0.3894 0.2958 0.2566 0.1766 0.1128 0.0734 0.0322 0.0184 0.0166 0.0188 0.0122 0.0246 0.0476 0.0942 0.13 0.216 0.2912 0.3336 0.408 0.3684 0.355 0.3702 0.2876 0.2692 0.2086 0.176 0.134 0.1056 0.0692 0.0502 0.0218 0.016 0.0116 0.0214 0.0232 0.0282 0.0524 0.0728 0.0662 0.1028 0.1304 0.1346 0.1628 0.1816 0.1792 0.1606 0.1484 0.1222 0.0958 0.0776 0.0622 0.0384 
0 0 0 0 0 0 0 0 0 0 0 0 0 0 0 0 0 0.0138 0.1476 0.55 1.1644 1.3638 1.318 1.1212 0.8574 0.582 0.3806 0.22 0.1106 0.0676 0.0492 0.027 0.014 0.0054 0.005 0.0024 0.0042 0.0086 0.0416 0.1208 0.2716 0.4758 0.6146 0.7296 0.7352 0.7032 0.5718 0.4988 0.3728 0.2928 0.21 0.1324 0.0842 0.0566 0.0318 0.0136 0.0182 0.008 0.0134 0.0212 0.064 0.1218 0.1752 0.235 0.312 0.38 0.4094 0.3776 0.392 0.3416 0.2772 0.2518 0.1704 0.132 0.097 0.0872 0.0562 0.0258 0.024 0.0226 0.0174 0.0162 0.0218 0.031 0.0532 0.086 0.1128 0.1462 0.1554 0.1586 0.1686 0.1766 0.1634 0.1336 0.1278 0.098 0.0732 0.0668 0.0516 0.048 
0 0 0 0 0 0 0 0 0 0 0 0 0 0 0 0 0 0.0194 0.1778 0.6122 1.1618 1.5178 1.4474 1.0274 0.6872 0.4886 0.3328 0.217 0.1222 0.0772 0.049 0.0272 0.0206 0.0096 0.0032 0.0016 0.0026 0.0136 0.059 0.1714 0.3 0.4918 0.6722 0.7668 0.8432 0.7364 0.5824 0.4318 0.2838 0.2158 0.1618 0.1126 0.0634 0.0326 0.0258 0.0134 0.0084 0.0054 0.0152 0.032 0.054 0.1258 0.1908 0.2792 0.3544 0.4384 0.5002 0.4866 0.3766 0.305 0.2218 0.17 0.15 0.1066 0.0596 0.038 0.0358 0.0232 0.0192 0.0126 0.0122 0.0092 0.0228 0.0308 0.0846 0.0896 0.1064 0.157 0.1758 0.1898 0.1884 0.2152 0.1376 0.1166 0.095 0.0994 0.0624 0.0594 0.0538 0.0406 
0 0 0 0 0 0 0 0 0 0 0 0 0 0 0 0 0 0.0182 0.1706 0.6512 1.2026 1.3846 1.302 1.0384 0.78 0.533 0.3306 0.2114 0.15 0.102 0.0522 0.0252 0.0298 0.0138 0.002 0.002 0.0018 0.0106 0.0334 0.1606 0.3218 0.5406 0.666 0.749 0.7342 0.6278 0.5584 0.4184 0.3388 0.2798 0.191 0.1378 0.0834 0.062 0.0324 0.0268 0.015 0.0038 0.0116 0.0254 0.0698 0.126 0.22 0.2936 0.3414 0.4164 0.3924 0.4112 0.3528 0.2748 0.2158 0.2398 0.1492 0.1438 0.1166 0.0678 0.048 0.038 0.023 0.012 0.0268 0.022 0.0192 0.0382 0.0644 0.1044 0.1062 0.1452 0.1724 0.1896 0.1614 0.1464 0.1344 0.1094 0.106 0.0872 0.089 0.1036 0.0436 0.041 
0 0 0 0 0 0 0 0 0 0 0 0 0 0 0 0 0 0.0282 0.172 0.537 0.9144 1.2514 1.2402 1.1404 0.8886 0.6732 0.4362 0.2754 0.1732 0.0984 0.0756 0.056 0.0254 0.0076 0.0068 0.0004 0.0104 0.018 0.056 0.1128 0.2252 0.3748 0.5152 0.6404 0.7092 0.7146 0.644 0.536 0.4432 0.3322 0.2438 0.1316 0.0952 0.0696 0.05 0.0292 0.0234 0.0252 0.0148 0.016 0.0314 0.0678 0.1336 0.2064 0.2818 0.3598 0.3948 0.3704 0.399 0.3404 0.3556 0.27 0.2156 0.1492 0.1014 0.0858 0.0674 0.0508 0.0396 0.0234 0.0196 0.0102 0.0112 0.0158 0.0386 0.0442 0.0694 0.0918 0.1458 0.1646 0.1724 0.1556 0.167 0.1624 0.148 0.12 0.1052 0.077 0.0628 0.073 
0 0 0 0 0 0 0 0 0 0 0 0 0 0 0 0 0 0.0034 0.1238 0.459 0.8654 1.2802 1.3184 1.2034 0.9076 0.6662 0.4298 0.2908 0.2046 0.1242 0.0594 0.0312 0.0118 0.0074 0.0084 0.0026 0.0024 0.0064 0.0174 0.0754 0.1788 0.3092 0.4802 0.5842 0.7156 0.7366 0.706 0.5592 0.5 0.3618 0.2442 0.2046 0.1268 0.0798 0.0512 0.0338 0.0224 0.0094 0.001 0.0048 0.019 0.056 0.1004 0.1442 0.2012 0.319 0.3846 0.423 0.3958 0.4072 0.356 0.2658 0.2586 0.2132 0.1286 0.0962 0.07 0.054 0.0292 0.0196 0.0164 0.0096 0.0158 0.0276 0.0264 0.0376 0.0722 0.0912 0.1074 0.1904 0.169 0.1646 0.1544 0.1572 0.117 0.1374 0.1238 0.1076 0.0846 0.0734 
0 0 0 0 0 0 0 0 0 0 0 0 0 0 0 0 0 0.0138 0.1444 0.4882 0.973 1.2176 1.2282 1.0732 0.9034 0.7354 0.5356 0.2854 0.1578 0.1186 0.0718 0.019 0.0076 0.0108 0.0104 0.0046 0.0012 0.002 0.0222 0.1156 0.2186 0.36 0.5118 0.637 0.7048 0.6196 0.65 0.5708 0.4428 0.3276 0.2416 0.2318 0.154 0.077 0.0464 0.0286 0.0172 0.0076 0.0112 0.0236 0.0494 0.0758 0.139 0.2192 0.2282 0.2872 0.307 0.327 0.3616 0.392 0.3446 0.3126 0.2532 0.2058 0.1566 0.1214 0.0756 0.0406 0.0302 0.0258 0.0132 0.0188 0.0252 0.0326 0.0628 0.0734 0.0774 0.0868 0.0818 0.113 0.116 0.1282 0.1388 0.15 0.1336 0.156 0.1422 0.1298 0.0904 0.0754 
0 0 0 0 0 0 0 0 0 0 0 0 0 0 0 0 0 0.0146 0.1568 0.5316 1.0046 1.3948 1.3726 1.173 0.909 0.6072 0.3764 0.199 0.1124 0.07 0.0328 0.0096 0.006 0.0048 0.0062 0.0028 0.0052 0.0146 0.0434 0.1216 0.2454 0.3672 0.5496 0.6608 0.797 0.8356 0.7392 0.54 0.3944 0.3166 0.1482 0.0984 0.0508 0.0198 0.0224 0.0108 0.008 0.0128 0.0176 0.0364 0.0512 0.0974 0.118 0.1794 0.2668 0.3696 0.4222 0.5044 0.4444 0.4116 0.3354 0.2414 0.1762 0.1154 0.0714 0.044 0.0298 0.023 0.0194 0.0194 0.0208 0.0248 0.0246 0.0356 0.0436 0.0484 0.069 0.0774 0.1486 0.21 0.2234 0.2108 0.1876 0.1542 0.1326 0.1062 0.0738 0.0518 0.0416 0.0302 
0 0 0 0 0 0 0 0 0 0 0 0 0 0 0 0 0 0.023 0.1726 0.5656 1.0984 1.3184 1.3556 1.1954 0.8808 0.541 0.3418 0.192 0.1342 0.062 0.052 0.0258 0.0202 0.0106 0.0018 0.002 0.0056 0.0144 0.0502 0.1054 0.2414 0.3986 0.6062 0.7968 0.8014 0.7184 0.5992 0.4774 0.3842 0.2914 0.1916 0.135 0.0666 0.0432 0.03 0.0154 0.0114 0.0116 0.0102 0.029 0.0398 0.0778 0.1382 0.239 0.347 0.3878 0.414 0.4194 0.4116 0.3646 0.3096 0.2162 0.1876 0.1554 0.0888 0.0702 0.0376 0.0264 0.0218 0.0044 0.0054 0.006 0.0084 0.0316 0.0468 0.0858 0.1202 0.141 0.1516 0.1574 0.1874 0.2026 0.1708 0.1678 0.126 0.0996 0.0828 0.0604 0.0444 0.0404 
0 0 0 0 0 0 0 0 0 0 0 0 0 0 0 0 0.0006 0.0202 0.169 0.5886 0.9258 1.2252 1.2984 1.1584 0.8532 0.6396 0.4354 0.2762 0.1498 0.1094 0.07 0.0342 0.0158 0.0124 0.0132 0.0046 0.0012 0.006 0.0402 0.1086 0.2058 0.371 0.5416 0.7016 0.766 0.7228 0.6234 0.5596 0.403 0.3024 0.2398 0.1578 0.1036 0.0438 0.03 0.016 0.0184 0.0188 0.0284 0.0276 0.0322 0.0822 0.1176 0.209 0.262 0.345 0.3898 0.4258 0.3698 0.3338 0.3646 0.2902 0.223 0.159 0.1096 0.0718 0.0576 0.0558 0.0326 0.0142 0.0144 0.0104 0.0184 0.022 0.0326 0.0602 0.0692 0.1062 0.1382 0.1518 0.1472 0.1658 0.2042 0.174 0.1294 0.104 0.1074 0.103 0.0622 0.0368 
0 0 0 0 0 0 0 0 0 0 0 0 0 0 0 0 0.0006 0.025 0.2038 0.6766 1.1122 1.2794 1.2892 1.0864 0.824 0.5754 0.3998 0.1964 0.0948 0.0994 0.0576 0.027 0.0218 0.009 0.009 0.0036 0.01 0.0138 0.0722 0.179 0.3012 0.4828 0.5896 0.7436 0.8094 0.7086 0.6062 0.4704 0.3092 0.217 0.1608 0.14 0.0736 0.059 0.0336 0.0134 0.0064 0.0096 0.0084 0.0342 0.057 0.1042 0.1836 0.2476 0.3408 0.422 0.4336 0.451 0.4314 0.3342 0.2628 0.2056 0.1484 0.1238 0.0822 0.0458 0.024 0.0228 0.0168 0.0108 0.0138 0.0174 0.0118 0.025 0.0448 0.066 0.106 0.131 0.1524 0.1756 0.2018 0.2002 0.21 0.131 0.108 0.1348 0.0876 0.0544 0.0208 0.02 
0 0 0 0 0 0 0 0 0 0 0 0 0 0 0 0 0.0006 0.0126 0.176 0.5206 0.957 1.2526 1.3132 1.1634 0.8616 0.6176 0.472 0.3086 0.1522 0.0752 0.0406 0.0324 0.0192 0.0124 0.0066 0.0042 0.0022 0.0102 0.0354 0.1238 0.2152 0.4362 0.5624 0.632 0.7134 0.7374 0.6974 0.5844 0.4528 0.2968 0.195 0.1004 0.0698 0.0496 0.035 0.0266 0.0208 0.006 0.004 0.0094 0.0446 0.087 0.1328 0.1996 0.2574 0.3704 0.3952 0.415 0.4616 0.3902 0.3694 0.2926 0.1812 0.1284 0.0734 0.0644 0.0504 0.0368 0.0178 0.005 0.0044 0.0086 0.017 0.0262 0.0388 0.0642 0.058 0.0922 0.1212 0.1572 0.1746 0.1706 0.1578 0.1764 0.1728 0.1452 0.1262 0.0858 0.0496 0.0464 
0 0 0 0 0 0 0 0 0 0 0 0 0 0 0 0 0 0.021 0.182 0.7038 1.1546 1.2538 1.1522 1.0328 0.7864 0.5796 0.4352 0.282 0.1744 0.1112 0.0732 0.0292 0.0144 0.0084 0.0032 0.0026 0.0034 0.018 0.0702 0.1974 0.3228 0.478 0.6452 0.6756 0.6546 0.6536 0.5244 0.46 0.3834 0.266 0.2158 0.166 0.0986 0.0654 0.0432 0.0282 0.017 0.0128 0.0166 0.038 0.0794 0.131 0.2014 0.281 0.3318 0.367 0.4004 0.3614 0.3598 0.2746 0.2404 0.2124 0.1646 0.1662 0.1096 0.0764 0.0542 0.0396 0.0334 0.0314 0.0178 0.0314 0.0208 0.0562 0.0792 0.1212 0.112 0.1078 0.0922 0.1288 0.1696 0.1454 0.1312 0.1336 0.1218 0.1026 0.1062 0.0944 0.0616 0.0336 
0 0 0 0 0 0 0 0 0 0 0 0 0 0 0 0 0.0004 0.0146 0.1726 0.5524 1.0782 1.3946 1.3506 1.0862 0.801 0.5422 0.368 0.2482 0.1646 0.0998 0.0502 0.0304 0.0228 0.007 0.0078 0.0018 0.0066 0.0114 0.0454 0.1276 0.2864 0.4836 0.6188 0.6892 0.7606 0.7162 0.585 0.4544 0.3492 0.2702 0.2276 0.1528 0.0974 0.0588 0.031 0.019 0.0042 0.0022 0.0132 0.035 0.0768 0.1056 0.1732 0.248 0.3036 0.3606 0.4224 0.398 0.3864 0.2942 0.2924 0.22 0.2044 0.1584 0.1188 0.073 0.0508 0.0326 0.022 0.0138 0.015 0.027 0.0226 0.031 0.0496 0.0892 0.1046 0.097 0.1168 0.1642 0.1428 0.1414 0.1488 0.1448 0.1704 0.1472 0.1166 0.0756 0.056 0.0436 
0 0 0 0 0 0 0 0 0 0 0 0 0 0 0 0 0 0.0034 0.1024 0.442 0.9286 1.262 1.3702 1.2264 0.9226 0.6406 0.4114 0.2468 0.1818 0.1148 0.073 0.0344 0.0134 0.0122 0.0068 0.003 0.0032 0.0022 0.02 0.0806 0.184 0.3322 0.5084 0.6912 0.7576 0.7814 0.6212 0.5194 0.424 0.3732 0.2406 0.1792 0.1334 0.0558 0.0296 0.025 0.013 0.015 0.0086 0.0124 0.0316 0.0688 0.1142 0.1682 0.263 0.3206 0.3594 0.3864 0.4422 0.4034 0.3462 0.264 0.225 0.1978 0.1442 0.079 0.0534 0.046 0.0318 0.0136 0.0128 0.009 0.0134 0.0246 0.0224 0.0462 0.0658 0.0902 0.1138 0.145 0.1692 0.181 0.1842 0.1858 0.1588 0.1162 0.1234 0.087 0.0796 0.058 
