0.03 0.09 0.15 0.21 0.27 0.33 0.39 0.45 0.51 0.57 0.63 0.69 0.75 0.81 0.87 0.93 0.99 1.05 1.11 1.17 1.23 1.29 1.35 1.41 1.47 1.53 1.59 1.65 1.71 1.77 1.83 1.89 1.95 2.01 2.07 2.13 2.19 2.25 2.31 2.37 2.43 2.49 2.55 2.61 2.67 2.73 2.79 2.85 2.91 2.97 3.03 3.09 3.15 3.21 3.27 3.33 3.39 3.45 3.51 3.57 3.63 3.69 3.75 3.81 3.87 3.93 3.99 4.05 4.11 4.17 4.23 4.29 4.35 4.41 4.47 4.53 4.59 4.65 4.71 4.77 4.83 4.89 4.95 5.01 5.07 5.13 5.19 5.25 5.31 5.37 5.43 5.49 5.55 5.61 5.67 5.73 5.79 5.85 5.91 5.97 
0 0 0 0 0 0 0 0 0 0 0 0 0 0 0 0 0 0.3236 3.2078 4.521 2.2854 1.2598 0.6268 0.2664 0.109 0.0016 0 0 0 0 0 0 0 0 0 0.0264 0.6212 2.0376 2.8606 2.2074 1.2828 0.97 0.5838 0.1722 0.0392 0 0 0 0 0 0 0 0 0 0.0694 0.533 1.207 1.9474 2.1136 1.2982 0.8776 0.6524 0.2196 0.0564 0.0232 0.0032 0 0 0 0 0 0 0.0026 0.082 0.2804 0.6632 1.2826 1.7118 1.2246 0.9172 0.5396 0.4256 0.0622 0.009 0 0 0 0 0 0 0 0 0.0246 0.1186 0.283 0.5732 1.1966 1.1038 0.8724 0.7574 
0 0 0 0 0 0 0 0 0 0 0 0 0 0 0 0 0 0.2778 3.2152 4.8818 3.0302 1.4922 0.6956 0.3 0.0878 0.0194 0 0 0 0 0 0 0 0 0 0.02 0.4866 2.101 3.1604 2.3336 1.7766 1.0606 0.6574 0.306 0.0794 0.0184 0 0 0 0 0 0 0 0 0.0492 0.3578 1.2976 2.2798 2.0658 1.4588 1.1658 0.6356 0.479 0.1548 0.0558 0 0 0 0 0 0 0 0.0054 0.0556 0.1502 0.7162 1.4106 1.5988 1.5016 1.0668 0.807 0.4274 0.154 0.0974 0.009 0 0 0 0 0 0 0 0.0118 0.0854 0.293 0.5712 1.0966 1.1392 0.9912 0.8678 
0 0 0 0 0 0 0 0 0 0 0 0 0 0 0 0 0 0.1566 3.0368 5.1414 2.8822 1.354 0.8322 0.4 0.114 0.0516 0.0312 0 0 0 0 0 0 0 0 0.007 0.3474 1.9108 3.3584 2.3974 1.585 1.1204 0.6774 0.3394 0.1014 0.104 0.0418 0.0096 0 0 0 0 0 0 0.0204 0.2022 1.214 2.3944 1.8814 1.4906 1.2768 0.7414 0.4464 0.1464 0.081 0.0704 0.0158 0.0168 0.002 0 0 0 0 0.0148 0.0892 0.6408 1.2914 1.6808 1.4208 1.1038 0.7824 0.4408 0.2666 0.149 0.0658 0.0388 0.015 0 0 0 0 0 0 0.0258 0.1986 0.5212 1.0552 1.189 1.0196 0.8084 
0 0 0 0 0 0 0 0 0 0 0 0 0 0 0 0 0 0.2246 3.3696 4.8344 3.067 1.4658 0.7162 0.2938 0.0286 0 0 0 0 0 0 0 0 0 0 0 0.619 2.0098 3.011 2.5478 1.664 1.175 0.6344 0.3098 0.0292 0 0 0 0 0 0 0 0 0 0.0304 0.4566 1.3998 1.9942 1.9802 1.6042 1.2284 0.8046 0.3904 0.1066 0.0046 0 0 0 0 0 0 0 0 0.0336 0.2982 0.7538 1.2994 1.449 1.4884 1.2036 0.8196 0.492 0.1372 0.0252 0 0 0 0 0 0 0 0 0.0112 0.1614 0.2972 0.6636 0.8744 1.0944 1.0906 0.942 
0 0 0 0 0 0 0 0 0 0 0 0 0 0 0 0 0 0.287 3.3896 4.9792 2.7096 1.491 0.797 0.2658 0.0572 0.0236 0 0 0 0 0 0 0 0 0 0.0274 0.5656 2.0978 3.3426 2.4668 1.3746 1.1618 0.7152 0.207 0.023 0.0182 0 0 0 0 0 0 0 0.0022 0.091 0.5256 1.1978 2.407 2.0114 1.4772 1.192 0.75 0.2542 0.075 0.0144 0.0022 0 0 0 0 0 0 0 0.117 0.2182 0.7208 1.6262 1.5002 1.2756 1.3426 0.7736 0.2674 0.1224 0.0314 0.0046 0 0 0 0 0 0 0 0.025 0.1224 0.2916 0.7412 1.0472 1.2342 1.141 0.775 
0 0 0 0 0 0 0 0 0 0 0 0 0 0 0 0 0.0016 0.3554 3.4244 4.5816 2.8978 1.5294 0.8438 0.328 0.0298 0.0082 0 0 0 0 0 0 0 0 0 0.0414 0.6976 1.9974 2.8642 2.674 1.656 1.0388 0.6576 0.3056 0.0674 0 0 0 0 0 0 0 0 0 0.0668 0.6364 1.2 2.045 1.8954 1.6282 1.3008 0.7918 0.3124 0.1172 0.006 0 0 0 0 0 0 0 0.0096 0.0506 0.3262 0.7426 1.2154 1.4622 1.5694 1.3726 0.7252 0.3354 0.1844 0.0064 0 0 0 0 0 0 0 0 0.0076 0.1634 0.3196 0.547 0.9086 1.1282 1.3206 0.85 
0 0 0 0 0 0 0 0 0 0 0 0 0 0 0 0 0 0.2652 3.49 5.2368 2.5634 1.3068 0.7026 0.3262 0.0988 0.0102 0 0 0 0 0 0 0 0 0 0.009 0.5072 2.3484 3.322 2.4412 1.4526 1.0068 0.5716 0.2046 0.1366 0 0 0 0 0 0 0 0 0 0.0448 0.374 1.4698 2.457 2.0574 1.5586 0.9582 0.6072 0.3264 0.1406 0.006 0 0 0 0 0 0 0 0.0008 0.0186 0.198 0.8688 1.58 1.6314 1.5584 1.0138 0.6368 0.3336 0.1388 0.021 0 0 0 0 0 0 0 0 0 0.0526 0.2384 0.8536 1.2164 1.3106 0.9868 0.8214 
0 0 0 0 0 0 0 0 0 0 0 0 0 0 0 0 0 0.2998 3.2772 5.0062 2.8324 1.4316 0.672 0.2424 0.1782 0.0408 0.0194 0 0 0 0 0 0 0 0 0.0652 0.6114 1.8212 2.98 2.8234 1.7306 0.982 0.5106 0.213 0.143 0.101 0.0186 0 0 0 0 0 0 0.0024 0.1072 0.5166 1.1448 1.9058 2.2912 1.8022 1.0172 0.5796 0.2632 0.1496 0.1406 0.0712 0.0084 0 0 0 0 0 0.0142 0.0756 0.3016 0.739 1.122 1.6116 1.6286 1.1622 0.6676 0.2766 0.1346 0.1304 0.1072 0.0288 0 0 0 0 0 0.0034 0.0278 0.0862 0.3192 0.6788 0.9714 1.2078 1.0842 0.6738 
0 0 0 0 0 0 0 0 0 0 0 0 0 0 0 0 0 0.2456 3.3046 4.8924 2.8208 1.5962 0.714 0.3104 0.1136 0.0024 0 0 0 0 0 0 0 0 0 0.029 0.4696 2.1354 3.0754 2.4908 1.5826 1.0658 0.605 0.39 0.1024 0.0342 0.0142 0.0056 0 0 0 0 0 0 0.0676 0.3558 1.4834 2.0092 2.0346 1.544 1.1254 0.7028 0.3654 0.1914 0.0722 0.0204 0.0278 0 0 0 0 0 0 0.0358 0.1866 0.8556 1.3784 1.5304 1.3998 1.0868 0.7412 0.3614 0.2244 0.1016 0.0408 0.0572 0 0 0 0 0 0 0.0022 0.0564 0.2854 0.652 1.183 1.1618 0.9458 0.6682 
0 0 0 0 0 0 0 0 0 0 0 0 0 0 0 0 0 0.2198 3.1744 4.738 2.7886 1.6384 0.9164 0.3648 0.1342 0.0254 0 0 0 0 0 0 0 0 0 0 0.4776 1.99 2.8864 2.4198 1.7022 1.2322 0.768 0.295 0.1862 0.0426 0 0 0 0 0 0 0 0 0.0198 0.4024 1.1696 1.86 2.0858 1.7208 1.2134 0.7592 0.3948 0.2404 0.1292 0.0046 0 0 0 0 0 0 0 0.0194 0.2396 0.5722 1.0724 1.4822 1.7418 1.2236 0.7426 0.5418 0.2212 0.124 0.0192 0 0 0 0 0 0 0 0 0.041 0.3012 0.3518 1.0018 1.175 1.0446 0.9014 
0 0 0 0 0 0 0 0 0 0 0 0 0 0 0 0 0 0.2364 3.1634 5.2708 2.8692 1.4364 0.634 0.32 0.0396 0.0302 0 0 0 0 0 0 0 0 0 0.0454 0.3658 1.9756 3.3594 2.9658 1.3704 0.9228 0.6138 0.3128 0.046 0.0222 0 0 0 0 0 0 0 0 0.0658 0.3426 1.07 2.5166 2.342 1.365 1.0142 0.7628 0.3836 0.0858 0.0158 0.0358 0 0 0 0 0 0 0 0.0258 0.2004 0.625 1.3866 1.9274 1.5708 0.9922 0.6326 0.4428 0.1362 0.0276 0.021 0.0116 0 0 0 0 0 0 0 0.0588 0.2822 0.6376 1.0062 1.406 1.0372 0.8198 
0 0 0 0 0 0 0 0 0 0 0 0 0 0 0 0 0 0.3234 4.2392 4.7992 2.6294 1.1834 0.6772 0.1198 0.0284 0 0 0 0 0 0 0 0 0 0 0.0514 0.7876 2.7276 3.326 2.2078 1.4988 0.9142 0.3126 0.0948 0.037 0.028 0.0142 0 0 0 0 0 0 0.0102 0.1074 0.6712 1.985 2.2722 2.0014 1.5028 0.8704 0.4174 0.0802 0.0344 0.0372 0.0102 0 0 0 0 0 0 0.013 0.067 0.4878 1.2114 1.7086 1.6672 1.3534 0.9256 0.42 0.0722 0.0704 0.0034 0 0 0 0 0 0 0 0 0.0302 0.1938 0.5598 1.0728 1.3362 1.266 0.855 0.4728 
0 0 0 0 0 0 0 0 0 0 0 0 0 0 0 0 0 0.4004 3.549 4.8102 2.6096 1.6108 0.7534 0.228 0.0386 0 0 0 0 0 0 0 0 0 0 0.0728 0.732 2.2416 3.1276 2.2432 1.618 1.0324 0.595 0.2412 0.0884 0.0078 0 0 0 0 0 0 0 0.0132 0.1208 0.6874 1.43 2.1006 2.0448 1.455 0.9426 0.7636 0.237 0.1042 0.069 0.0318 0 0 0 0 0 0 0.0158 0.1094 0.3896 0.9368 1.3578 1.5858 1.4342 1.074 0.6222 0.2388 0.1366 0.0506 0.0484 0 0 0 0 0 0 0 0.0228 0.2114 0.4044 0.8836 1.059 0.9718 1.0402 0.6936 
0 0 0 0 0 0 0 0 0 0 0 0 0 0 0 0 0 0.2604 3.486 4.9644 2.7226 1.4736 0.7274 0.2986 0.067 0 0 0 0 0 0 0 0 0 0 0.0474 0.5368 2.2184 3.0142 2.6296 1.606 1.0678 0.6442 0.1804 0.0552 0 0 0 0 0 0 0 0 0 0.0616 0.4812 1.4036 2.21 1.9836 1.6182 1.0604 0.7312 0.3384 0.0868 0.025 0 0 0 0 0 0 0 0 0.0288 0.2404 0.839 1.4752 1.5512 1.4736 1.2254 0.6834 0.3766 0.0918 0.0146 0 0 0 0 0 0 0 0 0.0024 0.067 0.2916 0.7356 1.0544 1.259 1.1842 0.8562 
0 0 0 0 0 0 0 0 0 0 0 0 0 0 0 0 0 0.2148 3.0672 4.7852 3.063 1.4512 0.8574 0.3878 0.1252 0.0482 0 0 0 0 0 0 0 0 0 0.0064 0.431 1.8162 2.9218 2.6572 1.8464 1.094 0.579 0.3204 0.2462 0.0612 0.0202 0 0 0 0 0 0 0 0.0368 0.3224 1.1502 1.9206 2.1012 1.6112 1.1712 0.7882 0.4868 0.2858 0.0928 0.0302 0.0026 0 0 0 0 0 0.0012 0.0234 0.1772 0.552 1.3182 1.568 1.285 1.045 0.8592 0.5908 0.313 0.2018 0.0596 0.0056 0 0 0 0 0 0 0.0112 0.0382 0.2334 0.5194 0.8828 1.2566 0.8812 0.7364 
0 0 0 0 0 0 0 0 0 0 0 0 0 0 0 0 0 0.2292 3.4474 4.9244 2.7456 1.4086 0.9048 0.2412 0.0638 0.031 0.004 0 0 0 0 0 0 0 0 0.0126 0.3612 2.3166 3.1912 2.5522 1.46 1.1264 0.592 0.2674 0.0892 0.031 0.0002 0 0 0 0 0 0 0 0.02 0.4352 1.2266 2.3096 2.0976 1.6584 1.08 0.648 0.3246 0.1624 0.0376 0 0 0 0 0 0 0 0 0.0312 0.2708 0.7596 1.2314 1.6268 1.5852 1.1248 0.7132 0.405 0.167 0.0574 0.0184 0.0092 0 0 0 0 0 0 0.0102 0.0772 0.3354 0.614 1.0088 1.2456 1.0444 0.8128 
0 0 0 0 0 0 0 0 0 0 0 0 0 0 0 0 0 0.3122 3.414 4.7716 2.642 1.6138 0.6936 0.3956 0.0976 0.0572 0.0024 0 0 0 0 0 0 0 0 0.0326 0.6168 2.193 2.9616 2.4046 1.5838 1.074 0.5572 0.3344 0.182 0.06 0 0 0 0 0 0 0 0.0028 0.0838 0.6102 1.3548 2.0006 1.7904 1.7814 0.983 0.7158 0.4048 0.1734 0.0916 0.0074 0 0 0 0 0 0 0 0.0838 0.3226 0.9572 1.1632 1.3038 1.5786 1.0814 0.8358 0.381 0.1366 0.099 0.0472 0.0098 0 0 0 0 0 0 0.014 0.114 0.446 0.6288 0.8754 1.184 0.8982 0.9536 
0 0 0 0 0 0 0 0 0 0 0 0 0 0 0 0 0 0.3452 3.739 4.8136 2.4882 1.4718 0.77 0.307 0.056 0.0092 0 0 0 0 0 0 0 0 0 0.0276 0.7982 2.5106 3.0138 2.16 1.6014 1.0578 0.5444 0.2318 0.0486 0.0058 0 0 0 0 0 0 0 0 0.0886 0.665 1.7104 2.323 1.7122 1.476 1.0016 0.613 0.2652 0.0944 0.0468 0.0038 0 0 0 0 0 0 0 0.06 0.3908 1.0152 1.4762 1.8844 1.2888 0.8742 0.6096 0.2358 0.1158 0.0492 0 0 0 0 0 0 0 0 0.0246 0.1304 0.382 0.8268 1.2946 1.2634 0.9832 0.7054 
0 0 0 0 0 0 0 0 0 0 0 0 0 0 0 0 0 0.2678 3.424 5.006 2.5928 1.5694 0.6922 0.3026 0.1296 0.0156 0 0 0 0 0 0 0 0 0 0.0116 0.5516 2.1462 3.2866 2.3508 1.5968 1.0398 0.5926 0.2798 0.1264 0.0178 0 0 0 0 0 0 0 0.0024 0.0426 0.3884 1.4254 2.2954 2.1474 1.5382 0.9814 0.612 0.3564 0.176 0.024 0.0104 0 0 0 0 0 0 0 0.04 0.196 0.7378 1.4312 1.8764 1.4158 0.972 0.73 0.4088 0.122 0.0496 0.0204 0 0 0 0 0 0 0 0.0132 0.0658 0.2754 0.6202 1.2028 1.2802 1.0746 0.8534 
0 0 0 0 0 0 0 0 0 0 0 0 0 0 0 0 0 0.1878 2.6814 4.7732 3.0528 1.6756 1.0088 0.4186 0.1674 0.0344 0 0 0 0 0 0 0 0 0 0.0068 0.2814 1.466 2.9298 2.6164 1.8644 1.3402 0.8182 0.3656 0.2502 0.053 0.008 0 0 0 0 0 0 0 0.006 0.1012 0.8366 1.7956 2.032 1.9578 1.398 0.9034 0.4906 0.254 0.1648 0.06 0 0 0 0 0 0 0 0 0.032 0.3214 0.885 1.4178 1.6252 1.4892 1.0278 0.6518 0.3058 0.157 0.087 0 0 0 0 0 0 0 0 0 0.067 0.2536 0.639 0.967 1.426 1.2292 
0 0 0 0 0 0 0 0 0 0 0 0 0 0 0 0 0 0.3248 3.4324 5.105 2.7312 1.5554 0.5676 0.225 0.0586 0 0 0 0 0 0 0 0 0 0 0.0414 0.5794 2.2722 3.2644 2.5894 1.521 0.8832 0.4852 0.258 0.086 0.0198 0 0 0 0 0 0 0 0 0.0764 0.4746 1.5162 2.2544 2.2088 1.548 0.9056 0.5012 0.3822 0.097 0.0356 0 0 0 0 0 0 0 0 0.074 0.256 0.728 1.69 1.8664 1.35 1.036 0.5128 0.2956 0.1332 0.058 0 0 0 0 0 0 0 0.0076 0.0378 0.0458 0.2782 0.769 1.2888 1.3848 1.0824 0.5672 
0 0 0 0 0 0 0 0 0 0 0 0 0 0 0 0 0 0.2912 3.0908 5.3548 2.7154 1.4622 0.8168 0.2332 0.0298 0.0058 0 0 0 0 0 0 0 0 0 0.0112 0.4814 2.028 3.2786 2.624 1.7408 1.046 0.4876 0.2266 0.0736 0.0022 0 0 0 0 0 0 0 0 0.0484 0.3882 1.2946 2.0652 2.2682 1.8136 1.1276 0.5426 0.3594 0.0702 0.022 0 0 0 0 0 0 0 0 0.049 0.2738 0.5804 1.209 1.8336 1.7244 1.2788 0.5796 0.3388 0.1074 0.0252 0 0 0 0 0 0 0 0 0.0124 0.0926 0.2538 0.5532 0.9672 1.4302 1.2748 0.8316 
0 0 0 0 0 0 0 0 0 0 0 0 0 0 0 0 0 0.1812 2.9044 4.9306 3.197 1.5874 0.798 0.2776 0.1064 0.0174 0 0 0 0 0 0 0 0 0 0.022 0.369 1.601 3.0402 2.7 1.8388 1.2706 0.6494 0.3362 0.1052 0.0238 0.0438 0 0 0 0 0 0 0 0.0522 0.286 0.9186 1.9006 1.9832 1.921 1.2874 0.9252 0.394 0.1966 0.0672 0.0222 0.0254 0.0204 0 0 0 0 0 0.0536 0.1248 0.5394 1.0538 1.31 1.7314 1.166 0.8772 0.6062 0.3232 0.1498 0.0332 0.0116 0.0106 0.0092 0 0 0 0 0.0078 0.0622 0.199 0.3794 0.9448 1.0698 0.9864 0.898 
0 0 0 0 0 0 0 0 0 0 0 0 0 0 0 0 0 0.412 3.8342 4.7258 2.504 1.5548 0.6206 0.2474 0.0792 0.022 0 0 0 0 0 0 0 0 0 0.0804 0.8404 2.49 3.1122 2.1602 1.4114 1.0356 0.5216 0.2108 0.1352 0.0022 0 0 0 0 0 0 0 0 0.1708 0.7628 1.6832 2.1624 1.89 1.4242 0.8968 0.6094 0.272 0.1244 0.004 0 0 0 0 0 0 0 0.0054 0.1114 0.5702 1.0578 1.4148 1.5534 1.2688 0.9506 0.6896 0.2694 0.0984 0.0102 0 0 0 0 0 0 0 0 0.0152 0.2534 0.589 0.7966 1.1134 1.129 0.8616 0.7738 
0 0 0 0 0 0 0 0 0 0 0 0 0 0 0 0 0 0.3396 3.843 4.5964 2.8216 1.2322 0.7864 0.2604 0.1204 0 0 0 0 0 0 0 0 0 0 0.0454 0.6532 2.6604 2.9132 2.413 1.3618 1.0162 0.6012 0.2602 0.0754 0 0 0 0 0 0 0 0 0.0118 0.122 0.531 1.8276 2.0572 1.9818 1.3086 1.0368 0.6984 0.3074 0.1174 0 0 0 0 0 0 0 0 0.0158 0.0706 0.395 1.095 1.3182 1.5514 1.4606 0.9558 0.6516 0.394 0.0894 0.0026 0 0 0 0 0 0 0 0.0056 0.0112 0.156 0.5452 0.6988 1.0802 1.2684 1.0084 0.6662 
0 0 0 0 0 0 0 0 0 0 0 0 0 0 0 0 0 0.2934 3.7852 4.8832 2.415 1.3166 0.7498 0.4228 0.0942 0.0352 0.0046 0 0 0 0 0 0 0 0 0.0082 0.5736 2.7056 3.2626 2.1362 1.2504 0.9624 0.6562 0.2942 0.12 0.023 0.0076 0 0 0 0 0 0 0 0.0408 0.5002 1.8216 2.3742 1.9336 1.2084 1.0138 0.6578 0.2434 0.1452 0.045 0.016 0 0 0 0 0 0 0 0.035 0.3246 0.9894 1.6238 1.6938 1.1904 1.0424 0.636 0.2894 0.1278 0.0338 0.0136 0 0 0 0 0 0 0 0.0102 0.1224 0.4274 0.7386 1.288 1.1822 1.0596 0.6208 
0 0 0 0 0 0 0 0 0 0 0 0 0 0 0 0 0 0.2132 3.2946 4.952 2.9346 1.544 0.718 0.247 0.074 0.0226 0 0 0 0 0 0 0 0 0 0.008 0.4316 2.1022 3.013 2.7842 1.7198 0.9836 0.6332 0.209 0.1044 0.011 0 0 0 0 0 0 0 0 0.0032 0.3312 1.233 2.243 2.2328 1.7312 1.0272 0.6716 0.3428 0.1486 0.0354 0 0 0 0 0 0 0 0 0.0042 0.1316 0.775 1.2748 1.7178 1.6222 1.143 0.6952 0.3774 0.2128 0.046 0 0 0 0 0 0 0 0 0.005 0.0502 0.2618 0.6184 0.9792 1.3288 1.1422 0.76 
0 0 0 0 0 0 0 0 0 0 0 0 0 0 0 0 0 0.3504 3.3364 4.6966 2.8658 1.6982 0.7454 0.2614 0.0458 0 0 0 0 0 0 0 0 0 0 0.0446 0.6976 2.043 2.9886 2.4232 1.6952 1.1438 0.5954 0.2062 0.154 0.0084 0 0 0 0 0 0 0 0 0.078 0.7006 1.1522 1.9022 2.2644 1.6398 0.9956 0.769 0.3038 0.1488 0.0282 0.0174 0 0 0 0 0 0 0 0.0786 0.4198 0.611 1.1058 1.9348 1.45 0.9496 0.7728 0.4942 0.1372 0.0314 0.0148 0 0 0 0 0 0 0 0.0282 0.1198 0.3128 0.6624 0.8532 1.33 1.125 0.8338 
0 0 0 0 0 0 0 0 0 0 0 0 0 0 0 0 0 0.2326 3.095 5.013 2.7418 1.488 0.856 0.3664 0.1698 0.0374 0 0 0 0 0 0 0 0 0 0.0286 0.4802 1.9542 2.8062 2.5072 1.7906 1.2436 0.617 0.387 0.162 0.0182 0.0052 0 0 0 0 0 0 0 0.0588 0.3872 1.2002 1.8766 1.9484 1.5996 1.3544 0.7034 0.5572 0.2414 0.0444 0.0284 0 0 0 0 0 0 0 0.0628 0.1802 0.6696 1.1718 1.3998 1.4724 1.0982 0.8754 0.5912 0.3546 0.084 0.0252 0.0148 0 0 0 0 0 0 0 0.0662 0.3512 0.5044 0.7996 1.085 0.9472 0.8476 
0 0 0 0 0 0 0 0 0 0 0 0 0 0 0 0 0.0054 0.2648 3.4482 4.782 3.0788 1.4108 0.7642 0.1978 0.0472 0.0008 0 0 0 0 0 0 0 0 0 0.0296 0.6404 2.0942 2.8062 2.7734 1.6312 1.0126 0.727 0.178 0.066 0.0414 0 0 0 0 0 0 0 0 0.0968 0.533 1.3494 1.934 2.06 1.6552 1.098 0.6862 0.3822 0.142 0.0282 0.035 0 0 0 0 0 0 0 0.0738 0.3458 0.8116 1.227 1.5226 1.4498 1.069 0.75 0.4558 0.166 0.0874 0.031 0.0102 0 0 0 0 0 0 0.0218 0.1394 0.3254 0.8562 0.9784 0.9006 1.0296 0.7754 
0 0 0 0 0 0 0 0 0 0 0 0 0 0 0 0 0 0.2808 3.147 4.7158 3.045 1.6 0.7702 0.3344 0.0898 0.017 0 0 0 0 0 0 0 0 0 0.0314 0.4352 1.9098 3.2554 2.3536 1.703 1.1556 0.6778 0.3418 0.0926 0.0438 0 0 0 0 0 0 0 0.0106 0.0596 0.391 1.26 1.9994 1.8702 1.618 1.405 0.7486 0.3886 0.1748 0.0572 0.017 0 0 0 0 0 0 0.0038 0.0436 0.2214 0.7336 1.1906 1.498 1.4468 1.1856 0.8268 0.5162 0.2274 0.067 0.0304 0.0088 0 0 0 0 0 0 0.008 0.0876 0.3002 0.6418 0.7648 1.0748 1.1328 0.95 
0 0 0 0 0 0 0 0 0 0 0 0 0 0 0 0 0 0.2912 3.7684 4.823 2.597 1.4154 0.6918 0.3024 0.0932 0.0176 0 0 0 0 0 0 0 0 0 0.0452 0.7128 2.315 3.2 2.3958 1.4058 0.9936 0.553 0.2752 0.0776 0.019 0.007 0 0 0 0 0 0 0 0.145 0.5988 1.4282 2.208 2.123 1.4694 0.9592 0.6566 0.2962 0.065 0.0506 0 0 0 0 0 0 0 0.0166 0.12 0.3722 0.7722 1.496 1.6368 1.4594 1.0124 0.6908 0.3052 0.0784 0.04 0 0 0 0 0 0 0 0.0118 0.0554 0.1816 0.3228 0.729 1.1494 1.2588 1.0806 0.6062 
0 0 0 0 0 0 0 0 0 0 0 0 0 0 0 0 0.0034 0.2732 3.332 4.8834 2.788 1.7104 0.6584 0.2456 0.1056 0 0 0 0 0 0 0 0 0 0 0.0292 0.6172 2.1334 2.9722 2.4784 1.5974 1.1356 0.707 0.2506 0.079 0 0 0 0 0 0 0 0 0 0.067 0.4506 1.498 2.053 1.9802 1.645 1.1294 0.7206 0.2946 0.1564 0.0052 0 0 0 0 0 0 0 0.0028 0.0278 0.2738 0.902 1.1692 1.5406 1.6892 1.3268 0.5956 0.3038 0.1522 0.0162 0 0 0 0 0 0 0 0 0 0.0674 0.298 0.6868 0.9546 1.2804 1.3132 0.8334 
0 0 0 0 0 0 0 0 0 0 0 0 0 0 0 0 0 0.3312 3.8752 4.806 2.732 1.487 0.6132 0.1554 0 0 0 0 0 0 0 0 0 0 0 0.0726 0.7952 2.4484 3.241 2.0488 1.774 0.9686 0.47 0.1586 0.0228 0 0 0 0 0 0 0 0 0.0304 0.1142 0.7082 1.6522 2.188 1.9164 1.4838 1.1966 0.5202 0.071 0.0858 0.0232 0.01 0 0 0 0 0 0.0072 0.011 0.1188 0.5044 0.9946 1.4588 1.566 1.435 1.1332 0.542 0.1136 0.0672 0.0424 0.0058 0 0 0 0 0 0 0.0092 0.0772 0.1862 0.4582 0.9208 1.1838 1.0876 1.0388 0.716 
0 0 0 0 0 0 0 0 0 0 0 0 0 0 0 0 0 0.2734 3.2904 5.1614 2.7506 1.5556 0.7204 0.1946 0.0406 0.013 0 0 0 0 0 0 0 0 0 0.044 0.3912 2.2202 3.33 2.5282 1.5164 1.1058 0.6014 0.2052 0.0576 0 0 0 0 0 0 0 0 0.004 0.0406 0.3344 1.366 2.404 2.1868 1.468 1.1036 0.7278 0.3006 0.041 0.0232 0 0 0 0 0 0 0 0 0.0114 0.1894 0.6394 1.5662 1.7494 1.6314 1.2244 0.6844 0.1912 0.0686 0.0442 0 0 0 0 0 0 0 0 0 0.0336 0.1958 0.754 1.112 1.348 1.2942 0.8744 
0 0 0 0 0 0 0 0 0 0 0 0 0 0 0 0 0 0.2886 3.1238 5.0738 2.813 1.3726 0.9066 0.3826 0.039 0 0 0 0 0 0 0 0 0 0 0.034 0.4956 1.924 3.2598 2.6414 1.4374 0.9702 0.7968 0.3256 0.0878 0.0274 0 0 0 0 0 0 0 0.0118 0.0474 0.4322 1.188 2.1886 2.0238 1.6476 0.9894 0.7362 0.4968 0.2028 0.0354 0 0 0 0 0 0 0 0 0.053 0.202 0.7556 1.2958 1.5236 1.4464 1.1328 0.775 0.5144 0.2176 0.0584 0.0254 0 0 0 0 0 0 0 0.0104 0.0588 0.3638 0.6276 0.9812 1.1168 1.042 0.773 
0 0 0 0 0 0 0 0 0 0 0 0 0 0 0 0 0 0.4032 3.4878 4.851 2.78 1.5338 0.639 0.2352 0.0466 0.0104 0.013 0 0 0 0 0 0 0 0 0.0566 0.7554 2.0574 3.0654 2.7572 1.4492 0.9534 0.6136 0.1994 0.088 0.0044 0 0 0 0 0 0 0 0.0076 0.1408 0.5874 1.3532 2.0138 2.2762 1.4998 0.9684 0.6928 0.3398 0.1156 0.0046 0 0 0 0 0 0 0 0 0.1492 0.3766 0.9194 1.229 1.7004 1.1826 1.1904 0.6816 0.3664 0.1728 0.0316 0 0 0 0 0 0 0 0.0102 0.0548 0.1568 0.5208 0.7088 1.0664 0.9822 0.9676 0.6898 
0 0 0 0 0 0 0 0 0 0 0 0 0 0 0 0 0 0.2212 3.0876 4.8934 2.7292 1.4922 0.8934 0.4008 0.1648 0.1174 0 0 0 0 0 0 0 0 0 0.0398 0.3512 1.8418 3.3104 2.1954 1.7398 1.0414 0.6834 0.5716 0.1454 0.0556 0.0242 0 0 0 0 0 0 0 0.0582 0.23 1.0596 2.1632 2.1222 1.5586 1.1532 0.7368 0.587 0.2128 0.1074 0.011 0 0 0 0 0 0 0 0.0312 0.1188 0.3698 1.3228 1.6778 1.5546 1.2702 0.6984 0.5094 0.311 0.1052 0.0308 0 0 0 0 0 0 0 0 0.0312 0.1646 0.3182 0.8874 1.343 1.3148 0.8042 
0 0 0 0 0 0 0 0 0 0 0 0 0 0 0 0 0 0.3402 3.5786 5.0384 2.638 1.4802 0.639 0.2426 0.0194 0.0236 0 0 0 0 0 0 0 0 0 0.0782 0.598 2.4914 3.1056 2.2004 1.6098 1.1288 0.5824 0.158 0.036 0.0114 0 0 0 0 0 0 0 0.0046 0.1222 0.5164 1.6096 2.2992 1.7772 1.6238 1.121 0.5144 0.2818 0.094 0.0358 0 0 0 0 0 0 0 0 0.0964 0.269 0.9924 1.5384 1.6404 1.5272 0.964 0.5766 0.2412 0.1132 0.0412 0 0 0 0 0 0 0 0 0.0048 0.1298 0.384 0.9038 1.1602 1.241 1.051 0.6084 
0 0 0 0 0 0 0 0 0 0 0 0 0 0 0 0 0 0.3414 3.8012 4.641 2.5896 1.4386 0.7786 0.2652 0.059 0.061 0.0244 0 0 0 0 0 0 0 0 0.0336 0.729 2.608 3.0842 1.8202 1.7102 1.1132 0.4882 0.2744 0.0718 0.0408 0.0188 0.0076 0 0 0 0 0 0 0.074 0.6894 1.756 2.1514 1.635 1.5368 1.0472 0.66 0.2626 0.1178 0.0296 0.008 0.027 0.0052 0 0 0 0 0.004 0.0736 0.4244 1.0462 1.504 1.4596 1.328 1.006 0.6256 0.274 0.166 0.046 0.026 0.0126 0.004 0 0 0 0 0 0.0284 0.1476 0.5176 0.7236 1.2732 1.095 0.974 0.5992 
0 0 0 0 0 0 0 0 0 0 0 0 0 0 0 0 0 0.1894 3.1744 4.6972 2.8486 1.6854 0.9254 0.3794 0.0346 0.02 0.0456 0 0 0 0 0 0 0 0 0.0116 0.312 1.907 3.1694 2.4374 1.6376 1.24 0.762 0.3182 0.1048 0.0598 0.038 0.0022 0 0 0 0 0 0 0.009 0.2206 1.1642 2.1546 1.9196 1.7038 1.3458 0.7774 0.4036 0.2106 0.0534 0.0374 0 0 0 0 0 0 0 0 0.109 0.4974 1.2974 1.5222 1.6066 1.2356 0.8864 0.5362 0.1982 0.0688 0.0422 0 0 0 0 0 0 0 0 0.0126 0.1506 0.3444 0.9692 1.2504 1.2108 0.9558 
0 0 0 0 0 0 0 0 0 0 0 0 0 0 0 0 0 0.1636 3.2084 4.856 3.0498 1.4932 0.7324 0.2784 0.0996 0.091 0.0276 0 0 0 0 0 0 0 0 0.0086 0.439 1.8954 3.0758 2.7378 1.6236 1.1076 0.5828 0.286 0.1314 0.083 0.029 0 0 0 0 0 0 0 0.048 0.3244 1.2378 1.9664 2.221 1.647 1.1848 0.6092 0.4262 0.1598 0.085 0.0542 0.0306 0.0056 0 0 0 0 0 0.0492 0.1046 0.6268 1.2286 1.7998 1.4556 1.2862 0.6572 0.3352 0.2558 0.1134 0.0584 0.0292 0 0 0 0 0 0 0.024 0.038 0.1546 0.5286 1.1406 1.0978 1.249 0.7444 
0 0 0 0 0 0 0 0 0 0 0 0 0 0 0 0 0 0.2824 3.542 4.4726 2.6308 1.691 0.9972 0.306 0.0696 0.0084 0 0 0 0 0 0 0 0 0 0.0258 0.5124 2.2846 2.945 2.198 1.5702 1.3682 0.6972 0.2728 0.115 0.0108 0 0 0 0 0 0 0 0 0.0328 0.4614 1.4402 2.0948 1.8102 1.365 1.2942 0.8584 0.4444 0.188 0.0106 0 0 0 0 0 0 0 0 0.0188 0.2678 0.8084 1.236 1.6038 1.3224 1.1342 0.8866 0.473 0.2134 0.0244 0.0112 0 0 0 0 0 0 0 0 0.0694 0.2856 0.6536 0.9838 1.1716 0.9798 0.86 
0 0 0 0 0 0 0 0 0 0 0 0 0 0 0 0 0 0.2828 3.522 4.8596 2.815 1.3922 0.8436 0.1808 0.064 0.04 0 0 0 0 0 0 0 0 0 0.0358 0.47 2.283 3.468 2.1366 1.5456 1.0354 0.6738 0.2762 0.05 0.0256 0 0 0 0 0 0 0 0 0.032 0.4096 1.5094 2.2434 2.3022 1.2964 0.986 0.7336 0.3746 0.0956 0.0108 0.0064 0 0 0 0 0 0 0 0.0404 0.2038 0.684 1.6438 1.9338 1.369 0.9148 0.5998 0.385 0.1894 0.0362 0 0 0 0 0 0 0 0 0.0094 0.0828 0.2758 0.6014 1.227 1.516 0.9344 0.651 
0 0 0 0 0 0 0 0 0 0 0 0 0 0 0 0 0 0.3698 3.6246 4.8348 2.832 1.4794 0.5974 0.2108 0.0134 0.0214 0.0164 0 0 0 0 0 0 0 0 0.0404 0.625 2.3594 3.348 2.3622 1.4292 1.0174 0.5612 0.1504 0.0556 0.0162 0.013 0.0116 0.0104 0 0 0 0 0.0034 0.0564 0.6122 1.5784 2.2874 2.0208 1.4206 1.0432 0.6186 0.2136 0.0698 0.0444 0.015 0.0118 0.0044 0 0 0 0 0.0064 0.036 0.3936 0.952 1.4648 1.6114 1.581 0.934 0.6064 0.2778 0.0592 0.0364 0.0108 0.022 0.0082 0 0 0 0 0 0.0188 0.1256 0.424 0.8616 1.1012 1.2 1.1108 0.6668 
0 0 0 0 0 0 0 0 0 0 0 0 0 0 0 0 0 0.3434 3.797 4.9548 2.5412 1.3656 0.6404 0.2744 0.0796 0.0036 0 0 0 0 0 0 0 0 0 0.0244 0.7578 2.4228 3.4352 2.0884 1.4978 1.0278 0.4554 0.207 0.0744 0.009 0 0 0 0 0 0 0 0 0.1436 0.6108 1.6266 2.4136 1.8478 1.474 0.9454 0.5 0.3586 0.0796 0 0 0 0 0 0 0 0 0.0088 0.0982 0.4118 0.93 1.6854 1.5994 1.3796 0.9048 0.5854 0.2928 0.0962 0.0076 0 0 0 0 0 0 0 0.0004 0.0312 0.1662 0.3612 1.006 1.2726 1.1714 0.9032 0.6298 
0 0 0 0 0 0 0 0 0 0 0 0 0 0 0 0 0 0.2958 3.5556 4.9392 2.672 1.5468 0.887 0.1022 0.0014 0 0 0 0 0 0 0 0 0 0 0.0226 0.4352 2.3826 3.2042 2.5632 1.4742 1.1714 0.6382 0.0892 0.0192 0 0 0 0 0 0 0 0 0 0.0314 0.355 1.5796 2.1438 2.2034 1.6804 1.0726 0.669 0.2162 0.044 0.0046 0 0 0 0 0 0 0 0 0.0388 0.174 0.8176 1.4518 1.7622 1.6986 1.0974 0.6844 0.2222 0.053 0 0 0 0 0 0 0 0 0 0.0042 0.0608 0.306 0.6958 1.079 1.4832 1.1754 0.843 
0 0 0 0 0 0 0 0 0 0 0 0 0 0 0 0 0 0.2998 3.385 5.2304 2.5514 1.3404 0.7706 0.304 0.0862 0.0322 0 0 0 0 0 0 0 0 0 0.0436 0.6664 1.9804 3.3158 2.57 1.5482 0.873 0.6206 0.27 0.073 0.039 0 0 0 0 0 0 0 0 0.142 0.5576 1.2774 2.065 2.229 1.5832 1.0786 0.5618 0.3174 0.143 0.045 0 0 0 0 0 0 0 0.0052 0.1304 0.3364 0.7292 1.3392 1.6648 1.4544 1.1524 0.6162 0.288 0.1866 0.0838 0.0134 0 0 0 0 0 0.0026 0.0182 0.0526 0.1412 0.3608 0.6682 1.0358 1.1516 1.1246 0.7122 
0 0 0 0 0 0 0 0 0 0 0 0 0 0 0 0 0 0.1754 3.3874 5.119 2.6652 1.6236 0.717 0.2356 0.0768 0 0 0 0 0 0 0 0 0 0 0.0148 0.336 2.2378 3.1802 2.5656 1.8362 0.93 0.5804 0.1802 0.1216 0.0172 0 0 0 0 0 0 0 0 0.0242 0.4052 1.3046 2.003 2.347 1.6644 1.1314 0.6866 0.2744 0.1248 0.0344 0 0 0 0 0 0 0 0 0.0268 0.2508 0.7558 1.0542 1.7692 1.7064 1.2348 0.6996 0.3028 0.1382 0.0614 0 0 0 0 0 0 0 0 0.0034 0.08 0.3216 0.5346 0.975 1.3236 1.1408 0.9116 
0 0 0 0 0 0 0 0 0 0 0 0 0 0 0 0 0 0.2984 3.6002 4.801 2.5458 1.424 0.9204 0.3652 0.0354 0.0096 0 0 0 0 0 0 0 0 0 0.0144 0.4962 2.4658 3.1688 2.2268 1.5212 1.1184 0.6802 0.274 0.0342 0 0 0 0 0 0 0 0 0 0.0128 0.4046 1.668 2.3954 1.723 1.4564 1.2206 0.7472 0.2944 0.0624 0.0152 0 0 0 0 0 0 0 0 0 0.1716 0.9044 1.5844 1.6456 1.3686 1.2952 0.6612 0.2706 0.067 0.0314 0 0 0 0 0 0 0 0 0 0.0126 0.289 0.6262 1.308 1.3064 1.2804 0.802 
0 0 0 0 0 0 0 0 0 0 0 0 0 0 0 0 0 0.3372 3.257 4.637 3.1456 1.5006 0.684 0.3358 0.093 0.0098 0 0 0 0 0 0 0 0 0 0.0774 0.531 1.8638 3.1964 2.497 1.6194 1.0976 0.6852 0.3072 0.1016 0.0234 0 0 0 0 0 0 0 0.0118 0.0876 0.4456 1.1336 2.1 2.2128 1.5424 1.2038 0.7492 0.3432 0.1416 0.0284 0 0 0 0 0 0 0 0 0.0646 0.2892 0.5532 1.177 1.8556 1.4808 1.2978 0.7926 0.318 0.141 0.0302 0 0 0 0 0 0 0 0 0 0.0692 0.3118 0.5158 0.834 1.4974 1.1318 0.9416 
0 0 0 0 0 0 0 0 0 0 0 0 0 0 0 0 0 0.2126 3.4952 4.8264 2.5164 1.4718 0.899 0.3634 0.1842 0.031 0 0 0 0 0 0 0 0 0 0.0226 0.5016 2.13 3.209 2.4296 1.4054 0.9928 0.7224 0.4462 0.1404 0 0 0 0 0 0 0 0 0 0.0762 0.375 1.1566 2.4988 1.8136 1.6162 1.0316 0.7784 0.472 0.1556 0.0206 0.0054 0 0 0 0 0 0 0.0138 0.0612 0.218 0.6226 1.3094 1.6988 1.3456 1.2444 0.8214 0.4282 0.1726 0.064 0 0 0 0 0 0 0 0.0018 0.0602 0.0706 0.2082 0.5008 0.9922 1.1764 1.296 0.882 
0 0 0 0 0 0 0 0 0 0 0 0 0 0 0 0 0 0.1976 3.335 5.0236 2.644 1.4366 0.8812 0.3754 0.0848 0.0126 0.0092 0 0 0 0 0 0 0 0 0.0122 0.3888 2.1282 3.1466 2.668 1.4132 0.9876 0.7242 0.3644 0.1232 0.0372 0.0064 0 0 0 0 0 0 0 0.0322 0.2572 1.318 2.201 2.3044 1.4368 0.9658 0.8334 0.3972 0.1548 0.0866 0.0126 0 0 0 0 0 0 0 0.018 0.1042 0.62 1.4558 1.806 1.4532 1.0028 0.8114 0.4284 0.1908 0.097 0.0124 0 0 0 0 0 0 0 0 0.0114 0.172 0.615 1.0126 1.429 1.0808 0.8502 
0 0 0 0 0 0 0 0 0 0 0 0 0 0 0 0 0 0.2476 3.1522 5.324 2.8064 1.3638 0.6982 0.2954 0.1 0.0124 0 0 0 0 0 0 0 0 0 0.0204 0.3728 2.0214 3.3332 2.6432 1.6512 1.0506 0.4872 0.31 0.0754 0.0346 0 0 0 0 0 0 0 0 0.0156 0.3306 1.2368 2.1952 2.3114 1.6982 1.0752 0.5806 0.3864 0.1056 0.0466 0.0178 0 0 0 0 0 0 0 0.0058 0.195 0.6482 1.3894 1.5904 1.7406 1.1028 0.7172 0.363 0.1798 0.0486 0.0192 0 0 0 0 0 0 0 0.0018 0.0636 0.222 0.6786 0.9456 1.3912 1.1668 0.677 
0 0 0 0 0 0 0 0 0 0 0 0 0 0 0 0 0 0.2914 3.3596 4.7072 2.5438 1.7158 0.8968 0.2982 0.1534 0.0338 0 0 0 0 0 0 0 0 0 0.0162 0.571 2.191 2.9572 2.2976 1.4104 1.1966 0.8514 0.339 0.1474 0.0222 0 0 0 0 0 0 0 0 0.0624 0.4408 1.449 2.033 1.8764 1.4848 1.1004 0.8082 0.4364 0.241 0.062 0.0056 0 0 0 0 0 0 0 0.0526 0.2624 0.6908 1.392 1.5016 1.3152 1.1816 0.8778 0.4058 0.2068 0.082 0.0314 0 0 0 0 0 0 0 0.0122 0.131 0.2542 0.4918 0.9376 1.1386 1.2616 0.9064 
0 0 0 0 0 0 0 0 0 0 0 0 0 0 0 0 0 0.3336 3.6302 4.8788 2.7526 1.3714 0.716 0.2302 0.0742 0.013 0 0 0 0 0 0 0 0 0 0.0124 0.7356 2.2696 3.2996 2.304 1.499 1.1 0.536 0.2236 0.0202 0 0 0 0 0 0 0 0 0 0.0632 0.4996 1.6182 2.3924 1.9954 1.3782 1.1248 0.6796 0.1634 0.059 0.0262 0 0 0 0 0 0 0 0.0062 0.0214 0.1716 1.079 1.7982 1.442 1.428 1.2252 0.5446 0.1652 0.093 0.0256 0 0 0 0 0 0 0 0 0.0046 0.0402 0.3426 0.9958 1.1322 1.3774 1.0426 0.6552 
0 0 0 0 0 0 0 0 0 0 0 0 0 0 0 0 0 0.2312 3.221 4.8612 2.8494 1.4304 1.0054 0.3178 0.074 0.0096 0 0 0 0 0 0 0 0 0 0 0.439 2.0976 3.0896 2.3634 1.645 1.1598 0.7332 0.3208 0.1364 0.0152 0 0 0 0 0 0 0 0 0.0334 0.3384 1.3508 1.9922 2.023 1.6508 1.1238 0.7898 0.4362 0.1984 0.0534 0.0098 0 0 0 0 0 0 0 0.0226 0.198 0.6386 1.262 1.534 1.559 1.2764 0.7968 0.4654 0.1654 0.0628 0.0124 0.0066 0 0 0 0 0 0 0.0084 0.0508 0.2086 0.521 0.9632 1.2814 1.0224 1.0002 
0 0 0 0 0 0 0 0 0 0 0 0 0 0 0 0 0.0056 0.281 3.4528 4.939 2.4606 1.476 0.949 0.3294 0.0932 0.0134 0 0 0 0 0 0 0 0 0 0.0348 0.5566 2.2528 3.184 2.1786 1.4016 1.2488 0.7084 0.3174 0.1036 0.0134 0 0 0 0 0 0 0 0.0014 0.0424 0.4364 1.5322 2.2216 1.8762 1.305 1.2364 0.7606 0.3932 0.1552 0.0284 0.011 0 0 0 0 0 0 0.0048 0.024 0.2076 0.8958 1.4046 1.6022 1.287 1.1588 0.797 0.417 0.118 0.0222 0.0348 0.0262 0 0 0 0 0 0 0 0.0526 0.306 0.7136 1.0714 1.1548 1.1366 0.7782 
0 0 0 0 0 0 0 0 0 0 0 0 0 0 0 0 0 0.4144 3.7888 4.8112 2.6464 1.3308 0.6802 0.2664 0.039 0.0228 0 0 0 0 0 0 0 0 0 0.0444 0.8864 2.4714 3.1084 2.2686 1.4182 0.8854 0.5382 0.2926 0.0554 0.031 0 0 0 0 0 0 0 0 0.1114 0.7414 1.7662 2.2524 1.9758 1.226 0.843 0.6416 0.2766 0.1104 0.0182 0.0242 0.0128 0 0 0 0 0 0.0034 0.1042 0.4942 1.0868 1.5342 1.7038 1.1554 0.8338 0.6362 0.2922 0.0864 0.025 0.0254 0.019 0 0 0 0 0 0.0102 0.0266 0.2258 0.5344 0.875 1.1962 1.1728 0.7346 0.6728 
0 0 0 0 0 0 0 0 0 0 0 0 0 0 0 0 0.0014 0.2976 3.5362 4.7584 2.772 1.4742 0.7738 0.297 0.06 0.0186 0.0108 0 0 0 0 0 0 0 0 0.0324 0.6146 2.259 3.1796 2.3506 1.4526 1.1362 0.61 0.258 0.0724 0.009 0.0232 0.0024 0 0 0 0 0 0 0.0604 0.5346 1.454 2.323 2.0028 1.3832 0.9736 0.7258 0.376 0.122 0.0202 0.0244 0 0 0 0 0 0 0 0.0304 0.1904 0.9102 1.6416 1.5306 1.5824 0.9526 0.61 0.3866 0.1106 0.0306 0.024 0 0 0 0 0 0 0 0 0.0652 0.306 0.8164 1.0854 1.2872 1.059 0.7426 
0 0 0 0 0 0 0 0 0 0 0 0 0 0 0 0 0 0.3382 3.4622 4.785 2.7436 1.4582 0.7326 0.2804 0.127 0.0616 0.0112 0 0 0 0 0 0 0 0 0.0474 0.5318 2.303 3.033 2.414 1.6428 1.0478 0.53 0.2086 0.1356 0.0924 0.0136 0 0 0 0 0 0 0.0036 0.077 0.3976 1.658 1.9816 1.9426 1.6678 1.0344 0.755 0.2354 0.0862 0.11 0.0508 0 0 0 0 0 0 0 0.0478 0.2828 0.867 1.373 1.4878 1.4758 1.112 0.791 0.2872 0.1112 0.1066 0.0492 0.0086 0 0 0 0 0 0 0.008 0.1644 0.3128 0.749 0.982 1.0578 1.1008 0.891 
0 0 0 0 0 0 0 0 0 0 0 0 0 0 0 0 0 0.3338 3.4262 4.561 2.7004 1.7722 0.82 0.2728 0.0884 0.0252 0 0 0 0 0 0 0 0 0 0.0486 0.5666 2.2752 2.9368 2.0834 1.6828 1.1372 0.8284 0.2588 0.1166 0.0656 0 0 0 0 0 0 0 0 0.0724 0.489 1.4512 2.1904 1.7032 1.5432 1.0876 0.7686 0.4024 0.1508 0.092 0.0316 0.0176 0 0 0 0 0 0 0.0168 0.2786 0.8608 1.3712 1.631 1.3578 0.9466 0.738 0.437 0.215 0.0886 0.0238 0.0196 0.0152 0 0 0 0 0 0.0126 0.093 0.3134 0.7272 1.0042 1.1366 0.9542 0.8212 
0 0 0 0 0 0 0 0 0 0 0 0 0 0 0 0 0 0.2378 3.0188 4.9126 3.0588 1.5496 0.7474 0.358 0.0862 0.0308 0 0 0 0 0 0 0 0 0 0.0256 0.3276 1.9424 3.146 2.525 1.6982 1.1806 0.6068 0.3826 0.126 0.0392 0 0 0 0 0 0 0 0 0.0344 0.2082 1.258 2.114 2.0198 1.776 1.1712 0.7012 0.4574 0.1802 0.0796 0 0 0 0 0 0 0 0 0.0202 0.081 0.6012 1.2922 1.5998 1.6436 1.2382 0.68 0.5062 0.2472 0.0824 0.008 0 0 0 0 0 0 0 0.0094 0.0212 0.1078 0.4942 1.0368 1.3352 1.1548 0.8054 
0 0 0 0 0 0 0 0 0 0 0 0 0 0 0 0 0 0.1962 2.7984 5.0806 2.9384 1.7208 0.7946 0.3764 0.0906 0.004 0 0 0 0 0 0 0 0 0 0.0122 0.3116 1.742 2.8356 2.7414 1.8982 1.322 0.7078 0.271 0.121 0.0372 0 0 0 0 0 0 0 0 0.0228 0.2616 0.9074 1.8226 2.2262 1.7552 1.4242 0.7976 0.4748 0.1834 0.1088 0.0154 0 0 0 0 0 0 0 0.0282 0.1224 0.3866 0.9298 1.6786 1.5718 1.4536 0.892 0.5524 0.2376 0.132 0.015 0 0 0 0 0 0 0 0.0018 0.0706 0.1198 0.2946 0.7734 1.182 1.2368 0.9116 
0 0 0 0 0 0 0 0 0 0 0 0 0 0 0 0 0 0.363 3.7828 4.9692 2.2676 1.5114 0.6854 0.317 0.0972 0.0064 0 0 0 0 0 0 0 0 0 0.0458 0.8642 2.421 3.2218 2.107 1.4862 0.9954 0.4986 0.3066 0.0448 0.0086 0 0 0 0 0 0 0 0.012 0.1316 0.6866 1.7092 2.1438 1.8908 1.607 0.8642 0.525 0.283 0.144 0.0028 0 0 0 0 0 0 0 0 0.1238 0.4818 0.9446 1.4212 1.7786 1.5218 0.7414 0.5474 0.257 0.143 0.0394 0 0 0 0 0 0 0 0 0.049 0.1916 0.3866 0.8874 1.2604 1.3236 0.8494 0.5222 
0 0 0 0 0 0 0 0 0 0 0 0 0 0 0 0 0 0.3082 4.062 4.726 2.419 1.592 0.5922 0.2106 0.0872 0.0028 0 0 0 0 0 0 0 0 0 0.0124 0.86 2.5332 3.1586 2.2154 1.434 1.0668 0.4346 0.2092 0.0612 0.0146 0 0 0 0 0 0 0 0 0.0852 0.8056 1.8408 2.0192 1.8406 1.4552 1.1396 0.4556 0.251 0.087 0.0202 0 0 0 0 0 0 0 0 0.0728 0.5322 1.1228 1.5602 1.5426 1.2598 0.9676 0.5066 0.2374 0.1422 0.0508 0.005 0 0 0 0 0 0 0 0.0416 0.216 0.5006 1.062 1.0238 1.199 0.8808 0.5068 
0 0 0 0 0 0 0 0 0 0 0 0 0 0 0 0 0 0.2892 3.3048 4.8032 2.7526 1.577 0.8858 0.266 0.0994 0.022 0 0 0 0 0 0 0 0 0.002 0.0572 0.5552 1.899 3.1794 2.5212 1.4682 1.1654 0.7552 0.2394 0.0976 0.0494 0.0108 0 0 0 0 0 0 0.025 0.0878 0.4204 1.1432 2.2736 2.0314 1.5016 1.181 0.795 0.32 0.1066 0.049 0.0472 0.0182 0 0 0 0 0 0.0244 0.0752 0.2548 0.5276 1.442 1.5386 1.6198 1.1286 0.6536 0.4716 0.1428 0.0516 0.0564 0.013 0 0 0 0 0 0.0012 0.0394 0.1342 0.262 0.4396 0.9626 1.3712 1.1708 0.7678 
0 0 0 0 0 0 0 0 0 0 0 0 0 0 0 0 0 0.2366 3.055 5.0694 2.6154 1.6684 0.8824 0.319 0.1382 0.0156 0 0 0 0 0 0 0 0 0 0.0436 0.3952 1.8358 3.2906 2.5528 1.494 1.061 0.8482 0.333 0.1248 0.0092 0.0118 0 0 0 0 0 0 0 0.0508 0.3502 1.0798 2.1636 2.1008 1.688 1.0296 0.9038 0.44 0.1558 0.0376 0 0 0 0 0 0 0 0 0.0346 0.1676 0.4836 1.2998 1.5314 1.7362 1.1018 0.9326 0.5104 0.1672 0.0348 0 0 0 0 0 0 0 0 0.008 0.0262 0.216 0.4274 0.8174 1.425 1.222 0.9932 
0 0 0 0 0 0 0 0 0 0 0 0 0 0 0 0 0 0.2812 3.71 4.8538 2.4598 1.366 0.8858 0.362 0.0706 0.0108 0 0 0 0 0 0 0 0 0 0.0254 0.606 2.4098 3.3816 2.0028 1.3202 1.1474 0.8228 0.2518 0.0242 0.008 0 0 0 0 0 0 0 0 0.0608 0.4496 1.847 2.3518 1.5516 1.41 1.1404 0.791 0.3308 0.067 0 0 0 0 0 0 0 0 0 0.025 0.208 1.143 1.6154 1.3786 1.4028 1.0428 0.8312 0.2664 0.0868 0 0 0 0 0 0 0 0 0 0.004 0.0564 0.338 0.9412 1.0544 1.1594 1.125 0.8086 
0 0 0 0 0 0 0 0 0 0 0 0 0 0 0 0 0.0014 0.2394 3.7784 4.81 2.8542 1.332 0.663 0.227 0.0946 0 0 0 0 0 0 0 0 0 0 0.0166 0.5262 2.5032 3.2652 2.4084 1.5734 0.8758 0.5486 0.1718 0.1034 0.0074 0 0 0 0 0 0 0 0 0.015 0.4542 1.6472 2.352 2.1344 1.4876 1.0464 0.502 0.2518 0.0914 0.018 0 0 0 0 0 0 0 0 0.0252 0.1914 0.9714 1.6618 1.6706 1.4744 1.0556 0.602 0.208 0.098 0.0396 0.002 0 0 0 0 0 0 0 0 0.0664 0.3776 0.7688 1.295 1.4152 0.9568 0.7262 
0 0 0 0 0 0 0 0 0 0 0 0 0 0 0 0 0 0.2334 3.0092 4.6572 2.899 1.7106 1.083 0.3126 0.077 0.018 0 0 0 0 0 0 0 0 0 0.0092 0.5152 1.9162 2.5876 2.5386 1.7978 1.3242 0.7354 0.3824 0.1336 0.0554 0.0044 0 0 0 0 0 0 0 0.0658 0.401 1.1242 1.6646 2.1476 1.5574 1.3804 0.8278 0.4978 0.2024 0.0828 0.0482 0 0 0 0 0 0 0.0078 0.056 0.2474 0.6528 0.8122 1.4144 1.603 1.32 0.8484 0.6388 0.2172 0.1068 0.0652 0.01 0 0 0 0 0 0 0.0204 0.103 0.2466 0.5038 0.6276 0.992 1.169 1.0098 
0 0 0 0 0 0 0 0 0 0 0 0 0 0 0 0 0 0.3218 3.8008 4.9054 2.572 1.4454 0.6996 0.2328 0.0222 0 0 0 0 0 0 0 0 0 0 0.0272 0.6408 2.572 3.4094 2.1714 1.3458 1.0568 0.469 0.208 0.0522 0.0474 0 0 0 0 0 0 0 0 0.04 0.628 1.786 2.3376 1.966 1.3136 1.011 0.5558 0.2138 0.1122 0.036 0 0 0 0 0 0 0 0 0.053 0.3268 1.1384 1.5976 1.6422 1.3024 1.0484 0.5534 0.2186 0.0766 0.0426 0 0 0 0 0 0 0 0 0.0236 0.1774 0.3552 0.8426 1.2816 1.3186 0.9418 0.6868 
0 0 0 0 0 0 0 0 0 0 0 0 0 0 0 0 0 0.1512 2.9986 5.0004 3.0298 1.491 0.7604 0.3416 0.1532 0.0466 0.0272 0 0 0 0 0 0 0 0 0.0182 0.2384 1.727 3.2824 2.7466 1.834 1.021 0.5314 0.3448 0.146 0.0894 0.0078 0.013 0 0 0 0 0 0 0.0412 0.1512 1.0018 2.0178 2.3674 1.7754 1.2306 0.5444 0.4706 0.2196 0.107 0.05 0.014 0.009 0 0 0 0 0.0032 0.0192 0.097 0.428 1.139 1.594 1.8282 1.1698 0.7478 0.4966 0.3014 0.0884 0.0572 0.0236 0.0066 0 0 0 0 0 0.025 0.0274 0.1164 0.4004 0.824 1.2918 1.2104 0.9114 
0 0 0 0 0 0 0 0 0 0 0 0 0 0 0 0 0 0.3386 4.1822 4.9942 2.4358 1.1632 0.6974 0.1632 0.0254 0 0 0 0 0 0 0 0 0 0 0.0334 0.9408 2.7858 3.076 2.399 1.3176 0.8438 0.4122 0.1652 0.0262 0 0 0 0 0 0 0 0 0 0.148 0.888 1.7886 2.3366 2.108 1.2428 0.7986 0.4744 0.174 0.041 0 0 0 0 0 0 0 0 0.0082 0.1468 0.5632 1.1002 1.6706 1.8856 1.127 0.8512 0.412 0.213 0.0222 0 0 0 0 0 0 0 0 0 0.065 0.253 0.5392 1.0236 1.359 1.2216 0.8582 0.4288 
0 0 0 0 0 0 0 0 0 0 0 0 0 0 0 0 0 0.279 3.7392 4.8586 2.741 1.4462 0.6266 0.1816 0.1062 0.0216 0 0 0 0 0 0 0 0 0 0.0382 0.652 2.5056 3.1202 2.3912 1.5066 1.0116 0.4464 0.2178 0.0702 0.0402 0 0 0 0 0 0 0 0 0.0966 0.5832 1.5826 2.3698 1.9878 1.4466 0.9016 0.6398 0.2466 0.0884 0.0218 0.0248 0.0104 0 0 0 0 0 0.0012 0.1112 0.3016 0.9784 1.6174 1.6522 1.3698 1.052 0.4928 0.2254 0.0996 0.0518 0.0466 0 0 0 0 0 0 0 0.027 0.176 0.3964 0.8016 1.2694 1.3376 0.8878 0.524 
0 0 0 0 0 0 0 0 0 0 0 0 0 0 0 0 0.0018 0.2828 3.6542 4.8464 2.6266 1.5706 0.706 0.2158 0.0748 0.021 0 0 0 0 0 0 0 0 0 0.0132 0.5902 2.4434 3.1446 2.3084 1.485 1.0404 0.6956 0.188 0.0808 0.0104 0 0 0 0 0 0 0 0 0.0304 0.5484 1.5666 2.286 1.9632 1.4528 0.9612 0.7416 0.3222 0.122 0.0056 0 0 0 0 0 0 0 0 0.01 0.2552 0.9616 1.6432 1.6768 1.2434 0.9918 0.6476 0.473 0.0974 0 0 0 0 0 0 0 0 0 0 0.049 0.3048 0.9236 1.201 1.1804 1.0552 0.6776 
0 0 0 0 0 0 0 0 0 0 0 0 0 0 0 0 0 0.3838 3.5506 4.9886 2.785 1.2174 0.7814 0.1992 0.094 0 0 0 0 0 0 0 0 0 0 0.0214 0.5908 2.4266 3.1458 2.4516 1.5998 1.0914 0.4416 0.2158 0.0152 0 0 0 0 0 0 0 0 0 0.067 0.479 1.7026 2.1958 2.083 1.613 0.9652 0.6504 0.2274 0.0166 0 0 0 0 0 0 0 0 0 0.0664 0.2318 0.958 1.5542 1.7516 1.4614 1.1212 0.5712 0.2656 0.0186 0 0 0 0 0 0 0 0 0.0076 0.0324 0.0674 0.294 0.855 1.24 1.364 1.1234 0.6758 
0 0 0 0 0 0 0 0 0 0 0 0 0 0 0 0 0 0.2592 3.247 5.0142 2.6194 1.5588 0.8578 0.3726 0.058 0.013 0 0 0 0 0 0 0 0 0 0.0166 0.4064 2.1396 3.2592 2.4302 1.518 1.0504 0.7952 0.2302 0.0986 0.045 0.0106 0 0 0 0 0 0 0 0.016 0.3532 1.256 2.3064 2.0146 1.7282 0.8812 0.8406 0.407 0.1132 0.0446 0.039 0 0 0 0 0 0 0 0.021 0.1784 0.5624 1.3638 1.8236 1.628 0.9736 0.7448 0.3966 0.2192 0.0418 0.0276 0.0192 0 0 0 0 0 0 0 0.0452 0.1972 0.5722 1.0438 1.325 1.1674 0.7442 
0 0 0 0 0 0 0 0 0 0 0 0 0 0 0 0 0 0.251 3.3786 4.7838 2.8764 1.5978 0.7804 0.318 0.014 0 0 0 0 0 0 0 0 0 0 0 0.5048 2.3 2.8436 2.4192 1.8216 1.1182 0.7426 0.2424 0.0076 0 0 0 0 0 0 0 0 0 0.0184 0.3056 1.5894 2.0692 1.846 1.6658 1.4246 0.7196 0.2832 0.0704 0.0078 0 0 0 0 0 0 0 0 0.0044 0.1268 0.8946 1.2998 1.6082 1.6536 1.2484 0.6746 0.345 0.1374 0.0072 0 0 0 0 0 0 0 0 0 0.0488 0.2286 0.5948 0.9512 1.5048 1.3464 0.6814 
0 0 0 0 0 0 0 0 0 0 0 0 0 0 0 0 0 0.2788 3.4968 4.9266 2.6508 1.4846 0.672 0.2238 0.0596 0.0842 0.0678 0.0346 0.0204 0 0 0 0 0 0 0.0186 0.6708 2.2002 3.2026 2.2844 1.648 0.8056 0.5114 0.2928 0.172 0.0772 0.0762 0.0316 0.0086 0 0 0 0 0 0.0836 0.5268 1.5112 2.2068 1.9646 1.501 0.9054 0.4678 0.3922 0.1864 0.131 0.0966 0.0214 0.0052 0 0 0 0 0.013 0.0342 0.2776 0.9346 1.4264 1.7988 1.314 0.8494 0.5062 0.3452 0.2206 0.165 0.0876 0.0274 0 0 0 0 0 0 0.0184 0.0668 0.3526 0.7122 1.2628 1.2468 0.7978 0.5932 
0 0 0 0 0 0 0 0 0 0 0 0 0 0 0 0 0.001 0.3698 3.4588 4.9158 3.0112 1.5398 0.5204 0.1472 0.0304 0.0056 0 0 0 0 0 0 0 0 0 0.101 0.5684 2.18 3.2008 2.542 1.7066 1.0728 0.4348 0.165 0.0286 0 0 0 0 0 0 0 0 0.0244 0.1312 0.4622 1.3256 2.2826 2.141 1.7212 1.1046 0.5166 0.207 0.0628 0.0208 0 0 0 0 0 0 0 0.0496 0.0836 0.2234 0.7832 1.4478 1.8794 1.5096 1.0126 0.6506 0.271 0.0652 0.024 0 0 0 0 0 0 0 0.0246 0.0608 0.1172 0.2916 0.5942 1.319 1.3188 1.1828 0.637 
0 0 0 0 0 0 0 0 0 0 0 0 0 0 0 0 0 0.3218 3.6004 4.6964 2.935 1.443 0.6436 0.2312 0.0666 0.0494 0.0126 0 0 0 0 0 0 0 0 0.043 0.6238 2.2032 3.0962 2.5616 1.5694 1.0278 0.4428 0.2276 0.1336 0.0642 0.0068 0 0 0 0 0 0 0 0.0902 0.5548 1.3836 2.2824 1.926 1.607 1.0104 0.5402 0.3144 0.2172 0.0344 0.026 0.0134 0 0 0 0 0 0 0.0672 0.3962 0.8048 1.3786 1.6126 1.5196 0.98 0.5198 0.3794 0.212 0.0688 0.0394 0.0216 0 0 0 0 0 0 0.034 0.163 0.4496 0.642 1.1054 1.0624 1.06 0.6482 
0 0 0 0 0 0 0 0 0 0 0 0 0 0 0 0 0 0.3852 3.8436 5.1388 2.4074 1.373 0.6172 0.1992 0.0356 0 0 0 0 0 0 0 0 0 0 0.0624 0.8126 2.648 3.2144 2.2782 1.4322 0.8622 0.4784 0.1532 0.0536 0.0048 0 0 0 0 0 0 0 0.0012 0.144 0.6362 1.9214 2.2346 2.185 1.2616 0.7374 0.5154 0.2496 0.0752 0.0384 0 0 0 0 0 0 0 0.0118 0.092 0.5058 1.116 1.6324 1.7234 1.2966 0.8582 0.457 0.1724 0.0722 0.0592 0.003 0 0 0 0 0 0 0 0.051 0.2088 0.598 1.0684 1.1344 1.0744 0.9736 0.4838 
0 0 0 0 0 0 0 0 0 0 0 0 0 0 0 0 0 0.2844 3.535 5.0212 2.8982 1.361 0.583 0.1798 0.1298 0.0076 0 0 0 0 0 0 0 0 0 0.0288 0.5238 2.2726 3.531 2.2714 1.5128 1.041 0.4906 0.1844 0.107 0.0366 0 0 0 0 0 0 0 0 0.0206 0.4806 1.6316 2.3424 2.054 1.3964 1.0672 0.5732 0.2372 0.1262 0.0602 0.0104 0 0 0 0 0 0 0 0.0084 0.267 0.9656 1.5424 1.771 1.3952 0.9416 0.652 0.2684 0.12 0.051 0.0174 0 0 0 0 0 0 0 0 0.0534 0.3788 0.8386 1.2508 1.2364 0.9772 0.6942 
0 0 0 0 0 0 0 0 0 0 0 0 0 0 0 0 0 0.1936 3.4348 5.2616 2.5172 1.4572 0.7258 0.315 0.0758 0.019 0 0 0 0 0 0 0 0 0 0.0242 0.3612 2.4316 3.3164 2.2604 1.5086 1.1798 0.5642 0.2624 0.088 0.0032 0 0 0 0 0 0 0 0 0.0146 0.3816 1.6422 2.312 1.8258 1.5326 1.1122 0.6096 0.4026 0.162 0.0048 0 0 0 0 0 0 0 0 0.0154 0.2758 0.8576 1.4986 1.4678 1.5934 1.1086 0.5742 0.445 0.143 0.0206 0 0 0 0 0 0 0 0 0.0198 0.0866 0.3828 0.6836 0.9888 1.2118 1.1132 0.7938 
0 0 0 0 0 0 0 0 0 0 0 0 0 0 0 0 0 0.4222 4.0848 4.5144 2.3398 1.3504 0.7868 0.3246 0.1302 0.0468 0 0 0 0 0 0 0 0 0 0.0408 0.894 2.642 3.1026 1.9734 1.374 1.0142 0.515 0.276 0.0776 0.0744 0.016 0 0 0 0 0 0 0 0.0828 0.782 1.9546 2.1388 1.7268 1.2866 0.9314 0.5464 0.3046 0.1656 0.0752 0.0052 0 0 0 0 0 0 0.0034 0.053 0.4748 1.2656 1.5326 1.518 1.281 0.7514 0.501 0.4062 0.1848 0.0282 0 0 0 0 0 0 0 0.0076 0.0308 0.1586 0.5806 0.9912 0.995 1.2414 0.8276 0.5194 
0 0 0 0 0 0 0 0 0 0 0 0 0 0 0 0 0 0.2362 3.3252 4.7406 3.0666 1.6174 0.5856 0.21 0.2064 0.012 0 0 0 0 0 0 0 0 0 0.0198 0.5618 1.8386 3.1394 2.5942 1.8702 0.9022 0.5334 0.3844 0.143 0.013 0 0 0 0 0 0 0 0.0058 0.0552 0.4216 1.227 2.1086 1.9978 1.837 1.1746 0.4124 0.4136 0.3314 0.015 0 0 0 0 0 0 0 0 0.058 0.2604 0.6682 1.2434 1.5612 1.6344 1.1942 0.5534 0.4496 0.2746 0.095 0.0076 0 0 0 0 0 0 0 0.0252 0.0944 0.2984 0.579 1.0182 1.1784 1.0588 0.642 
0 0 0 0 0 0 0 0 0 0 0 0 0 0 0 0 0.0012 0.3512 3.1938 4.562 2.8194 1.5362 1.0088 0.358 0.1298 0.0396 0 0 0 0 0 0 0 0 0 0.1082 0.7284 1.7514 2.7426 2.5566 1.6384 1.1388 0.7012 0.4216 0.1604 0.0524 0 0 0 0 0 0 0 0.0362 0.2478 0.4544 0.9888 1.9024 2.1054 1.5964 0.9478 0.7542 0.5604 0.3192 0.0822 0.0048 0 0 0 0 0 0.0046 0.0766 0.1654 0.2732 0.5032 1.0396 1.6108 1.4792 1.0202 0.837 0.4874 0.3564 0.1006 0.0458 0 0 0 0 0 0.0154 0.0574 0.1184 0.0988 0.1738 0.4306 0.798 1.193 1.0612 0.8352 
0 0 0 0 0 0 0 0 0 0 0 0 0 0 0 0 0 0.2846 3.5218 4.8752 2.8996 1.3956 0.7016 0.1744 0.1092 0.038 0 0 0 0 0 0 0 0 0 0.0376 0.494 2.4454 2.8884 2.4084 1.8338 1.0924 0.5188 0.1118 0.0854 0.084 0 0 0 0 0 0 0 0 0.05 0.5024 1.4534 2.2686 1.8506 1.6788 1.2276 0.5114 0.2502 0.1284 0.0642 0.0144 0 0 0 0 0 0 0.004 0.0958 0.1892 0.7358 1.4322 1.8618 1.6702 0.9452 0.5594 0.2998 0.109 0.0684 0.0292 0 0 0 0 0 0 0 0.0234 0.0588 0.2928 0.6538 1.2512 1.39 0.945 0.8348 
0 0 0 0 0 0 0 0 0 0 0 0 0 0 0 0 0 0.3496 3.7438 4.8698 2.5482 1.2998 0.8264 0.3234 0.039 0 0 0 0 0 0 0 0 0 0 0.067 0.7146 2.3972 3.3082 2.2236 1.3524 0.9796 0.6172 0.2836 0.0566 0 0 0 0 0 0 0 0 0.001 0.1662 0.5882 1.5992 2.2 2.069 1.3294 0.9642 0.651 0.3432 0.0886 0 0 0 0 0 0 0 0 0 0.101 0.4126 0.9848 1.595 1.554 1.316 0.8524 0.645 0.3652 0.1374 0.0366 0 0 0 0 0 0 0 0 0.0214 0.2082 0.4518 0.889 1.1602 1.123 0.8124 0.6738 
0 0 0 0 0 0 0 0 0 0 0 0 0 0 0 0 0 0.2392 3.1784 5.1278 2.7894 1.4956 0.7302 0.288 0.1184 0.033 0 0 0 0 0 0 0 0 0 0.015 0.4204 2.1104 3.249 2.5218 1.6066 0.9738 0.7346 0.265 0.0678 0.0356 0 0 0 0 0 0 0 0 0.0374 0.3432 1.3672 2.079 2.1408 1.6952 1.0772 0.693 0.3374 0.1732 0.0484 0.008 0 0 0 0 0 0 0 0.0194 0.1934 0.7524 1.2258 1.733 1.5406 1.1976 0.6612 0.4306 0.1708 0.0384 0.0278 0.009 0 0 0 0 0 0 0.005 0.0602 0.2818 0.6222 0.9926 1.2188 1.221 0.755 
0 0 0 0 0 0 0 0 0 0 0 0 0 0 0 0 0 0.2856 3.6968 4.7708 2.5548 1.485 0.8702 0.1974 0.0982 0.0168 0.0202 0.0042 0 0 0 0 0 0 0 0.0222 0.5968 2.4136 3.2494 2.2104 1.4804 0.9812 0.6714 0.2384 0.0728 0.0564 0.007 0 0 0 0 0 0 0 0.0296 0.5174 1.6056 2.2398 1.9262 1.6408 0.944 0.6296 0.3064 0.1024 0.0352 0.023 0 0 0 0 0 0 0 0.0352 0.2814 0.9862 1.436 1.5984 1.4444 1.0732 0.6572 0.3334 0.1224 0.0108 0.0214 0 0 0 0 0 0 0 0.0192 0.079 0.4146 0.7632 1.0182 1.268 1.054 0.843 
0 0 0 0 0 0 0 0 0 0 0 0 0 0 0 0 0 0.2284 3.4558 4.8436 2.8698 1.4114 0.6496 0.3998 0.1076 0.034 0 0 0 0 0 0 0 0 0 0.0256 0.5302 2.1884 2.9762 2.6282 1.5248 1.0816 0.5618 0.3344 0.0884 0.0604 0 0 0 0 0 0 0 0 0.034 0.553 1.4002 1.969 1.9682 1.7628 1.1298 0.5986 0.3272 0.1348 0.1076 0.0148 0 0 0 0 0 0 0 0.0428 0.2832 0.8804 1.14 1.538 1.633 1.2096 0.623 0.3076 0.2416 0.0906 0.0102 0 0 0 0 0 0 0 0 0.0878 0.3198 0.7164 1.1104 1.0804 1.0482 0.7652 
0 0 0 0 0 0 0 0 0 0 0 0 0 0 0 0 0 0.2304 3.3838 5.0056 2.9402 1.4938 0.6482 0.2546 0.0368 0.0066 0 0 0 0 0 0 0 0 0 0.0108 0.4924 2.179 3.2606 2.4698 1.63 1.1246 0.5638 0.2332 0.0358 0 0 0 0 0 0 0 0 0 0.0586 0.3588 1.4176 2.2556 2.1288 1.4038 1.2946 0.7132 0.299 0.068 0.002 0 0 0 0 0 0 0 0.0104 0.039 0.266 0.6818 1.4142 1.7016 1.3398 1.4298 0.7542 0.2956 0.0548 0.0128 0 0 0 0 0 0 0 0 0.0562 0.0826 0.2424 0.6292 1.0442 1.2014 1.2502 0.9156 
0 0 0 0 0 0 0 0 0 0 0 0 0 0 0 0 0 0.2984 3.4002 5.0054 2.7054 1.3714 0.7228 0.33 0.107 0.033 0.0206 0.0058 0 0 0 0 0 0 0.0018 0.0248 0.607 2.2266 3.1338 2.5044 1.3752 1.0362 0.5448 0.3678 0.1146 0.0376 0.0254 0 0 0 0 0 0 0.0008 0.0606 0.4652 1.4204 2.1406 2.2692 1.3 1.0482 0.6338 0.5058 0.0772 0.0402 0.013 0.025 0 0 0 0 0 0 0.0372 0.28 0.794 1.3626 1.8306 1.3414 0.9314 0.6368 0.6108 0.0904 0.0586 0.009 0.011 0.0062 0 0 0 0 0 0.0194 0.0538 0.319 0.7602 1.053 1.256 0.9966 0.7392 
0 0 0 0 0 0 0 0 0 0 0 0 0 0 0 0 0 0.3824 3.321 5.083 2.8062 1.5292 0.5194 0.2642 0.0826 0.012 0 0 0 0 0 0 0 0 0 0.0968 0.5666 2.0558 3.2338 2.5138 1.7096 0.964 0.4882 0.209 0.1116 0.044 0.0068 0 0 0 0 0 0 0.028 0.1266 0.4904 1.309 2.2422 1.9698 1.8582 0.8904 0.5242 0.3208 0.158 0.0472 0.016 0.019 0.0002 0 0 0 0 0.033 0.16 0.2548 0.6888 1.3162 1.775 1.6382 0.9486 0.611 0.256 0.2046 0.0746 0.0114 0.0264 0.0014 0 0 0 0 0 0.1046 0.2004 0.2388 0.6852 0.9862 1.2872 1.0964 0.732 
0 0 0 0 0 0 0 0 0 0 0 0 0 0 0 0 0 0.3038 3.2536 5.037 2.6824 1.2808 0.8978 0.4534 0.0912 0 0 0 0 0 0 0 0 0 0 0.0432 0.5092 2.127 3.2526 2.4674 1.457 0.9066 0.6616 0.3896 0.1644 0.0214 0 0 0 0 0 0 0 0 0.0926 0.3824 1.3196 2.1964 2.2876 1.3766 0.9348 0.6288 0.5524 0.1396 0.0892 0 0 0 0 0 0 0 0 0.0502 0.2688 0.6236 1.436 1.671 1.4796 1.0076 0.8092 0.3868 0.197 0.0628 0.0074 0 0 0 0 0 0 0 0.0328 0.1034 0.1998 0.5362 1.1072 1.3068 1.1552 0.7952 
0 0 0 0 0 0 0 0 0 0 0 0 0 0 0 0 0.0024 0.255 3.2454 4.7286 2.9784 1.7376 0.7944 0.1966 0.0616 0 0 0 0 0 0 0 0 0 0 0.0384 0.453 2.0754 2.9324 2.3358 1.9314 1.2698 0.6032 0.2468 0.0962 0.0176 0 0 0 0 0 0 0 0.0068 0.0994 0.3176 1.2796 1.9334 2.01 1.734 1.351 0.6932 0.3182 0.2038 0.043 0.01 0 0 0 0 0 0 0.0038 0.0788 0.1966 0.6154 1.2066 1.5626 1.6396 1.1436 0.8666 0.3518 0.203 0.1098 0.0218 0 0 0 0 0 0 0 0.0144 0.1196 0.232 0.5158 0.9166 1.36 0.9898 0.8612 
0 0 0 0 0 0 0 0 0 0 0 0 0 0 0 0 0 0.3736 3.834 4.642 2.6278 1.5476 0.6114 0.285 0.0786 0 0 0 0 0 0 0 0 0 0 0.024 0.7988 2.499 3.1022 2.199 1.5158 1.028 0.4628 0.273 0.0818 0.0156 0 0 0 0 0 0 0 0 0.0786 0.7254 1.7236 2.1596 1.864 1.4886 0.99 0.5628 0.1892 0.1196 0.0902 0.0084 0 0 0 0 0 0 0 0.088 0.4488 1.0894 1.467 1.4846 1.4944 0.9772 0.491 0.2122 0.1284 0.1042 0.0148 0 0 0 0 0 0 0 0.06 0.173 0.5102 0.8942 0.9634 1.2728 0.9542 0.609 
0 0 0 0 0 0 0 0 0 0 0 0 0 0 0 0 0 0.2962 3.4336 4.8046 2.6742 1.4706 0.9062 0.262 0.0748 0.056 0.0218 0 0 0 0 0 0 0 0.0032 0.0368 0.5606 2.1484 3.187 2.3118 1.4748 1.2218 0.6852 0.2576 0.0942 0.0186 0 0 0 0 0 0 0 0.0136 0.0788 0.4392 1.2832 2.3444 1.873 1.5036 1.2984 0.7074 0.2646 0.1674 0.0264 0 0 0 0 0 0 0 0.017 0.0752 0.2548 0.6356 1.388 1.6992 1.425 1.3366 0.74 0.2614 0.13 0.0372 0 0 0 0 0 0 0 0 0.021 0.119 0.3118 0.4828 0.9752 1.3148 1.2908 0.8816 
