0.03 0.09 0.15 0.21 0.27 0.33 0.39 0.45 0.51 0.57 0.63 0.69 0.75 0.81 0.87 0.93 0.99 1.05 1.11 1.17 1.23 1.29 1.35 1.41 1.47 1.53 1.59 1.65 1.71 1.77 1.83 1.89 1.95 2.01 2.07 2.13 2.19 2.25 2.31 2.37 2.43 2.49 2.55 2.61 2.67 2.73 2.79 2.85 2.91 2.97 3.03 3.09 3.15 3.21 3.27 3.33 3.39 3.45 3.51 3.57 3.63 3.69 3.75 3.81 3.87 3.93 3.99 4.05 4.11 4.17 4.23 4.29 4.35 4.41 4.47 4.53 4.59 4.65 4.71 4.77 4.83 4.89 4.95 5.01 5.07 5.13 5.19 5.25 5.31 5.37 5.43 5.49 5.55 5.61 5.67 5.73 5.79 5.85 5.91 5.97 
0 0 0 0 0 0 0 0 0 0 0 0 0 0 0 0 0 0 0.0048 0.0718 0.3616 0.8134 1.1662 1.3348 1.1174 0.8096 0.5954 0.4124 0.2342 0.142 0.0674 0.0318 0.0202 0.014 0.0038 0 0 0 0 0 0.0152 0.0566 0.1548 0.3148 0.5174 0.6426 0.7016 0.6884 0.6662 0.5072 0.4082 0.2928 0.19 0.1126 0.0656 0.04 0.0154 0.008 0.0022 0.001 0 0.001 0.0058 0.0182 0.0358 0.085 0.1742 0.2464 0.3338 0.383 0.4018 0.394 0.3588 0.353 0.2612 0.1968 0.1566 0.0882 0.0538 0.0192 0.0096 0.0112 0.0112 0.0018 0 0 0.0006 0.0056 0.0156 0.0326 0.0666 0.0976 0.1076 0.1408 0.14 0.1712 0.1722 0.1684 0.153 0.14 
0 0 0 0 0 0 0 0 0 0 0 0 0 0 0 0 0 0 0.0068 0.1186 0.4692 0.9696 1.2804 1.3646 1.219 0.9348 0.667 0.455 0.2366 0.132 0.0794 0.0392 0.0118 0.0108 0.0032 0.002 0 0 0.0014 0.0082 0.0434 0.098 0.2146 0.3372 0.5382 0.6734 0.7912 0.7728 0.664 0.5866 0.426 0.2952 0.2028 0.1482 0.0958 0.0434 0.0342 0.0098 0.0098 0.0076 0.0022 0.0066 0.0132 0.019 0.0566 0.1162 0.1888 0.2452 0.3156 0.4254 0.4688 0.4636 0.4578 0.3222 0.2838 0.23 0.143 0.1032 0.0486 0.0446 0.0164 0.0116 0.0136 0.006 0.0032 0.0012 0.0062 0.0202 0.0212 0.0514 0.0656 0.1016 0.124 0.1568 0.1592 0.1894 0.2132 0.1984 0.1676 0.134 
0 0 0 0 0 0 0 0 0 0 0 0 0 0 0 0 0 0 0.0096 0.0862 0.3952 0.9252 1.4132 1.447 1.2026 0.8786 0.6296 0.4038 0.2532 0.1258 0.0942 0.0682 0.026 0.0154 0.018 0.0062 0.002 0 0 0.007 0.0244 0.0664 0.195 0.35 0.5788 0.6954 0.8286 0.7598 0.6564 0.5658 0.3414 0.288 0.2012 0.1622 0.1138 0.0698 0.0476 0.0294 0.01 0.009 0.002 0.0084 0.0134 0.02 0.055 0.0978 0.1908 0.287 0.3618 0.3988 0.4242 0.487 0.4034 0.3176 0.2432 0.1768 0.143 0.1174 0.0924 0.0484 0.0414 0.0364 0.0202 0.0128 0.0044 0.001 0.0106 0.0234 0.031 0.0646 0.0814 0.0864 0.148 0.1684 0.1686 0.153 0.1552 0.1534 0.1512 0.1202 
0 0 0 0 0 0 0 0 0 0 0 0 0 0 0 0 0 0 0.0112 0.1074 0.4372 1.0856 1.3942 1.336 1.204 0.9556 0.6224 0.4 0.1864 0.1294 0.0612 0.0336 0.0144 0.0104 0.005 0.0032 0.0028 0 0.0014 0.0126 0.0272 0.087 0.2222 0.4314 0.614 0.7096 0.751 0.7438 0.714 0.5316 0.3818 0.2732 0.1764 0.13 0.0642 0.0416 0.0344 0.0218 0.008 0.0106 0.0066 0.0062 0.0188 0.0468 0.088 0.1408 0.2422 0.3108 0.358 0.4226 0.4558 0.3968 0.3356 0.2878 0.2796 0.1876 0.1218 0.0952 0.0718 0.0416 0.0282 0.0202 0.0236 0.0128 0.0124 0.0194 0.0134 0.026 0.0424 0.0672 0.0952 0.1392 0.1426 0.1724 0.1762 0.1748 0.1962 0.1376 0.1088 0.1046 
0 0 0 0 0 0 0 0 0 0 0 0 0 0 0 0 0 0 0.0066 0.0778 0.3252 0.7556 1.1902 1.395 1.3194 1.0414 0.77 0.5116 0.2932 0.1434 0.0906 0.0312 0.0192 0.0226 0.007 0 0 0 0 0 0.012 0.0456 0.1062 0.2892 0.4344 0.6284 0.708 0.7406 0.7006 0.693 0.524 0.4296 0.2884 0.1824 0.1012 0.0536 0.0272 0.0136 0.0134 0.0068 0.0018 0 0.001 0.0094 0.0328 0.067 0.1266 0.2138 0.2756 0.3608 0.383 0.4046 0.4332 0.426 0.3596 0.295 0.2224 0.1592 0.0912 0.0634 0.0394 0.0224 0.0048 0.005 0.0038 0.0036 0.005 0.0104 0.0206 0.036 0.0356 0.0506 0.0914 0.12 0.1366 0.1626 0.1748 0.201 0.2022 0.1928 
0 0 0 0 0 0 0 0 0 0 0 0 0 0 0 0 0 0 0.015 0.124 0.469 0.9826 1.3586 1.462 1.2212 0.8868 0.5984 0.3856 0.2192 0.1248 0.073 0.0362 0.0182 0.0072 0.0094 0.004 0.0048 0 0.0002 0.0076 0.0364 0.091 0.211 0.393 0.6356 0.7616 0.8118 0.7754 0.632 0.5466 0.3722 0.2666 0.1688 0.1094 0.0772 0.057 0.0288 0.0092 0.0072 0.0014 0.0004 0.0048 0.009 0.0316 0.0646 0.1334 0.219 0.3106 0.4198 0.464 0.4412 0.4088 0.3784 0.2992 0.26 0.2192 0.1546 0.0822 0.0346 0.0264 0.0192 0.0144 0.0028 0.0018 0 0.0072 0.0104 0.0158 0.047 0.0778 0.0956 0.0924 0.1462 0.1832 0.1794 0.162 0.1568 0.177 0.1644 0.1168 
0 0 0 0 0 0 0 0 0 0 0 0 0 0 0 0 0 0 0.0102 0.1042 0.4078 0.9508 1.338 1.502 1.3098 0.9848 0.6374 0.3344 0.2234 0.1248 0.043 0.0126 0.0122 0.0046 0 0 0 0 0 0.0048 0.0282 0.076 0.1848 0.3626 0.5322 0.6942 0.8678 0.8066 0.7522 0.5416 0.4432 0.3266 0.1962 0.093 0.0512 0.0224 0.0128 0.0036 0 0 0 0.0026 0.0098 0.0238 0.0608 0.1256 0.1756 0.2568 0.4112 0.4236 0.4484 0.4532 0.4346 0.3804 0.2974 0.2168 0.1264 0.0594 0.0412 0.03 0.012 0.0072 0.0032 0 0 0.0018 0.0082 0.015 0.0198 0.0628 0.081 0.1188 0.1666 0.1732 0.1582 0.204 0.192 0.193 0.1772 0.1438 
0 0 0 0 0 0 0 0 0 0 0 0 0 0 0 0 0 0 0.0082 0.1018 0.3698 0.9184 1.3052 1.4174 1.2626 0.9302 0.6816 0.4748 0.2386 0.1106 0.069 0.045 0.0326 0.0172 0.0066 0.0066 0.0028 0.001 0.001 0.0058 0.022 0.0824 0.1848 0.3326 0.4956 0.6464 0.751 0.7742 0.7204 0.6482 0.4872 0.3558 0.176 0.1272 0.094 0.041 0.0232 0.014 0.006 0.0058 0.0046 0.004 0.0068 0.019 0.063 0.1078 0.1484 0.228 0.3038 0.3572 0.4816 0.5112 0.4466 0.368 0.3252 0.2234 0.1592 0.0988 0.0592 0.0336 0.0172 0.0196 0.007 0.0072 0.0092 0.0036 0.0038 0.0086 0.033 0.0542 0.071 0.0746 0.101 0.1196 0.1868 0.1736 0.1788 0.207 0.2132 0.1514 
0 0 0 0 0 0 0 0 0 0 0 0 0 0 0 0 0 0 0.0048 0.097 0.3626 0.8706 1.442 1.5268 1.2826 0.9322 0.6302 0.4222 0.2268 0.095 0.052 0.027 0.01 0.0106 0.0056 0.002 0 0 0.0018 0.0134 0.038 0.0876 0.1624 0.2988 0.4996 0.7058 0.8514 0.813 0.712 0.5884 0.4616 0.314 0.2138 0.1184 0.0584 0.0368 0.013 0.01 0.0018 0 0.002 0.006 0.0248 0.0302 0.0702 0.0922 0.1366 0.2404 0.3638 0.4174 0.46 0.4438 0.4286 0.3948 0.3118 0.2256 0.1342 0.1012 0.056 0.033 0.0216 0.0058 0 0 0.0024 0.012 0.014 0.029 0.0246 0.0352 0.0612 0.0952 0.1442 0.1958 0.181 0.1614 0.1912 0.1974 0.154 0.1252 
0 0 0 0 0 0 0 0 0 0 0 0 0 0 0 0 0 0 0.004 0.0568 0.3088 0.7576 1.2106 1.4066 1.3052 1.0422 0.736 0.4906 0.2968 0.1776 0.1086 0.05 0.028 0.0128 0.0062 0.0016 0 0 0 0 0.0044 0.0466 0.1262 0.215 0.3748 0.5566 0.751 0.8482 0.8294 0.6326 0.4948 0.393 0.2786 0.1712 0.106 0.0866 0.0412 0.0234 0.0104 0.007 0.003 0 0.004 0.0118 0.0366 0.0518 0.104 0.175 0.2418 0.3296 0.3934 0.4982 0.4464 0.4096 0.401 0.2746 0.2088 0.1354 0.1018 0.0786 0.0414 0.0204 0.0222 0.0092 0.0022 0.0036 0.0042 0.0052 0.019 0.0314 0.038 0.0546 0.0794 0.1076 0.1242 0.17 0.1854 0.1988 0.1854 0.206 
0 0 0 0 0 0 0 0 0 0 0 0 0 0 0 0 0 0 0.011 0.1158 0.4526 0.9842 1.411 1.4582 1.2718 0.9012 0.5776 0.3748 0.2342 0.1078 0.0532 0.0296 0.015 0.002 0 0 0 0 0.0024 0.0098 0.025 0.0988 0.239 0.3764 0.5842 0.757 0.847 0.856 0.6718 0.5406 0.3774 0.2892 0.1632 0.0912 0.037 0.0176 0.009 0.0028 0.0046 0.0014 0.0028 0.004 0.0154 0.0244 0.055 0.1292 0.208 0.2954 0.41 0.4912 0.5032 0.4508 0.4598 0.3382 0.2218 0.164 0.1064 0.0554 0.0346 0.0132 0.007 0.0048 0.004 0 0 0.004 0.0066 0.0118 0.0262 0.0438 0.0856 0.1144 0.134 0.199 0.245 0.2248 0.1708 0.189 0.1458 0.1394 
0 0 0 0 0 0 0 0 0 0 0 0 0 0 0 0 0 0 0.011 0.0882 0.3552 0.909 1.4138 1.5084 1.3508 0.9458 0.6512 0.3838 0.1822 0.1048 0.0658 0.0142 0.0106 0.0042 0.001 0 0 0 0 0.0038 0.0182 0.0544 0.1812 0.3246 0.5786 0.6968 0.7814 0.8526 0.7848 0.5824 0.4728 0.2868 0.1932 0.0892 0.049 0.028 0.0152 0.0068 0.0002 0 0.0004 0.0026 0.0094 0.0118 0.0364 0.1116 0.1938 0.297 0.359 0.4036 0.4844 0.462 0.475 0.367 0.2742 0.1758 0.135 0.08 0.053 0.0276 0.0202 0.009 0.0094 0.0018 0.0004 0.0034 0.007 0.0168 0.0212 0.058 0.0866 0.1226 0.1516 0.1588 0.1858 0.2026 0.2042 0.1776 0.1242 0.1478 
0 0 0 0 0 0 0 0 0 0 0 0 0 0 0 0 0 0 0.003 0.0796 0.3766 0.915 1.3444 1.6142 1.3916 0.9816 0.5906 0.317 0.1876 0.1058 0.0422 0.028 0.015 0.0064 0.0014 0 0 0 0 0 0.0056 0.0632 0.2002 0.3336 0.5196 0.6874 0.8162 0.868 0.7656 0.6218 0.4402 0.2536 0.1682 0.117 0.0714 0.0442 0.0142 0.008 0.002 0 0 0 0.0012 0.0232 0.0716 0.1196 0.1694 0.2688 0.35 0.3896 0.4722 0.4752 0.4478 0.374 0.2726 0.1804 0.1552 0.116 0.0608 0.027 0.0178 0.0068 0.0008 0 0.0038 0.0048 0.0116 0.0172 0.0352 0.053 0.078 0.1366 0.1112 0.1432 0.1814 0.2168 0.2104 0.1928 0.1526 0.1216 
0 0 0 0 0 0 0 0 0 0 0 0 0 0 0 0 0 0 0.0128 0.1112 0.4212 0.8526 1.2384 1.463 1.2732 0.9636 0.6602 0.4168 0.252 0.1524 0.082 0.048 0.0294 0.0154 0.003 0.0012 0.0016 0.002 0 0.007 0.0228 0.0688 0.1824 0.3328 0.549 0.682 0.8156 0.758 0.637 0.5748 0.4094 0.3352 0.2136 0.18 0.1306 0.0574 0.0274 0.0084 0.004 0.005 0.001 0.001 0.0054 0.035 0.0322 0.0996 0.163 0.2738 0.3366 0.432 0.4176 0.4232 0.4218 0.3456 0.3082 0.2158 0.1692 0.1344 0.094 0.0522 0.026 0.004 0.002 0.002 0.002 0.0026 0.0016 0.0184 0.0356 0.039 0.0592 0.0866 0.1176 0.1436 0.1738 0.1904 0.193 0.1828 0.159 0.119 
0 0 0 0 0 0 0 0 0 0 0 0 0 0 0 0 0 0 0.001 0.0572 0.319 0.8016 1.2888 1.4338 1.3064 1.035 0.7032 0.4584 0.2842 0.162 0.07 0.0452 0.0184 0.012 0.0038 0 0 0 0 0.0004 0.008 0.0312 0.1268 0.2722 0.4462 0.6592 0.7482 0.787 0.7812 0.641 0.5046 0.367 0.259 0.1706 0.0998 0.0452 0.03 0.0126 0.0066 0.0018 0.0014 0 0.0038 0.011 0.0234 0.0598 0.1402 0.198 0.2904 0.367 0.4208 0.4526 0.431 0.4314 0.3692 0.2994 0.194 0.1536 0.0874 0.034 0.0118 0.0082 0.005 0.0028 0.0032 0.002 0 0.0022 0.0162 0.0252 0.0464 0.06 0.1106 0.1452 0.1582 0.1898 0.1984 0.1864 0.1706 0.1834 
0 0 0 0 0 0 0 0 0 0 0 0 0 0 0 0 0 0.0008 0.0106 0.0982 0.4042 0.8848 1.3266 1.48 1.3074 0.9962 0.6118 0.369 0.2274 0.138 0.0652 0.0436 0.0232 0.0106 0.0024 0 0 0.001 0.0022 0.0048 0.0258 0.098 0.2086 0.3474 0.5328 0.6888 0.7454 0.727 0.6792 0.5676 0.4824 0.3272 0.2102 0.169 0.0766 0.0554 0.0232 0.0146 0.0086 0.0028 0.0036 0.0028 0.015 0.0476 0.0708 0.1128 0.1924 0.291 0.3626 0.3628 0.4032 0.38 0.3912 0.3568 0.2944 0.2402 0.1386 0.1076 0.0822 0.064 0.0418 0.015 0.009 0.006 0.0094 0.0182 0.0118 0.0286 0.0464 0.0488 0.0744 0.0992 0.1404 0.139 0.1374 0.1778 0.1972 0.1932 0.1306 0.122 
0 0 0 0 0 0 0 0 0 0 0 0 0 0 0 0 0 0 0.0076 0.0912 0.433 0.9874 1.4716 1.4774 1.2202 0.901 0.5572 0.3502 0.1962 0.1448 0.084 0.0372 0.0196 0.014 0.0056 0.0018 0 0 0.0008 0.0072 0.0262 0.0618 0.2068 0.4014 0.5976 0.7626 0.8312 0.806 0.647 0.5494 0.3824 0.2834 0.1602 0.1102 0.0658 0.0418 0.0252 0.014 0.0114 0.0064 0.0012 0.0024 0.01 0.0268 0.0552 0.1358 0.2442 0.3172 0.347 0.407 0.4844 0.4492 0.4162 0.3316 0.2266 0.1784 0.1524 0.0774 0.055 0.034 0.0192 0.015 0.0088 0.0048 0.0014 0.0014 0.0064 0.0138 0.051 0.0896 0.0848 0.0972 0.1474 0.1696 0.1862 0.2108 0.1878 0.1504 0.1046 0.1182 
0 0 0 0 0 0 0 0 0 0 0 0 0 0 0 0 0 0 0.0054 0.08 0.3404 0.9024 1.3562 1.452 1.3036 0.9118 0.6408 0.391 0.2502 0.1548 0.1024 0.06 0.0218 0.01 0.0044 0.0052 0.0036 0.0012 0.0028 0.0056 0.0264 0.0518 0.1684 0.3082 0.4936 0.6834 0.8182 0.7946 0.7068 0.5792 0.4264 0.3548 0.2096 0.1488 0.0766 0.0508 0.0302 0.0146 0.0152 0.0064 0.015 0.0086 0.0102 0.0094 0.0524 0.1084 0.2018 0.2632 0.3172 0.4084 0.4356 0.4446 0.3818 0.3228 0.2842 0.2516 0.1586 0.1096 0.0772 0.043 0.0424 0.0142 0.0226 0.0106 0.018 0.0122 0.0112 0.014 0.0156 0.0384 0.0876 0.1114 0.1348 0.1752 0.1584 0.1644 0.155 0.1592 0.1638 0.1528 
0 0 0 0 0 0 0 0 0 0 0 0 0 0 0 0 0 0.001 0.011 0.0966 0.371 0.9422 1.3236 1.4292 1.2968 0.966 0.6234 0.3712 0.2524 0.1444 0.0642 0.038 0.025 0.0134 0.0228 0.0026 0.0022 0.003 0 0.0036 0.0128 0.0646 0.1746 0.3466 0.5796 0.7744 0.7834 0.7976 0.678 0.5516 0.4498 0.3116 0.1702 0.1028 0.0692 0.0358 0.0256 0.0186 0.0112 0.0084 0.0124 0.0126 0.016 0.0284 0.0424 0.073 0.1758 0.2628 0.378 0.4662 0.4992 0.4856 0.4304 0.3296 0.2418 0.1598 0.1162 0.0922 0.0812 0.0432 0.0216 0.0184 0.0148 0.0138 0.0056 0.0086 0.0186 0.018 0.0214 0.029 0.064 0.086 0.1298 0.1638 0.208 0.2076 0.1952 0.1828 0.1418 0.114 
0 0 0 0 0 0 0 0 0 0 0 0 0 0 0 0 0 0 0.0054 0.0852 0.3896 0.9574 1.3896 1.4756 1.2384 0.99 0.6674 0.4122 0.1946 0.1006 0.0474 0.0242 0.0052 0.0086 0.0022 0.0016 0.0022 0.0026 0 0.002 0.0172 0.0792 0.2366 0.3586 0.534 0.7142 0.8098 0.7702 0.6842 0.5914 0.4734 0.2932 0.1844 0.125 0.056 0.0274 0.02 0.011 0.0044 0.001 0.001 0.0016 0.0096 0.0262 0.0462 0.122 0.2058 0.327 0.3366 0.3916 0.4686 0.456 0.4474 0.3568 0.2682 0.2026 0.132 0.07 0.0554 0.0384 0.0222 0.0056 0.0036 0.0028 0.0014 0.001 0.0066 0.0266 0.0296 0.0504 0.1002 0.1142 0.115 0.1316 0.187 0.2356 0.2034 0.192 0.1634 0.1312 
0 0 0 0 0 0 0 0 0 0 0 0 0 0 0 0 0 0 0.0038 0.0896 0.4052 0.9056 1.284 1.3804 1.2594 1.0044 0.6874 0.4438 0.268 0.149 0.0684 0.0268 0.0108 0.0092 0.0042 0 0 0 0 0.0018 0.0288 0.0886 0.1794 0.335 0.5084 0.6578 0.7874 0.788 0.6844 0.5738 0.4636 0.3302 0.2392 0.15 0.0902 0.0594 0.0178 0.0076 0.0042 0.0044 0 0.001 0.0108 0.0276 0.0494 0.1028 0.2038 0.244 0.3068 0.367 0.425 0.474 0.4788 0.3942 0.2774 0.203 0.1456 0.0884 0.076 0.0578 0.0314 0.0218 0.0108 0.0022 0.0012 0.0018 0.0064 0.0172 0.0198 0.0438 0.06 0.0752 0.1336 0.1406 0.1624 0.1872 0.2132 0.211 0.184 0.1334 
0 0 0 0 0 0 0 0 0 0 0 0 0 0 0 0 0 0 0.0062 0.07 0.312 0.7972 1.2378 1.3568 1.2956 1.06 0.7482 0.472 0.2948 0.1654 0.1098 0.0418 0.0112 0.0086 0.0064 0.004 0.0014 0.0008 0 0.0056 0.0182 0.0412 0.1062 0.2244 0.4142 0.5922 0.7088 0.8464 0.7484 0.6958 0.5048 0.426 0.3004 0.1848 0.1034 0.0484 0.0168 0.0072 0.0012 0.0038 0.0018 0.0042 0.0058 0.0072 0.0254 0.0516 0.0948 0.1854 0.3038 0.3732 0.3954 0.4176 0.4714 0.4222 0.375 0.3038 0.2026 0.1554 0.0702 0.0632 0.034 0.026 0.0086 0.0016 0.0016 0 0.0008 0.0024 0.0116 0.026 0.0464 0.0508 0.0824 0.1486 0.1822 0.1686 0.1776 0.1894 0.2092 0.1682 
0 0 0 0 0 0 0 0 0 0 0 0 0 0 0 0 0 0 0.0016 0.0494 0.3624 0.8796 1.3404 1.4628 1.3568 1.017 0.6198 0.4256 0.2596 0.126 0.0612 0.0298 0.0078 0.0002 0 0 0 0 0 0 0.0072 0.0436 0.1462 0.316 0.5016 0.6364 0.787 0.8432 0.795 0.6512 0.4848 0.3256 0.1972 0.1012 0.0684 0.0538 0.0206 0.0152 0.0058 0 0 0 0.001 0.011 0.0358 0.0774 0.1716 0.2526 0.3292 0.3954 0.4334 0.445 0.4722 0.41 0.3282 0.2636 0.1426 0.086 0.0572 0.0368 0.021 0.0222 0.0042 0.0036 0 0.0008 0.007 0.0084 0.0238 0.0498 0.0594 0.081 0.1302 0.155 0.1616 0.2074 0.2228 0.181 0.1654 0.1592 
0 0 0 0 0 0 0 0 0 0 0 0 0 0 0 0 0 0 0.0086 0.1234 0.483 1.0044 1.3822 1.4236 1.2712 0.9676 0.6088 0.3526 0.1896 0.0786 0.0502 0.0328 0.0128 0.006 0.002 0.0026 0 0 0 0.003 0.0274 0.111 0.2392 0.4228 0.574 0.7448 0.805 0.7464 0.7142 0.5782 0.3924 0.2696 0.1548 0.1022 0.048 0.0378 0.0178 0.0072 0.0042 0 0 0.004 0.0122 0.0428 0.0804 0.1438 0.245 0.3042 0.3892 0.4754 0.4788 0.4072 0.3726 0.2508 0.2624 0.2006 0.1296 0.0726 0.0574 0.0312 0.0208 0.0034 0.0032 0.0048 0.0034 0.0072 0.02 0.024 0.0302 0.0428 0.0974 0.1488 0.1822 0.2052 0.189 0.1834 0.154 0.1574 0.1368 0.1208 
0 0 0 0 0 0 0 0 0 0 0 0 0 0 0 0 0 0.0008 0.0052 0.078 0.3762 0.9636 1.4244 1.3828 1.1908 0.8956 0.6686 0.4168 0.2564 0.1374 0.0848 0.0552 0.027 0.024 0.0066 0.005 0.0008 0 0.0014 0.0054 0.0214 0.0608 0.1686 0.38 0.5538 0.7014 0.7602 0.7762 0.7148 0.5464 0.376 0.3074 0.1906 0.1572 0.0982 0.0826 0.0406 0.0202 0.013 0.013 0.0124 0.0054 0.007 0.0284 0.055 0.119 0.1748 0.2536 0.3134 0.4142 0.4536 0.4686 0.4058 0.2964 0.2622 0.2378 0.1624 0.119 0.069 0.0474 0.0368 0.0226 0.0234 0.0178 0.0078 0.0056 0.0134 0.0186 0.0376 0.0474 0.0734 0.0986 0.1294 0.1376 0.1686 0.1688 0.1668 0.1636 0.152 0.1334 
0 0 0 0 0 0 0 0 0 0 0 0 0 0 0 0 0 0 0.01 0.0972 0.4246 0.9196 1.3854 1.4814 1.2722 0.9172 0.6216 0.4186 0.2046 0.107 0.0858 0.0364 0.014 0.0044 0 0 0 0 0 0.0048 0.036 0.0524 0.1782 0.3716 0.5416 0.7636 0.837 0.8038 0.7028 0.5452 0.408 0.3082 0.1934 0.1082 0.0752 0.0412 0.0184 0.0026 0.0048 0.002 0.001 0.0022 0.0078 0.0314 0.0586 0.1 0.176 0.2886 0.3796 0.4476 0.4818 0.455 0.3848 0.3322 0.2848 0.2308 0.1426 0.0822 0.0634 0.025 0.0086 0.0056 0.007 0.0044 0.0012 0.0082 0.008 0.012 0.0414 0.0482 0.0782 0.111 0.1144 0.1792 0.1956 0.2094 0.1876 0.158 0.1396 0.1376 
0 0 0 0 0 0 0 0 0 0 0 0 0 0 0 0 0 0 0.0092 0.1374 0.4598 0.9606 1.3752 1.4146 1.2258 0.9504 0.6262 0.3742 0.1996 0.1266 0.0714 0.0404 0.0172 0.0096 0.0018 0 0 0 0.0008 0.0082 0.0268 0.096 0.2124 0.4002 0.5888 0.7668 0.8276 0.7726 0.6624 0.5682 0.4264 0.2618 0.1774 0.0798 0.0484 0.0272 0.0256 0.0154 0.003 0.0058 0.002 0.0024 0.0096 0.032 0.0666 0.1316 0.1916 0.2878 0.4388 0.506 0.4588 0.407 0.4244 0.3542 0.2254 0.1558 0.0902 0.0748 0.0598 0.04 0.0202 0.0146 0.0048 0 0 0.0018 0.012 0.0198 0.0458 0.0448 0.0704 0.1134 0.1332 0.189 0.201 0.2166 0.1838 0.1716 0.1276 0.1364 
0 0 0 0 0 0 0 0 0 0 0 0 0 0 0 0 0 0 0.0058 0.1102 0.4412 0.8972 1.3886 1.479 1.2058 0.8714 0.5546 0.409 0.2806 0.1508 0.0876 0.0526 0.0352 0.0152 0.007 0.0042 0.0016 0.0024 0.0012 0.0026 0.0122 0.0732 0.1512 0.3596 0.6006 0.7212 0.8304 0.7794 0.693 0.4832 0.3996 0.2722 0.2032 0.1384 0.0888 0.069 0.0406 0.032 0.0188 0.0136 0.0052 0.0062 0.0112 0.0152 0.0556 0.0942 0.1924 0.3098 0.3844 0.4568 0.4496 0.4278 0.3374 0.3082 0.2662 0.1932 0.1506 0.0944 0.066 0.0534 0.0354 0.025 0.0214 0.017 0.0168 0.0126 0.0152 0.02 0.0396 0.0594 0.0986 0.1332 0.1252 0.161 0.1648 0.1582 0.1918 0.1666 0.1366 0.1028 
0 0 0 0 0 0 0 0 0 0 0 0 0 0 0 0 0 0 0.0068 0.078 0.3634 0.849 1.314 1.3398 1.3214 0.9974 0.6394 0.421 0.2822 0.162 0.1252 0.0634 0.0272 0.0072 0.0026 0 0 0 0 0.0022 0.0122 0.0532 0.1654 0.2916 0.4654 0.6716 0.7644 0.725 0.732 0.5878 0.4858 0.3472 0.2686 0.1712 0.0994 0.0676 0.0464 0.0212 0.0082 0.007 0.0048 0.0024 0.0114 0.0222 0.045 0.0878 0.1646 0.214 0.271 0.357 0.4158 0.3928 0.424 0.3962 0.3372 0.2862 0.1984 0.1524 0.1006 0.062 0.034 0.012 0.0082 0.0046 0.005 0.0042 0.0102 0.0224 0.0276 0.0316 0.0494 0.0924 0.1038 0.1162 0.1526 0.174 0.16 0.2036 0.1604 0.147 
0 0 0 0 0 0 0 0 0 0 0 0 0 0 0 0 0 0 0.0192 0.1326 0.4524 0.8806 1.2818 1.4132 1.2482 0.9922 0.6908 0.4222 0.2484 0.1108 0.0712 0.0214 0.0104 0.0026 0.002 0 0 0 0.0006 0.012 0.041 0.1042 0.1748 0.33 0.5534 0.7378 0.7794 0.803 0.7056 0.5758 0.4154 0.2998 0.1934 0.1312 0.0634 0.0362 0.028 0.0054 0.0034 0.0012 0.0016 0.0034 0.0142 0.0424 0.056 0.1108 0.176 0.2736 0.3596 0.4098 0.473 0.4518 0.4518 0.3416 0.294 0.2028 0.1436 0.0792 0.0558 0.0338 0.0152 0.007 0.001 0.0016 0.0016 0.0084 0.0122 0.015 0.0238 0.042 0.0642 0.1088 0.1302 0.1554 0.179 0.2032 0.217 0.1992 0.1566 0.1364 
0 0 0 0 0 0 0 0 0 0 0 0 0 0 0 0 0 0 0.0144 0.1106 0.4662 0.921 1.3456 1.4338 1.289 1.0382 0.6446 0.3478 0.192 0.1054 0.0436 0.0266 0.0096 0.0048 0.001 0.001 0.0012 0.0018 0.0018 0.0052 0.0234 0.1078 0.222 0.3718 0.538 0.7392 0.8142 0.7974 0.7386 0.5526 0.4186 0.2778 0.195 0.0994 0.0508 0.0238 0.0128 0.002 0.0008 0.001 0.0014 0.0048 0.0226 0.031 0.0564 0.1252 0.2232 0.2996 0.383 0.4516 0.4744 0.448 0.3682 0.3358 0.2618 0.1912 0.1508 0.0842 0.0426 0.0156 0.016 0.0066 0.0058 0.0036 0.002 0.0062 0.0198 0.0314 0.0376 0.0674 0.0728 0.1048 0.1348 0.163 0.1706 0.1714 0.2124 0.2052 0.164 0.1406 
0 0 0 0 0 0 0 0 0 0 0 0 0 0 0 0 0 0.0002 0.0092 0.1012 0.4404 0.9142 1.282 1.4466 1.1898 0.9706 0.676 0.4086 0.244 0.1424 0.0848 0.043 0.0246 0.0148 0.0038 0.0018 0.002 0 0.0008 0.0078 0.0294 0.076 0.199 0.3906 0.5516 0.669 0.7512 0.7688 0.6754 0.5494 0.4506 0.3284 0.2266 0.1116 0.0754 0.0528 0.042 0.021 0.0056 0.0078 0.0082 0.0048 0.0118 0.0408 0.0626 0.1112 0.1946 0.2752 0.364 0.3804 0.4214 0.4008 0.37 0.3886 0.32 0.2166 0.1512 0.0986 0.0644 0.0502 0.0312 0.0214 0.012 0.0036 0.004 0.0048 0.0118 0.0196 0.0358 0.047 0.0846 0.1162 0.1438 0.143 0.1436 0.1378 0.1762 0.166 0.1604 0.1352 
0 0 0 0 0 0 0 0 0 0 0 0 0 0 0 0 0 0.0004 0.0052 0.0978 0.3822 0.995 1.4294 1.4322 1.2236 0.9278 0.5546 0.4072 0.2472 0.1406 0.0696 0.035 0.0386 0.0116 0.002 0 0 0 0 0.0018 0.015 0.0766 0.1914 0.3768 0.591 0.7262 0.8036 0.7814 0.71 0.599 0.4254 0.2946 0.1638 0.1012 0.0616 0.0352 0.0214 0.0154 0.0038 0.0028 0.002 0.0056 0.0094 0.0236 0.0568 0.106 0.1778 0.3142 0.3672 0.4266 0.4534 0.4742 0.4382 0.381 0.2544 0.177 0.1266 0.1012 0.0476 0.0304 0.0116 0.0046 0.0094 0.0054 0.002 0.0078 0.0106 0.0158 0.0302 0.051 0.0754 0.0898 0.1276 0.1418 0.1794 0.193 0.1888 0.1896 0.1846 0.1524 
0 0 0 0 0 0 0 0 0 0 0 0 0 0 0 0 0 0 0.0054 0.1042 0.4644 0.9596 1.268 1.431 1.2408 0.9018 0.659 0.4342 0.255 0.1568 0.063 0.0326 0.01 0.007 0.004 0.0032 0 0 0.0022 0.0086 0.0352 0.0922 0.2068 0.4258 0.5312 0.643 0.7632 0.7626 0.6586 0.5542 0.4508 0.3132 0.2156 0.1548 0.073 0.0488 0.0412 0.013 0.006 0.003 0.0042 0.0082 0.0128 0.0406 0.0706 0.1184 0.2146 0.3014 0.362 0.3648 0.3672 0.4082 0.4244 0.371 0.2898 0.2102 0.1446 0.0898 0.0704 0.0456 0.0254 0.0206 0.0166 0.019 0.006 0.0024 0.006 0.0252 0.035 0.0524 0.0844 0.1136 0.1386 0.1518 0.1558 0.1688 0.1552 0.153 0.1676 0.152 
0 0 0 0 0 0 0 0 0 0 0 0 0 0 0 0 0 0 0.011 0.0924 0.4276 0.932 1.3554 1.4006 1.271 0.9496 0.6302 0.3856 0.2534 0.1414 0.0716 0.0252 0.0214 0.016 0.0052 0.0036 0.0026 0.001 0.0026 0.0078 0.0258 0.069 0.1988 0.3954 0.5688 0.6638 0.7678 0.7812 0.6874 0.5724 0.4464 0.3544 0.1874 0.1228 0.0656 0.0328 0.0284 0.0118 0.0052 0.0024 0.004 0.0082 0.0202 0.036 0.0606 0.1234 0.1886 0.222 0.323 0.3868 0.472 0.4958 0.4522 0.3902 0.2448 0.1948 0.1498 0.1042 0.0526 0.0362 0.0136 0.009 0.0098 0.0046 0.0072 0.0028 0.0148 0.0184 0.0326 0.0382 0.0512 0.0766 0.1406 0.1694 0.2038 0.2086 0.1672 0.1698 0.155 0.1394 
0 0 0 0 0 0 0 0 0 0 0 0 0 0 0 0 0 0 0.0046 0.0952 0.375 0.9264 1.3486 1.4308 1.271 0.9558 0.68 0.4116 0.2452 0.1348 0.0688 0.024 0.014 0.01 0.0038 0.0004 0 0 0.0026 0.0052 0.0186 0.0666 0.1552 0.3222 0.5528 0.6794 0.7976 0.805 0.7494 0.627 0.486 0.2986 0.1754 0.103 0.069 0.0314 0.0302 0.0154 0.0056 0.0022 0.0024 0.0026 0.0064 0.023 0.0578 0.0832 0.1596 0.2546 0.3732 0.4264 0.4482 0.4352 0.462 0.4292 0.264 0.202 0.1446 0.0878 0.0566 0.0324 0.0234 0.0108 0.0068 0.0028 0.0046 0.002 0.0026 0.0058 0.0144 0.0418 0.0822 0.0962 0.1286 0.1494 0.215 0.211 0.1878 0.2008 0.167 0.133 
0 0 0 0 0 0 0 0 0 0 0 0 0 0 0 0 0 0.0006 0.0066 0.084 0.4164 0.9014 1.37 1.4922 1.2472 0.9462 0.5808 0.3704 0.2322 0.1408 0.1046 0.064 0.0274 0.0054 0.0038 0.0022 0.0038 0 0 0.0028 0.0112 0.0424 0.1398 0.3484 0.5734 0.6942 0.9192 0.768 0.6902 0.5764 0.4286 0.314 0.199 0.1338 0.0762 0.0432 0.0212 0.0106 0.0012 0.0024 0.0038 0 0.0016 0.0094 0.0428 0.0814 0.171 0.26 0.371 0.4184 0.4482 0.4558 0.4916 0.4152 0.3028 0.1878 0.1376 0.0882 0.0502 0.034 0.0152 0.0092 0.006 0.0026 0 0 0.0036 0.006 0.0238 0.0492 0.068 0.0952 0.1234 0.153 0.1712 0.204 0.2092 0.1874 0.163 0.1404 
0 0 0 0 0 0 0 0 0 0 0 0 0 0 0 0 0 0 0.004 0.0958 0.4594 0.994 1.2534 1.4254 1.286 0.9392 0.6942 0.3822 0.225 0.1086 0.0594 0.0348 0.028 0.0054 0.0026 0.0012 0.0014 0 0 0.002 0.023 0.089 0.2044 0.3358 0.5444 0.7114 0.7868 0.79 0.7474 0.589 0.4332 0.3038 0.2086 0.1232 0.0414 0.0272 0.0166 0.0108 0.0072 0.0022 0.0026 0.003 0.0088 0.0264 0.0594 0.1224 0.1772 0.274 0.377 0.4178 0.4558 0.4744 0.4042 0.3726 0.285 0.2014 0.1144 0.1036 0.042 0.0328 0.0118 0.0124 0.0094 0.0066 0.0044 0.014 0.0174 0.0306 0.021 0.04 0.0898 0.1276 0.1222 0.1522 0.1906 0.1812 0.1678 0.1652 0.1794 0.1422 
0 0 0 0 0 0 0 0 0 0 0 0 0 0 0 0 0 0 0.0108 0.089 0.3796 0.9506 1.3626 1.5192 1.3278 0.9162 0.604 0.3654 0.2554 0.1336 0.0504 0.0238 0.0096 0.002 0 0 0 0 0 0.003 0.0164 0.056 0.183 0.3146 0.5754 0.7034 0.851 0.8164 0.7356 0.6648 0.4348 0.278 0.1738 0.1092 0.0458 0.0324 0.0054 0.001 0 0 0 0.001 0.0064 0.0218 0.0522 0.086 0.1726 0.2854 0.3828 0.4044 0.5062 0.4946 0.4512 0.3598 0.2874 0.1918 0.1248 0.0754 0.0556 0.0286 0.0082 0.0038 0 0 0 0 0.007 0.0168 0.0344 0.0482 0.0776 0.1016 0.1332 0.1608 0.1998 0.2262 0.2166 0.1548 0.1412 0.1192 
0 0 0 0 0 0 0 0 0 0 0 0 0 0 0 0 0 0 0.0096 0.103 0.4702 0.981 1.32 1.3052 1.234 1.0088 0.6764 0.4038 0.2284 0.1236 0.0682 0.033 0.0172 0.0076 0.0066 0.0016 0.0018 0 0 0.0024 0.031 0.0982 0.2162 0.409 0.5514 0.6722 0.8038 0.7894 0.6974 0.5588 0.411 0.2892 0.1836 0.117 0.0682 0.0366 0.0316 0.0164 0.0112 0.0048 0.0006 0.0008 0.008 0.0326 0.082 0.1198 0.2202 0.318 0.3552 0.427 0.4614 0.4248 0.3762 0.3362 0.2618 0.225 0.1232 0.0614 0.0358 0.0392 0.024 0.0246 0.0188 0.0138 0.0088 0.0038 0.012 0.0168 0.035 0.0738 0.0914 0.0854 0.1166 0.1464 0.1774 0.1926 0.2116 0.2008 0.157 0.1194 
0 0 0 0 0 0 0 0 0 0 0 0 0 0 0 0 0 0.0006 0.0138 0.1176 0.4376 0.9728 1.3154 1.4812 1.2684 0.915 0.585 0.3614 0.2302 0.1518 0.0824 0.037 0.0112 0.0068 0.0058 0.001 0.001 0.0014 0.0044 0.0082 0.03 0.105 0.219 0.3882 0.5916 0.7422 0.7806 0.7692 0.7342 0.5414 0.3722 0.279 0.1792 0.1298 0.0668 0.0316 0.0126 0.0064 0.0044 0.0012 0.003 0.0074 0.0164 0.035 0.076 0.1418 0.2144 0.287 0.3294 0.4014 0.5068 0.4918 0.4218 0.3226 0.265 0.1684 0.1366 0.0924 0.0318 0.0244 0.0172 0.0048 0.0026 0.0034 0.005 0.0062 0.0042 0.01 0.039 0.0532 0.0926 0.1186 0.1472 0.1492 0.1594 0.1814 0.1956 0.201 0.1384 0.1196 
0 0 0 0 0 0 0 0 0 0 0 0 0 0 0 0 0 0 0.0088 0.1406 0.4472 1.017 1.3882 1.5614 1.2824 0.8498 0.54 0.3292 0.22 0.1096 0.0564 0.0352 0.011 0.0022 0.001 0 0 0 0.0012 0.011 0.0372 0.1236 0.2402 0.4114 0.5724 0.7438 0.8136 0.8074 0.744 0.5536 0.366 0.2354 0.1672 0.1024 0.0394 0.0146 0.0112 0.0044 0 0 0.0016 0.003 0.0142 0.0462 0.1074 0.178 0.2348 0.2924 0.3368 0.3898 0.4454 0.4976 0.4842 0.342 0.2502 0.1644 0.0834 0.0598 0.0396 0.0186 0.0084 0.0022 0 0 0.004 0.0098 0.0158 0.033 0.047 0.0552 0.088 0.1112 0.1474 0.1632 0.2174 0.2084 0.192 0.1662 0.16 0.1398 
0 0 0 0 0 0 0 0 0 0 0 0 0 0 0 0 0 0 0.0122 0.106 0.4364 0.9668 1.3672 1.4092 1.1772 0.9118 0.6468 0.4202 0.278 0.125 0.0618 0.0378 0.0186 0.0102 0.0024 0.003 0.0048 0.0028 0.0052 0.0102 0.028 0.1072 0.2166 0.4016 0.5508 0.6984 0.791 0.782 0.637 0.5282 0.4422 0.2934 0.184 0.1472 0.0842 0.0464 0.0234 0.0122 0.0012 0.0032 0.007 0.012 0.014 0.0324 0.0702 0.1434 0.189 0.2874 0.3494 0.417 0.497 0.4506 0.36 0.325 0.2472 0.1712 0.16 0.0994 0.0606 0.0504 0.0298 0.014 0.0102 0.011 0 0.0064 0.011 0.019 0.0322 0.067 0.0866 0.1088 0.1236 0.1606 0.1544 0.158 0.1804 0.1918 0.1642 0.1504 
0 0 0 0 0 0 0 0 0 0 0 0 0 0 0 0 0 0 0.0104 0.0752 0.3626 0.9036 1.3608 1.4704 1.279 0.9636 0.6806 0.4424 0.2394 0.1144 0.061 0.0196 0.008 0.0044 0.0046 0 0 0 0 0.0034 0.0192 0.0762 0.1466 0.3222 0.51 0.665 0.8372 0.8582 0.692 0.595 0.4226 0.3176 0.199 0.1552 0.0912 0.0632 0.017 0.0064 0.0028 0 0 0 0.0088 0.0204 0.0532 0.0984 0.1548 0.2586 0.3872 0.4356 0.4554 0.4482 0.3634 0.3168 0.2782 0.2364 0.1656 0.1242 0.088 0.053 0.0324 0.0134 0.0046 0.0034 0 0 0 0.0124 0.0238 0.0482 0.0708 0.103 0.143 0.1806 0.1944 0.2046 0.1816 0.1386 0.148 0.1346 
0 0 0 0 0 0 0 0 0 0 0 0 0 0 0 0 0 0 0.0044 0.0836 0.4332 0.977 1.3892 1.4058 1.3274 0.9338 0.6162 0.3794 0.203 0.1116 0.0704 0.03 0.0142 0.0082 0.0074 0.0042 0.001 0 0 0.003 0.0176 0.0672 0.1794 0.4236 0.6092 0.7078 0.7556 0.8126 0.7322 0.5752 0.4332 0.2784 0.164 0.0996 0.0734 0.0298 0.0176 0.0188 0.0018 0 0 0 0.0094 0.0382 0.0596 0.12 0.2106 0.279 0.3916 0.4156 0.4324 0.447 0.4562 0.3434 0.2728 0.1982 0.124 0.0848 0.0548 0.0232 0.0192 0.0074 0.0052 0.0038 0.0036 0.0068 0.02 0.0258 0.0364 0.0564 0.0688 0.1034 0.1258 0.1928 0.1624 0.183 0.1912 0.194 0.1596 0.1322 
0 0 0 0 0 0 0 0 0 0 0 0 0 0 0 0 0 0 0.0086 0.1164 0.4506 0.9708 1.394 1.4726 1.2254 0.8942 0.6016 0.41 0.2352 0.1052 0.0574 0.0358 0.0136 0.0038 0.0018 0.003 0 0 0.0004 0.005 0.0276 0.0942 0.2312 0.3938 0.596 0.6992 0.7956 0.8454 0.6974 0.5692 0.416 0.2496 0.14 0.1124 0.0568 0.0374 0.0212 0.0058 0.0024 0.0018 0.0016 0.001 0.009 0.0342 0.083 0.1136 0.195 0.294 0.4108 0.4338 0.4988 0.4666 0.4014 0.3454 0.2556 0.1826 0.1136 0.0628 0.0494 0.0192 0.008 0.0058 0.0072 0.0092 0.0032 0.0106 0.013 0.015 0.0368 0.0496 0.0822 0.1112 0.154 0.1866 0.1884 0.1738 0.1882 0.161 0.1358 0.1612 
0 0 0 0 0 0 0 0 0 0 0 0 0 0 0 0 0 0 0.0108 0.1202 0.4332 0.9418 1.2678 1.3002 1.2192 0.9718 0.691 0.4438 0.2688 0.1564 0.0822 0.0354 0.0274 0.016 0.0068 0.004 0.0032 0 0.0028 0.0102 0.0366 0.0898 0.1612 0.3128 0.519 0.6912 0.7834 0.8356 0.718 0.5476 0.4544 0.3038 0.2164 0.1202 0.079 0.0504 0.0254 0.0166 0.0186 0.0048 0.0022 0.0094 0.009 0.018 0.0464 0.1122 0.1654 0.2428 0.3222 0.4474 0.475 0.4476 0.4478 0.3506 0.2634 0.1908 0.1652 0.1402 0.0564 0.0342 0.0256 0.0152 0.0074 0.0078 0 0.0024 0.0094 0.0094 0.019 0.0256 0.0606 0.101 0.129 0.156 0.1886 0.202 0.2024 0.1512 0.1414 0.143 
0 0 0 0 0 0 0 0 0 0 0 0 0 0 0 0 0 0 0.0066 0.0832 0.3932 0.8762 1.3566 1.4758 1.2164 0.8598 0.648 0.428 0.2786 0.1742 0.0808 0.0506 0.0318 0.0138 0.0132 0.0124 0.0008 0 0 0.004 0.0114 0.0746 0.1624 0.3442 0.5354 0.7566 0.8328 0.757 0.678 0.5076 0.4242 0.2968 0.227 0.131 0.0932 0.069 0.0482 0.0272 0.0112 0.0082 0 0.001 0.0062 0.0142 0.04 0.0962 0.1724 0.2492 0.3622 0.4422 0.4828 0.4486 0.408 0.341 0.2724 0.1794 0.1564 0.1036 0.0722 0.0682 0.0392 0.031 0.0108 0.0028 0 0 0.0098 0.0174 0.0146 0.047 0.0664 0.0982 0.1028 0.1338 0.189 0.194 0.179 0.1592 0.1772 0.1242 
0 0 0 0 0 0 0 0 0 0 0 0 0 0 0 0 0 0 0.0094 0.1088 0.4592 0.911 1.281 1.295 1.1606 1.031 0.6934 0.4048 0.2696 0.1706 0.0944 0.0538 0.0286 0.0116 0.0044 0.0064 0.0064 0 0 0.0034 0.0194 0.084 0.2104 0.3512 0.5368 0.6622 0.7268 0.7682 0.6826 0.6268 0.4416 0.3026 0.195 0.126 0.0946 0.0804 0.045 0.0258 0.0096 0.003 0.0046 0.003 0.008 0.0246 0.0592 0.1232 0.1724 0.2388 0.32 0.4144 0.4536 0.4456 0.453 0.3696 0.2466 0.1984 0.138 0.097 0.0596 0.0506 0.0504 0.038 0.0122 0.0064 0.0086 0.0124 0.0068 0.0102 0.0266 0.054 0.076 0.0878 0.1012 0.1092 0.1732 0.1988 0.2098 0.1798 0.155 0.1398 
0 0 0 0 0 0 0 0 0 0 0 0 0 0 0 0 0 0 0.01 0.089 0.4466 1.0486 1.5142 1.5084 1.153 0.8466 0.5818 0.3474 0.2072 0.121 0.0734 0.03 0.0176 0.0042 0.001 0 0 0 0 0.0026 0.0312 0.092 0.216 0.4386 0.6064 0.7818 0.778 0.7354 0.719 0.5316 0.3506 0.2756 0.1684 0.1132 0.0662 0.0446 0.0208 0.0094 0.0108 0.0052 0.0026 0.0024 0.0198 0.0422 0.091 0.125 0.203 0.3448 0.416 0.4306 0.4316 0.422 0.3778 0.2894 0.2608 0.1824 0.121 0.085 0.064 0.0454 0.0194 0.017 0.0018 0.0014 0.0034 0.025 0.0182 0.0326 0.0462 0.0612 0.0894 0.1338 0.1678 0.1686 0.178 0.1844 0.1828 0.1544 0.1336 0.11 
0 0 0 0 0 0 0 0 0 0 0 0 0 0 0 0 0 0.0004 0.011 0.0646 0.359 0.8872 1.2554 1.509 1.2446 0.9596 0.6696 0.4318 0.2412 0.1738 0.085 0.0492 0.0258 0.0156 0.0098 0.0058 0.0016 0 0.0022 0.004 0.0116 0.0498 0.1656 0.3176 0.5376 0.644 0.7306 0.8028 0.685 0.6088 0.4632 0.3754 0.2412 0.125 0.0918 0.0424 0.0382 0.0268 0.0116 0.0164 0.0058 0.0036 0.0124 0.0196 0.0388 0.0828 0.1644 0.263 0.363 0.3722 0.3884 0.4026 0.4084 0.4018 0.3232 0.222 0.1702 0.1194 0.0816 0.0594 0.0392 0.0238 0.0222 0.0104 0.0056 0.004 0.0076 0.0098 0.0194 0.04 0.0698 0.095 0.1048 0.1414 0.184 0.1766 0.1928 0.166 0.1356 0.1396 
0 0 0 0 0 0 0 0 0 0 0 0 0 0 0 0 0 0.0006 0.0098 0.1072 0.5048 1.0898 1.361 1.3778 1.2116 0.8934 0.5488 0.388 0.2482 0.1352 0.065 0.0354 0.0122 0.005 0.006 0.0002 0 0 0.0008 0.0012 0.0294 0.1014 0.2094 0.4114 0.6236 0.7352 0.8296 0.8178 0.689 0.4972 0.399 0.2816 0.1806 0.096 0.0524 0.0248 0.0126 0.007 0 0 0 0.0052 0.01 0.0286 0.0628 0.144 0.2594 0.3176 0.3796 0.4416 0.4262 0.4318 0.41 0.3812 0.2594 0.1828 0.1274 0.0656 0.0424 0.008 0.0082 0.0056 0.0014 0.0012 0 0.0016 0.004 0.0138 0.0502 0.0674 0.0794 0.1344 0.1502 0.1652 0.1788 0.1862 0.1772 0.1774 0.1792 0.1482 
0 0 0 0 0 0 0 0 0 0 0 0 0 0 0 0 0 0 0.0058 0.0872 0.3854 0.8466 1.3182 1.4972 1.358 0.956 0.6626 0.4148 0.2126 0.1424 0.0658 0.0244 0.0102 0.0076 0.0052 0 0 0 0 0.0028 0.0246 0.0662 0.132 0.289 0.5232 0.7238 0.8078 0.8528 0.7216 0.6432 0.478 0.2922 0.2018 0.1286 0.0594 0.03 0.0158 0.0054 0.0018 0 0 0.002 0.0056 0.0174 0.0536 0.0838 0.1522 0.2286 0.3388 0.4692 0.4918 0.4632 0.4106 0.3818 0.32 0.222 0.1416 0.094 0.063 0.0412 0.0114 0.0056 0.0026 0 0 0.0014 0.0038 0.0106 0.0252 0.033 0.066 0.103 0.126 0.1696 0.1866 0.1798 0.2106 0.195 0.1612 0.1624 
0 0 0 0 0 0 0 0 0 0 0 0 0 0 0 0 0 0 0.0052 0.094 0.431 0.921 1.3264 1.4068 1.2082 0.9384 0.6868 0.4564 0.267 0.112 0.071 0.0418 0.0196 0.007 0.003 0.0012 0.0022 0.001 0 0.0008 0.02 0.0694 0.1922 0.4052 0.546 0.695 0.7492 0.8632 0.6392 0.5382 0.4664 0.3538 0.1752 0.115 0.0586 0.0506 0.0366 0.007 0.004 0.0046 0.0052 0.0046 0.007 0.022 0.0712 0.1088 0.1832 0.2776 0.3614 0.4608 0.4316 0.4332 0.4406 0.3432 0.2742 0.1706 0.1158 0.0996 0.0724 0.0516 0.0372 0.019 0.0144 0.0052 0.0032 0.0036 0.0112 0.0158 0.027 0.0316 0.0594 0.0978 0.142 0.163 0.1942 0.2154 0.2092 0.188 0.1256 0.1038 
0 0 0 0 0 0 0 0 0 0 0 0 0 0 0 0 0 0 0.0088 0.1252 0.5028 1.0056 1.3508 1.3808 1.1112 0.806 0.6102 0.4536 0.262 0.131 0.0758 0.0648 0.05 0.0292 0.0218 0.0068 0.002 0.0016 0.001 0.0078 0.0376 0.1066 0.2264 0.4146 0.561 0.7358 0.841 0.7484 0.5984 0.5084 0.3826 0.2626 0.1556 0.1302 0.1148 0.0744 0.0372 0.0206 0.0116 0.0074 0.0074 0.006 0.0118 0.037 0.083 0.1508 0.2262 0.3128 0.3794 0.3848 0.4228 0.4288 0.3782 0.3088 0.239 0.1806 0.1368 0.1088 0.0904 0.0576 0.0246 0.015 0.0064 0.004 0.0042 0.008 0.0162 0.0282 0.0314 0.0508 0.0704 0.1226 0.1298 0.1378 0.1782 0.176 0.1576 0.1636 0.1638 0.1318 
0 0 0 0 0 0 0 0 0 0 0 0 0 0 0 0 0 0 0.004 0.0728 0.3636 0.967 1.3644 1.3494 1.2842 0.9638 0.6624 0.3998 0.213 0.136 0.0916 0.0616 0.0298 0.0148 0.0088 0.0038 0.0032 0.0026 0.0018 0.0042 0.0194 0.0672 0.1606 0.3694 0.548 0.7226 0.7514 0.7064 0.6742 0.6172 0.4356 0.311 0.2096 0.144 0.0942 0.0614 0.0442 0.0312 0.0138 0.0068 0.0048 0.008 0.0068 0.0156 0.0438 0.1138 0.1924 0.3018 0.3378 0.3504 0.4448 0.435 0.3678 0.336 0.2896 0.2188 0.1638 0.119 0.1102 0.063 0.034 0.029 0.01 0.0064 0.0046 0.002 0.0084 0.0078 0.0234 0.0346 0.079 0.1266 0.1522 0.1498 0.1694 0.1668 0.162 0.1304 0.1354 0.1392 
0 0 0 0 0 0 0 0 0 0 0 0 0 0 0 0 0 0.0002 0.0054 0.0694 0.3472 0.8662 1.366 1.4426 1.252 0.92 0.6726 0.4312 0.2552 0.1832 0.1086 0.0578 0.0162 0.0062 0 0 0 0 0 0.0006 0.01 0.0598 0.1648 0.2982 0.4822 0.6774 0.7724 0.7956 0.7344 0.6074 0.4764 0.3316 0.2456 0.1588 0.1048 0.0488 0.0136 0.0106 0.004 0.003 0 0 0.0104 0.01 0.0338 0.0948 0.157 0.2132 0.3206 0.4384 0.4686 0.4288 0.3882 0.3356 0.3118 0.2832 0.209 0.1566 0.0818 0.0288 0.013 0.0084 0.008 0 0.0016 0.0022 0.0044 0.0126 0.0146 0.031 0.056 0.0888 0.1192 0.1568 0.1566 0.1758 0.202 0.1752 0.1718 0.1354 
0 0 0 0 0 0 0 0 0 0 0 0 0 0 0 0 0 0 0.0102 0.1072 0.468 0.9418 1.276 1.3416 1.1636 0.9054 0.638 0.466 0.2842 0.1874 0.0996 0.0496 0.025 0.0234 0.006 0.007 0 0 0 0.0012 0.0258 0.0684 0.1902 0.3772 0.5652 0.7348 0.7664 0.7898 0.6714 0.5382 0.3986 0.276 0.2006 0.1564 0.098 0.0622 0.0396 0.026 0.0094 0.0046 0 0.0004 0.0056 0.0102 0.0494 0.0952 0.1688 0.278 0.3846 0.4594 0.5124 0.4262 0.3734 0.3216 0.2656 0.201 0.1552 0.113 0.0716 0.049 0.0236 0.0154 0.008 0.003 0.0054 0.0042 0.005 0.0098 0.0286 0.049 0.0714 0.1002 0.102 0.1244 0.1594 0.2162 0.2028 0.2048 0.167 0.1074 
0 0 0 0 0 0 0 0 0 0 0 0 0 0 0 0 0 0 0.0048 0.0904 0.4198 1.003 1.3574 1.396 1.2356 0.904 0.6346 0.4294 0.234 0.1226 0.0648 0.047 0.031 0.0148 0.0058 0.0042 0.0008 0 0.0024 0.005 0.0244 0.1006 0.1942 0.3484 0.5332 0.65 0.7706 0.77 0.7034 0.5964 0.463 0.333 0.217 0.153 0.0572 0.0346 0.0192 0.0082 0.0042 0.0044 0.0042 0.0078 0.0278 0.0368 0.061 0.0982 0.174 0.2666 0.318 0.44 0.4588 0.4058 0.4042 0.3448 0.2966 0.2196 0.1952 0.0986 0.054 0.0406 0.02 0.0094 0.0098 0.0088 0.0062 0.0072 0.0084 0.0148 0.0354 0.0556 0.0592 0.0836 0.14 0.1578 0.1938 0.1986 0.173 0.1982 0.1716 0.1278 
0 0 0 0 0 0 0 0 0 0 0 0 0 0 0 0 0 0 0.0182 0.1044 0.3804 0.8692 1.2346 1.354 1.2028 0.969 0.6806 0.5158 0.318 0.1668 0.0898 0.0478 0.0204 0.012 0.01 0.0016 0.0028 0.0018 0 0.002 0.0178 0.1032 0.2068 0.3186 0.4364 0.5526 0.6992 0.7108 0.736 0.6552 0.472 0.3872 0.2428 0.16 0.112 0.0802 0.0494 0.0296 0.0126 0.008 0.0064 0.0012 0.0156 0.0404 0.0744 0.1182 0.159 0.1996 0.2688 0.3336 0.402 0.4324 0.3792 0.3622 0.2526 0.26 0.2184 0.1648 0.1348 0.0802 0.0412 0.0142 0.0158 0.0198 0.0186 0.0106 0.0186 0.026 0.0456 0.0562 0.0538 0.0886 0.093 0.1198 0.1056 0.1314 0.1586 0.1546 0.1484 0.1578 
0 0 0 0 0 0 0 0 0 0 0 0 0 0 0 0 0 0 0.007 0.0936 0.4046 0.9704 1.2624 1.3754 1.2332 0.9422 0.6842 0.4646 0.2474 0.143 0.09 0.039 0.0236 0.0156 0.0022 0.0016 0 0 0.0014 0.0024 0.0216 0.0836 0.1758 0.3244 0.5428 0.6912 0.7398 0.7764 0.7436 0.602 0.4486 0.3372 0.2162 0.1304 0.0752 0.0368 0.0182 0.0112 0.0104 0.0046 0.0062 0 0.0082 0.0286 0.062 0.1112 0.1738 0.2576 0.2858 0.372 0.4628 0.4362 0.4202 0.445 0.3186 0.2338 0.167 0.1076 0.0428 0.022 0.0226 0.009 0.006 0.0044 0.0028 0 0.005 0.0124 0.0238 0.0232 0.045 0.0908 0.1336 0.1514 0.173 0.2054 0.1754 0.1978 0.201 0.1486 
0 0 0 0 0 0 0 0 0 0 0 0 0 0 0 0 0 0.0004 0.0056 0.0872 0.3826 0.853 1.2078 1.494 1.2736 0.961 0.6974 0.4352 0.2684 0.1696 0.0876 0.046 0.0182 0.0056 0.0068 0 0 0 0 0 0.0178 0.0638 0.1768 0.323 0.4966 0.6256 0.7016 0.7436 0.7404 0.6218 0.4664 0.3678 0.2584 0.169 0.0906 0.0556 0.0428 0.0212 0.0094 0.0078 0 0 0.0076 0.0266 0.0544 0.1226 0.1646 0.2278 0.2926 0.362 0.3854 0.4022 0.4356 0.3744 0.32 0.2472 0.1932 0.1504 0.0868 0.0496 0.0318 0.026 0.0178 0.0094 0.0084 0.01 0.008 0.01 0.031 0.042 0.069 0.0822 0.1156 0.1376 0.155 0.1712 0.201 0.1676 0.1474 0.1466 
0 0 0 0 0 0 0 0 0 0 0 0 0 0 0 0 0 0 0.0062 0.0752 0.4302 1.0004 1.42 1.516 1.2088 0.8514 0.5918 0.3836 0.247 0.1118 0.0824 0.0518 0.013 0.0038 0.0034 0.0032 0 0 0.0006 0.0014 0.016 0.0592 0.2344 0.3992 0.6414 0.7784 0.7746 0.7336 0.5936 0.582 0.395 0.3114 0.1892 0.1008 0.079 0.0562 0.0308 0.008 0.0062 0.009 0 0.003 0.0084 0.033 0.0692 0.13 0.2358 0.3326 0.3714 0.405 0.4264 0.4118 0.3958 0.3066 0.2714 0.2132 0.1264 0.0944 0.073 0.0438 0.0234 0.0064 0.0078 0.0022 0.0062 0.0088 0.011 0.0188 0.0344 0.0684 0.1074 0.1086 0.1366 0.1516 0.1722 0.191 0.2044 0.148 0.1392 0.1206 
0 0 0 0 0 0 0 0 0 0 0 0 0 0 0 0 0 0 0.0108 0.0754 0.4074 0.9076 1.299 1.3942 1.327 1.041 0.7222 0.406 0.1958 0.0948 0.0336 0.0316 0.028 0.01 0.0064 0.0036 0.002 0.0036 0 0.0024 0.0206 0.0748 0.1746 0.351 0.503 0.621 0.7728 0.8398 0.737 0.6794 0.4824 0.3312 0.156 0.0948 0.066 0.0348 0.0264 0.0106 0.0078 0.0056 0.0032 0.0034 0.008 0.024 0.0508 0.0902 0.1648 0.2538 0.3484 0.4044 0.4796 0.461 0.441 0.3796 0.3024 0.2088 0.1366 0.083 0.0736 0.0478 0.0178 0.013 0.0038 0.0036 0.0024 0.003 0.008 0.0248 0.0318 0.0468 0.0572 0.1094 0.1328 0.1396 0.169 0.193 0.2084 0.194 0.1634 0.1228 
0 0 0 0 0 0 0 0 0 0 0 0 0 0 0 0 0 0.0006 0.014 0.1158 0.4386 1.0154 1.4024 1.488 1.2164 0.8834 0.633 0.355 0.2194 0.1082 0.059 0.0248 0.0154 0.0036 0.0016 0.0016 0.0028 0.001 0.0002 0.0048 0.0426 0.0834 0.1956 0.366 0.5842 0.7348 0.868 0.7732 0.6722 0.625 0.4268 0.2684 0.1444 0.0882 0.0496 0.0254 0.0172 0.0176 0.0092 0.0014 0.0018 0.005 0.012 0.0346 0.0622 0.092 0.1782 0.285 0.4282 0.4758 0.5412 0.4546 0.3988 0.3252 0.2346 0.1742 0.1118 0.0616 0.0452 0.0358 0.0266 0.0102 0.0082 0.0018 0.0014 0.0022 0.0076 0.0158 0.0284 0.0434 0.0574 0.1396 0.1734 0.231 0.2226 0.2028 0.1648 0.1626 0.1388 0.1052 
0 0 0 0 0 0 0 0 0 0 0 0 0 0 0 0 0 0 0.0118 0.1092 0.4288 1.0994 1.482 1.348 1.1798 0.8988 0.6514 0.3436 0.2186 0.1176 0.0624 0.037 0.0116 0 0 0 0 0 0 0.0022 0.016 0.0932 0.2512 0.412 0.6448 0.7736 0.8526 0.8486 0.6658 0.4878 0.3372 0.2308 0.1718 0.0984 0.0664 0.0194 0.0196 0.0086 0 0 0 0.001 0.005 0.0144 0.0706 0.1282 0.2286 0.3278 0.445 0.5116 0.5104 0.4806 0.3684 0.2744 0.2246 0.1634 0.1038 0.0776 0.0392 0.0162 0.0082 0.001 0 0 0 0 0.0034 0.0146 0.0482 0.0418 0.085 0.1132 0.175 0.1928 0.183 0.2024 0.2152 0.1776 0.1722 0.1254 
0 0 0 0 0 0 0 0 0 0 0 0 0 0 0 0 0 0 0.007 0.082 0.2938 0.7316 1.1588 1.43 1.3472 1.0596 0.7788 0.4668 0.2776 0.1642 0.0974 0.05 0.0308 0.0158 0.0072 0.0014 0 0 0.0004 0.0012 0.0138 0.0306 0.1 0.2386 0.3894 0.5634 0.736 0.8184 0.7962 0.7104 0.5046 0.4002 0.2382 0.1654 0.1056 0.0828 0.0524 0.0276 0.016 0.0088 0.0018 0.0022 0.0054 0.0154 0.0206 0.0576 0.1032 0.1846 0.2954 0.309 0.3794 0.4386 0.399 0.4232 0.3924 0.3268 0.2144 0.145 0.1184 0.0846 0.0394 0.0168 0.015 0.0138 0.0012 0.0008 0.0032 0.0056 0.0078 0.0282 0.0464 0.0448 0.083 0.1184 0.1684 0.152 0.1878 0.2106 0.2112 0.1536 
0 0 0 0 0 0 0 0 0 0 0 0 0 0 0 0 0 0 0.0032 0.1016 0.4582 0.9888 1.3636 1.4668 1.241 0.9192 0.5912 0.3612 0.2482 0.1326 0.0544 0.0316 0.0234 0.0092 0.0022 0.0024 0.0012 0 0.0008 0.0074 0.0254 0.091 0.2228 0.3974 0.5572 0.7048 0.8148 0.7674 0.6538 0.5676 0.4358 0.2914 0.1978 0.1156 0.0708 0.0332 0.0256 0.0112 0.0032 0.0036 0.0014 0.0054 0.0066 0.0252 0.066 0.1124 0.2074 0.3232 0.4086 0.4456 0.425 0.419 0.4 0.3248 0.2908 0.198 0.1108 0.075 0.0558 0.0392 0.0192 0.0126 0.015 0.0082 0.0062 0.0006 0.0056 0.0118 0.0286 0.0456 0.0748 0.1244 0.1954 0.1996 0.1814 0.1772 0.1966 0.1598 0.1456 0.1232 
0 0 0 0 0 0 0 0 0 0 0 0 0 0 0 0 0 0 0.0068 0.0756 0.3472 0.9036 1.3952 1.5502 1.308 0.9092 0.5642 0.401 0.2448 0.1428 0.0824 0.0262 0.0204 0.0118 0.0052 0.0014 0.0016 0.0024 0 0.0012 0.0266 0.0576 0.1656 0.3436 0.551 0.7 0.8134 0.855 0.7204 0.5826 0.4138 0.3188 0.2042 0.118 0.0586 0.034 0.0178 0.0074 0.0054 0.005 0 0.0044 0.0084 0.0216 0.0422 0.1152 0.1928 0.252 0.385 0.4338 0.4842 0.4332 0.402 0.344 0.2886 0.2156 0.141 0.0978 0.048 0.0372 0.0212 0.016 0.0072 0.004 0.0062 0.0026 0.003 0.0076 0.0406 0.0468 0.0786 0.1208 0.1216 0.1258 0.184 0.1886 0.1728 0.1672 0.1792 0.1488 
0 0 0 0 0 0 0 0 0 0 0 0 0 0 0 0 0 0 0.0082 0.111 0.4826 1.0108 1.3606 1.5002 1.2352 0.8938 0.6178 0.3584 0.2252 0.0808 0.0394 0.0228 0.0266 0.0176 0.0074 0.0016 0 0 0 0.0054 0.0386 0.0974 0.2508 0.4124 0.5708 0.7314 0.7694 0.7602 0.6484 0.6004 0.4168 0.2934 0.188 0.1018 0.041 0.0338 0.0142 0.0146 0.0092 0.002 0.001 0.0076 0.0194 0.042 0.0926 0.1552 0.2276 0.2932 0.331 0.3812 0.4256 0.4854 0.4194 0.3294 0.2704 0.1842 0.1426 0.0722 0.0544 0.0314 0.0184 0.0116 0.0044 0.0046 0.0038 0.011 0.0124 0.0252 0.0318 0.0558 0.109 0.1286 0.1536 0.1556 0.1844 0.1772 0.1736 0.1808 0.1558 0.1308 
0 0 0 0 0 0 0 0 0 0 0 0 0 0 0 0 0 0 0.0058 0.0778 0.3972 0.8308 1.2504 1.3804 1.2782 1.0148 0.6872 0.4128 0.2594 0.176 0.1164 0.0778 0.0214 0.0118 0.0018 0 0 0 0 0 0.0106 0.066 0.1542 0.3084 0.4772 0.6352 0.7522 0.7286 0.693 0.6292 0.44 0.344 0.2548 0.194 0.138 0.1054 0.0376 0.019 0.0126 0 0 0 0.0062 0.0142 0.033 0.0956 0.1676 0.242 0.3106 0.3486 0.4398 0.3818 0.3766 0.3338 0.3134 0.3114 0.1812 0.1552 0.1214 0.081 0.0348 0.0142 0.0102 0.0106 0.0082 0.0056 0.0058 0.0086 0.024 0.042 0.0618 0.1048 0.1142 0.1334 0.1654 0.1618 0.1514 0.1488 0.1828 0.1548 
0 0 0 0 0 0 0 0 0 0 0 0 0 0 0 0 0 0 0.0044 0.0934 0.3988 0.9108 1.4374 1.4176 1.226 0.988 0.6306 0.471 0.2462 0.1124 0.0388 0.014 0.004 0.0016 0.0016 0.0034 0 0 0.0014 0.0056 0.0088 0.051 0.1888 0.3914 0.5484 0.6846 0.7932 0.8036 0.7322 0.589 0.4854 0.3106 0.2034 0.0788 0.0522 0.0324 0.023 0.01 0.0018 0.004 0.0004 0 0.0022 0.0124 0.054 0.1138 0.1964 0.2624 0.3554 0.4302 0.4676 0.4996 0.42 0.3556 0.2796 0.204 0.1312 0.0936 0.0596 0.0366 0.0214 0.0044 0 0 0 0.003 0.007 0.0122 0.0154 0.0472 0.07 0.115 0.138 0.156 0.2048 0.1962 0.1888 0.1758 0.1716 0.1596 
0 0 0 0 0 0 0 0 0 0 0 0 0 0 0 0 0 0 0.0114 0.1184 0.4982 1.0682 1.3972 1.3744 1.1706 0.9054 0.5942 0.3828 0.2216 0.1244 0.0528 0.0408 0.0154 0.0078 0.0068 0.0064 0.0022 0.001 0.0002 0.0064 0.0266 0.1148 0.243 0.4096 0.6514 0.7384 0.7946 0.7646 0.6784 0.534 0.3906 0.2552 0.1658 0.1058 0.0612 0.0316 0.0136 0.008 0.0036 0.0016 0.001 0 0.007 0.0194 0.0566 0.1158 0.263 0.3898 0.4212 0.473 0.4238 0.4196 0.3806 0.3284 0.2484 0.1752 0.1256 0.0678 0.0418 0.0218 0.0162 0.005 0 0 0 0.0034 0.004 0.0124 0.024 0.0508 0.0946 0.1356 0.1662 0.1972 0.2274 0.2044 0.1734 0.155 0.1306 0.1098 
0 0 0 0 0 0 0 0 0 0 0 0 0 0 0 0 0 0 0.0092 0.0988 0.4218 1.0514 1.4702 1.5708 1.2504 0.8508 0.5482 0.3268 0.1836 0.1038 0.0582 0.0292 0.011 0.0094 0.0012 0.0012 0.0014 0.0026 0 0.0032 0.0232 0.0726 0.197 0.394 0.6062 0.7848 0.8734 0.7972 0.7098 0.5656 0.3864 0.2148 0.1492 0.091 0.0484 0.0322 0.0208 0.0122 0.0102 0.0028 0.0046 0.0004 0.0024 0.0192 0.0582 0.1212 0.2342 0.3126 0.3882 0.4892 0.51 0.5334 0.3976 0.265 0.238 0.1458 0.0846 0.0616 0.0432 0.035 0.0286 0.0194 0.0082 0.0032 0.0012 0.0056 0.0066 0.0194 0.0232 0.0388 0.0938 0.1378 0.1966 0.2542 0.2324 0.2016 0.1692 0.1398 0.1274 0.1012 
0 0 0 0 0 0 0 0 0 0 0 0 0 0 0 0 0 0 0.0056 0.074 0.4264 0.9498 1.2782 1.3832 1.2958 0.9878 0.72 0.4176 0.2164 0.1288 0.0688 0.0264 0.0114 0.0024 0.0042 0.0032 0 0 0 0.0048 0.0218 0.0678 0.1786 0.349 0.5928 0.6476 0.7278 0.8378 0.76 0.5696 0.424 0.3202 0.2204 0.1338 0.072 0.0376 0.017 0.0128 0.0046 0 0 0.0016 0.005 0.0182 0.0518 0.1092 0.2236 0.2914 0.3152 0.4086 0.439 0.3832 0.3946 0.4046 0.34 0.2302 0.1668 0.1006 0.0536 0.0372 0.0144 0.0036 0.0076 0 0 0.0016 0.0072 0.0204 0.0298 0.0492 0.0792 0.0958 0.1176 0.1392 0.1686 0.1742 0.186 0.182 0.1826 0.164 
0 0 0 0 0 0 0 0 0 0 0 0 0 0 0 0 0 0 0.0076 0.0796 0.399 0.8594 1.3266 1.5276 1.2916 0.983 0.6284 0.391 0.2154 0.1392 0.0856 0.0388 0.0198 0.006 0.0014 0 0 0 0.0022 0.0024 0.015 0.067 0.1558 0.3326 0.5394 0.6962 0.7902 0.8332 0.6888 0.5728 0.4452 0.2994 0.2262 0.1424 0.0858 0.0556 0.032 0.0108 0.0048 0.0022 0 0.0014 0.0068 0.0206 0.05 0.0782 0.1526 0.281 0.4114 0.4344 0.4542 0.4692 0.413 0.3 0.2382 0.176 0.1484 0.1356 0.0822 0.057 0.0364 0.0272 0.0158 0.0074 0.0016 0.0014 0 0.0118 0.0288 0.029 0.0624 0.1254 0.1526 0.1836 0.2216 0.1976 0.1668 0.1556 0.1122 0.1028 
0 0 0 0 0 0 0 0 0 0 0 0 0 0 0 0 0 0 0.003 0.0712 0.435 0.951 1.3652 1.417 1.2292 0.9112 0.6128 0.4538 0.2478 0.1324 0.0846 0.0442 0.028 0.0082 0.0026 0.0014 0.0014 0 0 0.0006 0.0142 0.0618 0.1982 0.3706 0.5742 0.7054 0.7952 0.7804 0.711 0.5842 0.4404 0.2904 0.1966 0.1124 0.065 0.0434 0.0304 0.011 0.0096 0.0036 0.0014 0 0 0.0154 0.0566 0.1102 0.1966 0.2928 0.3312 0.4214 0.4666 0.4384 0.443 0.3844 0.2816 0.1928 0.1402 0.0932 0.0748 0.0356 0.0136 0.0086 0.003 0 0 0 0.0026 0.022 0.033 0.0404 0.0816 0.096 0.1198 0.132 0.1824 0.1826 0.2088 0.1936 0.1656 0.1268 
0 0 0 0 0 0 0 0 0 0 0 0 0 0 0 0 0 0 0.0062 0.0624 0.3438 0.879 1.329 1.438 1.3208 0.9334 0.6242 0.4484 0.259 0.1618 0.0938 0.0638 0.0216 0.0096 0.0018 0.0016 0.0018 0 0.0004 0.0026 0.0072 0.051 0.153 0.3308 0.5276 0.6784 0.7858 0.7248 0.6936 0.5766 0.4522 0.363 0.2812 0.1518 0.091 0.0568 0.0416 0.0168 0.0066 0.0046 0.0026 0 0.0048 0.0128 0.0504 0.1058 0.1506 0.2612 0.3116 0.4106 0.4362 0.3888 0.3702 0.3648 0.341 0.228 0.2008 0.1464 0.0978 0.0548 0.0276 0.0194 0.0146 0.0018 0 0 0.0038 0.0132 0.014 0.0342 0.0568 0.1094 0.1218 0.1764 0.1422 0.1746 0.169 0.1768 0.1514 0.1244 
0 0 0 0 0 0 0 0 0 0 0 0 0 0 0 0 0 0 0.0114 0.106 0.4372 0.96 1.337 1.3514 1.2316 0.9962 0.6804 0.422 0.2264 0.1158 0.0822 0.03 0.0062 0.0028 0.0018 0.0016 0 0 0.0004 0.008 0.0218 0.07 0.1746 0.3896 0.5782 0.6942 0.813 0.869 0.7084 0.611 0.3528 0.289 0.1964 0.1198 0.0516 0.0362 0.0112 0.0046 0.0002 0 0 0.0004 0.0054 0.0184 0.0536 0.1066 0.1948 0.2822 0.3536 0.489 0.4898 0.4738 0.4428 0.3422 0.2492 0.1962 0.1236 0.0958 0.0464 0.0192 0.0088 0.0062 0.002 0 0 0.0014 0.0024 0.0138 0.02 0.0344 0.074 0.0938 0.121 0.156 0.205 0.218 0.239 0.2084 0.1734 0.1228 
0 0 0 0 0 0 0 0 0 0 0 0 0 0 0 0 0 0.001 0.0112 0.0944 0.3666 0.7858 1.2716 1.3598 1.2772 1.0262 0.7226 0.4648 0.2618 0.1822 0.084 0.0418 0.018 0.0146 0.0072 0.0092 0 0.0004 0.0032 0.007 0.014 0.0406 0.1416 0.3028 0.506 0.6414 0.753 0.8094 0.7262 0.6266 0.4724 0.3594 0.2324 0.1462 0.0836 0.045 0.0242 0.0198 0.028 0.0098 0.007 0.002 0.0052 0.019 0.0308 0.0724 0.1242 0.2446 0.3472 0.415 0.3994 0.499 0.4526 0.345 0.269 0.224 0.1682 0.1496 0.0932 0.0478 0.0322 0.0144 0.016 0.0162 0.0108 0.0032 0.003 0.0128 0.0228 0.0394 0.0426 0.0596 0.0936 0.1574 0.165 0.2214 0.191 0.1818 0.172 0.145 
0 0 0 0 0 0 0 0 0 0 0 0 0 0 0 0 0 0 0.0046 0.0764 0.3878 0.908 1.2622 1.3462 1.133 1.003 0.7582 0.445 0.2908 0.1664 0.0928 0.0536 0.0394 0.0216 0.0094 0.0016 0 0 0 0.0012 0.0172 0.062 0.1514 0.334 0.5304 0.6572 0.7284 0.6976 0.683 0.6304 0.5366 0.3632 0.24 0.1786 0.0782 0.048 0.0284 0.0248 0.0068 0.0026 0 0 0.0034 0.0106 0.0332 0.0908 0.165 0.1866 0.3128 0.4056 0.4652 0.4364 0.457 0.3808 0.3154 0.2388 0.1888 0.1426 0.0644 0.0444 0.0318 0.0146 0.009 0.0028 0 0 0.0028 0.01 0.0106 0.032 0.0538 0.0774 0.1092 0.139 0.15 0.1642 0.1856 0.1958 0.1816 0.159 
0 0 0 0 0 0 0 0 0 0 0 0 0 0 0 0 0 0 0.0034 0.0792 0.4232 0.88 1.3634 1.3346 1.283 1.022 0.6596 0.4114 0.2354 0.1234 0.0862 0.0398 0.0258 0.0196 0.01 0 0 0 0 0.0024 0.0188 0.0988 0.1776 0.3646 0.5304 0.6872 0.7304 0.7728 0.6746 0.5472 0.4208 0.3586 0.2426 0.1574 0.0998 0.049 0.0324 0.017 0.0148 0.0028 0.0024 0.008 0.0104 0.0242 0.0558 0.1166 0.178 0.279 0.3334 0.4026 0.4218 0.4308 0.3704 0.3494 0.2584 0.2064 0.1706 0.1462 0.1108 0.067 0.0288 0.0224 0.0038 0.0038 0.0038 0.0102 0.0146 0.0206 0.0182 0.0498 0.0648 0.0976 0.1002 0.1476 0.1828 0.2092 0.1918 0.1648 0.137 0.1128 
0 0 0 0 0 0 0 0 0 0 0 0 0 0 0 0 0 0 0.0086 0.0978 0.406 0.9156 1.2824 1.3476 1.199 0.953 0.7064 0.4794 0.2768 0.159 0.0712 0.0412 0.0252 0.0156 0.0058 0.0056 0.0038 0 0.001 0.0046 0.0154 0.0704 0.1982 0.3418 0.5046 0.6582 0.7404 0.7594 0.706 0.5702 0.443 0.344 0.2408 0.1594 0.0948 0.0686 0.038 0.0158 0.0158 0.0096 0 0.0002 0.0112 0.0288 0.0508 0.089 0.161 0.2418 0.3204 0.432 0.465 0.443 0.399 0.3226 0.2464 0.222 0.172 0.154 0.0922 0.0574 0.0458 0.021 0.0116 0.004 0.0028 0.004 0.007 0.0128 0.0228 0.0402 0.0564 0.0808 0.1382 0.1294 0.1814 0.2374 0.1524 0.1392 0.1708 0.1624 
0 0 0 0 0 0 0 0 0 0 0 0 0 0 0 0 0 0 0.0056 0.067 0.3808 0.8654 1.3082 1.4656 1.3022 0.9884 0.704 0.412 0.2314 0.1256 0.07 0.0428 0.0182 0.0128 0 0 0 0 0 0.0044 0.0158 0.0728 0.1748 0.3308 0.4888 0.6048 0.7706 0.7874 0.7298 0.6324 0.498 0.3314 0.2376 0.1264 0.0814 0.064 0.0246 0.0124 0.0086 0.0032 0 0 0.0036 0.0288 0.0628 0.1202 0.148 0.2432 0.3252 0.3584 0.419 0.437 0.4204 0.3688 0.315 0.2442 0.1954 0.1204 0.0754 0.0534 0.0246 0.0112 0.0206 0.0036 0.0008 0.0068 0.0082 0.026 0.0328 0.0438 0.065 0.0788 0.1266 0.1384 0.175 0.182 0.1886 0.1834 0.1578 0.122 
0 0 0 0 0 0 0 0 0 0 0 0 0 0 0 0 0 0.0008 0.0124 0.1084 0.4318 0.8888 1.3168 1.491 1.273 0.9802 0.6444 0.3946 0.2012 0.1308 0.0726 0.0336 0.0112 0.0052 0.0032 0 0 0 0.0008 0.0068 0.0198 0.0664 0.1524 0.338 0.5908 0.8132 0.8098 0.7884 0.6944 0.5746 0.4312 0.2946 0.1764 0.0956 0.0774 0.0344 0.0152 0.0064 0.0056 0.0064 0.0014 0 0.0048 0.018 0.0534 0.1022 0.1534 0.288 0.3948 0.4426 0.4594 0.4878 0.486 0.3728 0.245 0.1842 0.1334 0.072 0.045 0.0206 0.0214 0.0098 0.0054 0 0 0 0.0068 0.01 0.0204 0.041 0.062 0.1088 0.1262 0.1836 0.2094 0.2186 0.1888 0.1714 0.1764 0.1488 
0 0 0 0 0 0 0 0 0 0 0 0 0 0 0 0 0 0 0.009 0.0712 0.335 0.921 1.291 1.4052 1.2488 0.9616 0.6826 0.444 0.3222 0.1528 0.0938 0.039 0.0168 0.0046 0.0014 0 0 0 0.0018 0.0072 0.0148 0.0586 0.1652 0.3052 0.4882 0.6532 0.7694 0.8054 0.7062 0.6228 0.5004 0.355 0.2488 0.1498 0.0816 0.0376 0.0124 0.0058 0.0084 0.0022 0.0006 0.0022 0.0078 0.0138 0.0404 0.0802 0.1664 0.2106 0.2804 0.3822 0.4736 0.4976 0.4582 0.3898 0.3486 0.2514 0.1666 0.0836 0.067 0.0424 0.0238 0.0062 0.0042 0.0024 0 0.0008 0.0056 0.0106 0.0142 0.0276 0.05 0.0712 0.0978 0.1386 0.1676 0.2098 0.2078 0.2204 0.1798 0.1582 
0 0 0 0 0 0 0 0 0 0 0 0 0 0 0 0 0 0.0006 0.0096 0.0854 0.4102 0.959 1.4238 1.5664 1.3128 0.9066 0.5996 0.3368 0.1892 0.0976 0.054 0.0258 0.0144 0.0056 0.0026 0 0 0 0 0.004 0.0204 0.0772 0.2106 0.3902 0.6068 0.783 0.8022 0.7578 0.6714 0.574 0.4362 0.2564 0.17 0.1016 0.074 0.0416 0.0114 0.0048 0.0042 0.0022 0.0032 0.001 0.0116 0.031 0.071 0.14 0.2482 0.334 0.3406 0.376 0.4318 0.4192 0.4234 0.359 0.2836 0.1996 0.1444 0.09 0.0578 0.0216 0.0054 0.0058 0.004 0.0016 0.0008 0.0026 0.0126 0.0342 0.0404 0.0684 0.0928 0.1074 0.1382 0.162 0.1772 0.185 0.1856 0.1706 0.149 0.1456 
0 0 0 0 0 0 0 0 0 0 0 0 0 0 0 0 0 0 0.0022 0.0926 0.3892 0.8876 1.243 1.4562 1.2578 0.9414 0.6746 0.5004 0.2694 0.15 0.0702 0.033 0.0224 0.0068 0.0016 0.0016 0 0 0 0.0036 0.0196 0.0746 0.1498 0.3072 0.5428 0.662 0.6742 0.7852 0.7444 0.6874 0.537 0.3174 0.1924 0.1154 0.074 0.0402 0.0392 0.0194 0.006 0.003 0.0028 0.0044 0.009 0.0284 0.0436 0.0996 0.1676 0.2696 0.3066 0.3608 0.4174 0.4636 0.4402 0.3592 0.3298 0.2452 0.1542 0.1054 0.0686 0.0614 0.0296 0.0174 0.0068 0.0082 0.0084 0.0032 0.005 0.0098 0.0218 0.0372 0.0708 0.0844 0.1126 0.1434 0.1614 0.195 0.1842 0.1946 0.1842 0.1522 
0 0 0 0 0 0 0 0 0 0 0 0 0 0 0 0 0 0 0.0062 0.0736 0.4288 0.9312 1.312 1.3278 1.2386 1.0078 0.6744 0.4422 0.238 0.156 0.087 0.0456 0.0174 0.0134 0 0 0 0 0 0.0022 0.0154 0.0778 0.1886 0.375 0.5612 0.6914 0.7382 0.7192 0.6922 0.6006 0.4482 0.3644 0.1854 0.136 0.097 0.0522 0.0306 0.0098 0.0036 0.0022 0.003 0.0042 0.008 0.0142 0.0704 0.1368 0.1826 0.27 0.3522 0.3896 0.4208 0.415 0.4136 0.325 0.2792 0.2402 0.185 0.1248 0.062 0.0498 0.0322 0.0134 0.0114 0.0054 0 0.0092 0.0084 0.02 0.0314 0.0506 0.0808 0.0904 0.127 0.1354 0.1406 0.1682 0.176 0.1536 0.1672 0.1486 
0 0 0 0 0 0 0 0 0 0 0 0 0 0 0 0 0 0.0004 0.0094 0.106 0.4424 0.9608 1.487 1.455 1.2368 0.916 0.6094 0.3118 0.2014 0.1146 0.0632 0.039 0.0204 0.012 0.0052 0.0054 0.0038 0 0 0.0062 0.0232 0.0844 0.2088 0.4146 0.6286 0.7856 0.7914 0.7736 0.675 0.5576 0.3424 0.268 0.1862 0.124 0.0574 0.0326 0.0148 0.013 0.0022 0.0042 0.0022 0.0072 0.0166 0.0306 0.0516 0.1388 0.2516 0.3016 0.3644 0.4472 0.4182 0.463 0.4172 0.3778 0.2666 0.16 0.1232 0.0718 0.0432 0.0202 0.0132 0.0088 0.0032 0.001 0.0012 0.0084 0.0142 0.0322 0.0416 0.0506 0.0868 0.11 0.1316 0.147 0.1918 0.1946 0.1926 0.185 0.202 0.1306 
0 0 0 0 0 0 0 0 0 0 0 0 0 0 0 0 0 0 0.0058 0.0674 0.3748 0.9234 1.3268 1.5298 1.3498 0.938 0.568 0.404 0.2392 0.1488 0.071 0.038 0.0128 0.0024 0 0 0 0 0 0.003 0.0214 0.0514 0.1628 0.3192 0.4872 0.731 0.8348 0.8932 0.754 0.5848 0.4132 0.2856 0.1878 0.1124 0.0822 0.0408 0.0222 0.0108 0.0022 0 0.0014 0.0016 0.0044 0.0126 0.0566 0.0914 0.157 0.2276 0.3472 0.469 0.5444 0.463 0.4134 0.3348 0.2772 0.2308 0.1494 0.0906 0.0518 0.0324 0.028 0.0154 0 0 0.0024 0.0016 0.0018 0.01 0.024 0.05 0.0664 0.0906 0.1116 0.1632 0.185 0.2386 0.2002 0.1928 0.162 0.12 
0 0 0 0 0 0 0 0 0 0 0 0 0 0 0 0 0 0.0004 0.0032 0.0864 0.4244 1.0338 1.532 1.501 1.253 0.8918 0.5642 0.363 0.1658 0.0882 0.0374 0.0222 0.0122 0.017 0.001 0.0012 0.0018 0 0 0.0006 0.013 0.0696 0.2244 0.438 0.666 0.795 0.827 0.7288 0.6472 0.533 0.4098 0.2948 0.1566 0.0862 0.0386 0.029 0.0244 0.0086 0.009 0.0004 0 0 0.0022 0.0262 0.0852 0.1674 0.2668 0.3276 0.3948 0.438 0.4264 0.3896 0.4096 0.3654 0.243 0.1404 0.1006 0.0786 0.0628 0.0434 0.0162 0.0074 0.0062 0.0022 0 0.002 0.0124 0.0248 0.0596 0.0776 0.104 0.156 0.1526 0.1792 0.1492 0.184 0.1864 0.191 0.1314 0.099 
0 0 0 0 0 0 0 0 0 0 0 0 0 0 0 0 0 0 0.0044 0.0962 0.3902 0.8836 1.3212 1.4596 1.3502 0.9578 0.6368 0.3926 0.2196 0.1316 0.0762 0.0484 0.0254 0.003 0.0012 0.002 0 0 0 0.0022 0.022 0.0606 0.1718 0.3472 0.5188 0.6844 0.8524 0.831 0.6862 0.5468 0.4244 0.3192 0.1998 0.1346 0.0902 0.0462 0.0332 0.0142 0.007 0.0064 0.0014 0 0.0054 0.03 0.053 0.1288 0.1764 0.2488 0.3294 0.4036 0.4356 0.49 0.3966 0.3662 0.2998 0.2008 0.1326 0.1168 0.0748 0.0534 0.0234 0.0152 0.009 0.0064 0.0022 0.0046 0.0132 0.0198 0.0372 0.0392 0.0636 0.1038 0.1602 0.1454 0.1736 0.1784 0.2002 0.1538 0.1444 0.13 
0 0 0 0 0 0 0 0 0 0 0 0 0 0 0 0 0 0.0004 0.0116 0.1058 0.4234 0.9818 1.3874 1.4584 1.3082 0.9484 0.574 0.353 0.2008 0.124 0.0606 0.0338 0.0148 0.0086 0.0026 0.0024 0 0 0 0.0036 0.0238 0.0894 0.1964 0.4184 0.601 0.7102 0.7852 0.8156 0.7356 0.533 0.4196 0.2738 0.1498 0.0974 0.072 0.0336 0.016 0.0112 0.0034 0.0036 0.0032 0.0016 0.0058 0.0366 0.0778 0.1212 0.2182 0.3116 0.4182 0.4476 0.4538 0.429 0.363 0.333 0.2528 0.192 0.1274 0.073 0.0502 0.0438 0.0234 0.0104 0.0048 0.0034 0.004 0.0036 0.0106 0.0156 0.0396 0.0686 0.1066 0.1144 0.159 0.1674 0.1762 0.2046 0.205 0.1652 0.1074 0.1054 
0 0 0 0 0 0 0 0 0 0 0 0 0 0 0 0 0 0 0.0006 0.08 0.4256 0.9894 1.5102 1.4466 1.1672 0.8428 0.5972 0.3824 0.2228 0.157 0.1032 0.0306 0.0186 0.014 0.0056 0.0034 0.0028 0 0 0.0008 0.0102 0.0746 0.2334 0.4074 0.5766 0.7244 0.7882 0.7912 0.705 0.5094 0.3678 0.283 0.2062 0.1208 0.0814 0.057 0.025 0.019 0.0108 0.0078 0 0 0.0048 0.028 0.0858 0.1434 0.1984 0.285 0.3796 0.4254 0.4446 0.451 0.3874 0.2946 0.2314 0.207 0.1384 0.1046 0.0826 0.0478 0.0296 0.018 0.0064 0.003 0.0042 0.0016 0.0132 0.0344 0.0338 0.0542 0.0982 0.1234 0.1356 0.146 0.156 0.1834 0.2112 0.1754 0.1378 0.0948 
0 0 0 0 0 0 0 0 0 0 0 0 0 0 0 0 0 0.0018 0.0112 0.1052 0.3572 0.8018 1.275 1.3394 1.2596 1.0064 0.6728 0.4698 0.3308 0.1722 0.073 0.046 0.0202 0.0174 0.0148 0.0072 0.007 0.0036 0.0058 0.0052 0.0322 0.08 0.157 0.2984 0.4446 0.5804 0.739 0.758 0.7198 0.6466 0.5156 0.3462 0.2466 0.1616 0.1092 0.0702 0.0342 0.0252 0.0098 0.0072 0.0074 0.0056 0.014 0.0354 0.057 0.0936 0.1266 0.1848 0.2724 0.3212 0.419 0.4862 0.4608 0.412 0.3024 0.228 0.1872 0.1242 0.1004 0.0678 0.0442 0.0312 0.0126 0.0108 0.0096 0.0124 0.0124 0.0262 0.0274 0.028 0.0494 0.086 0.0914 0.112 0.1326 0.1602 0.1834 0.181 0.174 0.1578 
0 0 0 0 0 0 0 0 0 0 0 0 0 0 0 0 0 0.0004 0.0098 0.0706 0.3456 0.805 1.374 1.5384 1.2742 1.0046 0.6346 0.397 0.2634 0.1222 0.0872 0.0418 0.0178 0.0064 0.0028 0.0016 0.0026 0 0.001 0.0074 0.0162 0.0644 0.141 0.3062 0.4642 0.64 0.795 0.7232 0.754 0.6578 0.4546 0.3672 0.235 0.138 0.1012 0.0624 0.0476 0.0158 0.0078 0 0.0006 0.0084 0.0118 0.0246 0.0352 0.0946 0.1508 0.2198 0.3004 0.412 0.4426 0.4368 0.4018 0.3704 0.2688 0.246 0.1772 0.1392 0.091 0.073 0.0474 0.0248 0.013 0.005 0.0062 0.0074 0.0138 0.0202 0.0246 0.0472 0.0732 0.088 0.1326 0.138 0.1558 0.163 0.1832 0.1928 0.1604 0.126 
0 0 0 0 0 0 0 0 0 0 0 0 0 0 0 0 0 0 0.0138 0.103 0.3696 0.8912 1.3764 1.4578 1.292 0.9698 0.6276 0.414 0.27 0.1302 0.0524 0.0168 0.0062 0.0036 0.0056 0 0 0 0.0002 0.0074 0.0324 0.0934 0.1702 0.3152 0.5242 0.6642 0.755 0.9084 0.7008 0.5816 0.4394 0.3098 0.1914 0.1364 0.0848 0.0382 0.0282 0.0124 0.005 0.0014 0.0012 0.0064 0.0148 0.0318 0.0698 0.1186 0.1672 0.217 0.3246 0.4266 0.4552 0.4766 0.4226 0.3352 0.299 0.2122 0.1484 0.102 0.0698 0.0428 0.0314 0.0144 0.0096 0.0048 0.0014 0.0052 0.0062 0.0198 0.0226 0.0458 0.0858 0.1038 0.1394 0.1598 0.187 0.1912 0.1784 0.1746 0.1596 0.1304 
0 0 0 0 0 0 0 0 0 0 0 0 0 0 0 0 0 0 0.0078 0.1152 0.475 0.919 1.3262 1.455 1.302 0.9222 0.6192 0.391 0.242 0.1066 0.0654 0.0208 0.0184 0.0108 0.0034 0 0 0 0 0.0024 0.0262 0.0822 0.208 0.3848 0.5612 0.7352 0.8464 0.8206 0.6602 0.577 0.3706 0.266 0.185 0.1106 0.0606 0.0468 0.0188 0.021 0.0052 0.0052 0.006 0 0.0108 0.0204 0.0742 0.1184 0.2112 0.3192 0.3912 0.455 0.4508 0.444 0.384 0.331 0.2138 0.155 0.1478 0.1004 0.0758 0.0448 0.0334 0.0152 0.0036 0 0 0.0012 0.0014 0.0302 0.0456 0.067 0.0974 0.1128 0.1472 0.1642 0.1988 0.1884 0.1596 0.1396 0.1364 0.1552 
0 0 0 0 0 0 0 0 0 0 0 0 0 0 0 0 0 0 0.005 0.0612 0.3608 0.8222 1.3512 1.4938 1.3382 1.0066 0.7042 0.4168 0.2164 0.1106 0.0578 0.0372 0.012 0.0042 0.0018 0 0 0 0 0 0.006 0.0362 0.1206 0.3174 0.4932 0.7142 0.8218 0.8316 0.7526 0.6016 0.4662 0.3418 0.2234 0.1354 0.068 0.0352 0.0246 0.0074 0.0028 0 0 0.0004 0.0038 0.0176 0.0372 0.085 0.138 0.2162 0.3094 0.4334 0.4786 0.4684 0.4404 0.384 0.3472 0.2416 0.1578 0.12 0.0592 0.038 0.0222 0.0016 0 0 0 0.001 0.0036 0.0134 0.0346 0.0334 0.054 0.069 0.1168 0.1762 0.1954 0.1868 0.215 0.1664 0.1858 0.1326 
