0.03 0.09 0.15 0.21 0.27 0.33 0.39 0.45 0.51 0.57 0.63 0.69 0.75 0.81 0.87 0.93 0.99 1.05 1.11 1.17 1.23 1.29 1.35 1.41 1.47 1.53 1.59 1.65 1.71 1.77 1.83 1.89 1.95 2.01 2.07 2.13 2.19 2.25 2.31 2.37 2.43 2.49 2.55 2.61 2.67 2.73 2.79 2.85 2.91 2.97 3.03 3.09 3.15 3.21 3.27 3.33 3.39 3.45 3.51 3.57 3.63 3.69 3.75 3.81 3.87 3.93 3.99 4.05 4.11 4.17 4.23 4.29 4.35 4.41 4.47 4.53 4.59 4.65 4.71 4.77 4.83 4.89 4.95 5.01 5.07 5.13 5.19 5.25 5.31 5.37 5.43 5.49 5.55 5.61 5.67 5.73 5.79 5.85 5.91 5.97 
0 0 0 0 0 0 0 0 0 0 0 0 0 0 0 0 0.0002 0.1876 1.8614 2.6134 1.5966 0.6158 0.221 0.0844 0.0198 0.0006 0 0 0 0 0 0 0 0 0 0.0098 0.1934 0.9514 1.432 1.3644 0.8196 0.4052 0.1464 0.0602 0.0154 0.0028 0 0 0 0 0 0 0 0.0022 0.0108 0.1036 0.3836 0.7044 0.7896 0.7156 0.5154 0.255 0.0988 0.0172 0.0042 0 0 0 0 0 0 0.0006 0.0022 0.0036 0.0282 0.09 0.1824 0.34 0.3278 0.2394 0.2538 0.2012 0.0882 0.0314 0.0088 0.0026 0 0 0 0 0 0 0 0 0 0 0 0 0 0 
0 0 0 0 0 0 0 0 0 0 0 0 0 0 0 0 0 0.0904 1.8532 3.1924 1.9102 0.6786 0.2166 0.0494 0.0092 0 0 0 0 0 0 0 0 0 0 0.001 0.1208 0.8226 1.6912 1.679 0.9822 0.4598 0.1588 0.063 0.0144 0.0046 0.0026 0 0 0 0 0 0 0 0.0042 0.0522 0.3144 0.7324 1.0032 0.9278 0.5446 0.2378 0.0972 0.0558 0.0222 0.0082 0 0 0 0 0 0 0 0.003 0.0218 0.0562 0.1876 0.316 0.4618 0.416 0.2622 0.111 0.0772 0.0542 0.021 0.0054 0.002 0.003 0.0016 0 0 0 0 0 0 0 0 0 0 0 
0 0 0 0 0 0 0 0 0 0 0 0 0 0 0 0 0 0.221 2.1986 3.112 1.746 0.5566 0.13 0.029 0.0068 0 0 0 0 0 0 0 0 0 0 0.0196 0.2534 1.0506 1.8188 1.7042 0.7928 0.2598 0.081 0.0154 0.0044 0 0 0 0 0 0 0 0 0 0.0192 0.1496 0.4628 0.8738 1.1512 0.7544 0.3984 0.1398 0.0476 0.0032 0 0 0 0 0 0 0 0 0 0.0052 0.0414 0.1292 0.2676 0.3824 0.423 0.375 0.2524 0.0878 0.0288 0.0064 0.0008 0 0 0 0 0 0 0 0 0 0 0 0 0 0 0 
0 0 0 0 0 0 0 0 0 0 0 0 0 0 0 0 0 0.1368 1.5908 2.8078 2.0818 0.9468 0.3198 0.0942 0.018 0.004 0 0 0 0 0 0 0 0 0 0.012 0.1404 0.7162 1.4144 1.4846 1.1042 0.6438 0.3138 0.1088 0.048 0.0106 0.0018 0.0014 0 0 0 0 0 0 0.008 0.0552 0.247 0.604 0.8484 0.8816 0.5936 0.3568 0.199 0.121 0.0592 0.0178 0.0084 0 0 0 0 0 0 0 0.0128 0.0404 0.1192 0.2636 0.338 0.3562 0.321 0.261 0.1198 0.0766 0.053 0.0264 0.0088 0.0032 0 0 0 0 0 0 0 0 0 0 0 0 
0 0 0 0 0 0 0 0 0 0 0 0 0 0 0 0 0 0.1082 1.431 2.6676 2.099 1.0854 0.4346 0.146 0.022 0.0062 0 0 0 0 0 0 0 0 0 0.001 0.0886 0.5536 1.1826 1.594 1.2888 0.7732 0.359 0.1178 0.035 0.0064 0 0 0 0 0 0 0 0 0 0.0326 0.153 0.4042 0.7398 0.9316 0.8498 0.5136 0.2646 0.0808 0.0262 0.0036 0.0002 0 0 0 0 0 0 0 0.0004 0.0194 0.0622 0.157 0.2428 0.3796 0.4026 0.3662 0.2162 0.0928 0.0346 0.0178 0.005 0.0034 0 0 0 0 0 0 0 0 0 0 0 0 
0 0 0 0 0 0 0 0 0 0 0 0 0 0 0 0 0 0.1154 1.5398 2.9556 1.9666 0.9978 0.3354 0.078 0.0074 0.004 0 0 0 0 0 0 0 0 0 0.0068 0.1132 0.6114 1.45 1.6478 1.1844 0.6622 0.225 0.084 0.0096 0.0056 0 0 0 0 0 0 0 0 0.003 0.041 0.2332 0.5124 0.8764 1.0006 0.7168 0.3724 0.1702 0.0474 0.0178 0.0088 0 0 0 0 0 0 0 0.0012 0.0032 0.0334 0.1128 0.2226 0.3152 0.417 0.3862 0.2592 0.1398 0.0568 0.0366 0.016 0 0 0 0 0 0 0 0 0 0 0 0 0 0 
0 0 0 0 0 0 0 0 0 0 0 0 0 0 0 0 0 0.1332 1.699 2.9014 2.077 0.8026 0.2652 0.0902 0.0236 0.0064 0.0014 0 0 0 0 0 0 0 0.0006 0.0082 0.0962 0.712 1.5474 1.675 1.0806 0.5516 0.2314 0.0676 0.024 0.0054 0 0 0 0 0 0 0 0 0.0038 0.0496 0.2554 0.6298 0.9406 0.8878 0.6002 0.3848 0.1768 0.0576 0.0106 0.003 0 0 0 0 0 0 0 0 0.005 0.0464 0.1548 0.2778 0.3744 0.3838 0.2848 0.24 0.1222 0.0566 0.0404 0.0138 0 0 0 0 0 0 0 0 0 0 0 0 0 0 
0 0 0 0 0 0 0 0 0 0 0 0 0 0 0 0 0.0006 0.0996 1.4616 2.9028 2.1482 0.9064 0.2926 0.1322 0.0508 0.0052 0 0 0 0 0 0 0 0 0 0.0032 0.0958 0.6136 1.3224 1.6242 1.2706 0.643 0.2782 0.093 0.0418 0.0142 0 0 0 0 0 0 0 0 0.0028 0.036 0.215 0.528 0.852 0.857 0.7436 0.3858 0.2114 0.0972 0.0406 0.0134 0.0106 0.0066 0 0 0 0 0 0 0.001 0.0386 0.0832 0.2004 0.3986 0.3722 0.2824 0.2778 0.1934 0.081 0.045 0.0078 0.0092 0.0058 0.0036 0 0 0 0 0 0 0 0 0 0 0 
0 0 0 0 0 0 0 0 0 0 0 0 0 0 0 0 0 0.1408 1.7396 3.0716 1.9052 0.7908 0.2464 0.074 0.0166 0.0128 0.0022 0 0 0 0 0 0 0 0 0.0112 0.1718 0.8376 1.5466 1.5546 1.0512 0.5188 0.2156 0.0626 0.0218 0.0082 0 0 0 0 0 0 0 0 0.0178 0.072 0.3236 0.7068 0.89 0.7968 0.6666 0.3144 0.1448 0.0448 0.0194 0.003 0 0 0 0 0 0 0 0 0.0178 0.0478 0.1974 0.2794 0.3676 0.3882 0.2938 0.1808 0.1176 0.0698 0.029 0.0076 0.0032 0 0 0 0 0 0 0 0 0 0 0 0 0 
0 0 0 0 0 0 0 0 0 0 0 0 0 0 0 0 0 0.1538 1.7138 2.8466 1.9514 0.8816 0.3408 0.0908 0.0162 0.005 0 0 0 0 0 0 0 0 0 0.0096 0.1662 0.8454 1.5282 1.4366 1.081 0.6004 0.2308 0.0708 0.0266 0.0044 0 0 0 0 0 0 0 0 0.0074 0.0586 0.3216 0.7238 0.8792 0.794 0.61 0.3802 0.1394 0.0442 0.0312 0.0104 0 0 0 0 0 0 0 0.0036 0.0036 0.062 0.1658 0.2718 0.35 0.3454 0.292 0.2194 0.1312 0.0858 0.0426 0.0194 0.0024 0.005 0 0 0 0 0 0 0 0 0 0 0 0 
0 0 0 0 0 0 0 0 0 0 0 0 0 0 0 0 0 0.1182 1.71 3.2296 1.9002 0.8022 0.2002 0.0352 0.0022 0.0022 0 0 0 0 0 0 0 0 0 0.0034 0.1444 0.752 1.6704 1.6982 1.0736 0.4676 0.1444 0.0398 0.0062 0 0 0 0 0 0 0 0 0 0.0044 0.0566 0.3184 0.687 1.0136 0.9252 0.5828 0.2704 0.0894 0.0484 0.0038 0 0 0 0 0 0 0 0 0 0.0052 0.064 0.1358 0.3132 0.4592 0.401 0.347 0.153 0.0888 0.0282 0.0046 0 0 0 0 0 0 0 0 0 0 0 0 0 0 0 
0 0 0 0 0 0 0 0 0 0 0 0 0 0 0 0 0 0.1478 1.818 3.058 1.8864 0.7132 0.2604 0.0934 0.0228 0 0 0 0 0 0 0 0 0 0 0.0084 0.1616 0.8282 1.6338 1.6234 1.0726 0.4528 0.1624 0.0478 0.009 0 0 0 0 0 0 0 0 0 0.0056 0.079 0.2822 0.7284 1.0452 0.86 0.6108 0.2494 0.099 0.0274 0.012 0.001 0 0 0 0 0 0 0 0.0016 0.0066 0.0384 0.136 0.3014 0.455 0.4258 0.3258 0.1814 0.0774 0.0414 0.0092 0 0 0 0 0 0 0 0 0 0 0 0 0 0 0 
0 0 0 0 0 0 0 0 0 0 0 0 0 0 0 0 0.0006 0.1186 1.5372 2.726 2.0562 0.9572 0.419 0.1192 0.0422 0.0138 0.01 0 0 0 0 0 0 0 0 0.004 0.1168 0.6088 1.3998 1.4808 1.1038 0.7316 0.3848 0.1156 0.0348 0.0116 0.0076 0 0 0 0 0 0 0.0016 0.004 0.0356 0.2192 0.563 0.7968 0.7824 0.6686 0.4698 0.2532 0.1322 0.051 0.0156 0.007 0 0 0 0 0 0 0 0.0076 0.0272 0.1186 0.191 0.2974 0.3874 0.2736 0.2572 0.2114 0.1368 0.0516 0.0244 0.0158 0 0 0 0 0 0 0 0 0 0 0 0 0 
0 0 0 0 0 0 0 0 0 0 0 0 0 0 0 0 0 0.1362 1.8156 3.0428 1.712 0.7318 0.3552 0.1336 0.0488 0.0144 0.0032 0.0026 0.0038 0 0 0 0 0 0 0.0098 0.1576 0.7902 1.6326 1.5548 0.9298 0.5524 0.2404 0.0992 0.0218 0.0056 0.0026 0.0032 0 0 0 0 0 0 0.0032 0.0546 0.3168 0.6914 0.952 0.835 0.562 0.3064 0.1784 0.087 0.0064 0.0022 0.0046 0 0 0 0 0 0 0 0.0152 0.0786 0.1252 0.2512 0.4132 0.365 0.2982 0.1848 0.1142 0.0676 0.0502 0.023 0.0122 0.0014 0 0 0 0 0 0 0 0 0 0 0 0 
0 0 0 0 0 0 0 0 0 0 0 0 0 0 0 0 0 0.1464 1.9432 2.912 1.7152 0.8082 0.3172 0.1314 0.0216 0.0048 0 0 0 0 0 0 0 0 0 0.0112 0.2172 0.9708 1.5602 1.4254 1.0284 0.4838 0.2106 0.072 0.0196 0.0008 0 0 0 0 0 0 0 0 0.0118 0.1118 0.356 0.7286 0.8982 0.8258 0.5876 0.3304 0.1116 0.0302 0.008 0 0 0 0 0 0 0 0 0.0022 0.0136 0.0552 0.1518 0.316 0.352 0.3962 0.3176 0.2292 0.095 0.0352 0.021 0.0082 0.0016 0.002 0.0032 0 0 0 0 0 0 0 0 0 0 0 
0 0 0 0 0 0 0 0 0 0 0 0 0 0 0 0 0.0004 0.132 1.799 2.8742 1.842 0.8936 0.3306 0.0912 0.0242 0.0128 0 0 0 0 0 0 0 0 0.0006 0.0182 0.1604 0.8268 1.4924 1.5864 1.0534 0.5596 0.1898 0.0648 0.0276 0.012 0.008 0 0 0 0 0 0 0.0006 0.0138 0.0806 0.3276 0.651 0.8934 0.854 0.614 0.3182 0.1512 0.0548 0.02 0.0118 0.0064 0.0026 0 0 0 0 0 0 0.0206 0.0616 0.1338 0.2822 0.3534 0.3386 0.3224 0.2276 0.1456 0.0628 0.0182 0.0088 0.0132 0.0048 0.005 0.0014 0 0 0 0 0 0 0 0 0 0 
0 0 0 0 0 0 0 0 0 0 0 0 0 0 0 0 0.0006 0.1586 1.745 2.9982 1.9338 0.7944 0.2628 0.0902 0.0164 0 0 0 0 0 0 0 0 0 0 0.0078 0.16 0.8166 1.563 1.6132 1.0358 0.495 0.192 0.076 0.0266 0.014 0 0 0 0 0 0 0 0 0.0128 0.059 0.3398 0.726 0.9352 0.8186 0.5736 0.2472 0.158 0.072 0.0434 0.0088 0.0056 0 0 0 0 0 0 0.005 0.0122 0.046 0.1814 0.3192 0.4142 0.3232 0.2672 0.2088 0.117 0.0498 0.0198 0.0202 0.013 0.003 0 0 0 0 0 0 0 0 0 0 0 0 
0 0 0 0 0 0 0 0 0 0 0 0 0 0 0 0 0 0.1578 1.9754 3.0568 1.8468 0.6834 0.236 0.0392 0.0046 0 0 0 0 0 0 0 0 0 0 0.0114 0.2014 0.928 1.7808 1.59 0.9174 0.391 0.1244 0.0456 0.01 0 0 0 0 0 0 0 0 0 0.0184 0.0928 0.3984 0.775 1.045 0.8646 0.4844 0.2114 0.09 0.018 0.002 0 0 0 0 0 0 0 0.0008 0.011 0.0182 0.0886 0.201 0.325 0.4046 0.3862 0.2904 0.1686 0.0836 0.0154 0.0066 0 0 0 0 0 0 0 0 0 0 0 0 0 0 0 
0 0 0 0 0 0 0 0 0 0 0 0 0 0 0 0 0 0.103 1.8002 3.0516 1.8162 0.807 0.3648 0.0488 0.0078 0.0006 0 0 0 0 0 0 0 0 0 0.0026 0.1338 0.806 1.5584 1.685 1.0568 0.5348 0.1634 0.0492 0.01 0 0 0 0 0 0 0 0 0 0.0014 0.0428 0.3204 0.6794 0.9884 0.9034 0.599 0.3038 0.1132 0.0354 0.0096 0.0032 0 0 0 0 0 0 0 0.0004 0.0042 0.0442 0.137 0.3016 0.4126 0.3912 0.3476 0.172 0.0972 0.0614 0.0232 0.0074 0 0 0 0 0 0 0 0 0 0 0 0 0 0 
0 0 0 0 0 0 0 0 0 0 0 0 0 0 0 0 0 0.1078 1.5972 3.0464 2.0834 0.8328 0.258 0.0556 0.0168 0.002 0 0 0 0 0 0 0 0 0 0.0058 0.145 0.678 1.4516 1.681 1.2226 0.5518 0.1716 0.0678 0.0148 0.0026 0.0024 0.0036 0.0014 0 0 0 0 0 0.0092 0.053 0.2592 0.5948 0.9048 0.9394 0.7056 0.3038 0.1426 0.0634 0.0156 0.0044 0.0042 0 0 0 0 0 0 0 0.0044 0.0482 0.1234 0.2436 0.4118 0.4516 0.3094 0.2088 0.0964 0.0434 0.0272 0.016 0.0158 0 0 0 0 0 0 0 0 0 0 0 0 0 
0 0 0 0 0 0 0 0 0 0 0 0 0 0 0 0 0 0.1482 1.9312 3.097 1.9338 0.6542 0.164 0.0574 0.0142 0 0 0 0 0 0 0 0 0 0 0.0146 0.2092 0.9044 1.6602 1.6672 0.9454 0.4132 0.1336 0.0416 0.008 0.0026 0 0 0 0 0 0 0 0 0.0116 0.101 0.372 0.7932 1.0298 0.8094 0.495 0.2548 0.0898 0.035 0.0084 0 0 0 0 0 0 0 0 0.0058 0.0248 0.069 0.213 0.3662 0.4268 0.358 0.2506 0.1614 0.0816 0.0222 0.0184 0.0022 0 0 0 0 0 0 0 0 0 0 0 0 0 0 
0 0 0 0 0 0 0 0 0 0 0 0 0 0 0 0 0 0.1064 1.6644 3.0962 2.0494 0.7992 0.214 0.0618 0.0086 0 0 0 0 0 0 0 0 0 0 0.005 0.143 0.721 1.5768 1.6282 1.131 0.5234 0.1976 0.0526 0.0178 0.0036 0 0 0 0 0 0 0 0.0016 0.0116 0.065 0.2842 0.6796 0.9372 0.8372 0.6048 0.328 0.1754 0.0648 0.0106 0 0 0 0 0 0 0 0 0.0008 0.0134 0.076 0.148 0.2818 0.3724 0.4012 0.294 0.1888 0.1288 0.0632 0.0312 0.0004 0 0 0 0 0 0 0 0 0 0 0 0 0 0 
0 0 0 0 0 0 0 0 0 0 0 0 0 0 0 0 0 0.1904 1.9266 3.126 1.7154 0.648 0.2376 0.0906 0.028 0.0256 0.0062 0.0056 0 0 0 0 0 0 0 0.0198 0.2298 0.93 1.6988 1.5872 0.8724 0.3632 0.1442 0.0694 0.051 0.0186 0.0112 0.0044 0 0 0 0 0 0 0.0152 0.1124 0.3698 0.895 0.914 0.8194 0.408 0.2302 0.1222 0.056 0.0306 0.0154 0.007 0.0048 0 0 0 0 0.0004 0.0094 0.0174 0.0824 0.2274 0.3494 0.4524 0.3622 0.1972 0.0666 0.072 0.0578 0.0292 0.029 0.0228 0.017 0.0034 0.0036 0.0004 0 0 0 0 0 0 0 0 0 
0 0 0 0 0 0 0 0 0 0 0 0 0 0 0 0 0 0.169 2.0254 3.179 1.6682 0.6246 0.2554 0.0678 0.0098 0.0008 0 0 0 0 0 0 0 0 0 0.0104 0.1804 1.0572 1.8572 1.5264 0.8494 0.3632 0.1234 0.0296 0.0028 0 0 0 0 0 0 0 0 0 0.0044 0.0714 0.4446 0.9372 1.0566 0.7786 0.4518 0.1674 0.061 0.0228 0.0042 0 0 0 0 0 0 0 0 0 0.0216 0.0694 0.232 0.3642 0.4372 0.3756 0.2824 0.1174 0.061 0.0284 0.0086 0.0022 0 0 0 0 0 0 0 0 0 0 0 0 0 0 
0 0 0 0 0 0 0 0 0 0 0 0 0 0 0 0 0 0.1726 2.3636 3.0688 1.5382 0.6536 0.1862 0.017 0 0 0 0 0 0 0 0 0 0 0 0.0128 0.2948 1.2304 1.8978 1.4062 0.711 0.3094 0.1122 0.0254 0 0 0 0 0 0 0 0 0 0.002 0.0166 0.159 0.6044 1.0078 0.9302 0.676 0.3644 0.1592 0.0752 0.0052 0 0 0 0 0 0 0 0 0 0.0048 0.0404 0.1234 0.3492 0.4028 0.3784 0.3146 0.1812 0.118 0.057 0.0244 0.0024 0.0034 0 0 0 0 0 0 0 0 0 0 0 0 0 0 
0 0 0 0 0 0 0 0 0 0 0 0 0 0 0 0 0 0.1694 2.1926 3.0502 1.681 0.6502 0.2052 0.0458 0.0056 0 0 0 0 0 0 0 0 0 0 0.0146 0.2572 1.1318 1.7468 1.4836 0.8342 0.37 0.1304 0.0268 0.0046 0 0 0 0 0 0 0 0 0 0.0336 0.1586 0.4736 0.8636 1.0018 0.7538 0.4024 0.2034 0.0764 0.0216 0.0074 0.0038 0 0 0 0 0 0 0 0.011 0.0522 0.1168 0.2446 0.363 0.369 0.3792 0.2236 0.1176 0.0856 0.0194 0.011 0.007 0 0 0 0 0 0 0 0 0 0 0 0 0 0 
0 0 0 0 0 0 0 0 0 0 0 0 0 0 0 0 0 0.1648 1.933 3.1944 1.8484 0.5924 0.189 0.0622 0.0134 0.0024 0 0 0 0 0 0 0 0 0 0.0148 0.1862 0.9338 1.7948 1.6858 0.8792 0.3134 0.1352 0.0444 0.0124 0 0 0 0 0 0 0 0 0.0034 0.0104 0.097 0.3778 0.797 1.1238 0.8448 0.4328 0.2116 0.0798 0.0188 0.0028 0 0 0 0 0 0 0 0 0.0064 0.0222 0.076 0.2128 0.3666 0.42 0.3766 0.2538 0.161 0.0808 0.0214 0.0024 0 0 0 0 0 0 0 0 0 0 0 0 0 0 0 
0 0 0 0 0 0 0 0 0 0 0 0 0 0 0 0 0 0.1296 1.7628 3.0618 1.894 0.8446 0.259 0.0438 0.0044 0 0 0 0 0 0 0 0 0 0 0.0086 0.1742 0.8338 1.6124 1.6768 1.0006 0.4684 0.191 0.033 0.0012 0 0 0 0 0 0 0 0 0 0.016 0.059 0.2584 0.731 1.0492 0.9448 0.5996 0.2348 0.099 0.0082 0 0 0 0 0 0 0 0 0 0.007 0.0074 0.0224 0.1484 0.2914 0.4122 0.445 0.3448 0.213 0.0788 0.023 0.0054 0.0012 0 0 0 0 0 0 0 0 0 0 0 0 0 0 
0 0 0 0 0 0 0 0 0 0 0 0 0 0 0 0 0 0.1694 2.3046 3.1054 1.669 0.5832 0.1318 0.0272 0.0048 0.0032 0.0014 0 0 0 0 0 0 0 0 0.0176 0.3034 1.2956 1.7496 1.3652 0.8462 0.3128 0.0878 0.0168 0.005 0 0 0 0 0 0 0 0 0.0038 0.0292 0.2164 0.5818 0.929 0.865 0.6846 0.4818 0.1574 0.0366 0.0094 0.005 0 0 0 0 0 0 0 0.0018 0.0194 0.0578 0.188 0.281 0.3504 0.343 0.3122 0.2386 0.138 0.0464 0.016 0.0052 0.0022 0 0 0 0 0 0 0 0 0 0 0 0 0 0 
0 0 0 0 0 0 0 0 0 0 0 0 0 0 0 0 0.0008 0.1636 1.8464 3.278 1.7748 0.6808 0.2066 0.0426 0.0064 0 0 0 0 0 0 0 0 0 0.0002 0.0168 0.2134 0.9214 1.6606 1.589 0.9924 0.392 0.149 0.0494 0.0138 0.002 0 0 0 0 0 0 0 0.0022 0.0108 0.1038 0.3922 0.7936 0.9486 0.8412 0.5292 0.2286 0.0974 0.039 0.0134 0 0 0 0 0 0 0 0 0.005 0.0222 0.0842 0.2284 0.3522 0.4364 0.3262 0.2474 0.1462 0.0686 0.0558 0.0254 0.002 0 0 0 0 0 0 0 0 0 0 0 0 0 0 
0 0 0 0 0 0 0 0 0 0 0 0 0 0 0 0 0 0.1128 1.6428 2.939 1.9858 0.9424 0.301 0.0604 0.0124 0.0016 0.0018 0 0 0 0 0 0 0 0 0.008 0.1412 0.723 1.3958 1.5826 1.1784 0.6694 0.2312 0.0554 0.0124 0.0026 0 0 0 0 0 0 0 0 0.003 0.062 0.271 0.5868 0.8268 0.9696 0.62 0.4084 0.1852 0.0634 0.0038 0 0 0 0 0 0 0 0 0 0.0062 0.0336 0.158 0.2342 0.3198 0.3976 0.3758 0.229 0.1536 0.0824 0.0098 0 0 0 0 0 0 0 0 0 0 0 0 0 0 0 
0 0 0 0 0 0 0 0 0 0 0 0 0 0 0 0 0 0.1082 1.6462 2.7652 2.0038 1.0274 0.3388 0.0758 0.0282 0.0044 0.002 0 0 0 0 0 0 0 0 0.0064 0.1336 0.7368 1.3622 1.485 1.161 0.6764 0.2934 0.1084 0.025 0.0046 0.0038 0.0034 0 0 0 0 0 0 0.0078 0.0546 0.2488 0.5886 0.825 0.8808 0.6152 0.4076 0.2026 0.1186 0.0324 0.01 0.0032 0.0048 0 0 0 0 0 0.001 0.0082 0.0476 0.1372 0.2 0.3502 0.3476 0.324 0.2586 0.1654 0.0934 0.0416 0.012 0.0064 0.0014 0.0016 0.0032 0.0006 0 0 0 0 0 0 0 0 0 
0 0 0 0 0 0 0 0 0 0 0 0 0 0 0 0 0 0.1412 2.05 3.214 1.8582 0.584 0.1304 0.0222 0 0 0 0 0 0 0 0 0 0 0 0.011 0.2012 1.0202 1.8132 1.5202 0.9102 0.3888 0.1158 0.0166 0.0028 0 0 0 0 0 0 0 0 0 0.0106 0.116 0.509 0.8168 0.9846 0.7814 0.4484 0.2256 0.076 0.0298 0.0018 0 0 0 0 0 0 0 0 0.0028 0.0414 0.1398 0.2274 0.328 0.4884 0.3214 0.244 0.1168 0.0622 0.0228 0.005 0 0 0 0 0 0 0 0 0 0 0 0 0 0 0 
0 0 0 0 0 0 0 0 0 0 0 0 0 0 0 0 0 0.091 1.7482 3.0314 1.9266 0.7956 0.2892 0.0988 0.0192 0 0 0 0 0 0 0 0 0 0 0.0056 0.1226 0.7574 1.4524 1.6852 1.1124 0.5698 0.2108 0.0734 0.0104 0 0 0 0 0 0 0 0 0 0.0058 0.0426 0.213 0.672 0.935 0.915 0.6788 0.3592 0.127 0.0332 0.0118 0.0066 0 0 0 0 0 0 0 0 0.0096 0.0414 0.124 0.255 0.423 0.4206 0.321 0.2064 0.109 0.0584 0.0234 0.0082 0 0 0 0 0 0 0 0 0 0 0 0 0 0 
0 0 0 0 0 0 0 0 0 0 0 0 0 0 0 0 0 0.0744 1.387 3.086 2.1514 0.8972 0.3124 0.0782 0.0082 0.0052 0 0 0 0 0 0 0 0 0 0.003 0.0822 0.5188 1.387 1.6552 1.2834 0.6852 0.2858 0.079 0.0182 0.0022 0 0 0 0 0 0 0 0 0.0022 0.015 0.1574 0.5004 0.7854 1.0588 0.7562 0.436 0.2036 0.0644 0.017 0.0036 0 0 0 0 0 0 0 0 0.0044 0.0208 0.0756 0.1964 0.3444 0.4224 0.421 0.279 0.1382 0.0742 0.0168 0.0048 0.002 0 0 0 0 0 0 0 0 0 0 0 0 0 
0 0 0 0 0 0 0 0 0 0 0 0 0 0 0 0 0 0.1292 1.6104 2.7738 2.0986 0.9326 0.3068 0.1018 0.0342 0.0108 0.0018 0 0 0 0 0 0 0 0 0.0042 0.1404 0.721 1.3896 1.5764 1.083 0.5742 0.2826 0.1484 0.0598 0.0152 0.0052 0 0 0 0 0 0 0 0.006 0.0612 0.2464 0.6036 0.9132 0.7816 0.624 0.3308 0.2116 0.1222 0.0598 0.022 0.008 0.0082 0.0014 0 0 0 0 0.0006 0.017 0.051 0.152 0.2566 0.2996 0.3988 0.3016 0.1692 0.1022 0.1036 0.081 0.0292 0.0304 0.0072 0 0 0 0 0 0 0 0 0 0 0 0 
0 0 0 0 0 0 0 0 0 0 0 0 0 0 0 0 0 0.1168 1.7828 2.9166 1.8552 0.9296 0.3214 0.0656 0.012 0 0 0 0 0 0 0 0 0 0 0.0052 0.1398 0.8012 1.5398 1.5668 1.0844 0.564 0.231 0.058 0.0076 0.0022 0 0 0 0 0 0 0 0 0.0058 0.0496 0.2686 0.7278 0.9482 0.8264 0.586 0.3832 0.1486 0.0466 0.0092 0 0 0 0 0 0 0 0 0 0.0058 0.0446 0.1288 0.2552 0.4156 0.429 0.307 0.1896 0.1264 0.0636 0.0224 0.0038 0.0056 0.0026 0 0 0 0 0 0 0 0 0 0 0 0 
0 0 0 0 0 0 0 0 0 0 0 0 0 0 0 0 0 0.1214 1.6914 2.9868 1.9608 0.8054 0.2782 0.1112 0.0374 0.0074 0 0 0 0 0 0 0 0 0 0.0038 0.1414 0.7512 1.3382 1.6048 1.2632 0.5758 0.2246 0.0762 0.0164 0.0044 0 0 0 0 0 0 0 0 0.005 0.0808 0.2736 0.4792 0.8652 0.9686 0.7124 0.3888 0.1658 0.0494 0.0112 0 0 0 0 0 0 0 0 0 0.012 0.037 0.1138 0.2592 0.3402 0.4208 0.3898 0.2222 0.1178 0.0656 0.0216 0 0 0 0 0 0 0 0 0 0 0 0 0 0 0 
0 0 0 0 0 0 0 0 0 0 0 0 0 0 0 0 0 0.1178 1.7238 2.9188 1.9566 0.8786 0.2874 0.0658 0.0376 0.0092 0.0044 0 0 0 0 0 0 0 0 0.0056 0.1376 0.7852 1.5522 1.5206 1.0758 0.5882 0.2134 0.0876 0.026 0.004 0.0038 0 0 0 0 0 0 0 0.0038 0.0516 0.2944 0.6736 0.8748 0.815 0.6562 0.3988 0.1672 0.0514 0.0104 0.0028 0 0 0 0 0 0 0 0 0.006 0.0686 0.1676 0.2604 0.2854 0.3458 0.3418 0.2652 0.161 0.0686 0.029 0.0006 0 0 0 0 0 0 0 0 0 0 0 0 0 0 
0 0 0 0 0 0 0 0 0 0 0 0 0 0 0 0 0 0.0994 1.445 2.7772 2.2376 1.0254 0.3086 0.0944 0.0088 0.0036 0 0 0 0 0 0 0 0 0 0.0084 0.129 0.5536 1.2216 1.6978 1.3102 0.7056 0.253 0.0934 0.0232 0.0042 0 0 0 0 0 0 0 0 0.0036 0.0854 0.1838 0.406 0.8172 0.979 0.775 0.4012 0.2278 0.0846 0.027 0.0088 0.0006 0 0 0 0 0 0 0.0012 0.0142 0.0352 0.0938 0.1796 0.2944 0.3814 0.3616 0.3132 0.1782 0.0984 0.0406 0.0082 0 0 0 0 0 0 0 0 0 0 0 0 0 0 
0 0 0 0 0 0 0 0 0 0 0 0 0 0 0 0 0 0.1092 1.7798 3.091 2.034 0.7334 0.2124 0.0368 0.0034 0 0 0 0 0 0 0 0 0 0 0.0034 0.1134 0.7784 1.6722 1.7322 1.0678 0.4626 0.1392 0.0308 0 0 0 0 0 0 0 0 0 0 0.0046 0.048 0.2416 0.7042 1.0824 0.9646 0.6194 0.2708 0.0568 0.0076 0 0 0 0 0 0 0 0 0 0.0016 0.0056 0.0266 0.1288 0.3142 0.4218 0.5056 0.3628 0.1612 0.0546 0.0172 0 0 0 0 0 0 0 0 0 0 0 0 0 0 0 0 
0 0 0 0 0 0 0 0 0 0 0 0 0 0 0 0 0 0.1452 1.6288 2.9826 2.011 0.8294 0.2798 0.0992 0.0192 0.0048 0 0 0 0 0 0 0 0 0 0.009 0.153 0.766 1.5122 1.589 1.035 0.5734 0.23 0.0942 0.032 0.0062 0 0 0 0 0 0 0 0 0.002 0.0772 0.278 0.6266 0.915 0.8754 0.5954 0.3572 0.1754 0.0662 0.023 0.0068 0.0018 0 0 0 0 0 0 0 0.0098 0.0556 0.1568 0.2626 0.407 0.2982 0.3082 0.2236 0.1476 0.0896 0.0254 0.008 0.002 0.0024 0.0032 0 0 0 0 0 0 0 0 0 0 0 
0 0 0 0 0 0 0 0 0 0 0 0 0 0 0 0 0 0.1466 1.9524 3.1746 1.7774 0.6526 0.19 0.0648 0.0234 0.012 0.0062 0 0 0 0 0 0 0 0 0.0062 0.226 0.9636 1.759 1.5048 0.8942 0.423 0.1314 0.0576 0.0222 0.0094 0.0026 0 0 0 0 0 0 0.0018 0.0132 0.1226 0.4228 0.8218 0.977 0.7474 0.4684 0.237 0.108 0.056 0.0178 0.0062 0 0 0 0 0 0 0 0.003 0.0434 0.0968 0.2174 0.347 0.4256 0.2974 0.2334 0.1436 0.0844 0.0712 0.0196 0.0146 0.0026 0 0 0 0 0 0 0 0 0 0 0 0 0 
0 0 0 0 0 0 0 0 0 0 0 0 0 0 0 0 0 0.1628 1.7308 3.0098 1.8906 0.8586 0.2704 0.06 0.017 0 0 0 0 0 0 0 0 0 0 0.0134 0.1742 0.83 1.4954 1.5996 1.1292 0.532 0.1628 0.048 0.0154 0 0 0 0 0 0 0 0 0 0.0038 0.0942 0.3316 0.6036 0.985 0.8864 0.6002 0.3112 0.136 0.0388 0.0072 0.002 0 0 0 0 0 0 0 0.0012 0.0134 0.0532 0.1196 0.2794 0.4188 0.4226 0.3254 0.2138 0.086 0.0332 0.024 0.0094 0 0 0 0 0 0 0 0 0 0 0 0 0 0 
0 0 0 0 0 0 0 0 0 0 0 0 0 0 0 0 0 0.136 1.8802 3.1604 1.845 0.6272 0.2096 0.1044 0.0326 0.0046 0 0 0 0 0 0 0 0 0 0.003 0.146 0.8738 1.6804 1.6178 0.9132 0.447 0.24 0.0632 0.0156 0 0 0 0 0 0 0 0 0 0.0066 0.0754 0.3472 0.7802 0.9608 0.7804 0.5274 0.297 0.1582 0.0562 0.0106 0 0 0 0 0 0 0 0 0 0.0212 0.0722 0.1892 0.3552 0.398 0.332 0.2576 0.203 0.0966 0.0498 0.0204 0.0048 0 0 0 0 0 0 0 0 0 0 0 0 0 0 
0 0 0 0 0 0 0 0 0 0 0 0 0 0 0 0 0 0.1566 1.7944 2.8144 1.9226 0.8322 0.317 0.1072 0.0396 0.0122 0.0038 0 0 0 0 0 0 0 0 0.006 0.1494 0.794 1.594 1.591 1.0214 0.4822 0.2134 0.093 0.0372 0.0172 0.0012 0 0 0 0 0 0 0 0.0088 0.0596 0.2988 0.6814 0.9618 0.8626 0.5528 0.3146 0.1474 0.0596 0.038 0.0124 0.0022 0 0 0 0 0 0 0 0.004 0.0386 0.1736 0.2776 0.3828 0.362 0.286 0.198 0.1156 0.08 0.0538 0.014 0.0072 0.0044 0.0024 0 0 0 0 0 0 0 0 0 0 0 
0 0 0 0 0 0 0 0 0 0 0 0 0 0 0 0 0 0.1248 1.9986 3.1744 1.79 0.6488 0.209 0.0474 0.007 0 0 0 0 0 0 0 0 0 0 0.0034 0.192 0.9366 1.7424 1.6308 0.9566 0.3948 0.1098 0.0286 0.005 0 0 0 0 0 0 0 0 0 0.008 0.0908 0.3432 0.8156 1.1126 0.8138 0.5298 0.214 0.0604 0.0118 0 0 0 0 0 0 0 0 0 0.0048 0.015 0.0582 0.2006 0.3594 0.5154 0.3618 0.2448 0.1332 0.0636 0.0382 0.005 0 0 0 0 0 0 0 0 0 0 0 0 0 0 0 
0 0 0 0 0 0 0 0 0 0 0 0 0 0 0 0 0 0.1034 1.5654 2.865 2.1386 0.9314 0.3194 0.0718 0.005 0 0 0 0 0 0 0 0 0 0 0.011 0.1016 0.5914 1.4368 1.6048 1.2432 0.6228 0.2758 0.0848 0.019 0.0088 0 0 0 0 0 0 0 0.0012 0.006 0.0426 0.1722 0.5574 0.901 0.8428 0.7812 0.4102 0.1656 0.097 0.0228 0 0 0 0 0 0 0 0 0 0.0032 0.0274 0.1344 0.2356 0.3356 0.3776 0.369 0.257 0.135 0.0922 0.0264 0.0066 0 0 0 0 0 0 0 0 0 0 0 0 0 0 
0 0 0 0 0 0 0 0 0 0 0 0 0 0 0 0 0 0.1098 1.5286 2.8154 1.9954 0.8862 0.4448 0.163 0.0492 0.0042 0.0034 0 0 0 0 0 0 0 0 0.0052 0.1204 0.5878 1.4056 1.5986 1.185 0.6476 0.3118 0.1022 0.0218 0.0104 0.0036 0 0 0 0 0 0 0 0.008 0.043 0.1708 0.5002 0.8244 0.9592 0.7928 0.4056 0.196 0.072 0.0168 0.0104 0.0008 0 0 0 0 0 0 0 0.0008 0.0342 0.058 0.1486 0.31 0.4292 0.4096 0.2652 0.182 0.098 0.0442 0.0154 0.0048 0 0 0 0 0 0 0 0 0 0 0 0 0 
0 0 0 0 0 0 0 0 0 0 0 0 0 0 0 0 0.0002 0.139 2.0104 3.1824 1.8154 0.6424 0.1698 0.0404 0 0 0 0 0 0 0 0 0 0 0 0.0068 0.2026 0.956 1.734 1.6234 0.9544 0.41 0.107 0.0058 0 0 0 0 0 0 0 0 0 0 0.0114 0.093 0.4482 0.8386 0.9698 0.7952 0.527 0.238 0.0638 0.015 0 0 0 0 0 0 0 0 0 0 0.0138 0.0842 0.299 0.3538 0.393 0.317 0.2888 0.1762 0.0596 0.009 0.0056 0 0 0 0 0 0 0 0 0 0 0 0 0 0 0 
0 0 0 0 0 0 0 0 0 0 0 0 0 0 0 0 0 0.1138 1.8536 3.2168 1.851 0.67 0.2254 0.0578 0.0112 0.0004 0 0 0 0 0 0 0 0 0 0.0042 0.1688 0.9258 1.6712 1.6674 0.9834 0.3908 0.1346 0.0358 0.0146 0.0034 0 0 0 0 0 0 0 0.0004 0.0062 0.0716 0.383 0.8154 1.054 0.798 0.4836 0.2298 0.0978 0.042 0.0096 0.0086 0 0 0 0 0 0 0 0 0.0138 0.0626 0.2102 0.3556 0.4514 0.3572 0.2456 0.1382 0.0822 0.0478 0.0226 0.0128 0 0 0 0 0 0 0 0 0 0 0 0 0 0 
0 0 0 0 0 0 0 0 0 0 0 0 0 0 0 0 0 0.1202 1.7202 3.0294 1.983 0.797 0.2514 0.0802 0.0148 0.0038 0 0 0 0 0 0 0 0 0 0.0078 0.1494 0.7536 1.5116 1.6146 1.1606 0.4966 0.2166 0.07 0.0192 0 0 0 0 0 0 0 0 0 0.0098 0.0784 0.2852 0.654 0.9382 0.8592 0.5656 0.3698 0.1476 0.0732 0.019 0 0 0 0 0 0 0 0 0.004 0.0078 0.0504 0.177 0.274 0.3524 0.3724 0.329 0.2384 0.1328 0.0414 0.0094 0.0084 0.0026 0 0 0 0 0 0 0 0 0 0 0 0 0 
0 0 0 0 0 0 0 0 0 0 0 0 0 0 0 0 0 0.1246 1.8184 3.0492 1.8348 0.8138 0.2544 0.0812 0.0222 0.0014 0 0 0 0 0 0 0 0 0 0.0116 0.158 0.8852 1.665 1.5916 0.9648 0.4442 0.188 0.0654 0.0262 0 0 0 0 0 0 0 0 0.001 0.0088 0.0646 0.3362 0.7776 0.98 0.879 0.4952 0.2384 0.141 0.0476 0.025 0.0056 0 0 0 0 0 0 0 0.0032 0.0196 0.0532 0.2006 0.3002 0.4314 0.3244 0.2408 0.1922 0.1 0.0774 0.0316 0.0166 0.0058 0.003 0 0 0 0 0 0 0 0 0 0 0 0 
0 0 0 0 0 0 0 0 0 0 0 0 0 0 0 0 0 0.0794 1.355 2.7286 2.1068 1.0816 0.4484 0.1482 0.0492 0.0028 0 0 0 0 0 0 0 0 0 0.0042 0.089 0.487 1.2142 1.5438 1.2726 0.7488 0.409 0.1878 0.0422 0.0014 0 0 0 0 0 0 0 0 0.0018 0.0356 0.133 0.417 0.7828 0.8564 0.734 0.4958 0.3212 0.1552 0.0548 0.0124 0 0 0 0 0 0 0 0 0.0018 0.0056 0.0488 0.1624 0.2804 0.3734 0.3684 0.2964 0.2202 0.1334 0.071 0.029 0.0084 0.0008 0 0 0 0 0 0 0 0 0 0 0 0 
0 0 0 0 0 0 0 0 0 0 0 0 0 0 0 0 0 0.1328 1.8674 2.9476 1.9008 0.7614 0.2696 0.086 0.0242 0.0054 0.0048 0 0 0 0 0 0 0 0 0.0126 0.216 0.8854 1.5316 1.4836 1.038 0.512 0.2114 0.0578 0.0256 0.0154 0.0046 0.0046 0.0014 0 0 0 0 0 0.0096 0.0846 0.3774 0.7784 0.828 0.7886 0.5622 0.3158 0.1636 0.0506 0.0242 0.0108 0.0026 0.0036 0 0 0 0 0 0 0.0142 0.0768 0.2052 0.3316 0.3432 0.3036 0.2902 0.1898 0.1248 0.0582 0.0382 0.0192 0.005 0 0 0 0 0 0 0 0 0 0 0 0 0 
0 0 0 0 0 0 0 0 0 0 0 0 0 0 0 0 0 0.1516 1.5888 2.9046 1.9978 0.9588 0.3196 0.071 0.0062 0.0016 0 0 0 0 0 0 0 0 0.0006 0.0146 0.155 0.6852 1.426 1.5798 1.2096 0.6274 0.241 0.0532 0.0058 0.0018 0 0 0 0 0 0 0.001 0.0014 0.0106 0.0726 0.2404 0.5292 0.8894 0.9324 0.7574 0.381 0.1412 0.035 0.0084 0 0 0 0 0 0 0 0 0.0042 0.0132 0.037 0.0964 0.1768 0.3492 0.461 0.4236 0.2822 0.1058 0.0446 0.006 0 0 0 0 0 0 0 0 0 0 0 0 0 0 0 
0 0 0 0 0 0 0 0 0 0 0 0 0 0 0 0 0 0.135 1.9766 2.9132 1.9656 0.7438 0.2194 0.0396 0.0068 0 0 0 0 0 0 0 0 0 0 0.0084 0.2236 0.9674 1.6004 1.5902 0.9412 0.3958 0.1596 0.0912 0.0222 0 0 0 0 0 0 0 0 0 0.0164 0.109 0.4302 0.7564 0.9478 0.7698 0.5272 0.2478 0.1102 0.0576 0.026 0.0016 0 0 0 0 0 0 0 0.0042 0.0178 0.1152 0.211 0.339 0.3648 0.3244 0.2772 0.164 0.0934 0.0526 0.0268 0.0096 0 0 0 0 0 0 0 0 0 0 0 0 0 0 
0 0 0 0 0 0 0 0 0 0 0 0 0 0 0 0 0 0.146 1.789 2.7714 1.9394 0.954 0.2864 0.077 0.029 0.0078 0 0 0 0 0 0 0 0 0 0.0102 0.1816 0.7626 1.4728 1.5432 1.1314 0.5518 0.2416 0.0742 0.0236 0.0066 0.0004 0 0 0 0 0 0 0 0.0068 0.0668 0.3116 0.5862 0.9228 0.8798 0.6438 0.3548 0.1396 0.065 0.0228 0 0 0 0 0 0 0 0 0.0038 0.0072 0.0386 0.1528 0.2526 0.355 0.3944 0.3444 0.2084 0.1202 0.0868 0.025 0.0108 0 0 0 0 0 0 0 0 0 0 0 0 0 0 
0 0 0 0 0 0 0 0 0 0 0 0 0 0 0 0 0 0.1684 2.1192 3.1682 1.749 0.5494 0.195 0.0376 0.0132 0 0 0 0 0 0 0 0 0 0 0.0116 0.2518 1.1232 1.6868 1.5964 0.8562 0.3542 0.095 0.0172 0.0058 0.0018 0 0 0 0 0 0 0 0.0022 0.0108 0.1378 0.5078 0.936 0.9104 0.743 0.4686 0.1944 0.069 0.0168 0.0032 0 0 0 0 0 0 0 0 0.0052 0.0248 0.1424 0.3154 0.3688 0.3748 0.2972 0.2026 0.1432 0.0758 0.0382 0.0076 0.004 0 0 0 0 0 0 0 0 0 0 0 0 0 0 
0 0 0 0 0 0 0 0 0 0 0 0 0 0 0 0 0.0002 0.1318 1.772 2.8766 1.867 0.8846 0.2902 0.113 0.0416 0.0202 0.0028 0 0 0 0 0 0 0 0 0.0112 0.1904 0.789 1.5414 1.5108 1.0198 0.5008 0.2822 0.0918 0.0404 0.0188 0.0034 0 0 0 0 0 0 0 0.0058 0.0698 0.3178 0.646 0.9194 0.8292 0.5578 0.3662 0.1586 0.0874 0.038 0.0024 0.0016 0 0 0 0 0 0 0 0.0072 0.073 0.1424 0.2452 0.3844 0.3502 0.2872 0.2164 0.1286 0.0806 0.058 0.0258 0.001 0 0 0 0 0 0 0 0 0 0 0 0 0 
0 0 0 0 0 0 0 0 0 0 0 0 0 0 0 0 0 0.108 1.6622 3.1632 2.0496 0.7666 0.208 0.0362 0.0062 0 0 0 0 0 0 0 0 0 0 0.0044 0.12 0.6592 1.5608 1.8816 1.16 0.4624 0.13 0.0216 0 0 0 0 0 0 0 0 0 0 0.0006 0.0298 0.2196 0.6998 1.0054 1.0354 0.6612 0.2426 0.0876 0.018 0 0 0 0 0 0 0 0 0 0 0.005 0.0292 0.1388 0.2934 0.4572 0.4354 0.3366 0.182 0.095 0.0232 0.0042 0 0 0 0 0 0 0 0 0 0 0 0 0 0 0 
0 0 0 0 0 0 0 0 0 0 0 0 0 0 0 0 0 0.1596 2.081 3.3742 1.7392 0.462 0.1262 0.0496 0.0082 0 0 0 0 0 0 0 0 0 0 0.004 0.2132 1.0662 1.9338 1.6458 0.7288 0.2854 0.0868 0.0252 0.0108 0 0 0 0 0 0 0 0 0 0.0218 0.1156 0.4508 0.971 1.056 0.7636 0.4022 0.1596 0.0432 0.01 0.0062 0 0 0 0 0 0 0 0 0.0152 0.0392 0.1016 0.2342 0.4156 0.46 0.3494 0.2454 0.1006 0.0252 0.0136 0 0 0 0 0 0 0 0 0 0 0 0 0 0 0 0 
0 0 0 0 0 0 0 0 0 0 0 0 0 0 0 0 0 0.171 2.1148 3.2118 1.708 0.6346 0.145 0.0148 0 0 0 0 0 0 0 0 0 0 0 0.0084 0.2338 1.1136 1.9228 1.4656 0.8758 0.3226 0.0538 0.0036 0 0 0 0 0 0 0 0 0 0 0.0064 0.1258 0.4648 0.9736 1.0692 0.8314 0.3604 0.1336 0.0322 0.0026 0 0 0 0 0 0 0 0 0 0.0042 0.0218 0.0972 0.2718 0.381 0.464 0.3892 0.2456 0.0902 0.0258 0.0092 0 0 0 0 0 0 0 0 0 0 0 0 0 0 0 0 
0 0 0 0 0 0 0 0 0 0 0 0 0 0 0 0 0 0.1126 1.6308 2.7976 1.9282 0.8938 0.4 0.189 0.0428 0.0052 0 0 0 0 0 0 0 0 0 0.003 0.1398 0.6758 1.427 1.4892 1.1304 0.6972 0.2982 0.097 0.0352 0.0072 0 0 0 0 0 0 0 0 0.0034 0.044 0.2492 0.5226 0.8194 0.8412 0.7802 0.469 0.1892 0.0694 0.0124 0 0 0 0 0 0 0 0 0 0.0066 0.0324 0.0774 0.1982 0.3138 0.3936 0.3498 0.3046 0.168 0.1116 0.0324 0.0062 0.0036 0.0018 0 0 0 0 0 0 0 0 0 0 0 0 
0 0 0 0 0 0 0 0 0 0 0 0 0 0 0 0 0.0004 0.1004 1.5126 2.9356 2.1522 0.9068 0.294 0.0758 0.005 0.0078 0.0094 0 0 0 0 0 0 0 0 0.0088 0.1362 0.6234 1.417 1.61 1.1906 0.653 0.264 0.0592 0.0204 0.0096 0.006 0.0018 0 0 0 0 0 0 0.0064 0.057 0.2316 0.5046 0.8952 0.913 0.7184 0.4012 0.1782 0.0534 0.0204 0.015 0.002 0.0036 0 0 0 0 0 0.0024 0.0088 0.0444 0.1066 0.183 0.3606 0.4208 0.3838 0.236 0.1228 0.0694 0.0348 0.0122 0.0092 0.0052 0 0 0 0 0 0 0 0 0 0 0 0 
0 0 0 0 0 0 0 0 0 0 0 0 0 0 0 0 0 0.104 1.4384 2.8992 2.1382 0.9222 0.3472 0.126 0.0216 0.0032 0 0 0 0 0 0 0 0 0 0.0052 0.1084 0.5964 1.393 1.61 1.193 0.6174 0.3222 0.0968 0.046 0.0116 0 0 0 0 0 0 0 0 0 0.0288 0.2038 0.5756 0.847 0.852 0.6912 0.4468 0.2074 0.0988 0.0388 0.0098 0 0 0 0 0 0 0 0 0.0006 0.022 0.097 0.2476 0.3146 0.3662 0.3682 0.2568 0.1506 0.0904 0.0606 0.0224 0.003 0 0 0 0 0 0 0 0 0 0 0 0 0 
0 0 0 0 0 0 0 0 0 0 0 0 0 0 0 0 0 0.1382 1.7254 2.9664 1.9648 0.8168 0.2616 0.0932 0.0256 0.008 0 0 0 0 0 0 0 0 0 0.0084 0.1632 0.7666 1.577 1.5674 1.0182 0.5598 0.2146 0.1034 0.0214 0 0 0 0 0 0 0 0 0 0.0086 0.0672 0.2988 0.671 0.9298 0.8878 0.5586 0.292 0.175 0.0812 0.0264 0.0036 0 0 0 0 0 0 0 0 0.0084 0.059 0.1528 0.2864 0.4026 0.3862 0.2646 0.2076 0.104 0.0606 0.0404 0.0118 0.0096 0.006 0 0 0 0 0 0 0 0 0 0 0 0 
0 0 0 0 0 0 0 0 0 0 0 0 0 0 0 0 0.0004 0.1522 1.7302 2.9732 1.7922 0.815 0.3402 0.1342 0.0484 0.013 0.001 0 0 0 0 0 0 0 0 0.0182 0.2164 0.8418 1.5032 1.4784 0.99 0.5242 0.2404 0.0956 0.0486 0.0296 0.0102 0.0034 0 0 0 0 0.0002 0.003 0.0192 0.1204 0.3716 0.6444 0.7832 0.7604 0.6234 0.3526 0.1748 0.0704 0.0418 0.0334 0.0012 0 0 0 0 0.0018 0.0024 0.0034 0.0158 0.0964 0.1798 0.2592 0.2964 0.3116 0.3044 0.221 0.1102 0.0754 0.0542 0.0336 0.0212 0.011 0.0022 0 0 0 0 0 0 0 0 0 0 0 
0 0 0 0 0 0 0 0 0 0 0 0 0 0 0 0 0 0.1248 1.8904 3.1712 1.8754 0.6892 0.2162 0.0276 0.0052 0 0 0 0 0 0 0 0 0 0.001 0.0046 0.1638 0.945 1.692 1.6026 1.0306 0.4064 0.1136 0.0334 0.003 0.004 0 0 0 0 0 0 0 0 0.0106 0.0746 0.3722 0.7756 1.0446 0.8586 0.5356 0.2252 0.0762 0.0186 0.0056 0.0026 0 0 0 0 0 0 0 0.0032 0.019 0.0656 0.1876 0.3568 0.4406 0.3886 0.2668 0.1462 0.0718 0.034 0.0134 0.0026 0.0038 0 0 0 0 0 0 0 0 0 0 0 0 0 
0 0 0 0 0 0 0 0 0 0 0 0 0 0 0 0 0 0.1332 1.8066 3.1464 1.69 0.6274 0.3758 0.1604 0.041 0.0158 0.0034 0 0 0 0 0 0 0 0 0.0126 0.1912 0.8638 1.658 1.5332 0.841 0.4944 0.2504 0.1074 0.0328 0.0142 0.0008 0.0002 0 0 0 0 0 0 0.0152 0.1008 0.344 0.704 0.9708 0.7666 0.508 0.3198 0.1544 0.0722 0.034 0.0092 0.001 0 0 0 0 0 0 0 0.0218 0.0692 0.167 0.3004 0.3604 0.3272 0.2492 0.2254 0.1124 0.084 0.0598 0.014 0.0074 0.0018 0 0 0 0 0 0 0 0 0 0 0 0 
0 0 0 0 0 0 0 0 0 0 0 0 0 0 0 0 0 0.1174 1.8092 2.9754 1.8832 0.8184 0.2694 0.0822 0.0396 0.0052 0 0 0 0 0 0 0 0 0 0.0018 0.1562 0.804 1.499 1.6194 1.115 0.5082 0.177 0.0726 0.0236 0.0102 0.0078 0.0052 0 0 0 0 0 0 0 0.0858 0.3034 0.6388 0.933 0.8832 0.6032 0.3162 0.1386 0.0606 0.0216 0.0114 0.0042 0 0 0 0 0 0 0.0012 0.011 0.0454 0.1568 0.2942 0.3674 0.4366 0.267 0.204 0.105 0.0536 0.0404 0.0116 0.0022 0.0036 0 0 0 0 0 0 0 0 0 0 0 0 
0 0 0 0 0 0 0 0 0 0 0 0 0 0 0 0 0 0.0924 1.8684 2.685 2.0028 0.969 0.3024 0.0558 0.0192 0.005 0 0 0 0 0 0 0 0 0 0.0026 0.1822 0.8946 1.3856 1.4818 1.0424 0.6284 0.2878 0.0764 0.0152 0.003 0 0 0 0 0 0 0 0.001 0.006 0.07 0.313 0.66 0.8248 0.8536 0.6486 0.3694 0.2024 0.0292 0.0184 0.0036 0 0 0 0 0 0 0 0 0.0202 0.055 0.1272 0.2574 0.3302 0.3936 0.3252 0.248 0.1444 0.0812 0.01 0.0076 0 0 0 0 0 0 0 0 0 0 0 0 0 0 
0 0 0 0 0 0 0 0 0 0 0 0 0 0 0 0 0 0.119 1.766 3.0724 1.8678 0.778 0.279 0.0822 0.0228 0.0128 0 0 0 0 0 0 0 0 0 0.0066 0.1528 0.8534 1.6046 1.5144 1.0206 0.5116 0.2096 0.0874 0.027 0.0072 0.0048 0 0 0 0 0 0 0 0.009 0.0822 0.3064 0.7132 0.896 0.884 0.5922 0.2708 0.143 0.0744 0.0204 0.0084 0 0 0 0 0 0 0 0 0.0232 0.0616 0.1312 0.2692 0.386 0.4338 0.3042 0.171 0.1164 0.0542 0.0344 0.011 0.0038 0 0 0 0 0 0 0 0 0 0 0 0 0 
0 0 0 0 0 0 0 0 0 0 0 0 0 0 0 0 0 0.1092 1.8174 3.0712 1.8966 0.78 0.271 0.0546 0 0 0 0 0 0 0 0 0 0 0 0.0062 0.189 0.8466 1.5736 1.6626 1.0432 0.4922 0.1592 0.0254 0.002 0 0 0 0 0 0 0 0 0 0.0094 0.076 0.3328 0.7044 0.9922 0.889 0.5758 0.3132 0.0952 0.012 0 0 0 0 0 0 0 0 0 0.0022 0.0178 0.0638 0.1498 0.2896 0.3888 0.4148 0.344 0.1974 0.0826 0.0396 0.0096 0 0 0 0 0 0 0 0 0 0 0 0 0 0 0 
0 0 0 0 0 0 0 0 0 0 0 0 0 0 0 0 0 0.1276 1.7432 3.1384 1.9014 0.7164 0.2196 0.108 0.0338 0.0068 0.0048 0 0 0 0 0 0 0 0 0.0028 0.1512 0.8136 1.6226 1.6216 0.8974 0.5062 0.2448 0.0816 0.0442 0.0058 0.0082 0 0 0 0 0 0 0 0.0048 0.076 0.3066 0.7104 1.0036 0.7964 0.5106 0.2922 0.1552 0.0692 0.0528 0.0192 0.003 0 0 0 0 0 0 0.0012 0.0144 0.0604 0.2172 0.3204 0.3702 0.3422 0.2556 0.1742 0.083 0.0616 0.0486 0.0258 0.0176 0.0076 0 0 0 0 0 0 0 0 0 0 0 0 
0 0 0 0 0 0 0 0 0 0 0 0 0 0 0 0 0 0.1106 1.616 2.859 2.0222 0.8962 0.342 0.1248 0.0262 0.003 0 0 0 0 0 0 0 0 0 0.0028 0.1184 0.6388 1.4078 1.6268 1.129 0.67 0.3012 0.086 0.0144 0.0048 0 0 0 0 0 0 0 0 0.001 0.0352 0.2056 0.5248 0.9148 0.951 0.6412 0.4358 0.2136 0.0666 0.0104 0 0 0 0 0 0 0 0 0 0.0038 0.028 0.1188 0.2394 0.3386 0.4056 0.3 0.2432 0.1794 0.0874 0.0508 0.005 0 0 0 0 0 0 0 0 0 0 0 0 0 0 
0 0 0 0 0 0 0 0 0 0 0 0 0 0 0 0 0 0.1254 1.7076 3.0488 1.939 0.78 0.284 0.0926 0.0158 0.0068 0 0 0 0 0 0 0 0 0 0.0022 0.1136 0.7646 1.5746 1.6232 1.0686 0.5358 0.2198 0.0764 0.0182 0.003 0 0 0 0 0 0 0 0 0.0046 0.0684 0.2478 0.6708 0.9694 0.8526 0.5782 0.3782 0.1604 0.0546 0.015 0 0 0 0 0 0 0 0 0 0.017 0.0642 0.166 0.2618 0.402 0.341 0.2922 0.2022 0.1272 0.0764 0.0318 0.0118 0.0064 0 0 0 0 0 0 0 0 0 0 0 0 0 
0 0 0 0 0 0 0 0 0 0 0 0 0 0 0 0 0 0.1212 1.5588 2.7282 1.9304 0.945 0.4478 0.1986 0.0588 0.0112 0 0 0 0 0 0 0 0 0 0.011 0.1532 0.6958 1.2682 1.5176 1.1006 0.6426 0.3566 0.1716 0.064 0.014 0.0048 0 0 0 0 0 0 0.0006 0.0134 0.0702 0.2238 0.5228 0.8048 0.842 0.5978 0.4348 0.2472 0.152 0.0702 0.0166 0.0038 0 0 0 0 0 0 0 0.0164 0.0494 0.1226 0.2118 0.3026 0.3118 0.3198 0.2164 0.119 0.1156 0.0966 0.045 0.043 0.0256 0.0044 0 0 0 0 0 0 0 0 0 0 0 
0 0 0 0 0 0 0 0 0 0 0 0 0 0 0 0 0 0.1142 1.8408 3.0422 1.8068 0.8676 0.253 0.0602 0.0152 0 0 0 0 0 0 0 0 0 0 0.0058 0.1654 0.8424 1.5626 1.548 1.0506 0.5438 0.2298 0.0412 0.0074 0.0024 0.0006 0 0 0 0 0 0 0 0.0094 0.084 0.3414 0.661 0.8666 0.887 0.6476 0.3252 0.135 0.0416 0.0012 0 0 0 0 0 0 0 0 0.0014 0.0186 0.0696 0.1448 0.299 0.3972 0.3704 0.2716 0.2392 0.1374 0.0438 0.007 0 0 0 0 0 0 0 0 0 0 0 0 0 0 0 
0 0 0 0 0 0 0 0 0 0 0 0 0 0 0 0 0 0.1054 1.6254 2.8678 2.0098 0.8934 0.3458 0.1224 0.0254 0.0046 0 0 0 0 0 0 0 0 0 0.0068 0.125 0.6362 1.3864 1.589 1.1632 0.6634 0.2906 0.1052 0.025 0.0092 0 0 0 0 0 0 0 0 0.0046 0.0442 0.231 0.5536 0.8398 0.8662 0.7118 0.4194 0.2076 0.0808 0.038 0.003 0 0 0 0 0 0 0 0.0008 0.0066 0.0248 0.1148 0.2618 0.3368 0.3924 0.344 0.2094 0.155 0.079 0.0422 0.0138 0.0136 0.005 0 0 0 0 0 0 0 0 0 0 0 0 
0 0 0 0 0 0 0 0 0 0 0 0 0 0 0 0 0 0.112 1.6 2.9004 1.9632 0.9296 0.3424 0.1158 0.0352 0.0014 0 0 0 0 0 0 0 0 0 0.0028 0.1156 0.67 1.4634 1.6042 1.2026 0.5654 0.238 0.1146 0.0204 0.003 0 0 0 0 0 0 0 0 0.003 0.0392 0.1742 0.6026 0.8354 1.0602 0.6612 0.3614 0.184 0.0618 0.017 0 0 0 0 0 0 0 0 0.0036 0.0052 0.017 0.0828 0.2036 0.3212 0.458 0.4074 0.254 0.1628 0.0646 0.0158 0.004 0 0 0 0 0 0 0 0 0 0 0 0 0 0 
0 0 0 0 0 0 0 0 0 0 0 0 0 0 0 0 0 0.126 1.8956 3.0432 1.7864 0.7606 0.2476 0.079 0.0284 0.0228 0.0078 0.0026 0 0 0 0 0 0 0 0.0088 0.1612 0.8902 1.6486 1.588 0.9334 0.4662 0.1866 0.0536 0.0232 0.0176 0.0136 0.0066 0.0024 0 0 0 0 0 0.0066 0.062 0.3018 0.7976 0.9592 0.8632 0.5276 0.291 0.1086 0.0438 0.0224 0.0084 0.0078 0 0 0 0 0 0 0 0.009 0.0562 0.1602 0.3294 0.4028 0.3786 0.2942 0.1694 0.1136 0.0546 0.023 0.009 0 0 0 0 0 0 0 0 0 0 0 0 0 0 
0 0 0 0 0 0 0 0 0 0 0 0 0 0 0 0 0 0.0878 1.5006 2.9346 2.0574 0.9312 0.329 0.1132 0.0418 0.0044 0 0 0 0 0 0 0 0 0 0.0022 0.1236 0.5748 1.28 1.7008 1.1512 0.6386 0.3428 0.1134 0.056 0.0134 0.0032 0 0 0 0 0 0 0 0.0018 0.0564 0.2244 0.4864 0.8162 0.8856 0.6216 0.4496 0.2624 0.1282 0.0596 0.0078 0 0 0 0 0 0 0 0 0.0174 0.0588 0.1374 0.1834 0.2982 0.3502 0.3302 0.244 0.1684 0.1224 0.0616 0.0228 0.0052 0 0 0 0 0 0 0 0 0 0 0 0 0 
0 0 0 0 0 0 0 0 0 0 0 0 0 0 0 0 0 0.169 1.7342 2.9044 1.8264 0.8954 0.36 0.0934 0.0146 0.0026 0 0 0 0 0 0 0 0 0 0.0052 0.1852 0.8096 1.531 1.4832 1.0064 0.6248 0.2708 0.0636 0.0194 0.0008 0 0 0 0 0 0 0 0 0.0042 0.0626 0.329 0.646 0.9162 0.8586 0.5706 0.3456 0.1848 0.0638 0.0166 0.002 0 0 0 0 0 0 0 0.0014 0.0144 0.038 0.1056 0.267 0.4186 0.3834 0.3158 0.2228 0.1214 0.0774 0.0314 0.0028 0 0 0 0 0 0 0 0 0 0 0 0 0 0 
0 0 0 0 0 0 0 0 0 0 0 0 0 0 0 0 0 0.153 2.2952 3.3666 1.5172 0.5052 0.1224 0.0334 0.007 0 0 0 0 0 0 0 0 0 0 0.0124 0.2972 1.1974 1.9122 1.511 0.6896 0.2534 0.0796 0.0422 0.005 0 0 0 0 0 0 0 0 0.0018 0.0156 0.1746 0.5448 1.019 1.0352 0.6878 0.2932 0.1388 0.0578 0.0242 0.0072 0 0 0 0 0 0 0 0 0.0048 0.0312 0.1386 0.3078 0.4852 0.4638 0.2834 0.141 0.073 0.045 0.0194 0.003 0.0038 0 0 0 0 0 0 0 0 0 0 0 0 0 0 
0 0 0 0 0 0 0 0 0 0 0 0 0 0 0 0 0 0.1706 1.8492 3.1266 1.864 0.662 0.2306 0.0762 0.0184 0.0024 0 0 0 0 0 0 0 0 0 0.0064 0.1898 0.8324 1.6256 1.6444 1.005 0.4776 0.163 0.0426 0.0082 0.005 0 0 0 0 0 0 0 0 0.0112 0.0898 0.3226 0.712 0.9532 0.9172 0.6062 0.2622 0.0856 0.03 0.0088 0.0012 0 0 0 0 0 0 0 0.0048 0.0166 0.037 0.182 0.2996 0.4116 0.4654 0.3502 0.157 0.0476 0.0252 0.003 0 0 0 0 0 0 0 0 0 0 0 0 0 0 0 
0 0 0 0 0 0 0 0 0 0 0 0 0 0 0 0 0 0.16 1.9328 3.238 1.7158 0.6868 0.201 0.0502 0.0154 0 0 0 0 0 0 0 0 0 0 0.0108 0.1936 0.9336 1.7416 1.6066 0.9318 0.4174 0.1376 0.025 0.002 0 0 0 0 0 0 0 0 0 0.008 0.1134 0.3494 0.788 1.0576 0.858 0.5258 0.23 0.0622 0.0076 0 0 0 0 0 0 0 0 0 0.0028 0.0258 0.0916 0.1864 0.3056 0.4532 0.4122 0.2884 0.1446 0.063 0.0234 0.003 0 0 0 0 0 0 0 0 0 0 0 0 0 0 0 
0 0 0 0 0 0 0 0 0 0 0 0 0 0 0 0 0 0.1142 1.7334 2.86 2.018 0.8536 0.2542 0.122 0.04 0.0032 0.0014 0 0 0 0 0 0 0 0 0.005 0.1424 0.8042 1.4848 1.4548 1.1286 0.5998 0.2554 0.0796 0.0368 0.0086 0 0 0 0 0 0 0 0 0.0034 0.0564 0.269 0.6476 0.8578 0.877 0.6496 0.3526 0.186 0.077 0.0206 0.003 0 0 0 0 0 0 0 0 0.0034 0.0296 0.141 0.2406 0.3828 0.3768 0.3426 0.2446 0.1392 0.066 0.0258 0.0052 0.0024 0 0 0 0 0 0 0 0 0 0 0 0 0 
0 0 0 0 0 0 0 0 0 0 0 0 0 0 0 0 0 0.1176 1.6398 2.8488 1.9748 0.9652 0.3614 0.0748 0.013 0.0026 0.002 0 0 0 0 0 0 0 0 0.0046 0.1324 0.66 1.3212 1.5996 1.3518 0.6576 0.1964 0.062 0.0122 0.0022 0 0 0 0 0 0 0 0 0.0026 0.0348 0.21 0.5308 0.9024 0.9934 0.6902 0.4122 0.1604 0.05 0.0132 0 0 0 0 0 0 0 0 0 0.0014 0.019 0.0984 0.2054 0.365 0.4748 0.3872 0.2288 0.1136 0.075 0.0222 0.0064 0.0028 0 0 0 0 0 0 0 0 0 0 0 0 0 
0 0 0 0 0 0 0 0 0 0 0 0 0 0 0 0 0 0.154 1.6698 3.081 1.947 0.7866 0.2792 0.0678 0.0086 0.0032 0.0028 0 0 0 0 0 0 0 0 0.0062 0.1824 0.6992 1.5724 1.6986 1.0596 0.5628 0.1642 0.0376 0.0146 0.0024 0 0 0 0 0 0 0 0 0.0106 0.0704 0.2706 0.6798 0.8862 0.9486 0.669 0.3326 0.1072 0.0132 0.0118 0 0 0 0 0 0 0 0 0 0.0202 0.0724 0.133 0.2286 0.366 0.4446 0.3592 0.2218 0.1076 0.0268 0.016 0.0038 0 0 0 0 0 0 0 0 0 0 0 0 0 0 
0 0 0 0 0 0 0 0 0 0 0 0 0 0 0 0 0 0.1158 1.638 2.8418 2.0102 0.8998 0.3234 0.118 0.0444 0.0072 0.0014 0 0 0 0 0 0 0 0 0.007 0.1208 0.655 1.4466 1.5524 1.1512 0.5886 0.3024 0.1356 0.0356 0.0048 0 0 0 0 0 0 0 0 0.0044 0.0414 0.2504 0.5704 0.7868 0.888 0.6998 0.4066 0.242 0.072 0.0202 0.01 0.0072 0.0008 0 0 0 0 0 0 0.007 0.0508 0.1394 0.239 0.3172 0.3362 0.2974 0.2694 0.1692 0.1012 0.0514 0.0158 0.006 0 0 0 0 0 0 0 0 0 0 0 0 0 
0 0 0 0 0 0 0 0 0 0 0 0 0 0 0 0 0 0.223 2.164 3.0392 1.5884 0.6522 0.22 0.0806 0.0256 0.007 0 0 0 0 0 0 0 0 0 0.018 0.2568 1.167 1.6932 1.6058 0.7632 0.314 0.1266 0.0378 0.0164 0.0012 0 0 0 0 0 0 0 0.002 0.0162 0.1146 0.524 0.8982 1.064 0.7406 0.3718 0.1466 0.0572 0.0306 0.0158 0.0112 0.0072 0 0 0 0 0 0 0.006 0.025 0.119 0.2518 0.3642 0.4166 0.3436 0.2406 0.1024 0.0548 0.0306 0.0212 0.0102 0.0056 0.0084 0 0 0 0 0 0 0 0 0 0 0 0 
0 0 0 0 0 0 0 0 0 0 0 0 0 0 0 0 0 0.1884 1.9864 3.1452 1.7932 0.5484 0.2196 0.0892 0.0228 0.006 0.0008 0 0 0 0 0 0 0 0 0.0066 0.1822 1.0618 1.854 1.4964 0.7244 0.353 0.2118 0.085 0.0232 0.0016 0 0 0 0 0 0 0 0 0.0042 0.0804 0.482 0.9546 1.0328 0.6126 0.3596 0.2022 0.1798 0.0822 0.0096 0 0 0 0 0 0 0 0 0.0018 0.0134 0.0954 0.2798 0.402 0.4274 0.2452 0.1862 0.1522 0.0954 0.0536 0.0292 0.01 0.0052 0.0032 0 0 0 0 0 0 0 0 0 0 0 0 
0 0 0 0 0 0 0 0 0 0 0 0 0 0 0 0 0 0.1304 1.671 3.0178 2.0454 0.8236 0.2554 0.0528 0.0036 0 0 0 0 0 0 0 0 0 0 0.0116 0.155 0.7046 1.5022 1.7334 1.1164 0.54 0.1862 0.0452 0.0054 0 0 0 0 0 0 0 0 0.0026 0.005 0.0554 0.2342 0.6734 0.9302 0.9532 0.6682 0.343 0.111 0.0238 0 0 0 0 0 0 0 0 0.0016 0.002 0.0076 0.0426 0.1034 0.2466 0.451 0.4654 0.333 0.209 0.1008 0.0328 0.0042 0 0 0 0 0 0 0 0 0 0 0 0 0 0 0 
0 0 0 0 0 0 0 0 0 0 0 0 0 0 0 0 0 0.1648 1.8148 3.0388 2.0004 0.7298 0.1916 0.0512 0.0086 0 0 0 0 0 0 0 0 0 0 0.0146 0.1752 0.82 1.6366 1.6724 1.068 0.4394 0.133 0.0316 0.0092 0 0 0 0 0 0 0 0 0 0.01 0.089 0.3176 0.7622 0.982 0.8672 0.6012 0.262 0.0724 0.035 0.0014 0 0 0 0 0 0 0 0 0.0054 0.0142 0.0696 0.1584 0.3334 0.4168 0.3996 0.3128 0.1646 0.0838 0.0282 0.0106 0.0026 0 0 0 0 0 0 0 0 0 0 0 0 0 0 
0 0 0 0 0 0 0 0 0 0 0 0 0 0 0 0 0 0.1072 1.8768 3.1538 1.9214 0.598 0.2224 0.0988 0.0216 0 0 0 0 0 0 0 0 0 0 0.0074 0.195 0.8432 1.6176 1.7052 0.9964 0.3968 0.1644 0.0634 0.0106 0 0 0 0 0 0 0 0 0.0008 0.0074 0.075 0.337 0.73 1.0452 0.8612 0.5604 0.2622 0.089 0.0204 0.0034 0.008 0 0 0 0 0 0 0 0 0.0098 0.0644 0.169 0.3106 0.4574 0.399 0.29 0.1622 0.086 0.0328 0.0188 0 0 0 0 0 0 0 0 0 0 0 0 0 0 0 
0 0 0 0 0 0 0 0 0 0 0 0 0 0 0 0 0 0.112 1.71 2.9682 1.95 0.858 0.2744 0.0894 0.0306 0.0074 0 0 0 0 0 0 0 0 0 0.0116 0.1582 0.775 1.4822 1.5864 1.088 0.6008 0.2148 0.066 0.017 0 0 0 0 0 0 0 0 0 0.0086 0.0766 0.2692 0.6668 0.9236 0.8248 0.6322 0.3736 0.1646 0.053 0.007 0 0 0 0 0 0 0 0 0 0.0192 0.0576 0.1362 0.2116 0.3722 0.3726 0.3492 0.2734 0.128 0.0516 0.028 0.0004 0 0 0 0 0 0 0 0 0 0 0 0 0 0 
0 0 0 0 0 0 0 0 0 0 0 0 0 0 0 0 0 0.1344 1.7558 3.17 1.9752 0.7054 0.204 0.0496 0.0056 0 0 0 0 0 0 0 0 0 0 0.0128 0.192 0.7836 1.6748 1.6806 1.077 0.423 0.112 0.0334 0.0078 0.003 0 0 0 0 0 0 0 0 0.0016 0.0652 0.318 0.7676 1.005 0.9454 0.5664 0.2122 0.0904 0.0242 0.004 0 0 0 0 0 0 0 0 0 0.0048 0.0464 0.1798 0.3274 0.4574 0.4004 0.296 0.1832 0.0652 0.0246 0.0066 0.0082 0 0 0 0 0 0 0 0 0 0 0 0 0 0 
0 0 0 0 0 0 0 0 0 0 0 0 0 0 0 0 0 0.1276 1.8746 3.0916 1.8392 0.704 0.2624 0.0806 0.02 0 0 0 0 0 0 0 0 0 0 0.0066 0.1636 0.8566 1.7196 1.5498 0.9638 0.4346 0.1956 0.085 0.0242 0.0006 0 0 0 0 0 0 0 0 0.0096 0.0702 0.3598 0.7872 0.9592 0.803 0.505 0.2542 0.16 0.062 0.0246 0.0052 0 0 0 0 0 0 0 0.002 0.0198 0.0926 0.2024 0.3214 0.4028 0.3514 0.2318 0.1502 0.0892 0.0784 0.0388 0.015 0.0042 0 0 0 0 0 0 0 0 0 0 0 0 0 
0 0 0 0 0 0 0 0 0 0 0 0 0 0 0 0 0 0.1284 1.573 2.793 2.0026 0.9794 0.394 0.1038 0.024 0.0018 0 0 0 0 0 0 0 0 0 0.0098 0.1144 0.68 1.392 1.5326 1.1448 0.7358 0.2924 0.0728 0.0174 0.008 0 0 0 0 0 0 0 0 0.004 0.0524 0.2134 0.498 0.85 0.9388 0.7296 0.4472 0.197 0.0504 0.0142 0.005 0 0 0 0 0 0 0 0 0.0046 0.0284 0.089 0.17 0.3342 0.3926 0.4188 0.2826 0.177 0.0654 0.0234 0.014 0 0 0 0 0 0 0 0 0 0 0 0 0 0 
