0.03 0.09 0.15 0.21 0.27 0.33 0.39 0.45 0.51 0.57 0.63 0.69 0.75 0.81 0.87 0.93 0.99 1.05 1.11 1.17 1.23 1.29 1.35 1.41 1.47 1.53 1.59 1.65 1.71 1.77 1.83 1.89 1.95 2.01 2.07 2.13 2.19 2.25 2.31 2.37 2.43 2.49 2.55 2.61 2.67 2.73 2.79 2.85 2.91 2.97 3.03 3.09 3.15 3.21 3.27 3.33 3.39 3.45 3.51 3.57 3.63 3.69 3.75 3.81 3.87 3.93 3.99 4.05 4.11 4.17 4.23 4.29 4.35 4.41 4.47 4.53 4.59 4.65 4.71 4.77 4.83 4.89 4.95 5.01 5.07 5.13 5.19 5.25 5.31 5.37 5.43 5.49 5.55 5.61 5.67 5.73 5.79 5.85 5.91 5.97 
0 0 0 0 0 0 0 0 0 0 0 0 0 0 0 0 0 1.3084 4.7642 1.0534 0.0748 0 0 0 0 0 0 0 0 0 0 0 0 0 0.0066 0.4896 2.6556 2.0232 0.2206 0.005 0 0 0 0 0 0 0 0 0 0 0 0 0 0.1668 1.0008 1.8688 0.5466 0.0174 0 0 0 0 0 0 0 0 0 0 0 0 0 0.0532 0.1062 0.8746 0.5994 0.1626 0.0042 0 0 0 0 0 0 0 0 0 0 0 0 0 0 0 0 0 0 0 0 0 0 0 
0 0 0 0 0 0 0 0 0 0 0 0 0 0 0 0 0.0002 1.301 4.877 1.6566 0.1652 0 0 0 0 0 0 0 0 0 0 0 0 0 0.013 0.6676 2.233 2.133 0.8556 0.0926 0.0052 0 0 0 0 0 0 0 0 0 0 0 0.0198 0.3026 0.9324 1.2664 1.0302 0.3776 0.071 0 0 0 0 0 0 0 0 0 0 0 0.005 0.0774 0.2404 0.5494 0.4764 0.438 0.17 0.036 0.0074 0 0 0 0 0 0 0 0 0 0 0 0 0 0 0 0 0 0 0 0 0 
0 0 0 0 0 0 0 0 0 0 0 0 0 0 0 0 0.0006 1.083 4.7586 1.915 0.2312 0.0116 0 0 0 0 0 0 0 0 0 0 0 0 0.0034 0.3828 2.0932 2.4678 0.8592 0.1806 0.013 0 0 0 0 0 0 0 0 0 0 0 0 0.1176 0.6774 1.5178 1.174 0.4188 0.0896 0.0048 0 0 0 0 0 0 0 0 0 0 0 0.009 0.1428 0.4616 0.6318 0.4486 0.2586 0.0476 0 0 0 0 0 0 0 0 0 0 0 0 0 0 0 0 0 0 0 0 0 0 
0 0 0 0 0 0 0 0 0 0 0 0 0 0 0 0 0.0006 1.0732 4.3592 2.0966 0.3506 0.0758 0.044 0 0 0 0 0 0 0 0 0 0 0 0.0014 0.2566 2.015 2.4194 1.0358 0.1638 0.0952 0.0128 0 0 0 0 0 0 0 0 0 0 0 0.0352 0.5414 1.4844 1.3878 0.3552 0.13 0.0648 0.0012 0 0 0 0 0 0 0 0 0 0 0.0042 0.0394 0.304 0.6976 0.604 0.169 0.1372 0.0314 0.0062 0.007 0 0 0 0 0 0 0 0 0 0 0 0 0 0 0 0 0 0 0 
0 0 0 0 0 0 0 0 0 0 0 0 0 0 0 0 0.0006 1.0356 4.1178 2.3458 0.4136 0.0504 0.0236 0.0046 0.008 0 0 0 0 0 0 0 0 0 0.0048 0.2944 1.7042 2.4392 1.196 0.2788 0.061 0.0096 0.012 0 0 0 0 0 0 0 0 0 0 0.0528 0.4892 1.2836 1.3784 0.5832 0.145 0.0476 0.0202 0 0 0 0 0 0 0 0 0 0 0 0.0234 0.3122 0.6132 0.5582 0.3242 0.109 0.0498 0.01 0 0 0 0 0 0 0 0 0 0 0 0 0 0 0 0 0 0 0 0 
0 0 0 0 0 0 0 0 0 0 0 0 0 0 0 0 0.003 0.9934 4.6496 1.924 0.3736 0.0486 0.0078 0 0 0 0 0 0 0 0 0 0 0 0.007 0.3252 2.0344 2.2996 1.0238 0.2612 0.0358 0.013 0 0 0 0 0 0 0 0 0 0 0.0054 0.1036 0.6948 1.3986 0.9388 0.5908 0.2302 0.0306 0.0072 0 0 0 0 0 0 0 0 0 0 0.028 0.1182 0.4908 0.5282 0.3418 0.2548 0.1784 0.0546 0.0052 0 0 0 0 0 0 0 0 0 0 0 0 0 0 0 0 0 0 0 0 
0 0 0 0 0 0 0 0 0 0 0 0 0 0 0 0 0.0018 1.0836 4.6134 1.9772 0.3158 0.0082 0 0 0 0 0 0 0 0 0 0 0 0 0 0.3938 2.1008 2.3508 1.0108 0.1406 0.0032 0 0 0 0 0 0 0 0 0 0 0 0 0.0822 0.7784 1.4868 1.0352 0.5296 0.0878 0 0 0 0 0 0 0 0 0 0 0 0 0.0032 0.109 0.5226 0.5964 0.419 0.2476 0.0896 0.0126 0 0 0 0 0 0 0 0 0 0 0 0 0 0 0 0 0 0 0 0 0 
0 0 0 0 0 0 0 0 0 0 0 0 0 0 0 0 0 0.9304 4.528 1.8058 0.581 0.1308 0.024 0 0 0 0 0 0 0 0 0 0 0 0.0042 0.2478 2.0348 2.1382 1.0652 0.3906 0.1008 0.014 0.0044 0 0 0 0 0 0 0 0 0 0 0.0282 0.5904 1.3478 1.156 0.527 0.2658 0.0742 0.0106 0 0 0 0 0 0 0 0 0 0 0 0.0576 0.294 0.6354 0.447 0.3044 0.1758 0.068 0.0178 0 0 0 0 0 0 0 0 0 0 0 0 0 0 0 0 0 0 0 0 
0 0 0 0 0 0 0 0 0 0 0 0 0 0 0 0 0.001 1.0184 3.8832 2.2812 0.6384 0.14 0.0266 0.0112 0 0 0 0 0 0 0 0 0 0 0.0008 0.3492 1.5734 2.0896 1.3882 0.416 0.113 0.0464 0.0234 0 0 0 0 0 0 0 0 0 0 0.0862 0.4608 1.064 1.2178 0.757 0.217 0.1328 0.0512 0.0132 0 0 0 0 0 0 0 0 0 0 0.0618 0.2436 0.3706 0.6514 0.3772 0.1656 0.0628 0.0584 0.0086 0 0 0 0 0 0 0 0 0 0 0 0 0 0 0 0 0 0 0 
0 0 0 0 0 0 0 0 0 0 0 0 0 0 0 0 0.0034 1.042 4.3888 2.2002 0.3062 0.0534 0.006 0 0 0 0 0 0 0 0 0 0 0 0.0136 0.3336 1.8064 2.593 1.0458 0.1714 0.0276 0.0086 0 0 0 0 0 0 0 0 0 0 0.0026 0.06 0.6012 1.3846 1.3642 0.4878 0.0778 0.0218 0 0 0 0 0 0 0 0 0 0 0 0 0.081 0.361 0.6172 0.5822 0.2546 0.0732 0.0308 0 0 0 0 0 0 0 0 0 0 0 0 0 0 0 0 0 0 0 0 0 
0 0 0 0 0 0 0 0 0 0 0 0 0 0 0 0 0.0048 0.952 4.2162 2.2302 0.5256 0.0678 0.0034 0 0 0 0 0 0 0 0 0 0 0 0 0.2972 1.6966 2.3544 1.2464 0.3484 0.0554 0.0016 0 0 0 0 0 0 0 0 0 0 0 0.0464 0.517 1.2796 1.2528 0.6192 0.2522 0.0328 0 0 0 0 0 0 0 0 0 0 0 0.0034 0.0996 0.2272 0.5198 0.6054 0.3534 0.1544 0.0326 0.0042 0 0 0 0 0 0 0 0 0 0 0 0 0 0 0 0 0 0 0 0 
0 0 0 0 0 0 0 0 0 0 0 0 0 0 0 0 0.0028 1.0776 3.7238 2.3354 0.6066 0.1504 0.0556 0.0206 0.0188 0.0056 0.0028 0 0 0 0 0 0 0 0.0114 0.353 1.517 1.9576 1.3914 0.528 0.1498 0.0362 0.0268 0.0268 0.002 0 0 0 0 0 0 0 0.0032 0.1416 0.4308 0.9106 1.1772 0.7328 0.3474 0.1518 0.0626 0.0356 0.0064 0 0 0 0 0 0 0 0 0.0208 0.0952 0.2358 0.3886 0.4536 0.3486 0.2098 0.1478 0.0646 0.0352 0 0 0 0 0 0 0 0 0 0 0 0 0 0 0 0 0 0 0 
0 0 0 0 0 0 0 0 0 0 0 0 0 0 0 0 0.0034 0.9724 3.9702 2.2814 0.515 0.1896 0.0484 0.0126 0.007 0 0 0 0 0 0 0 0 0 0.0108 0.275 1.5558 2.3112 1.263 0.4064 0.1352 0.0306 0.005 0.007 0 0 0 0 0 0 0 0 0 0.0806 0.4278 1.0982 1.3222 0.6788 0.2238 0.1392 0.0168 0.008 0.0046 0 0 0 0 0 0 0 0 0.0116 0.091 0.1968 0.4322 0.564 0.329 0.194 0.16 0.012 0.0094 0 0 0 0 0 0 0 0 0 0 0 0 0 0 0 0 0 0 0 
0 0 0 0 0 0 0 0 0 0 0 0 0 0 0 0 0.002 0.8518 3.4384 2.578 0.8986 0.2062 0.025 0 0 0 0 0 0 0 0 0 0 0 0.0076 0.2294 1.1126 2.0696 1.6326 0.7298 0.169 0.0494 0 0 0 0 0 0 0 0 0 0 0.0058 0.0438 0.2716 0.6962 1.2448 1.0736 0.4682 0.1772 0.0188 0 0 0 0 0 0 0 0 0 0 0.0074 0.036 0.0984 0.2616 0.4976 0.5874 0.3202 0.1596 0.0214 0.0104 0 0 0 0 0 0 0 0 0 0 0 0 0 0 0 0 0 0 0 
0 0 0 0 0 0 0 0 0 0 0 0 0 0 0 0 0 1.0038 3.789 2.4356 0.6106 0.14 0.021 0 0 0 0 0 0 0 0 0 0 0 0.0066 0.2912 1.4052 2.2468 1.415 0.495 0.1128 0.0188 0.0064 0.0022 0 0 0 0 0 0 0 0 0.0078 0.0554 0.4262 1.0316 1.2254 0.7908 0.31 0.1138 0.029 0.01 0 0 0 0 0 0 0 0 0 0.0056 0.0556 0.2688 0.4448 0.4556 0.4058 0.2378 0.0604 0.0286 0.0266 0.0084 0.002 0 0 0 0 0 0 0 0 0 0 0 0 0 0 0 0 0 
0 0 0 0 0 0 0 0 0 0 0 0 0 0 0 0 0 1.0242 4.1908 2.4696 0.2978 0.0176 0 0 0 0 0 0 0 0 0 0 0 0 0.0036 0.257 1.6866 2.5222 1.3106 0.216 0.004 0 0 0 0 0 0 0 0 0 0 0 0 0.0506 0.5272 1.2056 1.408 0.6878 0.1162 0.0046 0 0 0 0 0 0 0 0 0 0 0 0 0.099 0.284 0.5688 0.6062 0.3538 0.0702 0.018 0 0 0 0 0 0 0 0 0 0 0 0 0 0 0 0 0 0 0 0 0 
0 0 0 0 0 0 0 0 0 0 0 0 0 0 0 0 0 1.0678 4.3968 2.1544 0.339 0.042 0 0 0 0 0 0 0 0 0 0 0 0 0.008 0.3538 1.7844 2.541 1.1388 0.1404 0.0304 0.0032 0 0 0 0 0 0 0 0 0 0 0 0.1032 0.6062 1.1994 1.4742 0.5058 0.0954 0.0158 0 0 0 0 0 0 0 0 0 0 0 0.0066 0.12 0.3354 0.5328 0.6192 0.3042 0.0712 0.0106 0 0 0 0 0 0 0 0 0 0 0 0 0 0 0 0 0 0 0 0 0 
0 0 0 0 0 0 0 0 0 0 0 0 0 0 0 0 0 1.1662 4.6058 2.0084 0.2156 0.004 0 0 0 0 0 0 0 0 0 0 0 0 0 0.441 2.107 2.3976 0.9336 0.1144 0.0064 0 0 0 0 0 0 0 0 0 0 0 0 0.1046 0.8138 1.3232 1.2752 0.457 0.0262 0 0 0 0 0 0 0 0 0 0 0 0 0.0218 0.127 0.4374 0.5952 0.652 0.1574 0.0092 0 0 0 0 0 0 0 0 0 0 0 0 0 0 0 0 0 0 0 0 0 0 
0 0 0 0 0 0 0 0 0 0 0 0 0 0 0 0 0.0008 1.214 4.6648 1.8886 0.2144 0.0174 0 0 0 0 0 0 0 0 0 0 0 0 0.006 0.4542 2.1446 2.3858 0.8684 0.1404 0.0006 0 0 0 0 0 0 0 0 0 0 0 0.0024 0.1046 0.8698 1.483 1.083 0.3816 0.0672 0.0084 0 0 0 0 0 0 0 0 0 0 0 0 0.1826 0.5428 0.6002 0.3942 0.2178 0.0552 0.0072 0 0 0 0 0 0 0 0 0 0 0 0 0 0 0 0 0 0 0 0 0 
0 0 0 0 0 0 0 0 0 0 0 0 0 0 0 0 0.0018 1.0582 4.4494 2.0424 0.4106 0.0376 0 0 0 0 0 0 0 0 0 0 0 0 0.0078 0.3432 1.9244 2.4058 1.0392 0.254 0.0256 0 0 0 0 0 0 0 0 0 0 0 0.0012 0.085 0.6288 1.3208 1.3104 0.5282 0.118 0.0076 0 0 0 0 0 0 0 0 0 0 0 0.015 0.0992 0.3644 0.6152 0.4554 0.3116 0.1256 0.0136 0 0 0 0 0 0 0 0 0 0 0 0 0 0 0 0 0 0 0 0 0 
0 0 0 0 0 0 0 0 0 0 0 0 0 0 0 0 0.003 1.005 4.0426 2.1866 0.5662 0.1704 0.0262 0 0 0 0 0 0 0 0 0 0 0 0.0046 0.3488 1.564 2.1712 1.2486 0.504 0.1438 0.015 0 0 0 0 0 0 0 0 0 0 0 0.093 0.5098 1.0316 1.218 0.7202 0.2648 0.136 0.0266 0 0 0 0 0 0 0 0 0 0 0.0038 0.0718 0.2976 0.4322 0.5236 0.3582 0.1678 0.0984 0.0348 0.0118 0 0 0 0 0 0 0 0 0 0 0 0 0 0 0 0 0 0 0 
0 0 0 0 0 0 0 0 0 0 0 0 0 0 0 0 0.0042 0.9792 3.938 2.4246 0.5606 0.089 0.0044 0 0 0 0 0 0 0 0 0 0 0 0.0114 0.2524 1.598 2.2116 1.4188 0.451 0.0568 0 0 0 0 0 0 0 0 0 0 0 0 0.051 0.4592 1.1262 1.213 0.7918 0.3218 0.037 0 0 0 0 0 0 0 0 0 0 0 0 0.0616 0.1944 0.5658 0.6072 0.316 0.1478 0.0862 0.021 0 0 0 0 0 0 0 0 0 0 0 0 0 0 0 0 0 0 0 0 
0 0 0 0 0 0 0 0 0 0 0 0 0 0 0 0 0.0078 0.961 4.1404 2.3002 0.5118 0.072 0.0068 0 0 0 0 0 0 0 0 0 0 0 0.0038 0.3116 1.6464 2.2786 1.3314 0.3578 0.0704 0 0 0 0 0 0 0 0 0 0 0 0 0.096 0.4768 1.0768 1.317 0.784 0.2092 0.0402 0 0 0 0 0 0 0 0 0 0 0 0.0104 0.061 0.2884 0.4682 0.5288 0.4332 0.1794 0.0306 0 0 0 0 0 0 0 0 0 0 0 0 0 0 0 0 0 0 0 0 0 
0 0 0 0 0 0 0 0 0 0 0 0 0 0 0 0 0.0064 0.9776 3.8754 2.5642 0.4762 0.0642 0.033 0.003 0 0 0 0 0 0 0 0 0 0 0.0188 0.3508 1.4564 2.1102 1.4772 0.4662 0.0974 0.023 0 0 0 0 0 0 0 0 0 0 0.002 0.1212 0.463 1.0076 1.106 0.7582 0.4236 0.1008 0.0176 0 0 0 0 0 0 0 0 0 0.001 0.0392 0.0904 0.2626 0.3874 0.4984 0.3598 0.2446 0.1068 0.0098 0 0 0 0 0 0 0 0 0 0 0 0 0 0 0 0 0 0 0 0 
0 0 0 0 0 0 0 0 0 0 0 0 0 0 0 0 0.0076 1.0972 4.1586 2.0826 0.5548 0.0992 0 0 0 0 0 0 0 0 0 0 0 0.0016 0.03 0.5552 1.5786 2.083 1.1016 0.5066 0.1144 0.029 0 0 0 0 0 0 0 0 0 0.0022 0.0206 0.28 0.5908 0.8984 1.1002 0.6474 0.2914 0.1006 0.0446 0.0238 0 0 0 0 0 0 0 0 0.0114 0.0852 0.1718 0.2286 0.3906 0.5066 0.2936 0.1718 0.0802 0.0354 0.0226 0.0022 0 0 0 0 0 0 0 0 0 0 0 0 0 0 0 0 0 0 
0 0 0 0 0 0 0 0 0 0 0 0 0 0 0 0 0 1.0294 4.3706 2.171 0.3574 0.065 0.0066 0 0 0 0 0 0 0 0 0 0 0 0.002 0.3512 1.7656 2.3338 1.212 0.286 0.0424 0.007 0 0 0 0 0 0 0 0 0 0 0.0002 0.097 0.5504 1.206 1.2522 0.6878 0.1734 0.033 0 0 0 0 0 0 0 0 0 0 0 0.009 0.1174 0.3012 0.5486 0.5712 0.3206 0.102 0.03 0 0 0 0 0 0 0 0 0 0 0 0 0 0 0 0 0 0 0 0 0 
0 0 0 0 0 0 0 0 0 0 0 0 0 0 0 0 0.0014 1.0136 4.3306 2.2884 0.3226 0.0434 0 0 0 0 0 0 0 0 0 0 0 0 0.0046 0.211 2.0068 2.5672 0.9924 0.1868 0.0312 0 0 0 0 0 0 0 0 0 0 0 0 0.0148 0.4896 1.612 1.3678 0.4166 0.0706 0.0286 0 0 0 0 0 0 0 0 0 0 0 0 0 0.3102 0.7768 0.6312 0.192 0.0554 0.0112 0.0176 0.0056 0 0 0 0 0 0 0 0 0 0 0 0 0 0 0 0 0 0 0 
0 0 0 0 0 0 0 0 0 0 0 0 0 0 0 0 0.005 1.0146 4.238 2.3158 0.3376 0.0814 0.0076 0 0 0 0 0 0 0 0 0 0 0 0.0086 0.3432 1.6468 2.357 1.291 0.3038 0.0496 0 0 0 0 0 0 0 0 0 0 0 0.0014 0.1086 0.5544 1.0796 1.3016 0.7298 0.2078 0.0168 0 0 0 0 0 0 0 0 0 0 0 0.01 0.1094 0.3242 0.4804 0.573 0.3244 0.1502 0.0284 0 0 0 0 0 0 0 0 0 0 0 0 0 0 0 0 0 0 0 0 0 
0 0 0 0 0 0 0 0 0 0 0 0 0 0 0 0 0 1.0942 4.1208 2.1642 0.5148 0.099 0.007 0 0 0 0 0 0 0 0 0 0 0 0.0084 0.3284 1.7762 2.2832 1.1494 0.3484 0.0894 0.0166 0 0 0 0 0 0 0 0 0 0 0.0018 0.0998 0.5708 1.1684 1.2264 0.5872 0.2714 0.062 0.0122 0 0 0 0 0 0 0 0 0 0 0.0038 0.1382 0.3026 0.521 0.4698 0.2694 0.1832 0.1054 0.0066 0 0 0 0 0 0 0 0 0 0 0 0 0 0 0 0 0 0 0 0 
0 0 0 0 0 0 0 0 0 0 0 0 0 0 0 0 0 0.9998 4.207 2.2168 0.5104 0.066 0 0 0 0 0 0 0 0 0 0 0 0 0.0006 0.3384 1.6712 2.3264 1.2484 0.372 0.0422 0.0008 0 0 0 0 0 0 0 0 0 0 0 0.0748 0.5306 1.153 1.3132 0.7238 0.195 0.0096 0 0 0 0 0 0 0 0 0 0 0 0 0.0876 0.2552 0.5268 0.603 0.3702 0.1456 0.0116 0 0 0 0 0 0 0 0 0 0 0 0 0 0 0 0 0 0 0 0 0 
0 0 0 0 0 0 0 0 0 0 0 0 0 0 0 0 0.0038 0.8932 3.987 2.4476 0.5892 0.0772 0.002 0 0 0 0 0 0 0 0 0 0 0 0.0154 0.287 1.438 2.2608 1.5288 0.4054 0.0646 0 0 0 0 0 0 0 0 0 0 0 0.0062 0.087 0.3558 1.0382 1.303 0.9454 0.2562 0.0082 0 0 0 0 0 0 0 0 0 0 0 0.0084 0.0684 0.1778 0.442 0.5432 0.5702 0.19 0 0 0 0 0 0 0 0 0 0 0 0 0 0 0 0 0 0 0 0 0 0 
0 0 0 0 0 0 0 0 0 0 0 0 0 0 0 0 0.0052 1.0524 4.4246 2.198 0.311 0.0088 0 0 0 0 0 0 0 0 0 0 0 0 0.038 0.417 1.657 2.3416 1.2128 0.2942 0.0394 0 0 0 0 0 0 0 0 0 0 0 0.0326 0.1516 0.5292 1.2162 1.1702 0.6518 0.2148 0.0266 0.007 0 0 0 0 0 0 0 0 0 0.0142 0.0518 0.1202 0.318 0.5458 0.5192 0.2752 0.1294 0.0262 0 0 0 0 0 0 0 0 0 0 0 0 0 0 0 0 0 0 0 0 0 
0 0 0 0 0 0 0 0 0 0 0 0 0 0 0 0 0 1.1458 4.9972 1.6264 0.2092 0.0214 0 0 0 0 0 0 0 0 0 0 0 0 0.0026 0.4936 2.2476 2.3426 0.7704 0.1314 0.0118 0 0 0 0 0 0 0 0 0 0 0 0.0024 0.1694 0.867 1.4542 1.0488 0.394 0.0642 0 0 0 0 0 0 0 0 0 0 0 0 0.0272 0.178 0.5294 0.5762 0.4424 0.2142 0.0326 0 0 0 0 0 0 0 0 0 0 0 0 0 0 0 0 0 0 0 0 0 0 
0 0 0 0 0 0 0 0 0 0 0 0 0 0 0 0 0 0.9934 4.6822 1.8462 0.3728 0.0898 0.0136 0.002 0 0 0 0 0 0 0 0 0 0 0.006 0.3252 1.9516 2.2992 0.9704 0.33 0.0906 0.027 0 0 0 0 0 0 0 0 0 0 0.0062 0.1662 0.5244 1.3384 1.1234 0.5158 0.1962 0.1218 0.0076 0 0 0 0 0 0 0 0 0 0 0.0554 0.1252 0.3612 0.5326 0.4892 0.2214 0.119 0.072 0.024 0 0 0 0 0 0 0 0 0 0 0 0 0 0 0 0 0 0 0 0 
0 0 0 0 0 0 0 0 0 0 0 0 0 0 0 0 0.0014 1.2108 4.0262 2.3028 0.41 0.0462 0.0026 0 0 0 0 0 0 0 0 0 0 0 0.0116 0.5006 1.7306 2.1756 1.1678 0.3406 0.0684 0.0048 0 0 0 0 0 0 0 0 0 0 0.0074 0.196 0.653 1.099 1.09 0.654 0.2558 0.0448 0 0 0 0 0 0 0 0 0 0 0 0.0338 0.1818 0.3084 0.5038 0.4032 0.3564 0.173 0.032 0.0076 0 0 0 0 0 0 0 0 0 0 0 0 0 0 0 0 0 0 0 0 
0 0 0 0 0 0 0 0 0 0 0 0 0 0 0 0 0.0018 1.0192 4.964 1.732 0.2558 0.0242 0.003 0 0 0 0 0 0 0 0 0 0 0 0.009 0.425 2.2356 2.3658 0.7988 0.1518 0.014 0 0 0 0 0 0 0 0 0 0 0 0.0092 0.1506 0.7952 1.4332 1.112 0.404 0.0928 0.003 0 0 0 0 0 0 0 0 0 0 0.0078 0.0224 0.1586 0.4562 0.5486 0.5056 0.2494 0.0452 0.0062 0 0 0 0 0 0 0 0 0 0 0 0 0 0 0 0 0 0 0 0 0 
0 0 0 0 0 0 0 0 0 0 0 0 0 0 0 0 0 1.1238 4.1276 2.1992 0.4672 0.067 0.0152 0 0 0 0 0 0 0 0 0 0 0 0.0062 0.3404 1.9254 2.2282 1.0828 0.3584 0.0458 0.0128 0 0 0 0 0 0 0 0 0 0 0 0.0598 0.5642 1.374 1.1678 0.6392 0.1754 0.0196 0 0 0 0 0 0 0 0 0 0 0 0 0.0408 0.3792 0.546 0.4744 0.41 0.146 0.0036 0 0 0 0 0 0 0 0 0 0 0 0 0 0 0 0 0 0 0 0 0 
0 0 0 0 0 0 0 0 0 0 0 0 0 0 0 0 0.0028 0.9468 3.7716 2.305 0.6908 0.163 0.0794 0.0406 0 0 0 0 0 0 0 0 0 0 0.0082 0.31 1.4982 1.8652 1.4782 0.4936 0.2344 0.0948 0.0174 0 0 0 0 0 0 0 0 0 0.0028 0.1004 0.432 0.9106 1.0722 0.7766 0.4036 0.206 0.0842 0.0116 0 0 0 0 0 0 0 0 0 0.019 0.078 0.1962 0.372 0.407 0.3586 0.28 0.1818 0.0818 0.0256 0 0 0 0 0 0 0 0 0 0 0 0 0 0 0 0 0 0 0 
0 0 0 0 0 0 0 0 0 0 0 0 0 0 0 0 0.0014 0.9574 3.7764 2.4504 0.7194 0.081 0.0118 0.0022 0 0 0 0 0 0 0 0 0 0 0.0126 0.3246 1.4198 2.0454 1.5756 0.489 0.1114 0.013 0.0064 0.0022 0 0 0 0 0 0 0 0 0.0084 0.082 0.4194 0.8892 1.222 0.9698 0.3346 0.0576 0.0104 0.0066 0 0 0 0 0 0 0 0 0 0.0202 0.0714 0.2154 0.3418 0.5164 0.492 0.2824 0.0462 0.0088 0.0054 0 0 0 0 0 0 0 0 0 0 0 0 0 0 0 0 0 0 0 
0 0 0 0 0 0 0 0 0 0 0 0 0 0 0 0 0.0006 0.8548 4.1716 2.197 0.6056 0.1234 0.047 0 0 0 0 0 0 0 0 0 0 0 0.0034 0.1982 1.6654 2.2926 1.3532 0.3558 0.1058 0.0256 0 0 0 0 0 0 0 0 0 0 0 0.055 0.3732 1.163 1.2998 0.7756 0.2528 0.0576 0.023 0 0 0 0 0 0 0 0 0 0 0.0098 0.0518 0.1794 0.475 0.5812 0.396 0.1966 0.0896 0.0126 0.008 0 0 0 0 0 0 0 0 0 0 0 0 0 0 0 0 0 0 0 
0 0 0 0 0 0 0 0 0 0 0 0 0 0 0 0 0 1.0152 3.8592 2.4076 0.561 0.1318 0.0252 0 0 0 0 0 0 0 0 0 0 0 0.011 0.3324 1.4902 2.2524 1.3556 0.4596 0.0966 0.0022 0 0 0 0 0 0 0 0 0 0 0.0018 0.0894 0.4414 1.1078 1.1872 0.8002 0.2966 0.0694 0.0062 0 0 0 0 0 0 0 0 0 0 0.0052 0.0666 0.2038 0.5302 0.4574 0.4428 0.1852 0.0968 0.012 0 0 0 0 0 0 0 0 0 0 0 0 0 0 0 0 0 0 0 0 
0 0 0 0 0 0 0 0 0 0 0 0 0 0 0 0 0.0028 0.8224 3.9036 2.5464 0.625 0.0998 0 0 0 0 0 0 0 0 0 0 0 0 0.0012 0.2102 1.3444 2.2926 1.5842 0.473 0.0884 0.006 0 0 0 0 0 0 0 0 0 0 0 0.0128 0.3554 0.8926 1.4466 0.9004 0.3546 0.0376 0 0 0 0 0 0 0 0 0 0 0 0.0002 0.0438 0.1636 0.4454 0.566 0.4804 0.2532 0.0474 0 0 0 0 0 0 0 0 0 0 0 0 0 0 0 0 0 0 0 0 0 
0 0 0 0 0 0 0 0 0 0 0 0 0 0 0 0 0.001 1.0332 4.1886 2.227 0.4162 0.1004 0.0268 0.0068 0 0 0 0 0 0 0 0 0 0 0.005 0.3668 1.7712 2.1324 1.1996 0.4224 0.0856 0.017 0 0 0 0 0 0 0 0 0 0 0 0.0864 0.6136 1.1086 1.1852 0.6588 0.2842 0.0548 0.0084 0 0 0 0 0 0 0 0 0 0 0.0022 0.0948 0.3382 0.4888 0.4578 0.3824 0.1746 0.0426 0.0186 0 0 0 0 0 0 0 0 0 0 0 0 0 0 0 0 0 0 0 0 
0 0 0 0 0 0 0 0 0 0 0 0 0 0 0 0 0.008 0.981 3.5848 2.4636 0.7644 0.1812 0.017 0 0 0 0 0 0 0 0 0 0 0 0.0086 0.3086 1.335 1.839 1.4996 0.7796 0.192 0.0322 0.0054 0 0 0 0 0 0 0 0 0 0.0032 0.0876 0.4726 0.8322 0.9632 0.785 0.599 0.2046 0.0508 0.0018 0 0 0 0 0 0 0 0 0 0.0224 0.1034 0.249 0.3096 0.3726 0.4138 0.2662 0.189 0.0652 0.0088 0 0 0 0 0 0 0 0 0 0 0 0 0 0 0 0 0 0 0 
0 0 0 0 0 0 0 0 0 0 0 0 0 0 0 0 0 0.9044 4.1912 2.385 0.4654 0.044 0.01 0 0 0 0 0 0 0 0 0 0 0 0.0014 0.2012 1.5818 2.5138 1.4164 0.243 0.0424 0 0 0 0 0 0 0 0 0 0 0 0 0.007 0.3154 1.238 1.6218 0.6964 0.1186 0.0028 0 0 0 0 0 0 0 0 0 0 0 0 0.0072 0.1296 0.5936 0.8214 0.3778 0.0704 0 0 0 0 0 0 0 0 0 0 0 0 0 0 0 0 0 0 0 0 0 0 
0 0 0 0 0 0 0 0 0 0 0 0 0 0 0 0 0 0.8774 4.3336 2.5112 0.2704 0.0074 0 0 0 0 0 0 0 0 0 0 0 0 0.0014 0.213 1.5774 2.5648 1.385 0.2584 0 0 0 0 0 0 0 0 0 0 0 0 0.0016 0.0566 0.3558 1.22 1.5116 0.7042 0.136 0.0142 0 0 0 0 0 0 0 0 0 0 0.0026 0.0088 0.0496 0.2464 0.6338 0.65 0.2914 0.1048 0.0126 0 0 0 0 0 0 0 0 0 0 0 0 0 0 0 0 0 0 0 0 0 
0 0 0 0 0 0 0 0 0 0 0 0 0 0 0 0 0.0038 0.943 4.3334 2.1624 0.4686 0.0862 0.0026 0 0 0 0 0 0 0 0 0 0 0 0.0042 0.2794 1.7508 2.4206 1.1326 0.3644 0.0448 0.0032 0 0 0 0 0 0 0 0 0 0 0 0.0458 0.4578 1.3878 1.2688 0.594 0.1964 0.0494 0 0 0 0 0 0 0 0 0 0 0 0.0072 0.037 0.2886 0.627 0.5452 0.3076 0.1268 0.0594 0.0012 0 0 0 0 0 0 0 0 0 0 0 0 0 0 0 0 0 0 0 0 
0 0 0 0 0 0 0 0 0 0 0 0 0 0 0 0 0.0008 1.0032 4.0864 2.2836 0.5496 0.0764 0 0 0 0 0 0 0 0 0 0 0 0 0.0022 0.2634 1.692 2.231 1.3728 0.3678 0.069 0.0018 0 0 0 0 0 0 0 0 0 0 0 0.0446 0.5806 1.08 1.2204 0.7476 0.2772 0.0496 0 0 0 0 0 0 0 0 0 0 0 0 0.086 0.2796 0.556 0.4532 0.3562 0.201 0.0514 0.0132 0.0034 0 0 0 0 0 0 0 0 0 0 0 0 0 0 0 0 0 0 0 
0 0 0 0 0 0 0 0 0 0 0 0 0 0 0 0 0.0038 1.0154 3.7758 2.4752 0.5586 0.116 0.0408 0.0144 0 0 0 0 0 0 0 0 0 0 0.0198 0.3512 1.4844 2.0372 1.4646 0.466 0.1154 0.0572 0.0042 0 0 0 0 0 0 0 0 0 0.0046 0.1126 0.5456 0.9102 1.082 0.8318 0.3546 0.1166 0.038 0.004 0 0 0 0 0 0 0 0 0 0.0094 0.1486 0.267 0.3348 0.4404 0.3766 0.2292 0.1502 0.0368 0.007 0 0 0 0 0 0 0 0 0 0 0 0 0 0 0 0 0 0 0 
0 0 0 0 0 0 0 0 0 0 0 0 0 0 0 0 0 0.911 4.0244 2.5068 0.4926 0.0652 0 0 0 0 0 0 0 0 0 0 0 0 0.0026 0.2464 1.431 2.3838 1.4558 0.4276 0.0528 0 0 0 0 0 0 0 0 0 0 0 0.0022 0.0644 0.3574 1.1924 1.1932 0.8506 0.2856 0.0362 0.016 0.002 0 0 0 0 0 0 0 0 0 0.012 0.0494 0.246 0.5046 0.536 0.4224 0.1628 0.0502 0.0166 0 0 0 0 0 0 0 0 0 0 0 0 0 0 0 0 0 0 0 0 
0 0 0 0 0 0 0 0 0 0 0 0 0 0 0 0 0.0044 0.8632 3.8456 2.506 0.581 0.1356 0.0458 0.009 0.0094 0 0 0 0 0 0 0 0 0 0.0082 0.2572 1.3426 2.21 1.4876 0.502 0.1272 0.0486 0.0088 0.0078 0 0 0 0 0 0 0 0 0 0.0636 0.4064 0.8794 1.2312 0.8704 0.3768 0.1262 0.035 0.011 0 0 0 0 0 0 0 0 0 0 0.0838 0.1926 0.404 0.5046 0.3754 0.2394 0.1258 0.0672 0.0072 0 0 0 0 0 0 0 0 0 0 0 0 0 0 0 0 0 0 0 
0 0 0 0 0 0 0 0 0 0 0 0 0 0 0 0 0.0048 1.1316 4.0752 2.3056 0.4218 0.0426 0.0184 0 0 0 0 0 0 0 0 0 0 0 0.004 0.382 1.7724 2.2484 1.2764 0.2496 0.0572 0.01 0 0 0 0 0 0 0 0 0 0 0 0.0914 0.634 1.1578 1.2776 0.6388 0.1624 0.038 0 0 0 0 0 0 0 0 0 0 0 0.004 0.132 0.3068 0.4742 0.5736 0.3778 0.092 0.0258 0.0138 0 0 0 0 0 0 0 0 0 0 0 0 0 0 0 0 0 0 0 0 
0 0 0 0 0 0 0 0 0 0 0 0 0 0 0 0 0.007 0.9758 4.2994 2.119 0.5172 0.0662 0.0078 0.0076 0 0 0 0 0 0 0 0 0 0 0.0126 0.2828 1.793 2.3162 1.1342 0.3456 0.0974 0.0108 0.0074 0 0 0 0 0 0 0 0 0 0 0.092 0.563 1.2684 1.1262 0.5568 0.299 0.0754 0.0192 0 0 0 0 0 0 0 0 0 0 0.019 0.0994 0.33 0.5324 0.48 0.2632 0.139 0.0932 0.031 0.0128 0 0 0 0 0 0 0 0 0 0 0 0 0 0 0 0 0 0 0 
0 0 0 0 0 0 0 0 0 0 0 0 0 0 0 0 0.0024 1.0326 4.1018 2.1922 0.5498 0.102 0.0192 0 0 0 0 0 0 0 0 0 0 0 0.0082 0.3388 1.638 2.4126 1.1386 0.3638 0.0784 0.0186 0.003 0 0 0 0 0 0 0 0 0 0.005 0.068 0.5146 1.1716 1.273 0.6916 0.2184 0.046 0.0118 0 0 0 0 0 0 0 0 0 0 0.0044 0.0886 0.251 0.5014 0.5294 0.4032 0.1496 0.0724 0 0 0 0 0 0 0 0 0 0 0 0 0 0 0 0 0 0 0 0 0 
0 0 0 0 0 0 0 0 0 0 0 0 0 0 0 0 0.0008 1.0192 4.2974 2.223 0.3692 0.046 0.0288 0.0156 0 0 0 0 0 0 0 0 0 0 0.0022 0.2934 1.7954 2.5336 1.114 0.1866 0.0352 0.0216 0.018 0 0 0 0 0 0 0 0 0 0 0.0466 0.5596 1.3042 1.4298 0.5022 0.093 0.0422 0.0176 0.0048 0 0 0 0 0 0 0 0 0 0 0.0616 0.3526 0.5438 0.6294 0.2904 0.0582 0.0408 0.0194 0.0038 0 0 0 0 0 0 0 0 0 0 0 0 0 0 0 0 0 0 0 
0 0 0 0 0 0 0 0 0 0 0 0 0 0 0 0 0.0022 1.1556 3.6084 2.3566 0.7564 0.1072 0.0136 0 0 0 0 0 0 0 0 0 0 0 0.0304 0.4488 1.3666 1.9212 1.461 0.6528 0.111 0.0082 0 0 0 0 0 0 0 0 0 0 0.0146 0.1206 0.4272 0.8986 1.1526 0.9216 0.3668 0.0838 0.0142 0 0 0 0 0 0 0 0 0 0 0.0064 0.0444 0.2084 0.4268 0.5326 0.4992 0.2258 0.0352 0.013 0.0082 0 0 0 0 0 0 0 0 0 0 0 0 0 0 0 0 0 0 0 
0 0 0 0 0 0 0 0 0 0 0 0 0 0 0 0 0.0062 1.0298 4.2784 2.002 0.517 0.133 0.0304 0.0032 0 0 0 0 0 0 0 0 0 0 0.0044 0.345 1.9208 2.1754 1.0248 0.3704 0.1382 0.021 0 0 0 0 0 0 0 0 0 0 0.0036 0.056 0.5878 1.3886 1.0928 0.4984 0.2442 0.1092 0.0174 0.002 0 0 0 0 0 0 0 0 0 0 0.0474 0.3824 0.5448 0.4578 0.307 0.1314 0.096 0.0244 0.0088 0 0 0 0 0 0 0 0 0 0 0 0 0 0 0 0 0 0 0 
0 0 0 0 0 0 0 0 0 0 0 0 0 0 0 0 0.0004 1.1956 4.6186 1.892 0.265 0.0284 0 0 0 0 0 0 0 0 0 0 0 0 0.0072 0.5734 2.0224 2.2772 0.9666 0.1458 0.0074 0 0 0 0 0 0 0 0 0 0 0 0 0.1986 0.8788 1.2668 1.0934 0.4348 0.124 0.0036 0 0 0 0 0 0 0 0 0 0 0 0.0314 0.24 0.3722 0.5872 0.4398 0.225 0.0974 0.007 0 0 0 0 0 0 0 0 0 0 0 0 0 0 0 0 0 0 0 0 0 
0 0 0 0 0 0 0 0 0 0 0 0 0 0 0 0 0.0022 1.1038 3.9434 2.258 0.6118 0.0732 0.0076 0 0 0 0 0 0 0 0 0 0 0 0.0032 0.4312 1.6206 2.1624 1.2268 0.4522 0.1012 0.0024 0 0 0 0 0 0 0 0 0 0 0 0.118 0.5418 1.071 1.1702 0.7362 0.3228 0.04 0 0 0 0 0 0 0 0 0 0 0 0.0094 0.1024 0.2764 0.4472 0.4894 0.4214 0.2142 0.0346 0.005 0 0 0 0 0 0 0 0 0 0 0 0 0 0 0 0 0 0 0 0 
0 0 0 0 0 0 0 0 0 0 0 0 0 0 0 0 0 0.856 3.8766 2.498 0.6194 0.1262 0.0176 0.0062 0 0 0 0 0 0 0 0 0 0 0.0114 0.2214 1.3474 2.204 1.5362 0.5298 0.1198 0.027 0.003 0 0 0 0 0 0 0 0 0 0 0.039 0.366 0.92 1.2516 0.9724 0.3184 0.1106 0.022 0 0 0 0 0 0 0 0 0 0 0 0.0396 0.1806 0.3632 0.6486 0.4402 0.221 0.0866 0.0202 0 0 0 0 0 0 0 0 0 0 0 0 0 0 0 0 0 0 0 0 
0 0 0 0 0 0 0 0 0 0 0 0 0 0 0 0 0.0022 0.9144 3.9292 2.3714 0.5658 0.1886 0.0284 0 0 0 0 0 0 0 0 0 0 0 0.0058 0.2872 1.5518 2.0692 1.2846 0.5608 0.1916 0.0418 0.0072 0 0 0 0 0 0 0 0 0 0 0.0866 0.4746 1.1252 0.969 0.693 0.4078 0.1654 0.0578 0.0206 0 0 0 0 0 0 0 0 0 0.0096 0.0696 0.3128 0.4848 0.378 0.2828 0.2234 0.1446 0.0676 0.023 0.0038 0 0 0 0 0 0 0 0 0 0 0 0 0 0 0 0 0 0 
0 0 0 0 0 0 0 0 0 0 0 0 0 0 0 0 0 0.9686 4.224 2.2282 0.5112 0.0496 0.0184 0 0 0 0 0 0 0 0 0 0 0 0 0.2148 1.785 2.3504 1.2808 0.3212 0.0456 0.0022 0 0 0 0 0 0 0 0 0 0 0 0.0066 0.3576 1.3928 1.4158 0.6838 0.134 0.0094 0 0 0 0 0 0 0 0 0 0 0 0 0.0094 0.2094 0.6678 0.643 0.3506 0.0906 0.024 0.0052 0 0 0 0 0 0 0 0 0 0 0 0 0 0 0 0 0 0 0 0 
0 0 0 0 0 0 0 0 0 0 0 0 0 0 0 0 0.0032 1.0302 4.0674 2.2598 0.4708 0.1464 0.0222 0 0 0 0 0 0 0 0 0 0 0 0.0148 0.3302 1.6076 2.2334 1.2314 0.3754 0.1742 0.033 0 0 0 0 0 0 0 0 0 0 0.0168 0.1388 0.4488 1.0712 1.2376 0.6304 0.2568 0.1678 0.0264 0.0054 0 0 0 0 0 0 0 0 0.0036 0.0358 0.072 0.2466 0.5704 0.4522 0.304 0.166 0.1162 0.0294 0.0038 0 0 0 0 0 0 0 0 0 0 0 0 0 0 0 0 0 0 0 
0 0 0 0 0 0 0 0 0 0 0 0 0 0 0 0 0.0034 1.1138 4.4324 1.973 0.3868 0.0778 0.0128 0 0 0 0 0 0 0 0 0 0 0 0.019 0.38 1.9912 2.089 1.0754 0.312 0.1116 0.0218 0 0 0 0 0 0 0 0 0 0 0.0224 0.1418 0.6748 1.2184 1.1038 0.4976 0.199 0.1198 0.0224 0 0 0 0 0 0 0 0 0 0.0112 0.039 0.1104 0.3702 0.5552 0.4812 0.224 0.131 0.0636 0.0142 0 0 0 0 0 0 0 0 0 0 0 0 0 0 0 0 0 0 0 0 
0 0 0 0 0 0 0 0 0 0 0 0 0 0 0 0 0 0.7702 4.2518 2.3068 0.549 0.1176 0.0046 0 0 0 0 0 0 0 0 0 0 0 0 0.2166 1.4252 2.4762 1.3522 0.4054 0.1144 0.01 0 0 0 0 0 0 0 0 0 0 0 0.0266 0.3694 1.1504 1.2658 0.8104 0.2886 0.085 0.0038 0 0 0 0 0 0 0 0 0 0 0 0.023 0.2406 0.5098 0.553 0.3868 0.2424 0.0444 0 0 0 0 0 0 0 0 0 0 0 0 0 0 0 0 0 0 0 0 0 
0 0 0 0 0 0 0 0 0 0 0 0 0 0 0 0 0.0042 0.7932 3.7756 2.5198 0.6534 0.1764 0.0598 0.0098 0.0078 0 0 0 0 0 0 0 0 0 0.0042 0.2112 1.2498 2.1222 1.5604 0.572 0.2066 0.0586 0.015 0 0 0 0 0 0 0 0 0 0.0024 0.0472 0.3646 0.8234 1.1638 0.9092 0.4242 0.1776 0.0638 0.0238 0 0 0 0 0 0 0 0 0 0.0094 0.073 0.1828 0.3348 0.444 0.4714 0.2484 0.1182 0.0752 0.0428 0 0 0 0 0 0 0 0 0 0 0 0 0 0 0 0 0 0 0 
0 0 0 0 0 0 0 0 0 0 0 0 0 0 0 0 0.0032 0.9006 3.7986 2.5174 0.6248 0.0978 0.055 0.0026 0 0 0 0 0 0 0 0 0 0 0 0.2312 1.5186 2.253 1.283 0.5272 0.1392 0.0396 0.0082 0 0 0 0 0 0 0 0 0 0.0014 0.0286 0.3898 1.1406 1.1958 0.688 0.3818 0.1468 0.0272 0 0 0 0 0 0 0 0 0 0 0 0.0248 0.2158 0.4964 0.5342 0.349 0.1896 0.1074 0.0828 0 0 0 0 0 0 0 0 0 0 0 0 0 0 0 0 0 0 0 0 
0 0 0 0 0 0 0 0 0 0 0 0 0 0 0 0 0.0042 0.8194 3.8438 2.5616 0.5898 0.159 0.0222 0 0 0 0 0 0 0 0 0 0 0 0.004 0.1834 1.353 2.3046 1.4482 0.505 0.1524 0.0456 0.0038 0 0 0 0 0 0 0 0 0 0 0.0376 0.2994 1.0214 1.2968 0.808 0.3604 0.1366 0.0398 0 0 0 0 0 0 0 0 0 0 0 0.0204 0.1516 0.4992 0.6086 0.3048 0.2516 0.1106 0.0246 0.0286 0 0 0 0 0 0 0 0 0 0 0 0 0 0 0 0 0 0 0 
0 0 0 0 0 0 0 0 0 0 0 0 0 0 0 0 0.0066 0.9016 3.7748 2.4788 0.6258 0.131 0.061 0.0204 0 0 0 0 0 0 0 0 0 0 0.0168 0.3028 1.3148 2.2342 1.3996 0.5198 0.1524 0.0418 0.0116 0.0062 0 0 0 0 0 0 0 0 0.0024 0.09 0.3742 0.9776 1.169 0.7784 0.4256 0.1546 0.0152 0.0054 0.0076 0 0 0 0 0 0 0 0 0 0.0942 0.2004 0.3886 0.4538 0.373 0.3 0.1414 0.0362 0.0124 0 0 0 0 0 0 0 0 0 0 0 0 0 0 0 0 0 0 0 
0 0 0 0 0 0 0 0 0 0 0 0 0 0 0 0 0.0048 0.851 3.6112 2.669 0.6928 0.16 0.0112 0 0 0 0 0 0 0 0 0 0 0 0 0.2302 1.11 2.2214 1.6116 0.697 0.1088 0.021 0 0 0 0 0 0 0 0 0 0 0.0024 0.0382 0.2698 0.842 1.2992 0.9776 0.4256 0.1208 0.0236 0.0008 0 0 0 0 0 0 0 0 0 0.013 0.041 0.0918 0.351 0.5752 0.5176 0.3076 0.0736 0.0292 0 0 0 0 0 0 0 0 0 0 0 0 0 0 0 0 0 0 0 0 
0 0 0 0 0 0 0 0 0 0 0 0 0 0 0 0 0.0046 0.9378 3.8514 2.3218 0.497 0.203 0.126 0.041 0.0174 0 0 0 0 0 0 0 0 0 0.01 0.3012 1.5456 2.1662 1.2778 0.3716 0.1826 0.0806 0.0506 0.0138 0 0 0 0 0 0 0 0 0 0.079 0.4448 1.094 1.082 0.7506 0.2666 0.1528 0.0896 0.0278 0.0128 0 0 0 0 0 0 0 0 0 0.056 0.254 0.386 0.484 0.3612 0.1754 0.1452 0.0776 0.0328 0.0278 0 0 0 0 0 0 0 0 0 0 0 0 0 0 0 0 0 0 
0 0 0 0 0 0 0 0 0 0 0 0 0 0 0 0 0.0066 0.971 4.07 2.1884 0.5958 0.141 0.0272 0 0 0 0 0 0 0 0 0 0 0 0.0106 0.3238 1.5512 2.3154 1.1588 0.4694 0.1258 0.045 0 0 0 0 0 0 0 0 0 0 0.0032 0.0886 0.4866 1.0638 1.1816 0.7576 0.3008 0.0982 0.0196 0 0 0 0 0 0 0 0 0 0 0.0054 0.0974 0.281 0.3662 0.4834 0.4358 0.2444 0.0734 0.013 0 0 0 0 0 0 0 0 0 0 0 0 0 0 0 0 0 0 0 0 
0 0 0 0 0 0 0 0 0 0 0 0 0 0 0 0 0.0018 1.1698 4.268 2.0796 0.4492 0.0316 0 0 0 0 0 0 0 0 0 0 0 0 0.0102 0.5126 1.8066 2.1734 1.1188 0.3362 0.0422 0 0 0 0 0 0 0 0 0 0 0 0.0076 0.2144 0.6662 1.099 1.165 0.579 0.23 0.0388 0 0 0 0 0 0 0 0 0 0 0.0024 0.0462 0.1918 0.2986 0.4974 0.455 0.2838 0.169 0.0528 0.003 0 0 0 0 0 0 0 0 0 0 0 0 0 0 0 0 0 0 0 0 
0 0 0 0 0 0 0 0 0 0 0 0 0 0 0 0 0.0032 0.9974 4.0608 2.2712 0.5368 0.1048 0.024 0.0018 0 0 0 0 0 0 0 0 0 0 0.0054 0.2634 1.6126 2.358 1.2444 0.4006 0.0932 0.0224 0 0 0 0 0 0 0 0 0 0 0 0.0794 0.4786 1.1812 1.1752 0.6734 0.3206 0.0568 0.0328 0.002 0 0 0 0 0 0 0 0 0 0.0112 0.103 0.2406 0.523 0.4888 0.326 0.1634 0.097 0.0416 0.0054 0 0 0 0 0 0 0 0 0 0 0 0 0 0 0 0 0 0 0 
0 0 0 0 0 0 0 0 0 0 0 0 0 0 0 0 0.0038 0.8986 4.3552 2.1278 0.4754 0.1148 0.0184 0.006 0 0 0 0 0 0 0 0 0 0 0.0126 0.2996 1.5966 2.3066 1.2204 0.3892 0.155 0.02 0 0 0 0 0 0 0 0 0 0 0 0.0904 0.5626 1.0348 1.1692 0.7282 0.2876 0.1114 0.0158 0 0 0 0 0 0 0 0 0 0 0.0066 0.1186 0.2996 0.4404 0.4876 0.327 0.2374 0.0642 0.0186 0 0 0 0 0 0 0 0 0 0 0 0 0 0 0 0 0 0 0 0 
0 0 0 0 0 0 0 0 0 0 0 0 0 0 0 0 0.0038 0.8742 4.2552 2.2204 0.5246 0.1028 0.019 0 0 0 0 0 0 0 0 0 0 0 0.0156 0.2662 1.696 2.0278 1.3342 0.489 0.154 0.0172 0 0 0 0 0 0 0 0 0 0 0.0072 0.0652 0.5102 1.1236 1.0704 0.6764 0.3962 0.1326 0.0182 0 0 0 0 0 0 0 0 0 0.004 0.015 0.077 0.306 0.4722 0.4542 0.3652 0.2104 0.0728 0.0232 0 0 0 0 0 0 0 0 0 0 0 0 0 0 0 0 0 0 0 0 
0 0 0 0 0 0 0 0 0 0 0 0 0 0 0 0 0 0.9708 4.4356 2.1526 0.4 0.0372 0.0038 0 0 0 0 0 0 0 0 0 0 0 0.0048 0.3176 1.7708 2.5092 1.0922 0.2586 0.0406 0.0062 0 0 0 0 0 0 0 0 0 0 0.0074 0.088 0.438 1.422 1.3052 0.5832 0.1148 0.0354 0.006 0 0 0 0 0 0 0 0 0 0 0.0262 0.053 0.2386 0.691 0.6032 0.2768 0.085 0.0212 0.005 0 0 0 0 0 0 0 0 0 0 0 0 0 0 0 0 0 0 0 0 
0 0 0 0 0 0 0 0 0 0 0 0 0 0 0 0 0.0016 0.9664 4.0128 2.3756 0.5564 0.0842 0.003 0 0 0 0 0 0 0 0 0 0 0 0.0004 0.28 1.6204 2.3364 1.2444 0.4306 0.0714 0.0164 0 0 0 0 0 0 0 0 0 0 0.0014 0.0584 0.508 1.1002 1.2346 0.7838 0.2578 0.0558 0 0 0 0 0 0 0 0 0 0 0 0.0062 0.0814 0.256 0.4838 0.5542 0.3626 0.1466 0.077 0.0322 0 0 0 0 0 0 0 0 0 0 0 0 0 0 0 0 0 0 0 0 
0 0 0 0 0 0 0 0 0 0 0 0 0 0 0 0 0.0018 0.9832 4.3478 2.1416 0.4666 0.0562 0.0028 0 0 0 0 0 0 0 0 0 0 0 0 0.2458 1.8982 2.5196 0.9962 0.274 0.0564 0.0098 0 0 0 0 0 0 0 0 0 0 0 0.0164 0.407 1.7068 1.1874 0.4782 0.1572 0.0412 0.0058 0 0 0 0 0 0 0 0 0 0 0 0.0044 0.2992 0.762 0.5244 0.2452 0.1194 0.0322 0.0132 0 0 0 0 0 0 0 0 0 0 0 0 0 0 0 0 0 0 0 0 
0 0 0 0 0 0 0 0 0 0 0 0 0 0 0 0 0.0036 1.0436 4.234 2.1438 0.4744 0.0604 0.0172 0.0102 0.007 0.0058 0 0 0 0 0 0 0 0 0.0092 0.328 1.7582 2.3448 1.2242 0.2528 0.0518 0.0072 0.014 0.0098 0 0 0 0 0 0 0 0 0.0024 0.0646 0.5096 1.2802 1.356 0.5728 0.17 0.0202 0.0088 0.0132 0.0022 0 0 0 0 0 0 0 0 0.0066 0.0726 0.2388 0.5664 0.615 0.3358 0.1096 0.035 0.0072 0.013 0 0 0 0 0 0 0 0 0 0 0 0 0 0 0 0 0 0 0 
0 0 0 0 0 0 0 0 0 0 0 0 0 0 0 0 0.0044 0.9676 3.9976 2.1976 0.5558 0.124 0.0374 0.0422 0.023 0.0404 0.01 0 0 0 0 0 0 0 0.0088 0.308 1.6076 2.0602 1.2654 0.4498 0.1506 0.0414 0.0344 0.0336 0.0372 0.003 0 0 0 0 0 0 0 0.0954 0.5146 0.9314 1.1226 0.7314 0.3848 0.0888 0.043 0.028 0.0406 0.0154 0.004 0 0 0 0 0 0 0.0068 0.1286 0.257 0.3246 0.474 0.316 0.2562 0.1124 0.0408 0.0286 0.0358 0.0192 0 0 0 0 0 0 0 0 0 0 0 0 0 0 0 0 0 
0 0 0 0 0 0 0 0 0 0 0 0 0 0 0 0 0.0024 0.9816 4.3766 2.0904 0.4706 0.063 0.0154 0 0 0 0 0 0 0 0 0 0 0 0.0038 0.3208 1.8338 2.3046 1.138 0.2908 0.0792 0.0124 0.0166 0 0 0 0 0 0 0 0 0 0 0.0674 0.6474 1.151 1.246 0.6304 0.1736 0.0558 0.0242 0.0042 0 0 0 0 0 0 0 0 0 0.0066 0.1076 0.2936 0.555 0.5714 0.2744 0.102 0.0472 0.0368 0.0054 0 0 0 0 0 0 0 0 0 0 0 0 0 0 0 0 0 0 0 
0 0 0 0 0 0 0 0 0 0 0 0 0 0 0 0 0.0006 1.03 3.9322 2.3366 0.5834 0.1132 0.004 0 0 0 0 0 0 0 0 0 0 0 0.0132 0.3248 1.5378 2.1068 1.5058 0.4264 0.0802 0.005 0 0 0 0 0 0 0 0 0 0 0.0042 0.098 0.5102 0.9856 1.1038 0.9344 0.3134 0.0378 0.0126 0 0 0 0 0 0 0 0 0 0 0.0088 0.1068 0.2764 0.3746 0.4632 0.4866 0.2178 0.053 0.0128 0 0 0 0 0 0 0 0 0 0 0 0 0 0 0 0 0 0 0 0 
0 0 0 0 0 0 0 0 0 0 0 0 0 0 0 0 0.0012 0.941 3.8544 2.4422 0.6362 0.1164 0.0086 0 0 0 0 0 0 0 0 0 0 0 0.0018 0.303 1.5158 2.2808 1.3254 0.459 0.1114 0.0028 0 0 0 0 0 0 0 0 0 0 0 0.0506 0.4664 1.1192 1.1666 0.7944 0.3388 0.064 0 0 0 0 0 0 0 0 0 0 0 0.008 0.0518 0.2364 0.408 0.5644 0.3588 0.2592 0.0886 0.0248 0 0 0 0 0 0 0 0 0 0 0 0 0 0 0 0 0 0 0 0 
0 0 0 0 0 0 0 0 0 0 0 0 0 0 0 0 0.0036 0.9958 3.428 2.752 0.7192 0.1014 0 0 0 0 0 0 0 0 0 0 0 0 0.0078 0.2828 1.3264 2.1736 1.459 0.6362 0.1142 0 0 0 0 0 0 0 0 0 0 0 0.0084 0.0546 0.4064 0.9716 1.1256 0.8624 0.4124 0.1374 0.0212 0 0 0 0 0 0 0 0 0 0 0.014 0.0538 0.2428 0.3818 0.3894 0.4558 0.3184 0.1108 0.0332 0 0 0 0 0 0 0 0 0 0 0 0 0 0 0 0 0 0 0 0 
0 0 0 0 0 0 0 0 0 0 0 0 0 0 0 0 0.002 0.9416 4.3298 2.2092 0.4076 0.0892 0.018 0.0026 0 0 0 0 0 0 0 0 0 0 0.006 0.2992 1.7782 2.4554 1.0202 0.3648 0.0704 0.0058 0 0 0 0 0 0 0 0 0 0 0 0.0558 0.5002 1.3928 1.242 0.5534 0.1974 0.0532 0.0052 0 0 0 0 0 0 0 0 0 0 0.0026 0.0676 0.2892 0.6204 0.5232 0.3022 0.1382 0.0442 0.0056 0.0068 0 0 0 0 0 0 0 0 0 0 0 0 0 0 0 0 0 0 0 
0 0 0 0 0 0 0 0 0 0 0 0 0 0 0 0 0.0034 1.0072 4.1704 2.2268 0.5094 0.0828 0 0 0 0 0 0 0 0 0 0 0 0 0 0.2856 1.6904 2.3888 1.2064 0.3746 0.0542 0 0 0 0 0 0 0 0 0 0 0 0 0.0308 0.4696 1.3652 1.2162 0.6816 0.1988 0.0312 0.0066 0 0 0 0 0 0 0 0 0 0 0 0.023 0.3636 0.5212 0.5502 0.3552 0.1464 0.0358 0.0046 0 0 0 0 0 0 0 0 0 0 0 0 0 0 0 0 0 0 0 0 
0 0 0 0 0 0 0 0 0 0 0 0 0 0 0 0 0.0082 0.9208 4.055 2.11 0.5552 0.2386 0.0852 0.017 0.01 0 0 0 0 0 0 0 0 0 0.0126 0.2274 1.6306 2.1928 1.168 0.4084 0.258 0.0578 0.0444 0 0 0 0 0 0 0 0 0 0 0.0466 0.39 1.207 1.094 0.6648 0.297 0.1974 0.09 0.0132 0 0 0 0 0 0 0 0 0 0 0.055 0.2276 0.4926 0.4344 0.3044 0.226 0.1388 0.0844 0.0272 0.0096 0 0 0 0 0 0 0 0 0 0 0 0 0 0 0 0 0 0 
0 0 0 0 0 0 0 0 0 0 0 0 0 0 0 0 0.0018 0.9604 4.0952 2.2328 0.6034 0.0824 0.0222 0.0018 0 0 0 0 0 0 0 0 0 0 0.0026 0.3048 1.6172 2.1834 1.3414 0.4532 0.0806 0.0116 0.0052 0 0 0 0 0 0 0 0 0 0.003 0.065 0.5642 1.0338 1.1094 0.8682 0.276 0.0608 0.0196 0 0 0 0 0 0 0 0 0 0 0 0.1238 0.2926 0.4026 0.445 0.4398 0.1996 0.0678 0.0288 0 0 0 0 0 0 0 0 0 0 0 0 0 0 0 0 0 0 0 0 
0 0 0 0 0 0 0 0 0 0 0 0 0 0 0 0 0.0026 1.004 3.573 2.4038 0.8568 0.1462 0.0136 0 0 0 0 0 0 0 0 0 0 0 0.007 0.2808 1.4058 2.129 1.4532 0.6442 0.0714 0.0086 0 0 0 0 0 0 0 0 0 0 0.002 0.0594 0.2842 1.024 1.3346 0.8854 0.3548 0.0556 0 0 0 0 0 0 0 0 0 0 0 0.0042 0.0348 0.1128 0.335 0.652 0.5536 0.2448 0.0582 0.0046 0 0 0 0 0 0 0 0 0 0 0 0 0 0 0 0 0 0 0 0 
0 0 0 0 0 0 0 0 0 0 0 0 0 0 0 0 0.0032 0.8502 3.72 2.4404 0.7016 0.2236 0.0506 0.0056 0.0048 0 0 0 0 0 0 0 0 0 0.0038 0.2264 1.2874 2.2336 1.371 0.513 0.201 0.1116 0.0512 0.001 0 0 0 0 0 0 0 0 0 0.0474 0.3674 0.9756 1.1538 0.7226 0.4296 0.1236 0.1046 0.0544 0.021 0 0 0 0 0 0 0 0 0.0066 0.0586 0.1968 0.3934 0.4988 0.394 0.171 0.099 0.0846 0.0486 0.0224 0.0228 0.0034 0 0 0 0 0 0 0 0 0 0 0 0 0 0 0 0 
0 0 0 0 0 0 0 0 0 0 0 0 0 0 0 0 0.002 0.8134 3.9724 2.2692 0.645 0.2486 0.0416 0.0078 0 0 0 0 0 0 0 0 0 0 0.0004 0.2224 1.397 2.283 1.2756 0.5674 0.2036 0.0334 0.0098 0.0074 0 0 0 0 0 0 0 0 0 0.0418 0.401 0.9662 1.2062 0.7724 0.4178 0.1244 0.0444 0.0258 0 0 0 0 0 0 0 0 0 0 0.0608 0.2242 0.3978 0.5124 0.312 0.2372 0.1384 0.1042 0.013 0 0 0 0 0 0 0 0 0 0 0 0 0 0 0 0 0 0 0 
0 0 0 0 0 0 0 0 0 0 0 0 0 0 0 0 0.0042 0.9678 3.8974 2.4816 0.539 0.0994 0.0106 0 0 0 0 0 0 0 0 0 0 0 0.0056 0.209 1.4896 2.4862 1.3986 0.3006 0.0906 0.0198 0 0 0 0 0 0 0 0 0 0 0 0.0092 0.3846 1.2118 1.4464 0.6232 0.1996 0.1006 0.0246 0 0 0 0 0 0 0 0 0 0 0 0.0328 0.2372 0.5244 0.6162 0.3214 0.1484 0.0986 0.021 0 0 0 0 0 0 0 0 0 0 0 0 0 0 0 0 0 0 0 0 
0 0 0 0 0 0 0 0 0 0 0 0 0 0 0 0 0.0062 1.2282 3.9712 2.2254 0.4738 0.0666 0.0244 0.0042 0 0 0 0 0 0 0 0 0 0 0.0216 0.4612 1.7574 2.1366 1.151 0.36 0.0888 0.0192 0.0042 0 0 0 0 0 0 0 0 0 0.007 0.1536 0.6156 1.1674 1.0908 0.6318 0.2264 0.072 0.0344 0.001 0 0 0 0 0 0 0 0 0 0.0266 0.1124 0.3306 0.5146 0.4932 0.2794 0.1438 0.0534 0.0386 0.0074 0 0 0 0 0 0 0 0 0 0 0 0 0 0 0 0 0 0 0 
0 0 0 0 0 0 0 0 0 0 0 0 0 0 0 0 0.0026 1.0254 4.5876 1.8738 0.3776 0.0982 0.0316 0.0032 0 0 0 0 0 0 0 0 0 0 0.0114 0.302 2.0202 2.424 0.8356 0.2862 0.1066 0.0122 0.0018 0 0 0 0 0 0 0 0 0 0.0028 0.0872 0.6086 1.5308 1.067 0.3822 0.2496 0.0654 0.0064 0 0 0 0 0 0 0 0 0 0 0.015 0.1028 0.3318 0.7448 0.3862 0.1514 0.1496 0.1062 0.0122 0 0 0 0 0 0 0 0 0 0 0 0 0 0 0 0 0 0 0 0 
0 0 0 0 0 0 0 0 0 0 0 0 0 0 0 0 0 1.1986 5.0208 1.5626 0.1824 0.0356 0 0 0 0 0 0 0 0 0 0 0 0 0.0144 0.4126 2.4152 2.4708 0.5226 0.1602 0.0042 0 0 0 0 0 0 0 0 0 0 0 0.0088 0.1252 0.8568 1.7616 0.8936 0.3168 0.0372 0 0 0 0 0 0 0 0 0 0 0 0 0.029 0.153 0.5464 0.6868 0.4046 0.1684 0.0118 0 0 0 0 0 0 0 0 0 0 0 0 0 0 0 0 0 0 0 0 0 0 
0 0 0 0 0 0 0 0 0 0 0 0 0 0 0 0 0.0008 1.127 4.9074 1.6982 0.2254 0.0412 0 0 0 0 0 0 0 0 0 0 0 0 0.002 0.3418 2.4268 2.3218 0.725 0.1492 0.0334 0 0 0 0 0 0 0 0 0 0 0 0 0.0924 0.7914 1.6834 0.9506 0.3782 0.0894 0.0146 0 0 0 0 0 0 0 0 0 0 0.0012 0.0184 0.1232 0.5492 0.6488 0.3908 0.182 0.0864 0 0 0 0 0 0 0 0 0 0 0 0 0 0 0 0 0 0 0 0 0 0 
0 0 0 0 0 0 0 0 0 0 0 0 0 0 0 0 0 1.0724 4.7214 1.9388 0.2534 0.014 0 0 0 0 0 0 0 0 0 0 0 0 0 0.3244 2.1402 2.5514 0.7908 0.1682 0.025 0 0 0 0 0 0 0 0 0 0 0 0 0.0574 0.6984 1.653 1.1288 0.3296 0.1006 0.0322 0 0 0 0 0 0 0 0 0 0 0 0 0.113 0.4634 0.741 0.4622 0.124 0.0546 0.025 0.0168 0 0 0 0 0 0 0 0 0 0 0 0 0 0 0 0 0 0 0 0 
0 0 0 0 0 0 0 0 0 0 0 0 0 0 0 0 0.0008 1.2014 4.6156 1.9726 0.2008 0.0088 0 0 0 0 0 0 0 0 0 0 0 0 0.0066 0.5324 2.073 2.3298 0.922 0.131 0.0052 0 0 0 0 0 0 0 0 0 0 0 0.016 0.1726 0.8284 1.2922 1.172 0.415 0.1018 0.002 0 0 0 0 0 0 0 0 0 0 0 0.0484 0.1548 0.4308 0.5968 0.5082 0.2078 0.0532 0 0 0 0 0 0 0 0 0 0 0 0 0 0 0 0 0 0 0 0 0 0 
0 0 0 0 0 0 0 0 0 0 0 0 0 0 0 0 0.0008 1.1192 4.8682 1.8568 0.15 0.005 0 0 0 0 0 0 0 0 0 0 0 0 0.0072 0.455 2.0676 2.604 0.7376 0.123 0.0056 0 0 0 0 0 0 0 0 0 0 0 0.0034 0.186 0.7408 1.4512 1.156 0.41 0.0526 0 0 0 0 0 0 0 0 0 0 0 0 0.0522 0.2018 0.3782 0.6546 0.4948 0.163 0.0506 0.0048 0 0 0 0 0 0 0 0 0 0 0 0 0 0 0 0 0 0 0 0 0 
