0.03 0.09 0.15 0.21 0.27 0.33 0.39 0.45 0.51 0.57 0.63 0.69 0.75 0.81 0.87 0.93 0.99 1.05 1.11 1.17 1.23 1.29 1.35 1.41 1.47 1.53 1.59 1.65 1.71 1.77 1.83 1.89 1.95 2.01 2.07 2.13 2.19 2.25 2.31 2.37 2.43 2.49 2.55 2.61 2.67 2.73 2.79 2.85 2.91 2.97 3.03 3.09 3.15 3.21 3.27 3.33 3.39 3.45 3.51 3.57 3.63 3.69 3.75 3.81 3.87 3.93 3.99 4.05 4.11 4.17 4.23 4.29 4.35 4.41 4.47 4.53 4.59 4.65 4.71 4.77 4.83 4.89 4.95 5.01 5.07 5.13 5.19 5.25 5.31 5.37 5.43 5.49 5.55 5.61 5.67 5.73 5.79 5.85 5.91 5.97 
0 0 0 0 0 0 0 0 0 0 0 0 0 0 0 0 0.098 1.2132 2.1168 1.7002 1.0542 0.502 0.251 0.119 0.0596 0.0428 0.0248 0.0138 0.0026 0.0028 0 0 0 0.0028 0.0576 0.3994 0.8884 1.0926 1.0146 0.7912 0.4496 0.2872 0.1986 0.1134 0.0476 0.0258 0.021 0.0108 0 0 0 0 0.0132 0.1086 0.2934 0.4774 0.6132 0.59 0.4842 0.3246 0.2488 0.1974 0.0946 0.0772 0.0336 0.0284 0.0122 0.0036 0 0 0.001 0.0116 0.067 0.1236 0.1844 0.2328 0.2234 0.2116 0.2212 0.1452 0.1118 0.09 0.0682 0.038 0.0246 0.0218 0.0082 0.0038 0.0014 0.0012 0.0014 0.0016 0.002 0.0044 0 0 0 0 0 0 
0 0 0 0 0 0 0 0 0 0 0 0 0 0 0 0 0.1282 1.2884 2.4372 1.8762 1.108 0.5688 0.2982 0.1326 0.0734 0.0324 0.0104 0.01 0.0072 0.0046 0.0112 0.0052 0.0028 0.009 0.0954 0.4484 0.9436 1.2142 1.1056 0.8476 0.5646 0.3634 0.167 0.1032 0.071 0.0354 0.0064 0.0038 0.0048 0.0024 0.009 0.0052 0.0422 0.151 0.3284 0.4842 0.6508 0.6116 0.5618 0.415 0.286 0.1802 0.1294 0.066 0.0316 0.0238 0.0154 0.0062 0.005 0.0046 0.0142 0.0306 0.0686 0.1364 0.1768 0.2444 0.2572 0.239 0.2298 0.1874 0.1406 0.0994 0.0668 0.0366 0.0208 0.0112 0.0178 0.0156 0.0044 0.0024 0.0016 0.0018 0.0014 0.0018 0.0026 0.0028 0 0 0 0 
0 0 0 0 0 0 0 0 0 0 0 0 0 0 0 0.0006 0.0924 1.3286 2.5388 1.9106 1.0966 0.5532 0.2532 0.0924 0.0614 0.0318 0.025 0.0122 0.0032 0 0 0 0 0.0014 0.0588 0.3956 0.9784 1.3036 1.1678 0.9138 0.5354 0.2992 0.1684 0.0852 0.041 0.0232 0.0208 0.0056 0.0018 0 0 0.0006 0.016 0.112 0.333 0.5492 0.6606 0.6656 0.5824 0.4486 0.2612 0.15 0.1072 0.054 0.0264 0.012 0.0172 0.004 0 0 0.0056 0.0212 0.0554 0.1336 0.21 0.2556 0.3154 0.2758 0.2214 0.1766 0.1262 0.0774 0.0586 0.027 0.0132 0.0064 0.0076 0.0052 0.0078 0 0 0 0 0 0 0 0 0 0 0 
0 0 0 0 0 0 0 0 0 0 0 0 0 0 0 0 0.1202 1.3624 2.3874 1.8858 1.0912 0.5452 0.284 0.1514 0.073 0.0368 0.0212 0.0212 0.0092 0.011 0 0 0.0004 0.0062 0.0576 0.4238 0.9034 1.236 1.153 0.925 0.5566 0.319 0.179 0.0858 0.0528 0.0334 0.0244 0.0148 0.0126 0.0114 0.0048 0.0016 0.0254 0.105 0.2234 0.5248 0.6704 0.7382 0.5684 0.4324 0.2872 0.1508 0.0986 0.0648 0.0314 0.034 0.0208 0.0112 0.0028 0.0032 0.004 0.0192 0.0338 0.1212 0.1828 0.2774 0.305 0.2584 0.2868 0.1794 0.0934 0.0672 0.0502 0.0338 0.029 0.0204 0.017 0.0164 0.0026 0.003 0.0046 0 0 0 0 0 0 0 0 0 
0 0 0 0 0 0 0 0 0 0 0 0 0 0 0 0.0006 0.122 1.4222 2.5612 1.916 1.016 0.4864 0.2364 0.1274 0.0686 0.026 0.0074 0.0056 0.0042 0 0 0 0 0.0084 0.0946 0.4916 1.011 1.2828 1.1896 0.8586 0.5082 0.2664 0.1428 0.0644 0.0542 0.015 0.0066 0.0058 0 0 0.0016 0.0074 0.0324 0.1418 0.3482 0.5412 0.7488 0.6926 0.5592 0.4088 0.2338 0.1198 0.0726 0.0438 0.0222 0.017 0.0024 0.005 0.0014 0.002 0.0032 0.0298 0.0712 0.1062 0.218 0.2896 0.3318 0.3074 0.2454 0.1532 0.0958 0.064 0.0348 0.0172 0.0098 0.0066 0.0048 0.0058 0.0034 0 0 0 0 0 0 0 0 0 0 0 
0 0 0 0 0 0 0 0 0 0 0 0 0 0 0 0.0004 0.136 1.3274 2.368 1.9022 1.0416 0.5818 0.2816 0.176 0.0876 0.0518 0.0222 0.0046 0.0038 0.0058 0.0082 0.001 0 0.01 0.099 0.4314 0.9672 1.199 1.121 0.753 0.5296 0.3908 0.211 0.1286 0.0746 0.0488 0.015 0.0088 0.0076 0.0046 0 0.0022 0.0342 0.143 0.318 0.5214 0.6488 0.5836 0.5022 0.389 0.323 0.2066 0.1392 0.09 0.042 0.025 0.0156 0.0116 0.0046 0 0.0084 0.0268 0.0656 0.1496 0.196 0.2128 0.2264 0.219 0.2576 0.1972 0.1384 0.1106 0.0758 0.0264 0.0266 0.0288 0.0082 0.009 0.0044 0.0072 0.0036 0.0016 0 0 0 0 0 0 0 0 
0 0 0 0 0 0 0 0 0 0 0 0 0 0 0 0.0004 0.1346 1.3146 2.1636 1.7004 1.1322 0.6872 0.384 0.2156 0.109 0.0606 0.0546 0.029 0.0096 0.0022 0.0024 0 0 0.0056 0.1066 0.4226 0.7792 1.0822 0.9888 0.8582 0.6578 0.4066 0.2506 0.1434 0.1324 0.0804 0.0502 0.0222 0.0132 0 0 0.0078 0.0482 0.1074 0.2624 0.408 0.524 0.5214 0.6024 0.4592 0.3662 0.2072 0.1256 0.123 0.0906 0.0856 0.0498 0.0098 0.0014 0.003 0.012 0.0164 0.0436 0.0926 0.139 0.2014 0.2292 0.2488 0.216 0.2036 0.1442 0.1084 0.0944 0.0756 0.0852 0.0406 0.0182 0.0096 0.0094 0.0074 0.0014 0 0 0 0 0 0 0 0 0 
0 0 0 0 0 0 0 0 0 0 0 0 0 0 0 0.0008 0.1608 1.1942 1.842 1.6892 1.2674 0.8304 0.4632 0.2664 0.1354 0.0648 0.0432 0.0246 0.0082 0.0082 0.0012 0 0 0.006 0.0964 0.323 0.6074 0.9106 0.9566 0.9096 0.7616 0.5692 0.3344 0.2186 0.12 0.0832 0.0458 0.0212 0.018 0.008 0.0068 0.0072 0.0314 0.0912 0.1826 0.3062 0.468 0.4776 0.5306 0.503 0.4266 0.317 0.2204 0.1664 0.1 0.0734 0.043 0.0358 0.014 0.0044 0.0036 0.021 0.037 0.0746 0.1114 0.169 0.1786 0.2306 0.211 0.2042 0.1852 0.1296 0.125 0.093 0.0768 0.0692 0.0328 0.018 0.011 0.0128 0.0066 0.0038 0 0 0 0 0 0 0 0 
0 0 0 0 0 0 0 0 0 0 0 0 0 0 0 0 0.106 1.277 2.5626 1.8994 1.0584 0.5644 0.2764 0.1258 0.0648 0.0402 0.016 0.0064 0.0026 0 0 0 0 0.0016 0.0768 0.4098 1.0076 1.1978 1.1658 0.9172 0.562 0.2698 0.1678 0.103 0.0638 0.026 0.014 0.0072 0.002 0.0018 0.0022 0.0074 0.0186 0.1412 0.331 0.482 0.667 0.6526 0.5952 0.4356 0.2802 0.154 0.0944 0.0662 0.03 0.0182 0.0156 0.0078 0.0024 0.0044 0.0082 0.0182 0.077 0.1282 0.1802 0.2666 0.276 0.2936 0.2204 0.1742 0.1348 0.086 0.0518 0.0316 0.0172 0.0136 0.0084 0.0064 0.0076 0 0 0 0 0 0 0 0 0 0 0 
0 0 0 0 0 0 0 0 0 0 0 0 0 0 0 0.0002 0.123 1.2738 2.2114 1.8188 1.1562 0.5978 0.357 0.2192 0.1066 0.061 0.0254 0.0226 0.0102 0.0128 0.0024 0.0016 0 0.0078 0.1056 0.454 0.7776 1.0672 0.9752 0.8684 0.6916 0.4164 0.2362 0.19 0.106 0.0392 0.0266 0.0124 0.0116 0.0066 0.005 0.0108 0.0516 0.141 0.2596 0.4126 0.5392 0.5594 0.525 0.471 0.3356 0.226 0.1586 0.142 0.0646 0.049 0.0144 0.0086 0.0164 0.0192 0.0152 0.0342 0.076 0.0882 0.131 0.1888 0.2382 0.2284 0.2292 0.177 0.1326 0.115 0.101 0.0884 0.0522 0.0416 0.0268 0.0228 0.0106 0.0008 0 0 0 0 0 0 0 0 0 0 
0 0 0 0 0 0 0 0 0 0 0 0 0 0 0 0.0002 0.1538 1.1576 2.053 1.6974 1.1378 0.6778 0.427 0.2708 0.1894 0.1124 0.06 0.0316 0.0224 0.0072 0.0016 0 0 0.0048 0.0686 0.3334 0.6952 0.9522 0.9912 0.8496 0.6514 0.4734 0.3618 0.2348 0.1514 0.0846 0.0676 0.0362 0.0194 0.0078 0.0046 0.0088 0.0148 0.0862 0.1924 0.3534 0.4758 0.5566 0.5234 0.483 0.3292 0.2636 0.2362 0.1608 0.1152 0.069 0.0572 0.0402 0.0208 0.0114 0.0056 0.0206 0.031 0.0516 0.1154 0.164 0.1826 0.241 0.2622 0.1874 0.1642 0.1442 0.1166 0.0924 0.0804 0.0592 0.0376 0.0234 0.0132 0.005 0.003 0.0016 0.0016 0.0024 0.0072 0.0006 0 0 0 0 
0 0 0 0 0 0 0 0 0 0 0 0 0 0 0 0 0.1152 1.1292 2.136 1.7644 1.1336 0.6518 0.4558 0.2534 0.122 0.0984 0.0712 0.034 0.015 0.0094 0.0022 0.0028 0.0056 0.0032 0.0846 0.3272 0.7496 0.96 1.069 0.8164 0.6254 0.4778 0.332 0.2114 0.1216 0.1002 0.0554 0.031 0.0132 0.0114 0.0022 0.0056 0.0388 0.077 0.228 0.4018 0.4582 0.5098 0.5182 0.469 0.3962 0.2884 0.1626 0.1578 0.1096 0.0708 0.0468 0.0348 0.0178 0.0126 0.0054 0.012 0.0398 0.0758 0.1452 0.1524 0.1662 0.2036 0.2314 0.2514 0.194 0.1086 0.115 0.0764 0.0522 0.0466 0.0478 0.0306 0.0186 0.0128 0.009 0.006 0.0038 0 0 0 0 0 0 0 
0 0 0 0 0 0 0 0 0 0 0 0 0 0 0 0.0008 0.1308 1.1544 2.0936 1.8148 1.2002 0.6668 0.376 0.2134 0.1382 0.073 0.0584 0.036 0.0222 0.0072 0.0014 0.0016 0.0022 0.0118 0.0888 0.3592 0.7376 1.0026 1.0012 0.8952 0.6352 0.449 0.3078 0.1704 0.1314 0.0866 0.0646 0.0276 0.0162 0.0084 0.0022 0.004 0.0338 0.1174 0.2258 0.3554 0.4758 0.5762 0.5208 0.4558 0.3526 0.2776 0.2092 0.143 0.0908 0.0666 0.055 0.0224 0.01 0.0044 0.0072 0.027 0.0396 0.0966 0.1142 0.1632 0.2074 0.234 0.223 0.209 0.1554 0.1456 0.1048 0.088 0.0686 0.037 0.0358 0.0144 0.0108 0.0104 0.007 0.0062 0.0114 0 0 0 0 0 0 0 
0 0 0 0 0 0 0 0 0 0 0 0 0 0 0 0.0006 0.1166 1.214 2.2522 1.8592 1.1612 0.66 0.3274 0.2004 0.1052 0.0524 0.023 0.0162 0.0116 0 0 0 0 0.0038 0.1014 0.394 0.835 1.0316 1.0812 0.885 0.6374 0.407 0.234 0.1552 0.0984 0.0726 0.0244 0.0204 0.0178 0.0008 0 0.0032 0.0342 0.127 0.2846 0.4162 0.529 0.527 0.5666 0.5056 0.336 0.2286 0.1672 0.1072 0.0578 0.0424 0.0342 0.02 0.0104 0.0028 0.004 0.0276 0.0678 0.099 0.1392 0.2042 0.2172 0.2578 0.2436 0.1946 0.1426 0.1346 0.0954 0.062 0.034 0.0238 0.0176 0.0186 0.0088 0.0028 0.0048 0 0 0 0 0 0 0 0 0 
0 0 0 0 0 0 0 0 0 0 0 0 0 0 0 0.0006 0.1434 1.2502 2.29 1.8724 1.1622 0.596 0.3304 0.1796 0.0968 0.036 0.0172 0.0138 0.0012 0.0012 0.0014 0.0014 0.0024 0.012 0.0966 0.4076 0.8918 1.1076 1.119 0.8464 0.5956 0.383 0.2296 0.1228 0.0984 0.0424 0.025 0.0072 0.0064 0.0044 0.0046 0.0044 0.0472 0.1396 0.3012 0.4668 0.5812 0.5806 0.5228 0.4368 0.3236 0.2052 0.155 0.079 0.0666 0.0362 0.0208 0.0156 0.01 0.005 0.0162 0.0334 0.0794 0.1088 0.1884 0.2048 0.2362 0.2208 0.202 0.1942 0.163 0.1192 0.0746 0.0582 0.0362 0.0238 0.0168 0.0186 0.0032 0.0016 0.002 0.0044 0 0 0 0 0 0 0 0 
0 0 0 0 0 0 0 0 0 0 0 0 0 0 0 0.0006 0.1218 1.33 2.5234 1.9748 1.0544 0.4742 0.219 0.1278 0.0614 0.052 0.0318 0.015 0.0064 0.0036 0.0038 0 0 0.0028 0.1006 0.474 0.9788 1.3028 1.1836 0.7916 0.5194 0.2748 0.1742 0.0816 0.058 0.0332 0.0126 0.0052 0.003 0.0038 0 0.0032 0.0404 0.1396 0.3216 0.5362 0.721 0.6766 0.5292 0.3948 0.2762 0.1426 0.1026 0.0582 0.0354 0.0132 0.003 0.0062 0 0 0.0116 0.022 0.0702 0.1228 0.197 0.247 0.3208 0.2866 0.1934 0.1652 0.1304 0.0826 0.0686 0.0334 0.0222 0.0154 0.0062 0.0046 0 0 0 0 0 0 0 0 0 0 0 0 
0 0 0 0 0 0 0 0 0 0 0 0 0 0 0 0 0.097 1.4332 2.72 1.9416 0.916 0.4618 0.2068 0.1136 0.0532 0.0356 0.0074 0.0034 0.0022 0.0024 0.0046 0.0012 0 0.0048 0.1258 0.5112 1.156 1.392 1.0992 0.6512 0.4542 0.2682 0.1736 0.0734 0.0382 0.0258 0.0126 0.0046 0.0026 0.0052 0.0014 0.0064 0.0634 0.2044 0.3834 0.666 0.7214 0.5696 0.4388 0.3356 0.2694 0.1558 0.0758 0.0478 0.0308 0.0214 0.0018 0.0026 0.0056 0.002 0.0158 0.0474 0.0814 0.1612 0.2978 0.293 0.2522 0.2128 0.1712 0.1428 0.1224 0.0662 0.0612 0.0384 0.0202 0.0042 0.0052 0.0046 0 0 0 0 0 0 0 0 0 0 0 0 
0 0 0 0 0 0 0 0 0 0 0 0 0 0 0 0 0.1322 1.1426 2.014 1.8414 1.2148 0.7024 0.4354 0.2512 0.1158 0.068 0.0384 0.0164 0.0138 0.0064 0.0016 0.0018 0.0028 0.0072 0.0664 0.2968 0.7576 0.988 0.9456 0.9188 0.7218 0.5008 0.3476 0.1976 0.109 0.0556 0.0354 0.016 0.0136 0.0088 0.0106 0.0052 0.0114 0.056 0.2184 0.3982 0.4804 0.5728 0.514 0.4616 0.3924 0.2948 0.2384 0.1304 0.101 0.064 0.0208 0.016 0.018 0.01 0 0.0068 0.0174 0.0726 0.1216 0.2078 0.2058 0.2506 0.1924 0.1912 0.211 0.184 0.1046 0.0854 0.0492 0.0308 0.032 0.0154 0.0046 0.0132 0.0036 0 0 0 0 0 0 0 0 0 
0 0 0 0 0 0 0 0 0 0 0 0 0 0 0 0 0.133 1.3252 2.3234 1.8594 1.1008 0.5734 0.3216 0.1882 0.0802 0.04 0.024 0.0184 0.0094 0.003 0 0 0 0.007 0.1104 0.432 0.8988 1.1638 1.099 0.8016 0.5502 0.4262 0.2352 0.1368 0.0654 0.0364 0.0184 0.0044 0.0058 0.0086 0 0.0074 0.0422 0.1252 0.289 0.4868 0.6382 0.5962 0.5146 0.395 0.3282 0.255 0.1554 0.0714 0.054 0.0186 0.0094 0.0098 0.0036 0.0016 0.0076 0.0178 0.035 0.1176 0.1988 0.272 0.2452 0.2142 0.2114 0.2032 0.1554 0.1156 0.0754 0.0488 0.037 0.021 0.0136 0.007 0.0018 0 0 0 0 0 0 0 0 0 0 0 
0 0 0 0 0 0 0 0 0 0 0 0 0 0 0 0 0.1364 1.2614 2.261 1.84 1.1278 0.5308 0.328 0.1836 0.1624 0.0834 0.0376 0.0244 0.0076 0.0076 0.0058 0.0022 0 0.0066 0.08 0.3858 0.8724 1.1474 1.0882 0.8566 0.5422 0.3244 0.2252 0.1544 0.116 0.0946 0.0444 0.027 0.0234 0.0074 0.002 0.0056 0.0278 0.0916 0.281 0.4612 0.6206 0.6162 0.5108 0.4084 0.3018 0.1882 0.1276 0.1188 0.0902 0.0606 0.0396 0.0206 0.0068 0.007 0.0136 0.0208 0.0456 0.1238 0.1806 0.2172 0.2322 0.2474 0.1986 0.1458 0.1256 0.1214 0.094 0.0826 0.071 0.044 0.0124 0.009 0.0074 0.0078 0.0052 0.002 0.0024 0.0026 0.0046 0 0 0 0 0 
0 0 0 0 0 0 0 0 0 0 0 0 0 0 0 0.0002 0.124 1.5478 2.567 1.9446 0.9544 0.402 0.2246 0.1174 0.0676 0.0348 0.0134 0.0022 0 0 0 0 0.0006 0.0048 0.1254 0.5772 1.0698 1.431 1.1122 0.7164 0.3922 0.2202 0.1344 0.08 0.0756 0.0374 0.01 0.003 0.0032 0.0014 0.0014 0.0078 0.0568 0.167 0.4078 0.6668 0.761 0.6754 0.486 0.2926 0.1602 0.0994 0.0772 0.039 0.0408 0.0266 0.013 0.0074 0.0038 0.0056 0.0238 0.0372 0.0924 0.1832 0.2546 0.304 0.321 0.2836 0.1802 0.0966 0.0702 0.0342 0.023 0.0244 0.0228 0.017 0.0148 0.0092 0.003 0.003 0.0044 0.007 0 0 0 0 0 0 0 0 
0 0 0 0 0 0 0 0 0 0 0 0 0 0 0 0.0006 0.1314 1.2166 2.1216 1.868 1.1224 0.6772 0.3772 0.2222 0.1298 0.0716 0.0438 0.0102 0.0048 0.0026 0 0 0 0.0056 0.0782 0.3444 0.7828 1.0752 1.0008 0.8622 0.716 0.4578 0.2872 0.155 0.1086 0.0642 0.0454 0.011 0.0042 0.0014 0 0.0108 0.0266 0.0962 0.2094 0.3594 0.5252 0.6324 0.5554 0.5176 0.346 0.2174 0.1794 0.1424 0.0814 0.0634 0.0244 0.0124 0.0002 0.0026 0.0064 0.0214 0.0326 0.0688 0.118 0.1816 0.2406 0.2706 0.22 0.206 0.1746 0.147 0.11 0.096 0.059 0.0244 0.012 0.0074 0.001 0 0 0 0 0 0 0 0 0 0 0 
0 0 0 0 0 0 0 0 0 0 0 0 0 0 0 0.0004 0.1272 1.2026 2.0418 1.7674 1.19 0.6986 0.408 0.2106 0.1318 0.074 0.0632 0.039 0.0104 0.013 0.0086 0.0092 0.0042 0.0058 0.1302 0.4212 0.6768 0.8744 1.0202 0.8822 0.6258 0.4234 0.315 0.22 0.156 0.1038 0.0536 0.034 0.0212 0.0126 0.0214 0.0178 0.0502 0.146 0.2204 0.307 0.4474 0.525 0.5036 0.4476 0.3484 0.288 0.2336 0.1746 0.0976 0.0634 0.0438 0.0298 0.0308 0.0166 0.0194 0.04 0.0532 0.0814 0.1332 0.1418 0.1928 0.2114 0.186 0.2176 0.1828 0.1298 0.103 0.0712 0.0836 0.0528 0.0306 0.0188 0.0102 0.0086 0.012 0.013 0.0082 0.0064 0.003 0 0 0 0 0 
0 0 0 0 0 0 0 0 0 0 0 0 0 0 0 0 0.1436 1.2068 2.1142 1.755 1.1018 0.7346 0.4222 0.2488 0.1306 0.0686 0.0382 0.0302 0.0054 0 0 0 0 0.008 0.0932 0.3994 0.7066 0.9946 1.005 0.8148 0.7142 0.506 0.3044 0.189 0.1224 0.0742 0.0398 0.0222 0.0018 0.0022 0.0038 0.008 0.0396 0.109 0.2574 0.3726 0.5034 0.5104 0.486 0.455 0.4066 0.293 0.1986 0.1194 0.0968 0.0684 0.0264 0.0218 0.0244 0.0076 0.0076 0.0264 0.0518 0.0932 0.1142 0.1346 0.2036 0.2216 0.2582 0.191 0.1868 0.1432 0.1172 0.0774 0.0714 0.0366 0.0276 0.021 0.0052 0.0054 0 0 0 0 0 0 0 0 0 0 
0 0 0 0 0 0 0 0 0 0 0 0 0 0 0 0.0002 0.132 1.1672 2.0638 1.7708 1.156 0.6512 0.395 0.2484 0.1278 0.1096 0.0822 0.0344 0.0274 0.015 0.0144 0.0024 0.0022 0.0042 0.0656 0.2986 0.7592 0.9906 1.0528 0.8368 0.657 0.4808 0.2918 0.1634 0.1324 0.1044 0.0662 0.0376 0.0182 0.0092 0.0174 0.0148 0.0138 0.0876 0.2212 0.3512 0.483 0.5744 0.5218 0.4624 0.3556 0.254 0.202 0.1568 0.1094 0.0698 0.064 0.0196 0.0138 0.0134 0.0138 0.0272 0.0602 0.0662 0.1028 0.1842 0.2026 0.2274 0.2142 0.206 0.1518 0.1058 0.1066 0.0728 0.0714 0.0642 0.0628 0.0286 0.0128 0.0074 0.011 0.0076 0.01 0.0018 0.0024 0.0036 0 0 0 0 
0 0 0 0 0 0 0 0 0 0 0 0 0 0 0 0 0.108 1.3328 2.6192 1.9424 1.002 0.4994 0.247 0.135 0.0868 0.0242 0.0032 0 0 0 0 0 0 0.0046 0.0976 0.5192 0.9992 1.3056 1.1082 0.8448 0.5236 0.2758 0.1586 0.079 0.0388 0.0284 0.0104 0.0062 0 0 0 0.0056 0.0498 0.1644 0.338 0.5814 0.6558 0.6782 0.527 0.416 0.271 0.149 0.0674 0.0364 0.0208 0.0142 0.0122 0.0128 0 0.0018 0.0136 0.0314 0.0726 0.1452 0.2098 0.2484 0.2768 0.2454 0.2646 0.1892 0.1408 0.078 0.0324 0.0174 0.0062 0.0106 0.0096 0.0032 0.003 0 0 0 0 0 0 0 0 0 0 0 
0 0 0 0 0 0 0 0 0 0 0 0 0 0 0 0 0.1108 1.2156 2.2398 1.9154 1.1852 0.6182 0.305 0.1596 0.0884 0.0634 0.0402 0.0214 0.012 0.0136 0.0054 0.0026 0.0024 0.0058 0.1182 0.4088 0.8194 1.0162 1.0818 0.878 0.6098 0.3984 0.2844 0.1516 0.089 0.048 0.0528 0.014 0.0076 0.0078 0.0076 0.0126 0.038 0.1582 0.2878 0.3962 0.5094 0.5514 0.5238 0.461 0.3318 0.254 0.1788 0.125 0.0676 0.0496 0.0182 0.0152 0.016 0.0112 0.0068 0.0334 0.0682 0.1064 0.1692 0.1982 0.1862 0.2142 0.246 0.1806 0.1466 0.1336 0.081 0.0658 0.0412 0.0374 0.0398 0.0218 0.0052 0.0048 0.0068 0.0028 0 0 0 0 0 0 0 0 
0 0 0 0 0 0 0 0 0 0 0 0 0 0 0 0 0.1128 1.2734 2.341 1.8378 1.1398 0.6404 0.3424 0.1514 0.08 0.0462 0.0154 0.0126 0.0026 0.0042 0 0 0 0.0036 0.0748 0.3494 0.924 1.14 1.0902 0.8298 0.634 0.4194 0.2462 0.1598 0.08 0.0264 0.0132 0.0068 0.0024 0 0 0.0006 0.0196 0.0904 0.2544 0.5048 0.5854 0.6564 0.5696 0.4064 0.331 0.2172 0.1594 0.0864 0.0584 0.0428 0.0152 0.002 0 0.0012 0.0018 0.0146 0.0414 0.1038 0.1862 0.2652 0.2534 0.256 0.2132 0.207 0.141 0.0992 0.0818 0.0432 0.0402 0.0252 0.0174 0.0032 0.0028 0.0022 0 0 0 0 0 0 0 0 0 0 
0 0 0 0 0 0 0 0 0 0 0 0 0 0 0 0.0006 0.1434 1.353 2.2224 1.8028 1.0492 0.632 0.3752 0.1836 0.1152 0.0558 0.0226 0.0158 0.0176 0.0094 0.0014 0 0 0.0102 0.1126 0.4562 0.9576 1.0644 1.0096 0.7914 0.5612 0.344 0.2368 0.1748 0.0966 0.072 0.0426 0.0276 0.0202 0.013 0.0066 0.0098 0.0466 0.1738 0.3586 0.4676 0.523 0.5484 0.4754 0.3976 0.2676 0.2296 0.1406 0.1132 0.087 0.0604 0.0288 0.0274 0.0172 0.0216 0.0212 0.0372 0.0942 0.1386 0.1546 0.224 0.2286 0.2298 0.1554 0.158 0.1382 0.1144 0.083 0.0632 0.0422 0.0292 0.0226 0.019 0.0204 0.0156 0.009 0.0028 0.0034 0.0038 0 0 0 0 0 0 
0 0 0 0 0 0 0 0 0 0 0 0 0 0 0 0.0002 0.115 1.2562 2.1038 1.8142 1.098 0.6976 0.4178 0.2352 0.1 0.0796 0.0512 0.0186 0.0068 0.0022 0.0022 0.0014 0 0.0072 0.0866 0.3786 0.8422 1.077 0.9566 0.827 0.6368 0.4766 0.3034 0.1844 0.0874 0.063 0.0294 0.0174 0.0134 0.007 0.0072 0.0042 0.0304 0.1144 0.2744 0.425 0.4884 0.5196 0.5022 0.4754 0.4014 0.2908 0.1776 0.1238 0.0904 0.0308 0.017 0.02 0.012 0.0038 0.0048 0.021 0.0434 0.1054 0.1364 0.1564 0.1868 0.2228 0.2282 0.2266 0.1728 0.1544 0.1024 0.09 0.0486 0.0452 0.0262 0.0104 0.0062 0.0028 0.0022 0.0042 0 0 0 0 0 0 0 0 
0 0 0 0 0 0 0 0 0 0 0 0 0 0 0 0 0.1498 1.222 2.2182 1.829 1.1446 0.6698 0.3762 0.1978 0.1014 0.0472 0.019 0.0112 0.0078 0.006 0 0 0 0.0064 0.0942 0.386 0.829 1.105 1.061 0.8654 0.5924 0.4378 0.2916 0.1738 0.0656 0.0284 0.0234 0.0318 0.0062 0.002 0.0006 0.0018 0.0292 0.1206 0.281 0.4218 0.5542 0.568 0.5524 0.449 0.3462 0.301 0.1466 0.0884 0.0508 0.0346 0.0238 0.0142 0.011 0.0054 0.006 0.0282 0.0468 0.1046 0.1482 0.196 0.2582 0.262 0.2194 0.1894 0.1588 0.105 0.075 0.0688 0.0438 0.0316 0.028 0.018 0.0064 0.0026 0.0026 0 0 0 0 0 0 0 0 0 
0 0 0 0 0 0 0 0 0 0 0 0 0 0 0 0 0.1166 1.2336 2.1952 1.8694 1.1236 0.5698 0.3598 0.2042 0.126 0.0864 0.0628 0.0292 0.02 0.0034 0 0 0 0.0044 0.0906 0.429 0.7928 1.0722 1.0578 0.8826 0.5548 0.3836 0.2886 0.1724 0.1004 0.0886 0.0446 0.0274 0.006 0.003 0.0012 0.0042 0.0326 0.1282 0.2668 0.3866 0.5378 0.6166 0.5224 0.4234 0.3488 0.2688 0.1542 0.114 0.0686 0.05 0.0464 0.0154 0.0116 0.0036 0.0008 0.018 0.079 0.087 0.1324 0.182 0.2114 0.2354 0.1882 0.1982 0.176 0.1576 0.1084 0.0768 0.0472 0.0364 0.0288 0.0176 0.0098 0.0052 0.0038 0 0 0 0 0 0 0 0 0 
0 0 0 0 0 0 0 0 0 0 0 0 0 0 0 0 0.1296 1.3454 2.3058 1.9644 1.1076 0.5764 0.2584 0.134 0.0896 0.0448 0.0232 0.0104 0.0018 0.0026 0.0028 0.0032 0 0.0054 0.0864 0.449 0.9262 1.1886 1.177 0.8482 0.5558 0.3616 0.1724 0.094 0.0724 0.0334 0.0182 0.0016 0.0038 0.0028 0.0032 0.0078 0.0312 0.1236 0.2992 0.4624 0.6962 0.646 0.5748 0.4588 0.272 0.1728 0.1088 0.0656 0.0446 0.0138 0.0092 0.0068 0.0064 0.0018 0.0062 0.0278 0.0646 0.0968 0.176 0.2154 0.2696 0.283 0.2714 0.2124 0.1334 0.091 0.0622 0.046 0.0156 0.0086 0.0086 0.0068 0.0028 0 0 0 0 0 0 0 0 0 0 0 
0 0 0 0 0 0 0 0 0 0 0 0 0 0 0 0 0.136 1.2766 2.247 1.8944 1.0936 0.62 0.3712 0.1712 0.1042 0.0418 0.0342 0.0038 0.0044 0.0016 0 0 0 0.012 0.0912 0.3864 0.8762 1.0942 1.0212 0.9018 0.6208 0.4132 0.282 0.1396 0.0868 0.0454 0.0176 0.0046 0.0042 0.0028 0.001 0.0046 0.038 0.1164 0.2934 0.4478 0.5704 0.5716 0.5438 0.4254 0.3458 0.2386 0.1678 0.1052 0.0562 0.0348 0.0172 0.0152 0.0068 0.0004 0.0098 0.0254 0.059 0.1194 0.1678 0.2338 0.2054 0.2492 0.2212 0.1934 0.1366 0.1078 0.1026 0.0584 0.0424 0.0324 0.021 0.014 0 0 0 0 0 0 0 0 0 0 0 0 
0 0 0 0 0 0 0 0 0 0 0 0 0 0 0 0.0008 0.1364 1.2164 2.0702 1.7932 1.1488 0.6746 0.3748 0.2358 0.1304 0.0888 0.0478 0.0268 0.0222 0.0042 0.0052 0.0094 0.0096 0.0138 0.1074 0.4314 0.7406 0.9968 0.8814 0.8012 0.6814 0.4556 0.3108 0.2196 0.1376 0.1126 0.0428 0.0286 0.0118 0.0112 0.0082 0.015 0.0486 0.1452 0.2718 0.3502 0.4442 0.5104 0.4572 0.4398 0.3866 0.2896 0.2234 0.1328 0.1046 0.0696 0.0374 0.0332 0.0238 0.0208 0.0242 0.0354 0.0602 0.091 0.1274 0.1564 0.1568 0.1784 0.2192 0.179 0.1856 0.1616 0.1452 0.0982 0.0442 0.0464 0.0302 0.0216 0.0174 0.0212 0.0034 0.0046 0 0 0 0 0 0 0 0 
0 0 0 0 0 0 0 0 0 0 0 0 0 0 0 0.0002 0.0998 1.4118 2.7026 1.8838 0.8926 0.4548 0.2566 0.1286 0.0524 0.0428 0.036 0.0218 0.004 0.0046 0.0028 0.0048 0 0.0016 0.0848 0.5254 1.1014 1.3514 1.0716 0.7482 0.4494 0.262 0.1578 0.0796 0.0568 0.0408 0.032 0.018 0.007 0.007 0.0052 0 0.0282 0.1814 0.4064 0.6234 0.6532 0.6288 0.5064 0.3432 0.2144 0.137 0.0904 0.0554 0.0358 0.0418 0.0248 0.0138 0.0122 0.0034 0.004 0.0406 0.1014 0.1884 0.2506 0.2438 0.2696 0.2344 0.1946 0.1116 0.0882 0.0734 0.0546 0.0382 0.028 0.0238 0.015 0.0182 0.008 0.0076 0.0024 0.0036 0 0 0 0 0 0 0 0 
0 0 0 0 0 0 0 0 0 0 0 0 0 0 0 0 0.1486 1.4038 2.4644 1.8706 1.0696 0.5022 0.2478 0.144 0.0622 0.0346 0.0212 0.0138 0.0046 0.0068 0.0038 0.002 0 0.005 0.1072 0.5132 1.024 1.2022 1.1674 0.7672 0.4908 0.3046 0.1868 0.1108 0.0516 0.0258 0.0156 0.0118 0.0106 0.0054 0 0.0018 0.0366 0.182 0.4024 0.5362 0.633 0.6294 0.4836 0.3678 0.2656 0.2058 0.1134 0.0586 0.0364 0.014 0.0178 0.011 0.0046 0.002 0.006 0.0406 0.1076 0.15 0.1922 0.2242 0.274 0.2352 0.2036 0.1846 0.131 0.0914 0.0688 0.02 0.0204 0.0138 0.011 0.0122 0.0076 0.0038 0 0 0 0 0 0 0 0 0 0 
0 0 0 0 0 0 0 0 0 0 0 0 0 0 0 0.0006 0.102 1.4982 2.8178 1.8788 0.8886 0.378 0.193 0.1128 0.0414 0.0348 0.0174 0.0126 0.0118 0.0048 0.0022 0.0018 0.0034 0.0082 0.0818 0.5712 1.2694 1.4458 1.0658 0.658 0.3748 0.2212 0.1164 0.0652 0.0474 0.0216 0.0244 0.012 0.004 0.0076 0.0052 0.0018 0.0348 0.186 0.4692 0.784 0.7614 0.5594 0.4516 0.2586 0.1684 0.1006 0.0778 0.0464 0.035 0.0334 0.0098 0.0098 0.0096 0.0032 0.008 0.0368 0.1094 0.1978 0.2942 0.309 0.3012 0.1936 0.162 0.088 0.0938 0.0564 0.0434 0.0298 0.0286 0.0196 0.0148 0.0088 0.004 0 0 0 0 0 0 0 0 0 0 0 
0 0 0 0 0 0 0 0 0 0 0 0 0 0 0 0 0.1124 1.3884 2.4254 1.9222 1.0976 0.519 0.2772 0.1314 0.063 0.0338 0.0246 0.005 0 0 0 0 0 0.0066 0.0798 0.456 1.0022 1.322 1.1322 0.7864 0.4886 0.2602 0.1854 0.1422 0.0826 0.0252 0.02 0.0106 0 0 0 0.0026 0.0284 0.1366 0.3672 0.5846 0.696 0.6262 0.4532 0.3816 0.2636 0.173 0.0952 0.0598 0.0556 0.0516 0.0102 0.0094 0.0052 0 0.0012 0.0298 0.0798 0.1562 0.2456 0.237 0.2642 0.222 0.218 0.17 0.112 0.0778 0.0752 0.0518 0.0294 0.0134 0.0092 0.0016 0.0018 0.004 0 0 0 0 0 0 0 0 0 0 
0 0 0 0 0 0 0 0 0 0 0 0 0 0 0 0.0006 0.1442 1.2826 2.252 1.8824 1.057 0.6294 0.3456 0.1906 0.094 0.0622 0.0366 0.0206 0.0022 0 0 0 0 0.01 0.094 0.4204 0.913 1.1172 1.052 0.7798 0.6102 0.37 0.234 0.1706 0.1048 0.0472 0.035 0.0244 0.0148 0.0026 0 0.0022 0.0382 0.1334 0.3136 0.4984 0.5492 0.598 0.4772 0.424 0.2818 0.2108 0.1734 0.1184 0.0656 0.0486 0.0336 0.0184 0.0106 0.0046 0.0046 0.0192 0.0952 0.1216 0.1548 0.202 0.2214 0.2542 0.2068 0.1774 0.1496 0.1126 0.0746 0.077 0.0562 0.0366 0.015 0.0096 0.0066 0.005 0 0 0 0 0 0 0 0 0 0 
0 0 0 0 0 0 0 0 0 0 0 0 0 0 0 0 0.1078 1.3352 2.5216 1.9694 0.9586 0.4716 0.299 0.1524 0.091 0.0508 0.0308 0.0118 0 0 0 0 0 0.0044 0.0894 0.4154 1.0456 1.2938 1.1134 0.7514 0.509 0.3168 0.2158 0.1244 0.062 0.036 0.0164 0.0034 0.0028 0 0 0.0006 0.0204 0.1324 0.326 0.5846 0.6796 0.6092 0.516 0.3972 0.29 0.1928 0.12 0.0576 0.0362 0.0192 0.0082 0.0048 0.0052 0 0.0036 0.0166 0.0712 0.121 0.2092 0.2484 0.2704 0.2624 0.225 0.1926 0.1394 0.088 0.0586 0.0412 0.0324 0.0116 0.0024 0.0022 0.0038 0 0 0 0 0 0 0 0 0 0 0 
0 0 0 0 0 0 0 0 0 0 0 0 0 0 0 0 0.1298 1.2608 2.359 1.9338 1.1054 0.5652 0.2796 0.1814 0.0928 0.044 0.023 0.0064 0.0044 0.008 0.0064 0 0 0.0106 0.072 0.4008 0.8736 1.2316 1.1458 0.8522 0.5304 0.381 0.205 0.1102 0.066 0.0436 0.0226 0.0198 0.011 0.0152 0.007 0.0038 0.0196 0.1334 0.2898 0.4888 0.6256 0.6348 0.5522 0.4232 0.285 0.1874 0.125 0.0662 0.0512 0.0426 0.0268 0.019 0.0122 0.009 0.008 0.0246 0.0716 0.1294 0.191 0.2352 0.2794 0.2544 0.213 0.1576 0.1322 0.062 0.0598 0.048 0.0402 0.0224 0.0346 0.0184 0.0066 0.0068 0.0028 0.0036 0.0044 0 0 0 0 0 0 0 
0 0 0 0 0 0 0 0 0 0 0 0 0 0 0 0.0002 0.1324 1.1934 1.979 1.7416 1.2044 0.7018 0.4482 0.2396 0.1372 0.0758 0.06 0.0472 0.0178 0.0098 0.0026 0.0024 0.0034 0.0074 0.1028 0.342 0.7004 0.882 0.929 0.9446 0.7194 0.551 0.355 0.1648 0.1152 0.0774 0.0476 0.03 0.014 0.0068 0.0016 0.0058 0.0312 0.0992 0.1976 0.3266 0.4452 0.547 0.5252 0.4994 0.413 0.3176 0.2454 0.1318 0.0866 0.0498 0.0342 0.0232 0.0166 0.0058 0.0074 0.0134 0.025 0.0704 0.1116 0.1738 0.188 0.208 0.2322 0.2244 0.1794 0.1648 0.1276 0.08 0.0746 0.0374 0.0322 0.026 0.0098 0.0062 0.0054 0.0056 0.0012 0.0016 0.0026 0.0024 0 0 0 0 
0 0 0 0 0 0 0 0 0 0 0 0 0 0 0 0 0.1542 1.3574 2.2684 1.8162 1.1146 0.5918 0.3046 0.1728 0.0922 0.048 0.0242 0.0244 0.0186 0.0042 0.006 0.0024 0 0.0096 0.1088 0.4554 0.873 1.122 1.0842 0.8572 0.6016 0.3946 0.2116 0.0916 0.072 0.0514 0.0298 0.0226 0.0116 0.003 0 0.0034 0.0496 0.1542 0.3186 0.424 0.562 0.5808 0.5816 0.4704 0.3124 0.1924 0.1326 0.0816 0.0548 0.0406 0.0226 0.013 0.0024 0.005 0.0184 0.0392 0.0906 0.1004 0.126 0.2006 0.2154 0.2646 0.2526 0.201 0.1574 0.1002 0.067 0.0566 0.0498 0.0256 0.009 0.0102 0.0072 0.0062 0 0 0 0 0 0 0 0 0 0 
0 0 0 0 0 0 0 0 0 0 0 0 0 0 0 0 0.1054 1.3496 2.5548 1.8496 0.981 0.5304 0.2826 0.1576 0.094 0.0532 0.0268 0.0134 0.0016 0 0 0 0 0.0034 0.0662 0.4156 1.052 1.3438 1.0064 0.7696 0.5138 0.3354 0.184 0.1214 0.0778 0.0442 0.0308 0.015 0.0146 0.006 0.0008 0.0014 0.0334 0.1194 0.3432 0.5848 0.6744 0.6276 0.4168 0.3972 0.256 0.1902 0.1388 0.0896 0.0308 0.0344 0.027 0.0152 0.009 0.0094 0.0086 0.0278 0.0774 0.1594 0.2564 0.241 0.2386 0.2002 0.1794 0.1812 0.1402 0.0894 0.0674 0.0338 0.0302 0.02 0.0132 0.0096 0.0144 0.0016 0.0012 0.0012 0.0016 0.0016 0.0028 0.0024 0 0 0 0 
0 0 0 0 0 0 0 0 0 0 0 0 0 0 0 0 0.1194 1.3686 2.5192 1.969 1.05 0.468 0.2332 0.131 0.0752 0.0298 0.0098 0.006 0.0074 0.0086 0.0048 0 0 0.006 0.1098 0.5282 1.036 1.242 1.1114 0.7672 0.547 0.2654 0.1588 0.0904 0.051 0.0244 0.0304 0.0128 0.01 0.0048 0.0044 0.0002 0.0416 0.1964 0.3956 0.564 0.6436 0.6298 0.515 0.368 0.2266 0.1412 0.106 0.0534 0.0298 0.037 0.0266 0.0124 0.007 0.0038 0.007 0.0314 0.1006 0.1604 0.2368 0.254 0.2778 0.247 0.1938 0.1474 0.1014 0.0772 0.0478 0.0186 0.0296 0.0264 0.0126 0.0106 0.0048 0.005 0.0068 0.0032 0.0018 0 0 0 0 0 0 0 
0 0 0 0 0 0 0 0 0 0 0 0 0 0 0 0 0.1392 1.2598 2.262 1.7566 1.03 0.6646 0.3404 0.194 0.1504 0.0946 0.0512 0.036 0.018 0.0032 0 0 0 0.0048 0.0818 0.3784 0.8316 1.132 1.0266 0.8556 0.6332 0.4098 0.2648 0.1476 0.108 0.0718 0.0396 0.0144 0 0 0 0.0036 0.0252 0.0872 0.238 0.4272 0.5628 0.576 0.6032 0.4836 0.3522 0.2346 0.1446 0.1272 0.0676 0.0432 0.0202 0.0036 0 0 0.0062 0.0092 0.0304 0.0704 0.1248 0.1838 0.2462 0.2472 0.243 0.2096 0.193 0.1574 0.1056 0.073 0.0462 0.0198 0.0176 0.014 0.0026 0 0 0 0 0 0 0 0 0 0 0 
0 0 0 0 0 0 0 0 0 0 0 0 0 0 0 0 0.1488 1.1968 2.1588 1.7492 1.058 0.6582 0.371 0.263 0.139 0.1054 0.0742 0.0386 0.0182 0.0074 0.0014 0.0012 0.0016 0.009 0.0996 0.3884 0.7382 0.9464 1.0458 0.8674 0.5976 0.4292 0.2724 0.2286 0.1476 0.1108 0.0552 0.0324 0.0216 0.0052 0.0044 0.0092 0.0282 0.1088 0.2222 0.3556 0.4968 0.584 0.5348 0.3744 0.3434 0.2806 0.2294 0.1776 0.103 0.0462 0.0454 0.033 0.0214 0.0098 0.008 0.0222 0.0358 0.0684 0.1312 0.1954 0.1998 0.205 0.1768 0.18 0.1866 0.182 0.1186 0.0874 0.0768 0.0454 0.0362 0.0252 0.0104 0.0048 0.0096 0 0 0 0 0 0 0 0 0 
0 0 0 0 0 0 0 0 0 0 0 0 0 0 0 0 0.109 1.2622 2.2016 1.8346 1.23 0.6012 0.2954 0.1906 0.1164 0.0602 0.0362 0.0256 0.0184 0.0104 0.0032 0.005 0 0.006 0.0988 0.3624 0.783 1.06 1.1484 0.9092 0.643 0.3724 0.2318 0.1616 0.11 0.0378 0.025 0.0112 0.0078 0.0116 0.0104 0.0154 0.0374 0.0978 0.2212 0.4048 0.5868 0.6412 0.5578 0.4366 0.343 0.2206 0.1908 0.1236 0.0432 0.0226 0.0134 0.0116 0.0108 0.0102 0.0166 0.0264 0.0422 0.095 0.1438 0.2422 0.2282 0.217 0.227 0.197 0.1624 0.1452 0.0938 0.0776 0.028 0.0192 0.0078 0.0128 0.0078 0.0082 0.0114 0.0084 0.0028 0 0 0 0 0 0 0 
0 0 0 0 0 0 0 0 0 0 0 0 0 0 0 0.0002 0.1086 1.371 2.6074 1.9056 0.9614 0.5538 0.289 0.1234 0.0388 0.0204 0.0166 0.0038 0 0 0 0 0 0.0038 0.0858 0.4446 1.0878 1.289 1.0246 0.8404 0.5908 0.3542 0.1586 0.0612 0.038 0.0176 0.0036 0 0 0 0 0 0.0226 0.1254 0.3502 0.6246 0.687 0.6274 0.5362 0.4016 0.3006 0.1796 0.07 0.0426 0.0232 0.004 0.0034 0.0016 0 0 0.0016 0.0178 0.0524 0.163 0.2214 0.262 0.3002 0.306 0.2464 0.1584 0.1014 0.075 0.0456 0.0214 0.0112 0.006 0.0052 0.0032 0.0018 0 0 0 0 0 0 0 0 0 0 0 
0 0 0 0 0 0 0 0 0 0 0 0 0 0 0 0 0.1136 1.3676 2.5506 1.9726 1.001 0.4538 0.2592 0.1646 0.0742 0.0284 0.0034 0.001 0.0024 0.0076 0 0 0 0.0016 0.0884 0.4694 0.9878 1.3476 1.164 0.7662 0.4704 0.2936 0.1616 0.1146 0.0762 0.037 0.0062 0.0066 0.004 0.0014 0.0034 0.0028 0.0402 0.1192 0.3484 0.5978 0.7352 0.6726 0.4842 0.3258 0.2118 0.1576 0.1258 0.0728 0.0466 0.0352 0.0116 0.0098 0.0026 0.0016 0.0102 0.0282 0.0668 0.14 0.2376 0.2694 0.3574 0.2396 0.1774 0.1438 0.0852 0.0648 0.0536 0.0382 0.03 0.0266 0.0242 0.0054 0 0 0 0 0 0 0 0 0 0 0 0 
0 0 0 0 0 0 0 0 0 0 0 0 0 0 0 0 0.1306 1.3514 2.4124 1.8668 1.1472 0.576 0.3006 0.1284 0.049 0.02 0.0068 0.0048 0.006 0 0 0 0 0.0068 0.0862 0.3828 0.891 1.242 1.1902 0.9058 0.6052 0.3566 0.1746 0.0972 0.0288 0.0154 0.0122 0.0038 0.0014 0 0.0008 0.0036 0.0346 0.1126 0.2544 0.4534 0.6926 0.712 0.6304 0.415 0.306 0.1984 0.1036 0.0336 0.0322 0.0146 0.0022 0 0 0 0.0094 0.0172 0.0546 0.1012 0.1778 0.2848 0.3362 0.2762 0.2144 0.1554 0.1754 0.0956 0.051 0.0316 0.0104 0.0082 0.0006 0 0 0 0 0 0 0 0 0 0 0 0 0 
0 0 0 0 0 0 0 0 0 0 0 0 0 0 0 0.001 0.1266 1.3118 2.4204 1.84 1.0782 0.5384 0.2644 0.1828 0.0948 0.057 0.0312 0.0192 0.0132 0.0072 0.0072 0.0066 0 0.0078 0.1034 0.4422 0.9944 1.2008 1.0984 0.7266 0.5116 0.3194 0.1868 0.144 0.0906 0.0536 0.0452 0.033 0.0202 0.0116 0.004 0.0136 0.0448 0.1404 0.35 0.5624 0.6414 0.584 0.489 0.3426 0.2208 0.1644 0.1246 0.0688 0.0712 0.0604 0.0384 0.0246 0.0304 0.0258 0.0118 0.0404 0.0782 0.154 0.2114 0.256 0.2582 0.2154 0.1704 0.1384 0.0852 0.0802 0.0622 0.0452 0.0458 0.046 0.0388 0.026 0.0088 0.0128 0.0104 0.0058 0.0032 0.0042 0 0 0 0 0 0 
0 0 0 0 0 0 0 0 0 0 0 0 0 0 0 0 0.1236 1.459 2.4296 1.917 1.041 0.5248 0.2486 0.1044 0.071 0.0416 0.0228 0.0094 0.0038 0.002 0.0014 0 0 0.001 0.0914 0.4906 0.9948 1.2654 1.1796 0.8294 0.4858 0.2836 0.1276 0.1042 0.0678 0.0336 0.0244 0.0156 0.0052 0 0 0.0006 0.0318 0.135 0.3378 0.5618 0.7358 0.6878 0.5378 0.3498 0.199 0.161 0.0754 0.0672 0.0586 0.0362 0.019 0.0054 0 0.002 0.0084 0.0172 0.0726 0.1284 0.199 0.3194 0.3606 0.2608 0.1752 0.1288 0.0958 0.0484 0.0658 0.0424 0.0354 0.0276 0.0122 0 0 0 0 0 0 0 0 0 0 0 0 0 
0 0 0 0 0 0 0 0 0 0 0 0 0 0 0 0 0.097 1.3298 2.6706 1.8704 1.0222 0.5022 0.2406 0.1218 0.0724 0.0436 0.0068 0.0076 0.0132 0.0018 0 0 0 0.0028 0.0914 0.4862 1.0548 1.3186 1.105 0.8128 0.4842 0.2652 0.1776 0.089 0.0572 0.0252 0.0148 0.0076 0.0026 0.005 0 0.0026 0.0348 0.1628 0.3652 0.6138 0.6706 0.6596 0.511 0.3238 0.2436 0.1738 0.0896 0.0624 0.0362 0.0216 0.0104 0.0142 0.004 0 0.0042 0.031 0.0904 0.1522 0.2226 0.2946 0.2492 0.2616 0.1884 0.1442 0.1146 0.0758 0.0588 0.0398 0.0222 0.0152 0.017 0.0082 0.0074 0.0026 0 0 0 0 0 0 0 0 0 0 
0 0 0 0 0 0 0 0 0 0 0 0 0 0 0 0 0.1266 1.5044 2.6214 1.8782 0.9346 0.4898 0.2414 0.0946 0.041 0.0368 0.0246 0.0048 0.0018 0 0 0 0 0.0098 0.1152 0.5456 1.101 1.3158 1.1006 0.726 0.484 0.2584 0.175 0.0858 0.0546 0.0252 0.003 0 0 0 0 0.0126 0.0526 0.1882 0.4296 0.5868 0.694 0.5966 0.4942 0.3664 0.2156 0.1618 0.0956 0.0666 0.0196 0.0108 0.0068 0.0022 0 0.0046 0.0142 0.046 0.1188 0.1592 0.2438 0.2742 0.2362 0.242 0.1998 0.1616 0.1202 0.0674 0.0382 0.0272 0.0312 0.0078 0.0016 0.0024 0.0036 0 0 0 0 0 0 0 0 0 0 0 
0 0 0 0 0 0 0 0 0 0 0 0 0 0 0 0.0004 0.1318 1.1768 2.045 1.8482 1.2306 0.6614 0.3984 0.2184 0.1306 0.082 0.0446 0.018 0.0086 0.0022 0.003 0 0 0.0056 0.1106 0.3576 0.6794 0.9846 0.9914 0.8376 0.679 0.4994 0.2868 0.2388 0.144 0.0674 0.0654 0.0334 0.0138 0.0032 0.002 0.0044 0.0318 0.127 0.2082 0.3504 0.471 0.5394 0.487 0.44 0.3794 0.3156 0.2222 0.1534 0.1216 0.0688 0.0316 0.0254 0.0132 0.0074 0.0074 0.0248 0.0544 0.0754 0.1146 0.1774 0.216 0.231 0.2064 0.1856 0.181 0.1608 0.1044 0.1032 0.0544 0.0372 0.0334 0.0218 0.013 0 0 0 0 0 0 0 0 0 0 0 
0 0 0 0 0 0 0 0 0 0 0 0 0 0 0 0 0.1442 1.326 2.2418 1.8954 1.1852 0.5904 0.333 0.1654 0.0644 0.028 0.0228 0.0034 0 0 0 0 0 0.0098 0.0824 0.3482 0.8646 1.1884 1.1654 0.9278 0.6394 0.4004 0.1916 0.099 0.0536 0.0154 0.0136 0.0004 0 0 0 0.0028 0.017 0.079 0.2584 0.5224 0.6008 0.6588 0.5832 0.489 0.378 0.209 0.1054 0.0478 0.0346 0.0122 0.0016 0 0 0 0.0028 0.0064 0.0566 0.1094 0.1808 0.2198 0.2598 0.2712 0.2666 0.24 0.1506 0.105 0.0542 0.0386 0.022 0.013 0.0032 0 0 0 0 0 0 0 0 0 0 0 0 0 
0 0 0 0 0 0 0 0 0 0 0 0 0 0 0 0 0.1238 1.3586 2.4222 1.8312 1.018 0.5702 0.3198 0.1678 0.0892 0.05 0.0226 0.0182 0.0078 0.0006 0 0 0 0.0062 0.0886 0.475 1.044 1.1926 0.9842 0.7494 0.537 0.3484 0.2278 0.1578 0.0954 0.0366 0.026 0.0158 0.0082 0.003 0.004 0.001 0.0384 0.1434 0.3386 0.6216 0.5868 0.5676 0.4592 0.3692 0.2744 0.2044 0.136 0.0948 0.075 0.0354 0.029 0.0072 0.0046 0.0056 0.0074 0.0178 0.088 0.1622 0.2274 0.2662 0.2278 0.1904 0.1802 0.148 0.1462 0.1004 0.0616 0.0734 0.0428 0.0282 0.011 0.0078 0.0064 0.007 0.0076 0 0 0 0 0 0 0 0 0 
0 0 0 0 0 0 0 0 0 0 0 0 0 0 0 0.0002 0.1198 1.2414 2.2434 1.8278 1.1298 0.6626 0.3834 0.214 0.0996 0.0502 0.0198 0.0054 0.0026 0 0 0 0 0.0044 0.0596 0.3702 0.818 1.1644 1.0944 0.8494 0.6266 0.4432 0.262 0.1564 0.0904 0.0432 0.0132 0.0046 0 0 0 0.0068 0.0132 0.085 0.2472 0.414 0.5982 0.64 0.5758 0.4646 0.3566 0.21 0.1922 0.1146 0.0522 0.017 0.0112 0.0014 0 0 0.0022 0.0178 0.0478 0.0848 0.1552 0.1962 0.2298 0.2412 0.2564 0.197 0.1902 0.1486 0.1228 0.0642 0.037 0.0042 0.004 0.0006 0 0 0 0 0 0 0 0 0 0 0 0 
0 0 0 0 0 0 0 0 0 0 0 0 0 0 0 0 0.116 1.244 2.281 1.9624 1.1944 0.6298 0.3032 0.1644 0.0558 0.0326 0.0094 0.0056 0.0014 0 0 0 0 0.0058 0.0754 0.403 0.8518 1.116 1.1486 0.8866 0.6538 0.3868 0.2128 0.1294 0.0688 0.0476 0.0076 0.006 0 0 0 0.004 0.0306 0.1152 0.273 0.429 0.593 0.69 0.5404 0.433 0.329 0.2504 0.1508 0.083 0.0476 0.023 0.008 0 0 0.002 0.01 0.0168 0.033 0.0984 0.1724 0.2568 0.2796 0.2434 0.248 0.213 0.1672 0.109 0.0532 0.0466 0.0208 0.0166 0.0078 0.0028 0.0026 0 0 0 0 0 0 0 0 0 0 0 
0 0 0 0 0 0 0 0 0 0 0 0 0 0 0 0 0.134 1.4278 2.3918 1.8672 1.0444 0.592 0.2864 0.1362 0.0652 0.0232 0.0114 0.0056 0.0088 0.006 0 0 0 0.0054 0.0812 0.468 1.003 1.2816 1.0974 0.8588 0.5352 0.2816 0.1712 0.1138 0.0542 0.0172 0.009 0.0022 0.0016 0.0014 0.0018 0.007 0.0266 0.1428 0.3284 0.5598 0.6974 0.6798 0.531 0.349 0.2822 0.1828 0.1108 0.0568 0.0256 0.0104 0.0038 0.0026 0.0034 0.0028 0.0126 0.0226 0.0436 0.1418 0.244 0.2816 0.2888 0.2602 0.2022 0.1802 0.0978 0.085 0.061 0.043 0.018 0.0088 0.0022 0.0052 0.002 0.0024 0.0036 0.0058 0 0 0 0 0 0 0 0 
0 0 0 0 0 0 0 0 0 0 0 0 0 0 0 0 0.134 1.2968 2.2212 1.7614 1.1332 0.6862 0.3542 0.2238 0.1028 0.0544 0.0256 0.0064 0 0 0 0 0 0.004 0.0844 0.3706 0.863 1.063 1.0562 0.883 0.5978 0.4048 0.2636 0.1848 0.1014 0.0492 0.021 0.0308 0.0074 0.0102 0.0048 0.0026 0.0322 0.1038 0.2868 0.4682 0.5094 0.592 0.501 0.4448 0.3604 0.216 0.1528 0.1284 0.0766 0.0576 0.0294 0.017 0.0118 0.01 0.0054 0.0112 0.0582 0.1304 0.1646 0.2376 0.2122 0.2714 0.215 0.1636 0.1536 0.105 0.0794 0.0514 0.0304 0.0198 0.0332 0.0184 0.0144 0.011 0.013 0 0 0 0 0 0 0 0 0 
0 0 0 0 0 0 0 0 0 0 0 0 0 0 0 0 0.129 1.231 2.3244 1.7636 1.1708 0.6416 0.3484 0.185 0.0818 0.053 0.025 0.0216 0.013 0.0096 0.0022 0 0 0.0096 0.0768 0.4368 0.864 1.0414 1.0236 0.8412 0.6408 0.4224 0.239 0.174 0.0904 0.0514 0.0316 0.0298 0.0192 0.0056 0.0028 0.006 0.0224 0.1252 0.308 0.4394 0.5796 0.5414 0.5384 0.3918 0.3296 0.2404 0.1606 0.1352 0.0572 0.039 0.035 0.0172 0.0138 0.0062 0.0016 0.0266 0.086 0.1148 0.1814 0.2082 0.2672 0.1942 0.2026 0.2032 0.1368 0.1222 0.0652 0.0414 0.0326 0.0518 0.0242 0.0126 0.009 0.0098 0.0074 0.0012 0.0014 0.002 0.002 0.0038 0.004 0 0 0 
0 0 0 0 0 0 0 0 0 0 0 0 0 0 0 0.0004 0.123 1.361 2.3974 1.8372 1.077 0.5658 0.3084 0.1512 0.0778 0.0332 0.0248 0.0222 0.0104 0.0092 0.001 0 0 0.0082 0.0956 0.4386 0.964 1.2316 1.0594 0.862 0.5512 0.3544 0.1782 0.1114 0.0714 0.0356 0.0086 0.0156 0.0068 0.0074 0 0.011 0.039 0.1388 0.3644 0.5002 0.605 0.588 0.5108 0.4554 0.2854 0.1992 0.1298 0.078 0.0448 0.0206 0.0156 0.0106 0.0034 0.0086 0.0128 0.0352 0.06 0.1394 0.198 0.218 0.254 0.2184 0.1916 0.1838 0.1494 0.1188 0.07 0.0496 0.0394 0.0192 0.0112 0.0084 0.0108 0.0034 0 0 0 0 0 0 0 0 0 0 
0 0 0 0 0 0 0 0 0 0 0 0 0 0 0 0 0.1288 1.1438 2.1702 1.7872 1.2036 0.6768 0.3838 0.2104 0.1172 0.0706 0.0578 0.036 0.009 0.0048 0 0 0 0.0052 0.077 0.384 0.7372 0.9386 1.0122 0.9352 0.7284 0.4866 0.2836 0.1544 0.097 0.0666 0.0432 0.0268 0.0132 0.0038 0.006 0.0034 0.0314 0.1068 0.2496 0.3454 0.4512 0.5482 0.565 0.5064 0.411 0.2658 0.1888 0.122 0.0716 0.061 0.0398 0.011 0.0126 0.0062 0.0092 0.026 0.0564 0.0722 0.147 0.1538 0.1816 0.2038 0.2578 0.2252 0.1888 0.1296 0.1108 0.0758 0.066 0.039 0.0126 0.014 0.0076 0.0136 0.0072 0.0022 0.0036 0 0 0 0 0 0 0 
0 0 0 0 0 0 0 0 0 0 0 0 0 0 0 0 0.1742 1.2464 2.184 1.938 1.1964 0.63 0.3332 0.1402 0.0758 0.0378 0.0284 0.01 0.0056 0 0 0 0 0.0074 0.0986 0.3794 0.8062 1.1434 1.0778 0.969 0.6158 0.3898 0.2366 0.1388 0.0624 0.0428 0.0262 0.004 0.0018 0 0 0.0072 0.0368 0.089 0.2682 0.4358 0.5684 0.656 0.5836 0.4634 0.3168 0.2136 0.1724 0.1008 0.0524 0.0232 0.0124 0 0 0.0018 0.0106 0.0264 0.0442 0.0934 0.159 0.2094 0.2796 0.282 0.2198 0.1862 0.1644 0.1228 0.0812 0.0594 0.047 0.0072 0.0026 0.003 0 0 0 0 0 0 0 0 0 0 0 0 
0 0 0 0 0 0 0 0 0 0 0 0 0 0 0 0 0.1072 1.3808 2.3316 2.0216 1.0606 0.52 0.2914 0.1586 0.0892 0.0286 0.0046 0.0038 0.002 0 0 0 0 0.0042 0.088 0.4676 0.9068 1.2312 1.0594 0.8702 0.5622 0.347 0.2474 0.1064 0.0588 0.0286 0.0182 0.0022 0.0018 0 0 0.0064 0.0366 0.1506 0.298 0.4868 0.6208 0.6622 0.5636 0.4112 0.2868 0.1988 0.1308 0.0544 0.0408 0.019 0.017 0.0092 0.0034 0.0024 0.0084 0.0368 0.0714 0.1212 0.1842 0.2486 0.2836 0.2764 0.2454 0.1766 0.119 0.063 0.058 0.0406 0.026 0.0092 0.012 0.0162 0.0046 0 0 0 0 0 0 0 0 0 0 0 
0 0 0 0 0 0 0 0 0 0 0 0 0 0 0 0 0.1258 1.1634 2.2482 1.7926 1.1628 0.6848 0.3828 0.2162 0.1174 0.0388 0.0292 0.0156 0.0112 0.0026 0.0086 0 0 0.0048 0.0864 0.3848 0.7852 1.0636 1.0312 0.8636 0.6524 0.4606 0.268 0.1764 0.0792 0.0536 0.0438 0.016 0.007 0.0038 0.0068 0.0036 0.0334 0.1098 0.2484 0.4304 0.565 0.5684 0.5344 0.4434 0.3308 0.2518 0.1726 0.1002 0.085 0.065 0.0204 0.0154 0.0084 0.0034 0.008 0.0134 0.061 0.117 0.1504 0.1986 0.2328 0.2254 0.2608 0.1746 0.1504 0.1222 0.0814 0.0602 0.0596 0.0416 0.0198 0.0094 0.0092 0.0046 0.0026 0.0036 0.0048 0.0076 0.004 0 0 0 0 0 
0 0 0 0 0 0 0 0 0 0 0 0 0 0 0 0.0006 0.1546 1.23 2.1788 1.7464 1.1248 0.6136 0.3528 0.2352 0.142 0.085 0.0482 0.0306 0.0216 0.0206 0.0088 0.0064 0 0.0058 0.0804 0.413 0.8354 1.0672 0.9522 0.802 0.6228 0.415 0.2648 0.1614 0.1304 0.102 0.063 0.0302 0.0182 0.0202 0.0098 0.0092 0.0288 0.1312 0.2906 0.4018 0.471 0.5706 0.5248 0.4516 0.3434 0.2072 0.1432 0.1078 0.1104 0.055 0.0394 0.0418 0.0326 0.0256 0.026 0.032 0.073 0.1046 0.1284 0.1728 0.2118 0.2308 0.2428 0.1748 0.1354 0.1182 0.0876 0.044 0.046 0.0352 0.0406 0.0358 0.0308 0.0116 0.0076 0.0096 0.0078 0.0056 0.0018 0.0026 0.003 0 0 0 
0 0 0 0 0 0 0 0 0 0 0 0 0 0 0 0 0.1606 1.3908 2.3592 1.7514 1.0136 0.5596 0.3032 0.186 0.1076 0.0648 0.0494 0.0354 0.0128 0.0056 0 0 0.0006 0.0072 0.1116 0.5204 0.9664 1.142 1.0242 0.7638 0.5208 0.3216 0.2088 0.1718 0.1228 0.0662 0.0258 0.0164 0.0096 0 0 0.0014 0.038 0.159 0.3596 0.4946 0.5958 0.6104 0.5276 0.3532 0.2554 0.189 0.1522 0.1092 0.0606 0.0402 0.0216 0.0118 0.0048 0.0072 0.0064 0.0322 0.0968 0.124 0.1488 0.2434 0.267 0.2532 0.1686 0.1398 0.1182 0.1318 0.0938 0.0604 0.0486 0.0248 0.0202 0.0078 0.0034 0.0096 0.0024 0.0014 0.002 0.0038 0 0 0 0 0 0 
0 0 0 0 0 0 0 0 0 0 0 0 0 0 0 0 0.1218 1.2446 2.292 1.895 1.093 0.6088 0.3516 0.1814 0.0982 0.0434 0.0292 0.0158 0.013 0.005 0.0034 0.0038 0 0.0088 0.1136 0.3948 0.8206 1.07 1.1266 0.895 0.6348 0.3732 0.2192 0.1522 0.0806 0.0422 0.038 0.0172 0.0016 0.002 0.01 0.0108 0.0474 0.1042 0.2508 0.4348 0.5426 0.6642 0.5506 0.4394 0.3166 0.2638 0.1482 0.096 0.0578 0.0332 0.0224 0.0048 0.002 0.0058 0.0134 0.035 0.0576 0.1 0.1394 0.163 0.2544 0.2836 0.2316 0.1886 0.166 0.1188 0.0856 0.0676 0.051 0.0208 0.0082 0.0068 0.005 0.0024 0.0044 0.001 0 0 0 0 0 0 0 0 
0 0 0 0 0 0 0 0 0 0 0 0 0 0 0 0.0006 0.137 1.2324 2.2484 1.8524 1.0874 0.6548 0.364 0.2288 0.104 0.055 0.0182 0.006 0.0094 0.0016 0 0 0.0006 0.0062 0.099 0.4232 0.8256 1.0076 1.0168 0.8488 0.6682 0.4782 0.304 0.1686 0.0884 0.0238 0.0182 0.0116 0.0044 0.0024 0.0044 0.0038 0.0308 0.15 0.2672 0.4318 0.5302 0.516 0.4994 0.4718 0.4166 0.2574 0.1782 0.1128 0.055 0.0486 0.0176 0.005 0.0024 0.0068 0.009 0.0218 0.0776 0.1122 0.1548 0.188 0.1958 0.2056 0.2244 0.209 0.207 0.1344 0.105 0.0562 0.0344 0.0396 0.0104 0.0048 0.0086 0 0 0 0 0 0 0 0 0 0 0 
0 0 0 0 0 0 0 0 0 0 0 0 0 0 0 0 0.1358 1.1608 2.1078 1.8052 1.2266 0.6738 0.357 0.2186 0.133 0.0924 0.042 0.0174 0.0114 0.0068 0.0048 0.0044 0.0022 0.0062 0.0822 0.364 0.6884 0.9916 1.0458 0.9008 0.7008 0.4546 0.2868 0.2078 0.1112 0.056 0.024 0.0204 0.0276 0.0196 0.0062 0.0096 0.015 0.0868 0.1924 0.3778 0.529 0.6138 0.505 0.5222 0.3688 0.2484 0.1824 0.1242 0.065 0.043 0.043 0.0272 0.0124 0.0186 0.0152 0.0172 0.0274 0.0742 0.1132 0.1788 0.237 0.2798 0.2424 0.2036 0.1538 0.1444 0.0936 0.0786 0.063 0.0272 0.0262 0.0182 0.0088 0.0124 0.0028 0.0036 0 0 0 0 0 0 0 0 
0 0 0 0 0 0 0 0 0 0 0 0 0 0 0 0.0004 0.1404 1.121 1.9986 1.7472 1.2152 0.7846 0.412 0.244 0.1546 0.0798 0.0442 0.025 0.0162 0.0128 0.004 0 0 0.0138 0.1106 0.3482 0.7008 0.9192 0.9296 0.8134 0.7052 0.5218 0.3246 0.2024 0.156 0.0974 0.0568 0.048 0.0232 0.0156 0.0114 0.0158 0.0422 0.1138 0.2426 0.355 0.4476 0.4544 0.4796 0.4328 0.3904 0.3042 0.192 0.1546 0.1234 0.0878 0.0492 0.0366 0.042 0.0294 0.0202 0.028 0.0742 0.0902 0.1218 0.16 0.1616 0.183 0.196 0.1856 0.166 0.1418 0.1238 0.1012 0.0696 0.057 0.039 0.02 0.0202 0.0208 0.0208 0.0058 0.002 0 0 0 0 0 0 0 
0 0 0 0 0 0 0 0 0 0 0 0 0 0 0 0.0004 0.1522 1.2016 2.1174 1.8042 1.1634 0.6968 0.3868 0.2126 0.108 0.0618 0.043 0.026 0.0058 0.0062 0.0044 0.0048 0.0046 0.0122 0.0778 0.3798 0.7498 1.0308 1.0684 0.8656 0.6632 0.4602 0.2884 0.2018 0.1016 0.0514 0.0198 0.0102 0.0086 0.0046 0.0022 0.0082 0.0308 0.105 0.211 0.377 0.4778 0.5964 0.5876 0.4966 0.3946 0.283 0.2098 0.0908 0.059 0.0362 0.0202 0.01 0.0022 0.0088 0.0138 0.021 0.031 0.0632 0.1322 0.159 0.2188 0.2158 0.2596 0.2396 0.2032 0.1422 0.1086 0.07 0.0396 0.0466 0.0216 0.0054 0.0028 0.0046 0 0 0 0 0 0 0 0 0 0 
0 0 0 0 0 0 0 0 0 0 0 0 0 0 0 0 0.1512 1.2648 2.1096 1.7426 1.1848 0.678 0.4246 0.2204 0.0982 0.0682 0.039 0.0066 0.0062 0.0052 0.0006 0 0 0.0092 0.0888 0.3746 0.799 1.0244 1.0216 0.8582 0.6688 0.4712 0.3488 0.1808 0.0822 0.0352 0.0204 0.0082 0.007 0.0016 0 0.009 0.027 0.1102 0.2396 0.46 0.5008 0.5322 0.511 0.4686 0.3954 0.2822 0.2306 0.1018 0.058 0.0284 0.0194 0.0114 0.0066 0.004 0.0126 0.027 0.0408 0.0906 0.1422 0.195 0.193 0.2074 0.2188 0.2256 0.1942 0.1696 0.116 0.0832 0.038 0.0218 0.0108 0.0046 0.0078 0.0048 0 0 0 0 0 0 0 0 0 0 
0 0 0 0 0 0 0 0 0 0 0 0 0 0 0 0 0.1372 1.2968 2.12 1.7878 1.2062 0.6612 0.3626 0.22 0.1094 0.059 0.0248 0.011 0.004 0 0 0 0.0006 0.0076 0.147 0.4092 0.7418 1.0438 1.0276 0.8598 0.6232 0.4172 0.3324 0.1998 0.099 0.0468 0.0312 0.0078 0.004 0.0012 0.0012 0.01 0.0606 0.1406 0.2748 0.3926 0.4492 0.5298 0.5476 0.4526 0.3916 0.3136 0.2024 0.1066 0.0472 0.0338 0.0216 0.0084 0.0038 0.009 0.019 0.032 0.0672 0.0812 0.1304 0.1778 0.2 0.2266 0.2622 0.2332 0.1844 0.1274 0.1116 0.0668 0.0264 0.017 0.0094 0.01 0.005 0.0088 0.0066 0 0 0 0 0 0 0 0 0 
0 0 0 0 0 0 0 0 0 0 0 0 0 0 0 0 0.0958 1.4844 2.6642 2.0638 0.99 0.388 0.183 0.0978 0.0196 0.0056 0.0036 0.0042 0 0 0 0 0 0.0036 0.1248 0.6104 1.0506 1.3454 1.1332 0.8124 0.4798 0.2506 0.1056 0.0432 0.027 0.0072 0.004 0.0022 0 0 0 0.0086 0.092 0.2154 0.3666 0.608 0.6944 0.6628 0.5002 0.4128 0.243 0.1108 0.041 0.0174 0.0132 0.0044 0.007 0.0024 0 0.007 0.03 0.0642 0.1002 0.146 0.2194 0.3102 0.2854 0.28 0.2208 0.1434 0.0956 0.0562 0.0158 0.0104 0.0092 0.0062 0 0 0 0 0 0 0 0 0 0 0 0 0 0 
0 0 0 0 0 0 0 0 0 0 0 0 0 0 0 0.001 0.1432 1.2154 2.2156 1.8584 1.185 0.6336 0.3164 0.1664 0.0904 0.0674 0.0316 0.0242 0.0174 0.0108 0.0082 0.0028 0.0046 0.0166 0.0856 0.407 0.818 1.1088 1.0548 0.831 0.5898 0.4266 0.2372 0.1404 0.0844 0.0624 0.058 0.0356 0.0256 0.0086 0.005 0.0044 0.027 0.1284 0.3056 0.4496 0.5604 0.5228 0.5092 0.4616 0.3266 0.222 0.1542 0.0884 0.0646 0.06 0.0536 0.021 0.0166 0.0094 0.0092 0.0362 0.0796 0.1136 0.1668 0.2012 0.2496 0.216 0.197 0.1884 0.1586 0.1296 0.0658 0.0482 0.0318 0.041 0.0176 0.011 0.01 0.011 0.014 0.009 0.0028 0.0038 0.0034 0.0014 0.0014 0.0016 0.0018 0.003 
0 0 0 0 0 0 0 0 0 0 0 0 0 0 0 0 0.1124 1.1904 2.1928 1.917 1.1334 0.6204 0.3296 0.206 0.094 0.0576 0.0326 0.0394 0.0362 0.0138 0.0144 0.0046 0.0024 0.006 0.0948 0.391 0.743 1.012 1.0788 0.9212 0.6104 0.4256 0.2378 0.1756 0.1198 0.0584 0.0384 0.0362 0.018 0.0124 0.0084 0.015 0.0324 0.1344 0.2196 0.3858 0.5046 0.534 0.5958 0.4856 0.3468 0.2166 0.1612 0.154 0.0992 0.0382 0.0234 0.0214 0.0228 0.0128 0.0128 0.0204 0.0584 0.0872 0.1366 0.1878 0.2382 0.2302 0.2178 0.1942 0.1482 0.1316 0.0964 0.0656 0.057 0.0334 0.0232 0.0256 0.0226 0.011 0.0044 0.0042 0.0038 0.001 0 0 0 0 0 0 
0 0 0 0 0 0 0 0 0 0 0 0 0 0 0 0.0004 0.1204 1.2536 2.378 1.9098 1.0754 0.5728 0.3256 0.1788 0.0942 0.0522 0.0316 0.0044 0.0028 0 0 0 0 0.0088 0.0862 0.4364 0.9604 1.1786 1.0654 0.8258 0.5754 0.359 0.2072 0.123 0.0764 0.046 0.0344 0.013 0.0032 0.0008 0.0006 0.0046 0.0292 0.1314 0.3128 0.5258 0.6166 0.6222 0.5056 0.4064 0.3066 0.1878 0.1328 0.0832 0.0678 0.029 0.0108 0.0132 0.0106 0.0044 0.009 0.0362 0.0514 0.1178 0.1706 0.2336 0.2562 0.2372 0.2042 0.204 0.1436 0.116 0.0782 0.0366 0.0288 0.0348 0.021 0.0122 0.0072 0 0 0 0 0 0 0 0 0 0 0 
0 0 0 0 0 0 0 0 0 0 0 0 0 0 0 0.0004 0.143 1.2142 2.1448 1.8756 1.1922 0.6958 0.3414 0.1806 0.0948 0.0572 0.039 0.013 0.0036 0.002 0.0024 0 0 0.008 0.0936 0.3716 0.7782 1.0878 1.0894 0.9492 0.6458 0.4202 0.223 0.1442 0.0882 0.0588 0.018 0.0094 0.0074 0.0072 0.0008 0.0048 0.025 0.1092 0.2508 0.411 0.5298 0.6422 0.5846 0.452 0.3202 0.2722 0.1722 0.1006 0.0518 0.0456 0.0162 0.007 0.0034 0.0006 0.0016 0.0188 0.0426 0.0908 0.1328 0.195 0.2582 0.2446 0.247 0.2278 0.1522 0.1248 0.092 0.0586 0.0464 0.0342 0.0256 0.007 0 0 0 0 0 0 0 0 0 0 0 0 
0 0 0 0 0 0 0 0 0 0 0 0 0 0 0 0 0.1276 1.3084 2.3634 1.8194 1.1024 0.5988 0.3342 0.1508 0.095 0.0522 0.0206 0.006 0.0052 0.0038 0.0066 0.0016 0.002 0.002 0.0994 0.367 0.9548 1.2396 1.0608 0.8018 0.573 0.3958 0.2258 0.1214 0.0694 0.043 0.0166 0.0086 0.0084 0.0076 0.0028 0.004 0.0168 0.1144 0.3238 0.5256 0.665 0.5506 0.5206 0.4074 0.297 0.213 0.1574 0.0806 0.059 0.0342 0.0108 0.0082 0.0084 0.006 0.003 0.0142 0.0796 0.1158 0.2054 0.2698 0.2238 0.2068 0.1972 0.1894 0.1596 0.1142 0.0676 0.0452 0.0396 0.023 0.0146 0.0152 0.0098 0.0024 0.0028 0.0024 0 0 0 0 0 0 0 0 
0 0 0 0 0 0 0 0 0 0 0 0 0 0 0 0 0.107 1.3834 2.5932 1.9398 0.9678 0.5006 0.2584 0.1202 0.0672 0.0166 0.0164 0.014 0.0134 0.002 0 0 0 0.0052 0.109 0.5248 1.0636 1.2978 1.0912 0.783 0.5028 0.2492 0.1806 0.0924 0.05 0.0252 0.0182 0.007 0 0 0 0.0056 0.0456 0.159 0.392 0.6014 0.6784 0.6138 0.531 0.3366 0.2786 0.1558 0.0864 0.05 0.0316 0.0214 0.0096 0.0032 0 0 0.0094 0.0358 0.0742 0.1786 0.2324 0.2514 0.2596 0.247 0.1978 0.1722 0.1146 0.0696 0.0664 0.0342 0.0176 0.019 0.0086 0.0054 0.0062 0 0 0 0 0 0 0 0 0 0 0 
0 0 0 0 0 0 0 0 0 0 0 0 0 0 0 0.0004 0.1744 1.2898 2.0318 1.7378 1.1058 0.6452 0.373 0.273 0.1532 0.0864 0.0606 0.0366 0.0202 0.0042 0.0044 0.0016 0.0024 0.009 0.1018 0.3848 0.7856 1.0934 0.9872 0.7624 0.5446 0.4212 0.3426 0.1784 0.142 0.0948 0.0756 0.0276 0.0172 0.0172 0.0084 0.008 0.0274 0.1208 0.2816 0.4498 0.52 0.5282 0.4466 0.384 0.3182 0.267 0.1582 0.1428 0.1394 0.0782 0.0412 0.036 0.0284 0.0218 0.0096 0.018 0.0596 0.1396 0.162 0.1894 0.1938 0.2082 0.1726 0.161 0.1208 0.1332 0.087 0.0744 0.0774 0.0658 0.0454 0.0296 0.0194 0.0184 0.0108 0.0042 0.0016 0.0026 0.0034 0 0 0 0 0 
0 0 0 0 0 0 0 0 0 0 0 0 0 0 0 0.001 0.1322 1.3428 2.216 1.8676 1.1212 0.5928 0.3258 0.166 0.0882 0.0686 0.0264 0.0134 0.0198 0.0046 0.0046 0.004 0.003 0.009 0.096 0.45 0.8924 1.172 1.0176 0.8724 0.5684 0.3724 0.2138 0.1438 0.079 0.0478 0.0242 0.0144 0.0188 0.0016 0.0032 0.0068 0.048 0.1198 0.296 0.5074 0.6168 0.5926 0.5144 0.3748 0.2836 0.255 0.1482 0.0924 0.0586 0.0326 0.0284 0.0176 0.004 0.0048 0.0082 0.0254 0.0666 0.116 0.1974 0.2556 0.2268 0.1904 0.1734 0.1616 0.153 0.1478 0.08 0.069 0.037 0.0302 0.0336 0.015 0.0164 0 0 0 0 0 0 0 0 0 0 0 
0 0 0 0 0 0 0 0 0 0 0 0 0 0 0 0 0.1508 1.383 2.0788 1.8686 1.1422 0.6364 0.3102 0.178 0.1084 0.0672 0.028 0.018 0.013 0.007 0.003 0.0018 0.0052 0.0032 0.097 0.4202 0.8376 1.12 1.1102 0.8726 0.5546 0.3934 0.252 0.1292 0.0724 0.0446 0.033 0.0228 0.0272 0.006 0.0018 0.0046 0.0268 0.137 0.2694 0.456 0.627 0.5828 0.4994 0.4204 0.34 0.2304 0.139 0.1022 0.051 0.0508 0.0298 0.0212 0.0078 0.0024 0.011 0.0292 0.0454 0.1058 0.2028 0.24 0.217 0.2212 0.2348 0.1766 0.132 0.0958 0.0852 0.0708 0.0344 0.0234 0.0202 0.0142 0.0168 0.0122 0.0106 0.0052 0 0 0 0 0 0 0 0 
0 0 0 0 0 0 0 0 0 0 0 0 0 0 0 0 0.143 1.364 2.4024 1.8864 1.114 0.5698 0.2788 0.1492 0.057 0.0132 0.0078 0.0056 0.0088 0 0 0 0 0.0068 0.092 0.4756 0.9256 1.1786 1.115 0.8984 0.5808 0.369 0.1752 0.0982 0.041 0.018 0.0078 0.0078 0.0058 0.0028 0.0032 0.0062 0.032 0.1482 0.3252 0.5122 0.5968 0.6414 0.6032 0.454 0.2736 0.1632 0.1062 0.0622 0.0334 0.0206 0.0076 0.008 0.006 0.0014 0.005 0.0264 0.067 0.1086 0.2114 0.2784 0.2604 0.2746 0.256 0.1804 0.1296 0.0694 0.0534 0.0224 0.0218 0.0192 0.011 0.002 0 0 0 0 0 0 0 0 0 0 0 0 
0 0 0 0 0 0 0 0 0 0 0 0 0 0 0 0 0.1292 1.2278 2.073 1.7992 1.1494 0.7038 0.415 0.1966 0.1256 0.0786 0.0564 0.023 0.0092 0.0072 0.0034 0.0018 0.0008 0.0048 0.085 0.3706 0.7792 0.9956 0.9562 0.8514 0.6808 0.4748 0.331 0.2076 0.1026 0.0732 0.0346 0.0256 0.0154 0.0068 0.0048 0.0042 0.0318 0.1184 0.2464 0.4034 0.477 0.5052 0.4934 0.4306 0.3892 0.2852 0.2214 0.1752 0.1002 0.0466 0.033 0.0196 0.018 0.0012 0.0082 0.0248 0.0602 0.1044 0.1492 0.1684 0.2148 0.1916 0.1726 0.1688 0.1626 0.1474 0.1226 0.1152 0.0702 0.0398 0.044 0.0142 0.0086 0.0072 0.0052 0 0 0 0 0 0 0 0 0 
0 0 0 0 0 0 0 0 0 0 0 0 0 0 0 0.0004 0.1402 1.3246 2.1826 1.8572 1.132 0.6794 0.376 0.1682 0.0828 0.0384 0.015 0.0032 0 0 0 0 0.0004 0.0058 0.0908 0.4046 0.8586 1.0586 1.0456 0.9464 0.657 0.4654 0.234 0.1254 0.0454 0.0266 0.0266 0.0088 0 0 0 0.0036 0.0366 0.1208 0.2628 0.4242 0.5688 0.5972 0.5258 0.5368 0.404 0.219 0.1368 0.0894 0.0414 0.0196 0.0102 0.003 0 0 0.0042 0.0112 0.0468 0.118 0.164 0.2264 0.2552 0.2482 0.2438 0.2016 0.1694 0.1192 0.0696 0.0552 0.0354 0.019 0.009 0.0038 0 0 0 0 0 0 0 0 0 0 0 0 
0 0 0 0 0 0 0 0 0 0 0 0 0 0 0 0 0.082 1.3902 2.737 1.8892 1.0002 0.45 0.2418 0.0936 0.0564 0.0296 0.0128 0.0138 0.0034 0 0 0 0 0 0.0704 0.5152 1.1046 1.393 1.183 0.796 0.4554 0.2186 0.1118 0.0644 0.0334 0.0304 0.0178 0.006 0 0 0 0.0016 0.0316 0.1298 0.336 0.6466 0.8464 0.735 0.5194 0.3194 0.1794 0.0846 0.0646 0.048 0.0292 0.0074 0.0094 0.0024 0.0034 0.0074 0.0066 0.0236 0.0646 0.1442 0.2512 0.3452 0.3156 0.2318 0.216 0.1162 0.083 0.0794 0.0532 0.0278 0.0156 0.0144 0.002 0.002 0.0022 0.0038 0 0 0 0 0 0 0 0 0 0 
0 0 0 0 0 0 0 0 0 0 0 0 0 0 0 0 0.1174 1.4222 2.435 1.915 1.1266 0.5472 0.2896 0.1006 0.0312 0.013 0.0022 0 0 0 0 0 0 0.0036 0.0996 0.391 0.9868 1.272 1.3032 0.8454 0.5818 0.3094 0.127 0.0542 0.0206 0.0042 0.0012 0 0 0 0 0.0018 0.0288 0.1108 0.3 0.5664 0.7192 0.7192 0.6316 0.4162 0.2338 0.1656 0.0654 0.0254 0.0158 0 0 0 0 0 0.0072 0.0224 0.0596 0.1256 0.1998 0.2814 0.334 0.2822 0.262 0.1984 0.1242 0.0496 0.0204 0.0164 0.0124 0.0044 0 0 0 0 0 0 0 0 0 0 0 0 0 0 
0 0 0 0 0 0 0 0 0 0 0 0 0 0 0 0 0.12 1.24 2.2086 1.749 1.2204 0.6672 0.4018 0.1818 0.1012 0.0238 0.0302 0.0216 0.0116 0.0036 0.0084 0.0052 0.0056 0 0.0884 0.383 0.8306 1.0592 1.0626 0.8726 0.6618 0.397 0.2912 0.1584 0.0826 0.0482 0.0264 0.0102 0.0038 0.0018 0.003 0.0062 0.0318 0.104 0.2622 0.4412 0.5682 0.5686 0.5252 0.4718 0.3324 0.2844 0.1526 0.1038 0.0756 0.0544 0.0108 0.0054 0.0018 0.0016 0.008 0.0184 0.0478 0.091 0.1508 0.22 0.2598 0.2464 0.2054 0.1764 0.1262 0.132 0.1186 0.0988 0.0586 0.0246 0.0096 0.0058 0.0026 0.0042 0.0032 0.002 0.0016 0.0024 0.003 0 0 0 0 0 
0 0 0 0 0 0 0 0 0 0 0 0 0 0 0 0.0004 0.1242 1.2284 2.277 1.8288 1.1866 0.6528 0.3476 0.1572 0.0894 0.0566 0.021 0.0128 0.007 0.0046 0.0056 0 0 0.0014 0.0634 0.4006 0.8016 1.082 1.0894 0.869 0.7116 0.3884 0.2564 0.1484 0.0812 0.0398 0.0264 0.0178 0.0144 0.0014 0.0016 0.005 0.0168 0.1154 0.269 0.4076 0.5436 0.6316 0.5348 0.4844 0.3752 0.216 0.1672 0.0766 0.0534 0.0476 0.025 0.017 0.011 0.0032 0.0094 0.0248 0.0498 0.0984 0.1582 0.2092 0.2344 0.2754 0.228 0.1946 0.1794 0.1086 0.073 0.0556 0.0488 0.0118 0.013 0.0106 0.007 0.0044 0.0068 0.0036 0 0 0 0 0 0 0 0 
0 0 0 0 0 0 0 0 0 0 0 0 0 0 0 0 0.1156 1.4088 2.5758 1.9214 1.0802 0.5162 0.2298 0.0896 0.0456 0.0118 0.0052 0 0 0 0 0 0 0.0054 0.1176 0.5368 1.0574 1.2462 1.1746 0.8168 0.4574 0.2982 0.16 0.0798 0.0284 0.0168 0.0046 0 0 0 0 0.0056 0.0494 0.1962 0.3754 0.5674 0.6926 0.6248 0.4914 0.4172 0.2938 0.1454 0.0864 0.0452 0.007 0.0022 0 0 0 0 0.0084 0.047 0.095 0.1688 0.2216 0.2378 0.248 0.2512 0.281 0.1792 0.14 0.0656 0.0324 0.0224 0.0016 0 0 0 0 0 0 0 0 0 0 0 0 0 0 0 
0 0 0 0 0 0 0 0 0 0 0 0 0 0 0 0 0.1252 1.337 2.2156 1.792 1.0878 0.6352 0.3648 0.1966 0.1084 0.055 0.038 0.0284 0.0086 0.0038 0.0036 0 0 0.0038 0.077 0.4436 0.8384 1.1762 1.085 0.7946 0.583 0.4092 0.2336 0.1516 0.0926 0.0396 0.0296 0.016 0.0082 0.0076 0.0104 0.0034 0.0238 0.092 0.282 0.5 0.6346 0.5954 0.5318 0.384 0.3252 0.2178 0.1372 0.1092 0.0652 0.0318 0.0226 0.02 0.01 0.014 0 0.008 0.0398 0.1036 0.1882 0.2488 0.2588 0.2668 0.176 0.1586 0.128 0.0948 0.11 0.0594 0.0614 0.049 0.0232 0.0162 0.0076 0.0018 0 0 0 0 0 0 0 0 0 0 
0 0 0 0 0 0 0 0 0 0 0 0 0 0 0 0 0.136 1.2498 2.2472 1.8936 1.1724 0.6508 0.3318 0.1724 0.0816 0.0468 0.0158 0.0018 0 0 0 0 0 0.0036 0.0816 0.3838 0.8236 1.0878 1.1676 0.8798 0.6682 0.3842 0.2668 0.1318 0.0716 0.0348 0.0148 0 0 0 0 0.0024 0.0324 0.0926 0.2048 0.436 0.6658 0.6206 0.5488 0.476 0.3534 0.2724 0.151 0.0904 0.0328 0.0142 0.0024 0.003 0.001 0 0 0.0082 0.0334 0.084 0.186 0.2436 0.2624 0.2678 0.232 0.216 0.164 0.1314 0.109 0.029 0.0152 0.0046 0.0036 0.006 0.0038 0 0 0 0 0 0 0 0 0 0 0 
0 0 0 0 0 0 0 0 0 0 0 0 0 0 0 0.0006 0.145 1.3238 2.4626 1.9656 1.0506 0.534 0.2678 0.1384 0.0598 0.0176 0.0086 0.0126 0.0014 0.0024 0.0032 0.006 0 0.0066 0.1042 0.4906 1.0012 1.221 1.102 0.8604 0.5314 0.3438 0.1878 0.07 0.0204 0.0196 0.0154 0.0074 0.0044 0.009 0.0048 0.0078 0.0402 0.1866 0.3082 0.5216 0.6398 0.654 0.5934 0.4142 0.2458 0.1904 0.0926 0.0466 0.024 0.0138 0.004 0.0036 0.0048 0.0098 0.011 0.0244 0.0862 0.134 0.1836 0.2364 0.2912 0.2988 0.2314 0.1658 0.1112 0.0932 0.0578 0.0264 0.0162 0.007 0.0026 0.0026 0.0034 0.0056 0.0066 0.0034 0 0 0 0 0 0 0 0 
0 0 0 0 0 0 0 0 0 0 0 0 0 0 0 0 0.0932 1.421 2.5852 1.969 0.9658 0.446 0.2196 0.1254 0.0936 0.0438 0.0172 0.0124 0.0046 0.0032 0 0 0 0.002 0.0836 0.4824 1.0246 1.387 1.1848 0.7294 0.4344 0.26 0.1728 0.1122 0.0624 0.0376 0.016 0.0064 0.0016 0.0028 0 0 0.0274 0.1618 0.3524 0.598 0.7422 0.6698 0.4746 0.3268 0.2404 0.149 0.1074 0.0644 0.0572 0.021 0.0056 0.002 0 0 0.0048 0.033 0.0776 0.1544 0.2384 0.295 0.2572 0.2426 0.1994 0.1706 0.1212 0.0576 0.0434 0.0352 0.0274 0.024 0.0124 0.0058 0 0 0 0 0 0 0 0 0 0 0 0 
