0.03 0.09 0.15 0.21 0.27 0.33 0.39 0.45 0.51 0.57 0.63 0.69 0.75 0.81 0.87 0.93 0.99 1.05 1.11 1.17 1.23 1.29 1.35 1.41 1.47 1.53 1.59 1.65 1.71 1.77 1.83 1.89 1.95 2.01 2.07 2.13 2.19 2.25 2.31 2.37 2.43 2.49 2.55 2.61 2.67 2.73 2.79 2.85 2.91 2.97 3.03 3.09 3.15 3.21 3.27 3.33 3.39 3.45 3.51 3.57 3.63 3.69 3.75 3.81 3.87 3.93 3.99 4.05 4.11 4.17 4.23 4.29 4.35 4.41 4.47 4.53 4.59 4.65 4.71 4.77 4.83 4.89 4.95 5.01 5.07 5.13 5.19 5.25 5.31 5.37 5.43 5.49 5.55 5.61 5.67 5.73 5.79 5.85 5.91 5.97 
0 0 0 0 0 0 0 0 0 0 0 0 0 0 0 0 0 0 0 0 0 0.0922 0.2506 0.9218 1.4242 1.7422 1.1424 0.6522 0.304 0.2796 0.0894 0.1248 0.0646 0.0664 0.031 0.009 0.0064 0 0 0 0 0 0 0 0.0158 0.0768 0.2642 0.392 0.534 0.674 0.9988 0.9268 0.4686 0.2654 0.1178 0.1418 0.1746 0.035 0.0268 0.058 0.1226 0.0274 0.017 0.0194 0.0154 0.0116 0.012 0.0048 0 0.0984 0.0552 0.1234 0.2122 0.3396 0.3356 0.441 0.6858 0.3768 0.2894 0.1434 0.1266 0.0902 0.0214 0.0168 0.0176 0.043 0.0194 0.0186 0.0154 0.0138 0.0158 0.0172 0.0318 0.0382 0.0492 0.0372 0.0262 0.0156 0.1034 0.1544 
0 0 0 0 0 0 0 0 0 0 0 0 0 0 0 0 0 0 0 0 0.002 0.1068 0.3438 0.8382 1.6356 1.755 1.3024 0.6968 0.615 0.3536 0.1378 0.1362 0.0768 0 0 0 0 0 0 0 0 0 0 0 0 0.0192 0.2014 0.4406 0.7584 0.8556 0.8004 0.8958 0.7368 0.3252 0.3896 0.3086 0.1494 0.0946 0.0244 0 0 0 0 0 0 0 0 0 0 0 0 0.0738 0.2268 0.4376 0.6084 0.632 0.5078 0.3244 0.2928 0.2302 0.3206 0.1628 0.1214 0.0172 0.022 0.0222 0 0 0 0 0 0 0 0 0 0 0 0.0134 0.0782 0.2966 
0 0 0 0 0 0 0 0 0 0 0 0 0 0 0 0 0 0 0 0 0 0.049 0.3436 1.192 1.7396 1.6706 1.3076 0.7204 0.5574 0.262 0.1324 0.0254 0 0 0 0 0 0 0 0 0 0 0 0 0.013 0.0238 0.0866 0.5566 0.9112 1.1604 1.104 0.6762 0.6588 0.3472 0.2396 0.1892 0.0334 0 0 0 0 0 0 0 0 0 0 0 0 0.0036 0.0268 0.0796 0.2964 0.5132 0.5842 0.8484 0.6138 0.3198 0.2798 0.2796 0.136 0.0188 0 0 0 0 0 0 0 0 0 0 0 0 0 0 0.0542 0.0966 0.1504 0.0858 
0 0 0 0 0 0 0 0 0 0 0 0 0 0 0 0 0 0 0 0 0 0.0084 0.4438 1.4054 1.7514 1.6366 1.1156 0.8698 0.5044 0.2084 0.0562 0 0 0 0 0 0 0 0 0 0 0 0 0 0 0.05 0.3118 0.6868 0.7248 1.2392 0.9144 0.6006 0.7382 0.4694 0.1706 0.0942 0 0 0 0 0 0 0 0 0 0 0 0 0 0 0.1 0.3212 0.217 0.5588 0.6044 0.5804 0.6086 0.433 0.2866 0.1994 0.0662 0.0244 0 0 0 0 0 0 0 0 0 0 0 0 0 0.0386 0.1606 0.083 0.1086 0.2258 
0 0 0 0 0 0 0 0 0 0 0 0 0 0 0 0 0 0 0 0 0 0.0784 0.5514 1.0162 1.1888 1.7272 1.5366 0.848 0.5688 0.3532 0.0968 0.028 0.0066 0 0 0 0 0 0 0 0 0 0 0 0 0.2436 0.2826 0.492 0.574 0.9802 0.7538 0.6232 0.6868 0.5478 0.378 0.2374 0.1084 0.0922 0 0 0 0 0 0 0 0 0 0 0 0.0294 0.2136 0.2458 0.3874 0.291 0.4328 0.4732 0.4186 0.3742 0.296 0.2098 0.1802 0.1774 0.1378 0.095 0.0378 0 0 0 0 0 0 0 0 0 0.047 0.0654 0.0752 0.0844 0.0622 0.1698 
0 0 0 0 0 0 0 0 0 0 0 0 0 0 0 0 0 0 0 0 0 0.0362 0.3626 1.0262 2.014 1.6404 1.1202 0.9104 0.4946 0.2048 0.0882 0.0756 0.0268 0 0 0 0 0 0 0 0 0 0 0 0 0.0562 0.0942 0.5644 0.8622 1.1942 0.8714 0.686 0.7648 0.4852 0.234 0.0934 0.0456 0.0484 0 0 0 0 0 0 0 0 0 0 0 0 0.037 0.0838 0.2312 0.729 0.4914 0.6076 0.4932 0.4344 0.587 0.1572 0.085 0.0632 0 0 0 0 0 0 0 0 0 0 0 0 0 0 0.0166 0.0882 0.0988 0.1022 
0 0 0 0 0 0 0 0 0 0 0 0 0 0 0 0 0 0 0 0 0 0.0596 0.4948 1.1934 1.9298 1.5438 1.0318 1.028 0.4596 0.1652 0.0196 0.0164 0.0216 0.0364 0 0 0 0 0 0 0 0 0 0.0058 0.024 0.024 0.1668 0.7686 0.9296 0.9924 1.0392 0.8778 0.57 0.3376 0.1056 0.0352 0.0606 0.0144 0.0138 0.0346 0 0 0 0 0 0 0 0 0 0 0.0988 0.2326 0.377 0.5698 0.6172 0.6306 0.5378 0.362 0.2408 0.1282 0.0874 0.0714 0.0146 0.0262 0.0056 0 0 0 0 0 0 0 0 0 0 0 0.0672 0.081 0.18 0.147 
0 0 0 0 0 0 0 0 0 0 0 0 0 0 0 0 0 0 0 0 0 0.0114 0.3322 0.9076 1.78 1.3996 1.4424 1.1346 0.6096 0.1888 0.1148 0.0398 0.0392 0 0 0 0 0 0 0 0 0 0 0 0 0.0226 0.2314 0.352 0.5696 0.649 0.9538 1.2202 0.9258 0.5768 0.3038 0.1278 0.0138 0.0164 0.0242 0.0128 0 0 0 0 0 0 0 0 0 0 0.0352 0.047 0.1242 0.327 0.4036 0.6212 0.7702 0.7734 0.3552 0.3374 0.147 0.0176 0.0118 0.0146 0.0146 0 0 0 0 0 0 0 0 0 0 0 0 0.0368 0.0646 0.1302 
0 0 0 0 0 0 0 0 0 0 0 0 0 0 0 0 0 0 0 0 0 0.0254 0.39 0.9282 1.4798 2.1628 1.47 0.7454 0.4614 0.1904 0.0984 0.024 0.0242 0 0 0 0 0 0 0 0 0 0 0 0 0.0244 0.1276 0.396 0.8232 1.1674 1.0696 0.8982 0.6046 0.3438 0.2334 0.187 0.0784 0.0304 0.016 0 0 0 0 0 0 0 0 0 0 0 0.0334 0.0786 0.2022 0.409 0.7038 0.7254 0.5886 0.5334 0.2758 0.1466 0.2322 0.0198 0.0188 0.0288 0.0036 0 0 0 0 0 0 0 0 0 0 0.0104 0.0308 0.0366 0.0714 0.1518 
0 0 0 0 0 0 0 0 0 0 0 0 0 0 0 0 0 0 0 0 0 0.049 0.273 0.595 1.6034 1.809 1.4822 0.9986 0.458 0.4094 0.2178 0.1046 0 0 0 0 0 0 0 0 0 0 0 0 0 0.066 0.1278 0.2212 0.4854 0.7556 0.8908 1.1774 0.817 0.4946 0.433 0.294 0.1284 0.1088 0 0 0 0 0 0 0 0 0 0 0 0 0.0316 0.1258 0.1458 0.1884 0.2212 0.387 0.5588 0.8986 0.5436 0.3668 0.2412 0.1724 0.1188 0 0 0 0 0 0 0 0 0 0 0 0 0 0.0208 0.0534 0.0306 0.0736 
0 0 0 0 0 0 0 0 0 0 0 0 0 0 0 0 0 0 0 0 0 0.028 0.1386 0.9498 1.6098 1.6642 1.4854 1.1314 0.5556 0.1478 0.1286 0.1562 0.0046 0 0 0 0 0 0 0 0 0 0 0 0 0 0.024 0.2494 0.6936 0.8902 0.9806 1.0318 0.8852 0.5342 0.3258 0.3258 0.0594 0 0 0 0 0 0 0 0 0 0 0 0 0 0 0.0406 0.1472 0.2786 0.5608 0.5092 0.5922 0.6604 0.3438 0.322 0.2464 0.2598 0.0348 0.0042 0 0 0 0 0 0 0 0 0 0 0 0 0.0156 0.0774 0.0514 0.039 
0 0 0 0 0 0 0 0 0 0 0 0 0 0 0 0 0 0 0 0 0 0.0066 0.3278 0.8092 1.5994 1.8648 1.6172 0.868 0.5822 0.183 0.0676 0.0184 0.0172 0.019 0.0196 0 0 0 0 0 0 0 0 0 0 0 0.1228 0.3776 0.5926 0.819 1.064 1.0034 0.8754 0.5624 0.4176 0.0406 0.0252 0.0494 0.0334 0.0166 0 0 0 0 0 0 0 0 0 0 0.0282 0.116 0.1954 0.2678 0.4128 0.6158 0.659 0.5672 0.5386 0.2614 0.0814 0.0776 0.1082 0.0194 0.0512 0 0 0 0 0 0 0 0 0 0 0 0 0.0332 0.096 0.1204 
0 0 0 0 0 0 0 0 0 0 0 0 0 0 0 0 0 0 0 0 0 0.0206 0.3128 0.887 1.6492 1.7938 1.378 0.9034 0.659 0.1886 0.1462 0.0614 0 0 0 0 0 0 0 0 0 0 0 0 0 0.0242 0.2044 0.2876 0.5636 0.929 1.1412 1.0396 0.6912 0.4698 0.311 0.1784 0.1168 0.0392 0.004 0 0 0 0 0 0 0 0 0 0 0.0298 0.0484 0.0834 0.1802 0.262 0.4496 0.4124 0.702 0.8414 0.4348 0.2504 0.1794 0.0832 0.043 0 0 0 0 0 0 0 0 0 0 0 0 0.061 0.0504 0.0188 0.0464 0.1818 
0 0 0 0 0 0 0 0 0 0 0 0 0 0 0 0 0 0 0 0 0 0.0158 0.2562 0.9862 1.4514 1.6122 1.331 1.1682 0.549 0.356 0.1386 0.0708 0.0646 0 0 0 0 0 0 0 0 0 0 0 0 0.0492 0.0966 0.317 0.6282 0.8454 0.9246 1.0596 0.8716 0.4758 0.4782 0.1428 0.0552 0.0492 0.0066 0 0 0 0 0 0 0 0 0 0 0 0 0.128 0.2032 0.1472 0.3354 0.6852 0.7354 0.5742 0.4876 0.3472 0.2388 0.0578 0.041 0.019 0 0 0 0 0 0 0 0 0 0 0 0 0.0272 0.0586 0.0638 0.101 
0 0 0 0 0 0 0 0 0 0 0 0 0 0 0 0 0 0 0 0 0 0.0298 0.3846 1.3148 1.5562 1.5428 1.0642 1.1044 0.5432 0.2278 0.1492 0.0642 0.0188 0 0 0 0 0 0 0 0 0 0 0 0 0.054 0.1714 0.4912 0.8604 1.0324 1.0504 0.7928 0.6162 0.4374 0.2338 0.1472 0.0612 0.0152 0.0364 0 0 0 0 0 0 0 0 0 0 0.023 0.0466 0.026 0.2848 0.5712 0.5646 0.723 0.7284 0.372 0.2074 0.1622 0.1302 0.0914 0.0176 0.0078 0.009 0.0348 0 0 0 0 0 0 0 0 0 0 0.0312 0.02 0.08 0.1766 
0 0 0 0 0 0 0 0 0 0 0 0 0 0 0 0 0 0 0 0 0 0.0312 0.2812 0.6462 1.7692 1.8008 1.6022 0.9766 0.5146 0.2362 0.0696 0.0242 0.0282 0.0198 0 0 0 0 0 0 0 0 0 0 0 0 0.14 0.3592 0.5448 0.754 0.9662 1.1732 1.0132 0.613 0.1828 0.1456 0.0386 0.0592 0.0102 0 0 0 0 0 0 0 0 0 0 0 0.017 0.0672 0.2092 0.2378 0.3958 0.504 0.6508 0.7924 0.62 0.216 0.1742 0.0648 0.0168 0.0112 0.0186 0.0042 0 0 0 0 0 0 0 0 0 0 0.0344 0.0718 0.0382 0.1072 
0 0 0 0 0 0 0 0 0 0 0 0 0 0 0 0 0 0 0 0 0 0.0394 0.322 1.0544 1.535 1.4404 1.0566 1.1074 0.723 0.327 0.2508 0.0564 0.0512 0.0364 0 0 0 0 0 0 0 0 0 0 0 0.038 0.2892 0.4594 0.415 0.7308 0.811 0.9226 0.7676 0.69 0.543 0.1776 0.0396 0.0976 0.0186 0 0 0 0 0 0 0 0 0 0 0 0.0474 0.154 0.1992 0.3346 0.3882 0.3608 0.603 0.465 0.5174 0.4372 0.2266 0.0768 0.0986 0.0572 0.034 0 0 0 0 0 0 0 0 0 0 0.04 0.0168 0.0136 0.0316 0.0652 
0 0 0 0 0 0 0 0 0 0 0 0 0 0 0 0 0 0 0 0 0 0.038 0.2654 0.865 1.6748 1.7452 1.3826 0.9094 0.55 0.3416 0.0774 0.1034 0.0472 0 0 0 0 0 0 0 0 0 0 0 0 0.048 0.143 0.1668 0.6346 1.0984 1.0676 1.027 0.6762 0.4158 0.3812 0.1658 0.0738 0.0696 0.0322 0 0 0 0 0 0 0 0 0 0 0 0 0.09 0.1262 0.3146 0.4826 0.6368 0.6964 0.6786 0.3484 0.3302 0.1266 0.095 0.0218 0.0478 0.005 0 0 0 0 0 0 0 0 0 0 0 0 0.012 0.0292 0.131 
0 0 0 0 0 0 0 0 0 0 0 0 0 0 0 0 0 0 0 0 0 0.0512 0.3056 1.0608 1.6378 1.5184 1.3276 0.91 0.5594 0.4276 0.1316 0.07 0 0 0 0 0 0 0 0 0 0 0 0 0 0 0.134 0.5662 0.6718 0.7142 1.1926 0.989 0.5996 0.405 0.4466 0.2146 0.0664 0 0 0 0 0 0 0 0 0 0 0 0 0 0.0078 0.142 0.1256 0.3536 0.555 0.545 0.7406 0.4072 0.601 0.4024 0.041 0.0434 0.0354 0 0 0 0 0 0 0 0 0 0 0 0 0 0 0.0382 0.0496 0.0962 
0 0 0 0 0 0 0 0 0 0 0 0 0 0 0 0 0 0 0 0 0 0.0378 0.3348 1.1638 2.1716 1.6296 1.1662 0.842 0.4482 0.1396 0.0664 0 0 0 0 0 0 0 0 0 0 0 0 0 0 0.0152 0.1012 0.5364 0.9214 1.3158 1.2052 0.6832 0.7668 0.28 0.1462 0.0286 0 0 0 0 0 0 0 0 0 0 0 0 0 0 0 0.1322 0.2858 0.5326 0.7442 0.832 0.7802 0.3424 0.184 0.1666 0 0 0 0 0 0 0 0 0 0 0 0 0 0 0 0 0.0238 0.0822 0.0886 0.1766 
0 0 0 0 0 0 0 0 0 0 0 0 0 0 0 0 0 0 0 0 0 0.0086 0.214 0.8792 1.7942 1.9042 1.3208 0.9344 0.6372 0.2538 0.0338 0.0198 0 0 0 0 0 0 0 0 0 0 0 0 0 0.0152 0.0722 0.3454 0.6128 0.8218 1.287 0.8506 0.904 0.7424 0.2352 0.0928 0.0206 0 0 0 0 0 0 0 0 0 0 0 0 0 0.0088 0.0578 0.1062 0.2774 0.4986 0.7748 0.7146 0.558 0.5498 0.2858 0.1096 0.0346 0.024 0 0 0 0 0 0 0 0 0 0 0 0 0 0 0.0144 0.0766 0.0758 
0 0 0 0 0 0 0 0 0 0 0 0 0 0 0 0 0 0 0 0 0 0.0438 0.3124 1.0898 1.7048 1.7316 1.1436 0.9204 0.644 0.2552 0.0964 0.058 0 0 0 0 0 0 0 0 0 0 0 0.014 0.0264 0.0192 0.1158 0.4682 0.8228 0.8134 1.0102 0.9834 0.8578 0.481 0.1662 0.1466 0.0306 0.033 0.0114 0 0 0 0 0 0 0 0 0 0 0.018 0.0536 0.1294 0.1812 0.395 0.6964 0.668 0.358 0.4624 0.4978 0.3562 0.13 0.0424 0.0116 0 0 0 0 0 0 0 0 0 0 0 0 0 0.0324 0.035 0.1688 0.1552 
0 0 0 0 0 0 0 0 0 0 0 0 0 0 0 0 0 0 0 0 0 0.064 0.3336 1.0168 1.5656 1.6458 1.4222 0.8908 0.5832 0.2962 0.148 0.0338 0 0 0 0 0 0 0 0 0 0 0 0 0.0288 0.1132 0.1822 0.294 0.4606 0.887 1.1876 0.9228 0.9024 0.6342 0.296 0.0812 0.01 0 0 0 0 0 0 0 0 0 0 0 0 0.0668 0.0648 0.0988 0.0948 0.1522 0.4192 0.7118 0.9638 0.6352 0.3512 0.3032 0.1382 0 0 0 0 0 0 0 0 0 0 0 0 0 0.0388 0.0188 0.0164 0.0458 0.0642 0.0806 
0 0 0 0 0 0 0 0 0 0 0 0 0 0 0 0 0 0 0 0 0 0 0.1466 0.906 1.2496 1.7902 1.7146 1.0154 0.549 0.3304 0.216 0.0526 0.0296 0 0 0 0 0 0 0 0 0 0 0 0 0 0.0656 0.2524 0.4082 0.713 0.8822 0.923 1.1336 0.8416 0.3776 0.219 0.1402 0.0436 0 0 0 0 0 0 0 0 0 0 0 0 0.0306 0.0668 0.1292 0.1404 0.199 0.4024 0.6228 0.6742 0.5932 0.5408 0.3736 0.1774 0.0496 0 0 0 0 0 0 0 0 0 0 0 0 0.0574 0.0256 0.0202 0.0142 0.0176 
0 0 0 0 0 0 0 0 0 0 0 0 0 0 0 0 0 0 0 0 0 0.09 0.3342 1.1372 1.6442 1.4136 1.5454 0.93 0.4082 0.2494 0.1456 0.0638 0.0384 0 0 0 0 0 0 0 0 0 0 0.022 0.0276 0.055 0.1782 0.4734 0.7806 0.995 0.6682 0.6774 0.766 0.822 0.2858 0.1456 0.1032 0 0 0 0 0 0 0 0 0 0 0 0.0106 0.099 0.0482 0.0664 0.3054 0.4808 0.559 0.3054 0.4308 0.4364 0.4396 0.446 0.2368 0.1356 0 0 0 0 0 0 0 0 0 0 0 0 0 0.0698 0.0218 0.0196 0.1304 0.248 
0 0 0 0 0 0 0 0 0 0 0 0 0 0 0 0 0 0 0 0 0 0.1476 0.5474 1.2164 1.9632 1.614 1.1648 0.6874 0.2484 0.2744 0.1364 0 0 0 0 0 0 0 0 0 0 0 0 0.0318 0.018 0.1424 0.3782 0.8076 0.7654 1.081 1.0262 0.5794 0.5536 0.2982 0.1938 0.0638 0.0314 0.0292 0 0 0 0 0 0 0 0 0 0 0 0.0756 0.2216 0.4024 0.3142 0.4236 0.6116 0.7092 0.545 0.2844 0.106 0.163 0.064 0.0228 0.019 0.0258 0.0118 0 0 0 0 0 0 0 0 0 0.0442 0.045 0.0654 0.137 0.1714 0.22 
0 0 0 0 0 0 0 0 0 0 0 0 0 0 0 0 0 0 0 0 0 0.045 0.289 1.1346 1.8394 1.7542 0.9458 0.736 0.741 0.4354 0.0796 0 0 0 0 0 0 0 0 0 0 0 0 0 0 0.0642 0.1208 0.4498 0.8268 1.0686 0.9842 0.8026 0.6 0.338 0.3234 0.215 0.1068 0.0998 0 0 0 0 0 0 0 0 0 0 0 0 0.046 0.1484 0.216 0.3302 0.6994 0.8378 0.4216 0.2846 0.3586 0.249 0.1572 0.1644 0.0618 0.025 0 0 0 0 0 0 0 0 0 0 0.0338 0.0136 0.0534 0.0526 0.062 0.1846 
0 0 0 0 0 0 0 0 0 0 0 0 0 0 0 0 0 0 0 0 0 0.0096 0.439 1.3104 1.5322 1.7776 1.1366 0.7974 0.594 0.216 0.147 0.0402 0 0 0 0 0 0 0 0 0 0 0 0 0 0.0958 0.2646 0.3932 0.8396 0.9948 1.1242 0.8116 0.653 0.4546 0.1984 0.0722 0.0892 0.0088 0 0 0 0 0 0 0 0 0 0 0 0.0398 0.1232 0.1026 0.1716 0.3968 0.7352 0.6078 0.6448 0.54 0.3284 0.2038 0.032 0.0212 0.0528 0 0 0 0 0 0 0 0 0 0 0 0.0362 0.0276 0.0174 0.048 0.1184 0.1256 
0 0 0 0 0 0 0 0 0 0 0 0 0 0 0 0 0 0 0 0 0 0 0.3034 1.0474 1.6974 1.55 1.2088 0.8262 0.7258 0.3576 0.2736 0.0098 0 0 0 0 0 0 0 0 0 0 0 0 0 0.041 0.2504 0.3732 0.5012 1.0988 0.798 1.0488 0.4884 0.3652 0.458 0.3566 0.1608 0.0558 0.0038 0 0 0 0 0 0 0 0 0 0 0.0454 0.0986 0.0964 0.217 0.3092 0.5272 0.5764 0.4348 0.3124 0.3992 0.2382 0.2554 0.288 0.1366 0.0652 0 0 0 0 0 0 0 0 0 0 0 0 0.0666 0.1068 0.0834 0.1164 
0 0 0 0 0 0 0 0 0 0 0 0 0 0 0 0 0 0 0 0 0.016 0.1002 0.3708 0.8444 1.7242 1.9424 1.2868 0.7604 0.4938 0.1646 0.1644 0.0842 0.0478 0 0 0 0 0 0 0 0 0 0 0 0 0.0688 0.1406 0.3812 0.768 1.0394 0.9822 0.9368 0.824 0.354 0.1334 0.2816 0.0586 0.0314 0 0 0 0 0 0 0 0 0 0 0 0.0218 0.0952 0.1246 0.228 0.2444 0.5224 0.6272 0.9252 0.417 0.2226 0.2376 0.1138 0.1848 0.0354 0 0 0 0 0 0 0 0 0 0 0 0 0.012 0.1062 0.1044 0.1106 0.1526 
0 0 0 0 0 0 0 0 0 0 0 0 0 0 0 0 0 0 0 0 0 0.0318 0.2932 0.8282 1.5458 1.97 1.5038 0.833 0.4698 0.299 0.1148 0.0426 0.0566 0.0114 0 0 0 0 0 0 0 0 0 0.0134 0.0212 0.0428 0.1132 0.1592 0.5122 0.896 1.2744 1.1642 0.8108 0.545 0.1662 0.1226 0.0636 0.0952 0 0 0 0 0 0 0 0 0 0 0 0 0.0292 0.0188 0.1238 0.3112 0.616 0.6836 0.7268 0.4832 0.3562 0.3696 0.1018 0.0302 0.0554 0.0258 0.0288 0.0396 0 0 0 0 0 0 0 0 0 0 0 0 0.0144 0.13 
0 0 0 0 0 0 0 0 0 0 0 0 0 0 0 0 0 0 0 0 0 0 0.285 0.9994 1.6808 1.8454 1.3592 0.895 0.534 0.2006 0.0852 0.0238 0.034 0.0576 0 0 0 0 0 0 0 0 0 0 0 0.014 0.0748 0.4448 0.7352 0.7648 1.2302 0.9702 0.7894 0.4438 0.2742 0.1182 0.0664 0.0352 0.0278 0.011 0 0 0 0 0 0 0 0 0 0 0 0.0838 0.1946 0.3448 0.5076 0.674 0.645 0.513 0.3786 0.3708 0.1814 0.08 0.0264 0 0 0 0 0 0 0 0 0 0 0 0 0 0 0.0102 0.047 0.1394 
0 0 0 0 0 0 0 0 0 0 0 0 0 0 0 0 0 0 0 0 0 0.0268 0.3284 0.9598 1.8756 1.7436 1.0864 0.9712 0.6824 0.2274 0.0814 0.017 0 0 0 0 0 0 0 0 0 0 0 0 0.028 0.0652 0.238 0.3726 0.7264 0.778 1.2404 0.801 0.8516 0.5082 0.213 0.0906 0.0516 0.0354 0 0 0 0 0 0 0 0 0 0 0 0.041 0.0976 0.15 0.1968 0.2496 0.4518 0.6158 0.7954 0.6408 0.4312 0.1814 0.09 0.0356 0.023 0 0 0 0 0 0 0 0 0 0 0 0 0.034 0.0796 0.1166 0.0678 0.0422 
0 0 0 0 0 0 0 0 0 0 0 0 0 0 0 0 0 0 0 0 0 0.028 0.3186 1.1746 1.7818 1.8066 1.2622 0.8548 0.445 0.1946 0.0742 0.0158 0.0226 0.0212 0 0 0 0 0 0 0 0 0 0 0 0.0798 0.1496 0.2738 0.7812 1.2538 0.9976 0.9016 0.7494 0.4246 0.299 0.0512 0.0384 0 0 0 0 0 0 0 0 0 0 0 0 0.006 0.0962 0.101 0.338 0.5216 0.4934 0.4414 0.5006 0.6394 0.3584 0.3436 0.1486 0.0118 0 0 0 0 0 0 0 0 0 0 0 0 0 0.0664 0.0344 0.1372 0.1556 0.1624 
0 0 0 0 0 0 0 0 0 0 0 0 0 0 0 0 0 0 0 0 0 0.0442 0.43 1.177 1.5684 1.3806 1.2126 0.9646 0.6678 0.3378 0.1466 0.0704 0 0 0 0 0 0 0 0 0 0 0 0 0 0.0162 0.4422 0.5096 0.6328 0.9962 0.8686 0.5778 0.6506 0.4598 0.323 0.3104 0.1178 0.095 0 0 0 0 0 0 0 0 0 0 0 0.0422 0.1298 0.2214 0.2692 0.2598 0.475 0.5942 0.595 0.359 0.2398 0.2548 0.2438 0.1334 0.1382 0.0316 0.0128 0 0 0 0 0 0 0 0 0 0.0418 0.027 0.0974 0.0622 0.1074 0.1824 
0 0 0 0 0 0 0 0 0 0 0 0 0 0 0 0 0 0 0 0 0 0.0252 0.2522 0.9752 1.404 1.6548 1.0284 1.224 0.8762 0.37 0.1568 0.0332 0 0 0 0 0 0 0 0 0 0 0 0 0.023 0.0144 0.058 0.2246 0.6796 0.5908 1.1042 1.1166 0.9278 0.5494 0.2788 0.3232 0.1096 0 0 0 0 0 0 0 0 0 0 0 0 0 0 0.0214 0.0344 0.0978 0.5116 0.868 0.8202 0.5342 0.2748 0.3378 0.2932 0.1404 0.0662 0 0 0 0 0 0 0 0 0 0 0 0 0 0 0 0.0084 0.0766 
0 0 0 0 0 0 0 0 0 0 0 0 0 0 0 0 0 0 0 0 0 0.0338 0.2522 1.1124 1.4138 1.5146 1.5082 1.0604 0.4118 0.2286 0.2936 0.1706 0 0 0 0 0 0 0 0 0 0 0 0 0 0 0.2478 0.444 0.5336 0.6986 0.8368 0.8728 0.8554 0.615 0.3776 0.2466 0.1548 0.117 0 0 0 0 0 0 0 0 0 0 0 0 0.1118 0.058 0.1692 0.352 0.6106 0.2982 0.3416 0.4282 0.5548 0.5158 0.1786 0.178 0.0566 0.0832 0.0304 0.033 0 0 0 0 0 0 0 0 0 0.0278 0.0238 0.0356 0.107 0.1578 
0 0 0 0 0 0 0 0 0 0 0 0 0 0 0 0 0 0 0 0 0.009 0.0548 0.2794 0.8748 1.6934 1.5282 1.1836 0.8152 0.7556 0.3982 0.2354 0.0968 0.0512 0.0244 0 0 0 0 0 0 0 0 0 0 0.0264 0.0618 0.1106 0.3378 0.6374 0.7962 0.8698 0.9624 0.661 0.5104 0.3404 0.3858 0.1058 0.0946 0.072 0.0276 0 0 0 0 0 0 0 0 0 0.0094 0.038 0.076 0.1746 0.2032 0.39 0.4766 0.6388 0.6664 0.4874 0.2114 0.1936 0.285 0.0884 0.0412 0.02 0 0 0 0 0 0 0 0 0 0 0 0 0 0.0366 0.0658 
0 0 0 0 0 0 0 0 0 0 0 0 0 0 0 0 0 0 0 0 0 0.0246 0.2832 1.1004 1.7136 1.841 1.3596 0.9266 0.5302 0.1688 0.0444 0.0076 0 0 0 0 0 0 0 0 0 0 0 0 0 0.0334 0.1414 0.3712 0.9074 0.9488 1.125 0.9058 0.847 0.3566 0.2288 0.1046 0.03 0 0 0 0 0 0 0 0 0 0 0 0 0.0418 0.0206 0.049 0.3146 0.441 0.3882 0.7964 0.7024 0.5612 0.3868 0.1064 0.1112 0.0582 0.0222 0 0 0 0 0 0 0 0 0 0 0 0 0 0.046 0.0242 0.1004 0.1848 
0 0 0 0 0 0 0 0 0 0 0 0 0 0 0 0 0 0 0 0 0 0.024 0.1412 0.5488 1.6326 1.7716 1.4156 1.3762 0.6116 0.3194 0.1318 0.0272 0 0 0 0 0 0 0 0 0 0 0 0 0 0 0.0148 0.1512 0.494 0.835 0.917 1.0564 0.9898 0.6804 0.47 0.214 0.137 0.0404 0 0 0 0 0 0 0 0 0 0 0 0 0 0 0.021 0.1568 0.391 0.5218 0.4066 0.7904 0.8516 0.4126 0.2396 0.2086 0 0 0 0 0 0 0 0 0 0 0 0 0 0 0 0 0 0 
0 0 0 0 0 0 0 0 0 0 0 0 0 0 0 0 0 0 0 0 0 0.077 0.5204 1.3576 1.8944 1.3364 1.062 0.6232 0.624 0.3296 0.086 0.0576 0.0318 0 0 0 0 0 0 0 0 0 0 0 0 0.1022 0.3976 0.6198 0.9544 0.9332 0.9798 0.6034 0.6468 0.4232 0.1458 0.1066 0.0872 0 0 0 0 0 0 0 0 0 0 0 0 0.035 0.1654 0.2166 0.3172 0.4366 0.774 0.4922 0.6056 0.3688 0.2556 0.2282 0.081 0.0238 0 0 0 0 0 0 0 0 0 0 0 0 0.0034 0.0306 0.054 0.0986 0.1748 0.2122 
0 0 0 0 0 0 0 0 0 0 0 0 0 0 0 0 0 0 0 0 0 0.0358 0.4234 1.0662 1.3884 1.727 1.035 1.1802 0.6936 0.1694 0.1812 0.0998 0 0 0 0 0 0 0 0 0 0 0 0 0 0.0644 0.2686 0.3436 0.683 0.7228 0.8708 1.272 0.8628 0.3682 0.2558 0.0876 0.0974 0.0546 0.0332 0.0152 0 0 0 0 0 0 0 0 0 0 0.0122 0.0314 0.181 0.5226 0.5324 0.629 0.7208 0.5716 0.21 0.1858 0.1368 0.133 0.1334 0 0 0 0 0 0 0 0 0 0 0 0 0 0 0 0.0374 0.0524 
0 0 0 0 0 0 0 0 0 0 0 0 0 0 0 0 0 0 0 0 0 0.0034 0.2586 0.8358 1.6536 1.7334 1.3148 0.8084 0.7112 0.4096 0.1298 0.0952 0.0462 0 0 0 0 0 0 0 0 0 0 0 0 0 0.0954 0.2638 0.4518 1.3398 0.9136 0.6742 0.8592 0.6052 0.5206 0.176 0.078 0.0224 0 0 0 0 0 0 0 0 0 0 0 0 0 0 0.0416 0.2922 0.529 0.6432 0.6194 0.5768 0.6734 0.4254 0.0972 0.1018 0 0 0 0 0 0 0 0 0 0 0 0 0 0 0 0 0 0.0196 
0 0 0 0 0 0 0 0 0 0 0 0 0 0 0 0 0 0 0 0 0 0.0352 0.3074 0.9106 1.7406 1.7928 1.2364 0.7514 0.5746 0.3548 0.1398 0.1068 0.0496 0 0 0 0 0 0 0 0 0 0 0 0 0 0.0868 0.3178 0.7162 1.0476 1.127 0.949 0.6202 0.282 0.2782 0.3568 0.1766 0.0418 0 0 0 0 0 0 0 0 0 0 0 0 0 0 0.09 0.4384 0.6308 0.6398 0.6188 0.5802 0.2816 0.3474 0.1554 0.1544 0.0216 0.0196 0.022 0 0 0 0 0 0 0 0 0 0 0 0 0.0246 0.0878 0.1712 
0 0 0 0 0 0 0 0 0 0 0 0 0 0 0 0 0 0 0 0 0 0.0106 0.3142 0.892 1.9128 1.4664 1.2572 0.8192 0.564 0.3216 0.2872 0.1204 0.0344 0 0 0 0 0 0 0 0 0 0 0 0 0.0458 0.0656 0.32 0.6924 1.2378 0.8914 0.8892 0.569 0.338 0.3108 0.285 0.2488 0.1062 0 0 0 0 0 0 0 0 0 0 0 0 0.006 0.0306 0.1888 0.287 0.54 0.6972 0.6228 0.4176 0.5516 0.1722 0.1758 0.1708 0.0726 0.041 0.026 0 0 0 0 0 0 0 0 0 0 0 0 0 0.0712 0.1182 
0 0 0 0 0 0 0 0 0 0 0 0 0 0 0 0 0 0 0 0 0.0172 0.0554 0.3088 0.8996 1.673 1.7104 1.2206 0.9224 0.6082 0.385 0.1494 0.0448 0.0052 0 0 0 0 0 0 0 0 0 0 0 0.0188 0.1164 0.1024 0.2914 0.5306 0.827 0.81 1.0216 0.9698 0.6722 0.2806 0.2334 0.0768 0.0302 0.0188 0 0 0 0 0 0 0 0 0 0 0 0.1152 0.1916 0.1598 0.134 0.383 0.4766 0.531 0.5136 0.6428 0.3712 0.2188 0.191 0.0714 0 0 0 0 0 0 0 0 0 0 0 0 0.0054 0.0812 0.086 0.1318 0.1462 
0 0 0 0 0 0 0 0 0 0 0 0 0 0 0 0 0 0 0 0 0 0.0294 0.3778 1.0018 1.5152 1.5402 1.3896 1.0306 0.4828 0.263 0.1356 0.1378 0.0912 0.005 0 0 0 0 0 0 0 0 0 0 0 0.0922 0.1358 0.3312 0.6118 1.009 0.9788 0.9546 0.74 0.4518 0.2176 0.1862 0.191 0.1 0 0 0 0 0 0 0 0 0 0 0 0.0172 0.0688 0.0948 0.1464 0.3132 0.4362 0.487 0.5736 0.8152 0.411 0.268 0.2144 0.0814 0.0596 0.0132 0 0 0 0 0 0 0 0 0 0 0 0 0 0.1138 0.0822 0.0674 
0 0 0 0 0 0 0 0 0 0 0 0 0 0 0 0 0 0 0 0 0 0 0.2702 0.8936 1.1782 1.9958 1.5458 1.0236 0.5422 0.288 0.132 0.0686 0.0438 0.0182 0 0 0 0 0 0 0 0 0 0 0 0 0.113 0.371 0.4006 0.8796 1.1596 0.7584 0.9154 0.576 0.3648 0.1688 0.2026 0.0254 0.0352 0.0296 0 0 0 0 0 0 0 0 0 0 0.0498 0.0576 0.111 0.4098 0.4442 0.3798 0.6198 0.4948 0.3298 0.3998 0.3144 0.2216 0.0792 0.0792 0.0092 0 0 0 0 0 0 0 0 0 0 0 0 0 0.0184 0.2104 
0 0 0 0 0 0 0 0 0 0 0 0 0 0 0 0 0 0 0 0 0 0.0094 0.1128 1.0136 1.7964 2.05 1.3498 0.883 0.4958 0.2328 0.0346 0.0104 0.0114 0 0 0 0 0 0 0 0 0 0 0 0 0 0.0298 0.3912 0.6202 1.091 1.2966 0.7562 0.823 0.4958 0.3248 0.1498 0.0216 0 0 0 0 0 0 0 0 0 0 0 0 0 0.015 0.0936 0.2144 0.3838 0.5746 0.6078 0.571 0.4486 0.427 0.3574 0.1776 0.0936 0.0108 0.0132 0.0116 0 0 0 0 0 0 0 0 0 0 0 0.0114 0.14 0.1482 0.1252 
0 0 0 0 0 0 0 0 0 0 0 0 0 0 0 0 0 0 0 0 0.0028 0.0884 0.3328 0.953 1.8682 1.5708 1.4266 0.7122 0.4918 0.2858 0.1036 0.0588 0.051 0.0542 0 0 0 0 0 0 0 0 0 0.0246 0.0146 0.0592 0.2712 0.3674 0.7116 0.6874 1.1926 0.8038 0.7476 0.5442 0.24 0.1644 0.0522 0.045 0.0214 0.0302 0.0226 0 0 0 0 0 0 0 0.0406 0.0588 0.07 0.0898 0.3554 0.3468 0.4114 0.5214 0.4946 0.514 0.5402 0.149 0.1222 0.0804 0.0618 0.0508 0.0286 0.057 0.0072 0 0 0 0 0 0 0 0.071 0.0274 0.0566 0.055 0.071 0.1334 
0 0 0 0 0 0 0 0 0 0 0 0 0 0 0 0 0 0 0 0 0 0.0328 0.2718 1.1354 1.6364 1.7176 1.2956 0.6452 0.4868 0.3492 0.2666 0.1304 0.0322 0 0 0 0 0 0 0 0 0 0 0 0.0214 0.0376 0.116 0.5128 0.6638 0.9108 0.9852 0.6968 0.6032 0.4696 0.5612 0.244 0.1396 0.038 0 0 0 0 0 0 0 0 0 0 0 0 0.053 0.19 0.267 0.3236 0.5244 0.4196 0.4334 0.4176 0.4976 0.3592 0.2378 0.104 0.0938 0.0426 0.0336 0.0028 0 0 0 0 0 0 0 0 0 0 0.0372 0.0632 0.1526 0.1888 
0 0 0 0 0 0 0 0 0 0 0 0 0 0 0 0 0 0 0 0 0 0 0.2692 0.801 1.5728 1.6014 1.5812 0.969 0.5162 0.3454 0.2164 0.094 0.023 0.0104 0 0 0 0 0 0 0 0 0 0 0 0.0284 0.0894 0.2314 0.4786 0.967 0.9856 1.098 0.8866 0.3734 0.247 0.2826 0.2128 0.1024 0.0168 0 0 0 0 0 0 0 0 0 0 0 0 0.064 0.1496 0.2552 0.3686 0.6238 0.621 0.4958 0.4492 0.3778 0.3582 0.093 0.0546 0.0338 0.0224 0.0228 0.0102 0 0 0 0 0 0 0 0 0 0 0 0.032 0.167 
0 0 0 0 0 0 0 0 0 0 0 0 0 0 0 0 0 0 0 0 0 0.0128 0.2978 0.8744 1.6462 1.9128 1.3996 0.7138 0.6348 0.2788 0.186 0.043 0 0 0 0 0 0 0 0 0 0 0 0 0 0 0.129 0.2508 0.7692 1.0418 1.0422 1.0118 0.589 0.533 0.379 0.1764 0.0778 0 0 0 0 0 0 0 0 0 0 0 0 0.0246 0.025 0.0258 0.1 0.2612 0.4666 0.8432 0.6118 0.7152 0.3964 0.3838 0.1022 0.0196 0.0246 0 0 0 0 0 0 0 0 0 0 0 0 0 0 0 0.0618 0.0632 
0 0 0 0 0 0 0 0 0 0 0 0 0 0 0 0 0 0 0 0 0 0.035 0.25 0.717 1.2102 1.8386 1.7914 0.9182 0.695 0.2848 0.169 0.0746 0.0162 0 0 0 0 0 0 0 0 0 0 0 0 0 0.0488 0.2426 0.5344 0.8096 0.999 0.9498 0.7508 0.5756 0.5378 0.3854 0.0792 0.0464 0.034 0.0066 0 0 0 0 0 0 0 0 0 0 0.0084 0.01 0.0482 0.3126 0.3948 0.3554 0.4874 0.6368 0.767 0.5572 0.283 0.046 0.0214 0.0718 0 0 0 0 0 0 0 0 0 0 0 0 0 0 0.0096 0.0086 
0 0 0 0 0 0 0 0 0 0 0 0 0 0 0 0 0 0 0 0 0 0.0774 0.4034 0.9306 1.769 1.7128 1.28 1.0616 0.4006 0.1876 0.1106 0.0664 0 0 0 0 0 0 0 0 0 0 0 0 0 0.062 0.2746 0.4516 0.5878 1 1.2028 0.9606 0.6574 0.4628 0.223 0.0928 0.0246 0 0 0 0 0 0 0 0 0 0 0 0 0 0.0242 0.0792 0.236 0.5782 0.7478 0.5004 0.6024 0.5892 0.3274 0.1402 0.1528 0.0222 0 0 0 0 0 0 0 0 0 0 0 0 0 0 0 0.0146 0.1038 0.2156 
0 0 0 0 0 0 0 0 0 0 0 0 0 0 0 0 0 0 0 0 0 0.0404 0.3596 0.9668 1.4088 1.8916 1.608 1.1096 0.4094 0.1098 0.096 0 0 0 0 0 0 0 0 0 0 0 0 0 0 0.0442 0.0704 0.3688 0.8346 0.9492 1.0378 1.1464 0.9172 0.3024 0.1614 0.1388 0.0288 0 0 0 0 0 0 0 0 0 0 0 0 0 0.0328 0.0536 0.0996 0.2688 0.71 0.8644 0.6982 0.5758 0.5518 0.0976 0.0474 0 0 0 0 0 0 0 0 0 0 0 0 0 0 0 0.0286 0.0182 0.0216 0.0824 
0 0 0 0 0 0 0 0 0 0 0 0 0 0 0 0 0 0 0 0 0 0.045 0.2478 1.1188 1.8056 1.483 1.4288 0.9476 0.6834 0.24 0 0 0 0 0 0 0 0 0 0 0 0 0 0 0.0212 0.0376 0.1072 0.3342 0.8236 1.1672 0.8906 1.0356 0.7644 0.4972 0.1882 0.0624 0.0508 0.0198 0 0 0 0 0 0 0 0 0 0 0 0 0 0.08 0.2886 0.4186 0.4676 0.5824 0.8436 0.6278 0.3856 0.2264 0.0794 0 0 0 0 0 0 0 0 0 0 0 0 0 0 0 0 0.0194 0.0768 0.2382 
0 0 0 0 0 0 0 0 0 0 0 0 0 0 0 0 0 0 0 0 0 0.1404 0.49 1.2294 1.5942 1.67 1.5162 0.6166 0.4002 0.1896 0.1056 0.0478 0 0 0 0 0 0 0 0 0 0 0 0 0.0922 0.1214 0.3198 0.6684 0.5496 1.1518 0.9136 0.93 0.5378 0.36 0.1648 0.0782 0.036 0.0206 0.0424 0.0134 0 0 0 0 0 0 0 0 0.0358 0.045 0.1692 0.1434 0.4078 0.4956 0.5666 0.558 0.6268 0.312 0.2796 0.184 0.064 0.0254 0.0794 0.0074 0 0 0 0 0 0 0 0 0 0 0 0.0076 0.1292 0.101 0.1386 0.2886 
0 0 0 0 0 0 0 0 0 0 0 0 0 0 0 0 0 0 0 0 0 0.045 0.3302 0.909 1.3196 1.6386 1.465 1.202 0.491 0.2716 0.217 0.0706 0.0404 0 0 0 0 0 0 0 0 0 0 0 0 0.077 0.1934 0.231 0.43 0.6798 1.1928 1.0608 0.69 0.5422 0.4108 0.4152 0.0762 0.0008 0 0 0 0 0 0 0 0 0 0 0 0 0.0462 0.1018 0.173 0.3856 0.2882 0.3188 0.5482 0.719 0.4798 0.4172 0.3276 0.1366 0.058 0 0 0 0 0 0 0 0 0 0 0 0 0 0.028 0.0436 0.0648 0.1326 
0 0 0 0 0 0 0 0 0 0 0 0 0 0 0 0 0 0 0 0 0.0166 0.1136 0.398 1.1758 1.5662 1.4678 1.2654 0.9104 0.8082 0.1964 0.066 0.0156 0 0 0 0 0 0 0 0 0 0 0 0 0.0254 0.152 0.268 0.4168 0.7008 1.0356 0.9426 0.7012 0.8238 0.519 0.206 0.1616 0.014 0.0332 0 0 0 0 0 0 0 0 0 0 0 0 0.0694 0.3094 0.3662 0.3572 0.4804 0.5462 0.298 0.649 0.4428 0.3008 0.1416 0.039 0 0 0 0 0 0 0 0 0 0 0 0 0 0 0.0318 0.1322 0.1418 0.2142 
0 0 0 0 0 0 0 0 0 0 0 0 0 0 0 0 0 0 0 0 0 0.169 0.5518 1.376 1.7004 1.2764 1.349 0.9242 0.4064 0.0858 0.0814 0.0726 0.007 0 0 0 0 0 0 0 0 0 0 0 0.089 0.1396 0.5056 0.5336 0.8226 0.8098 1.0018 0.736 0.5292 0.41 0.2824 0.072 0.0582 0.0102 0 0 0 0 0 0 0 0 0 0 0.0618 0.0732 0.1206 0.2776 0.4598 0.4016 0.6036 0.6714 0.2914 0.273 0.2456 0.2394 0.1952 0.0748 0.011 0 0 0 0 0 0 0 0 0 0 0 0 0.0886 0.1122 0.0788 0.1482 0.2608 
0 0 0 0 0 0 0 0 0 0 0 0 0 0 0 0 0 0 0 0 0 0.0488 0.2218 0.81 1.5764 1.539 1.4736 1.1576 0.6242 0.376 0.1332 0.0394 0 0 0 0 0 0 0 0 0 0 0 0 0 0.024 0.0346 0.3108 0.5668 0.7406 1.1226 1.1974 0.8966 0.5276 0.2986 0.185 0.0698 0.0256 0 0 0 0 0 0 0 0 0 0 0 0 0 0.0314 0.0926 0.1858 0.3978 0.7614 0.7432 0.72 0.447 0.3126 0.1868 0.0666 0.0548 0 0 0 0 0 0 0 0 0 0 0 0 0 0 0 0.0644 0.0618 
0 0 0 0 0 0 0 0 0 0 0 0 0 0 0 0 0 0 0 0 0 0.0902 0.2036 0.5136 1.3138 1.8912 1.365 1.35 0.751 0.3524 0.11 0.0592 0 0 0 0 0 0 0 0 0 0 0 0 0 0.0124 0.0846 0.2004 0.2954 0.7016 0.9276 1.1316 1.0664 0.6812 0.522 0.2424 0.0526 0.0818 0 0 0 0 0 0 0 0 0 0 0 0 0 0 0.139 0.2128 0.3766 0.4656 0.4072 0.6042 0.616 0.4618 0.3334 0.2264 0.157 0 0 0 0 0 0 0 0 0 0 0 0 0 0 0 0 0.1012 
0 0 0 0 0 0 0 0 0 0 0 0 0 0 0 0 0 0 0 0 0 0.091 0.3208 0.7134 1.6214 1.6288 1.284 0.8358 0.6738 0.445 0.2008 0.0968 0.0582 0.0302 0 0 0 0 0 0 0 0 0 0 0.0204 0.0918 0.1918 0.3278 0.5208 0.8794 0.8124 0.7424 0.7644 0.6558 0.324 0.2814 0.2874 0.0518 0.0296 0.0188 0 0 0 0 0 0 0 0 0 0.0218 0.125 0.1388 0.1156 0.318 0.3136 0.523 0.5576 0.3114 0.4006 0.3054 0.2792 0.2832 0.251 0.0558 0 0 0 0 0 0 0 0 0 0 0 0.0458 0.0402 0.042 0.1164 0.0746 
0 0 0 0 0 0 0 0 0 0 0 0 0 0 0 0 0 0 0 0 0 0.1308 0.3784 1.075 1.7444 1.5534 1.466 0.702 0.478 0.2348 0.1854 0.0518 0 0 0 0 0 0 0 0 0 0 0 0 0.0676 0.1712 0.2272 0.3052 0.8014 0.8664 1.2364 0.7696 0.5784 0.487 0.198 0.1546 0.09 0.047 0 0 0 0 0 0 0 0 0 0.0374 0.0556 0.0648 0.0956 0.1828 0.1346 0.2526 0.5094 0.7088 0.6578 0.4654 0.2782 0.3668 0.073 0.077 0.0402 0 0 0 0 0 0 0 0.0038 0.0312 0.0238 0.0166 0.0494 0.0214 0.0274 0.0348 0.0416 0.094 
0 0 0 0 0 0 0 0 0 0 0 0 0 0 0 0 0 0 0 0 0 0.0218 0.3042 0.7918 1.4632 1.9828 1.73 0.9776 0.3082 0.1992 0.2212 0 0 0 0 0 0 0 0 0 0 0 0 0 0 0 0.0884 0.2474 0.6436 0.988 1.0428 1.2628 0.7552 0.4988 0.2716 0.1334 0.0188 0.0212 0.028 0 0 0 0 0 0 0 0 0 0 0 0 0.0114 0.0762 0.3972 0.4612 0.7056 0.786 0.5738 0.5284 0.2756 0.0912 0.0608 0.0326 0 0 0 0 0 0 0 0 0 0 0 0 0 0 0 0 0.09 
0 0 0 0 0 0 0 0 0 0 0 0 0 0 0 0 0 0 0 0 0 0.0432 0.276 0.7832 1.5576 1.6914 1.5672 1.141 0.422 0.1152 0.1786 0.1434 0.0508 0.0304 0 0 0 0 0 0 0 0 0 0 0 0.0428 0.0764 0.3728 0.5482 0.8892 1.0046 0.9646 0.812 0.5454 0.2262 0.135 0.1218 0.1138 0.1038 0.0434 0 0 0 0 0 0 0 0 0 0 0.0312 0.0158 0.2108 0.3954 0.3898 0.524 0.5466 0.562 0.433 0.324 0.1756 0.19 0.0428 0.0756 0.0534 0.03 0 0 0 0 0 0 0 0 0 0 0.0108 0.0332 0.0198 0.1306 
0 0 0 0 0 0 0 0 0 0 0 0 0 0 0 0 0 0 0 0 0 0.0402 0.1968 0.7496 1.6288 1.698 1.6566 1.1848 0.6016 0.1432 0.0588 0.021 0.0206 0 0 0 0 0 0 0 0 0 0 0 0 0.0488 0.0848 0.2268 0.7518 0.9942 0.8414 0.7488 0.5586 0.769 0.627 0.2624 0.0536 0.0328 0 0 0 0 0 0 0 0 0 0 0.0158 0.0278 0.0282 0.023 0.1704 0.2936 0.4832 0.5776 0.5852 0.4218 0.2844 0.3406 0.341 0.251 0.0854 0.071 0 0 0 0 0 0 0 0 0 0 0 0 0.0462 0.0662 0.078 0.1152 
0 0 0 0 0 0 0 0 0 0 0 0 0 0 0 0 0 0 0 0 0 0 0.3242 0.827 1.3928 1.7366 1.479 1.1196 0.6798 0.3104 0.1306 0 0 0 0 0 0 0 0 0 0 0 0 0 0 0.0128 0.1432 0.272 0.5492 0.8358 1.246 0.6976 0.6434 0.631 0.5334 0.231 0.105 0.0996 0 0 0 0 0 0 0 0 0 0 0 0 0 0.0594 0.1388 0.4208 0.5096 0.5494 0.5508 0.3054 0.3214 0.3376 0.4536 0.1854 0.0934 0.0744 0 0 0 0 0 0 0 0 0 0 0 0 0 0.0466 0.1736 0.1328 
0 0 0 0 0 0 0 0 0 0 0 0 0 0 0 0 0 0 0 0 0 0.0608 0.2396 1.3006 1.465 1.7582 1.128 0.9232 0.7108 0.221 0.0802 0.0684 0.0232 0.021 0 0 0 0 0 0 0 0 0 0 0 0.0284 0.209 0.5118 0.8714 0.976 0.8056 0.6758 0.6472 0.528 0.5 0.1086 0.0482 0.024 0.0246 0.0364 0.005 0 0 0 0 0 0 0 0 0 0.0374 0.1878 0.4094 0.5246 0.317 0.46 0.5272 0.443 0.2972 0.324 0.226 0.0784 0.0594 0.0926 0.016 0 0 0 0 0 0 0 0 0 0 0 0.036 0.091 0.1908 0.2342 
0 0 0 0 0 0 0 0 0 0 0 0 0 0 0 0 0 0 0 0 0 0.0518 0.2936 1.1124 1.6408 1.522 1.4928 0.9314 0.5304 0.2186 0.1688 0.0374 0 0 0 0 0 0 0 0 0 0 0 0 0 0.0292 0.2252 0.3976 0.8462 0.8742 0.9464 0.722 0.7936 0.5346 0.3084 0.0792 0.1458 0.0976 0 0 0 0 0 0 0 0 0 0 0 0.014 0.0428 0.1904 0.3766 0.5128 0.4546 0.3648 0.4274 0.3978 0.4172 0.25 0.1878 0.1518 0.0894 0.0788 0.0438 0 0 0 0 0 0 0 0 0 0 0 0.0632 0.1884 0.1522 0.1476 
0 0 0 0 0 0 0 0 0 0 0 0 0 0 0 0 0 0 0 0 0 0 0.2724 0.7812 1.5288 1.651 1.4768 0.9412 0.7368 0.366 0.108 0.1102 0.0276 0 0 0 0 0 0 0 0 0 0 0 0 0 0.0242 0.2758 0.4902 0.9174 1.1482 0.8568 0.8968 0.422 0.362 0.2264 0.1908 0.1676 0.0218 0 0 0 0 0 0 0 0 0 0 0 0 0 0 0.2952 0.2512 0.7356 0.7922 0.6902 0.371 0.258 0.2342 0.1988 0.0758 0.0728 0.025 0 0 0 0 0 0 0 0 0 0 0 0 0 0 0.0636 
0 0 0 0 0 0 0 0 0 0 0 0 0 0 0 0 0 0 0 0 0 0 0.3952 0.9706 1.6684 1.8102 1.5988 0.8712 0.4314 0.179 0.0332 0.042 0 0 0 0 0 0 0 0 0 0 0 0 0 0.0582 0.0484 0.3232 0.789 1.366 0.9354 0.848 0.9206 0.3828 0.1742 0.084 0.0702 0 0 0 0 0 0 0 0 0 0 0 0 0 0.0194 0.0636 0.1906 0.3494 0.5764 0.8798 0.7402 0.5184 0.4618 0.0734 0.0652 0.0618 0 0 0 0 0 0 0 0 0 0 0 0 0 0 0 0 0.109 0.2002 
0 0 0 0 0 0 0 0 0 0 0 0 0 0 0 0 0 0 0 0 0 0.0424 0.3546 1.1402 1.9096 1.4234 1.683 0.942 0.3826 0.1024 0.0198 0 0 0 0 0 0 0 0 0 0 0 0 0 0 0.062 0.2116 0.6174 0.6218 0.9998 0.9936 1.0494 0.7222 0.4886 0.1392 0.0944 0 0 0 0 0 0 0 0 0 0 0 0 0.0126 0.05 0.0506 0.1152 0.1824 0.559 0.6974 0.599 0.3838 0.5664 0.4392 0.262 0.0738 0.0086 0 0 0 0 0 0 0 0 0 0 0 0 0.0366 0.0236 0.0712 0.0536 0.0842 0.1554 
0 0 0 0 0 0 0 0 0 0 0 0 0 0 0 0 0 0 0 0 0 0.062 0.3224 1.2224 1.8894 1.6378 1.239 0.7848 0.493 0.2608 0.0884 0 0 0 0 0 0 0 0 0 0 0 0 0 0 0.0602 0.3358 0.4856 0.917 0.7454 0.9258 0.8528 0.829 0.525 0.1648 0.083 0.0756 0 0 0 0 0 0 0 0 0 0 0 0 0 0.0886 0.2922 0.2472 0.4236 0.5554 0.5906 0.4312 0.5026 0.5046 0.1978 0.084 0.0476 0.0346 0 0 0 0 0 0 0 0 0 0 0 0 0.0328 0.0232 0.0984 0.1524 0.2162 
0 0 0 0 0 0 0 0 0 0 0 0 0 0 0 0 0 0 0 0 0 0 0.363 1.0242 1.455 1.772 1.5028 0.9912 0.4372 0.3742 0.0456 0.0348 0 0 0 0 0 0 0 0 0 0 0 0 0 0 0.1626 0.3298 0.5794 1.1402 0.9872 0.811 0.8092 0.815 0.2984 0.0672 0 0 0 0 0 0 0 0 0 0 0 0 0 0 0.0192 0.0302 0.1672 0.5238 0.5988 0.5058 0.536 0.474 0.5044 0.473 0.0634 0.0542 0.05 0 0 0 0 0 0 0 0 0 0 0 0 0 0.0256 0.04 0.1522 0.1606 
0 0 0 0 0 0 0 0 0 0 0 0 0 0 0 0 0 0 0 0 0 0.0836 0.2932 0.9384 1.4736 1.7494 1.3026 1.0122 0.6994 0.2354 0.1348 0.037 0.0404 0 0 0 0 0 0 0 0 0 0 0 0 0 0.0676 0.3784 0.5734 0.9024 1.0228 1.053 0.7854 0.6414 0.313 0.165 0.0596 0.0296 0.0084 0 0 0 0 0 0 0 0 0 0.01 0.0216 0.0156 0.0178 0.1098 0.2568 0.4892 0.5462 0.6456 0.8108 0.547 0.3112 0.1238 0.03 0.0646 0 0 0 0 0 0 0 0 0 0 0 0 0.0484 0.0388 0.0302 0.0218 0.0482 
0 0 0 0 0 0 0 0 0 0 0 0 0 0 0 0 0 0 0 0.002 0.0388 0.121 0.4256 0.9888 1.4404 1.53 1.5182 1.1106 0.5154 0.1782 0.1144 0.0166 0 0 0 0 0 0 0 0 0 0 0 0 0 0.097 0.2032 0.5606 0.7524 0.9422 0.852 0.9694 0.7184 0.3962 0.2132 0.144 0.0906 0.0608 0 0 0 0 0 0 0 0 0 0 0 0 0.0704 0.169 0.249 0.4806 0.5486 0.6308 0.5982 0.4528 0.235 0.2608 0.1766 0.0738 0.0206 0.0338 0 0 0 0 0 0 0 0 0 0 0 0.0226 0.0276 0.026 0.1602 0.0978 
0 0 0 0 0 0 0 0 0 0 0 0 0 0 0 0 0 0 0 0 0 0.072 0.4376 0.9868 1.4634 1.4792 1.1684 1.0812 0.7966 0.3842 0.0792 0.0514 0 0 0 0 0 0 0 0 0 0 0 0 0 0.1098 0.2594 0.3708 0.4718 1.0968 0.9112 0.7404 0.7562 0.5392 0.319 0.322 0.0832 0.0202 0 0 0 0 0 0 0 0 0 0 0 0 0.0532 0.1306 0.2782 0.3128 0.5354 0.538 0.5444 0.4902 0.3432 0.2696 0.259 0.1884 0.057 0 0 0 0 0 0 0 0 0 0 0 0 0 0.0386 0.0244 0.0874 0.1406 
0 0 0 0 0 0 0 0 0 0 0 0 0 0 0 0 0 0 0 0 0 0.1358 0.5302 1.1564 1.8908 1.3464 1.302 0.764 0.4644 0.3206 0.0346 0.0314 0.0234 0 0 0 0 0 0 0 0 0 0 0 0.042 0.2168 0.4108 0.6122 0.5898 0.9892 0.9456 0.6882 0.6678 0.4328 0.2242 0.1214 0.0592 0 0 0 0 0 0 0 0 0 0 0 0.0326 0.1388 0.1506 0.4062 0.208 0.4126 0.4916 0.5204 0.3862 0.389 0.4322 0.2074 0.1262 0.0658 0.0324 0 0 0 0 0 0 0 0 0 0 0.0268 0.071 0.1072 0.1032 0.0704 0.0978 0.1568 
0 0 0 0 0 0 0 0 0 0 0 0 0 0 0 0 0 0 0 0 0 0.0352 0.3678 1.126 1.7246 1.637 1.2038 0.864 0.5552 0.298 0.0882 0.034 0.0134 0.0308 0.022 0 0 0 0 0 0 0 0 0 0 0.0374 0.222 0.5462 0.6396 0.8048 1.3 0.8706 0.6176 0.4616 0.2176 0.1276 0.1104 0.0112 0.0092 0.0106 0.0136 0 0 0 0 0 0 0 0 0 0.0418 0.2436 0.2208 0.3082 0.4498 0.8364 0.6496 0.3726 0.3324 0.2326 0.1428 0.105 0.0318 0.0104 0.0222 0 0 0 0 0 0 0 0 0 0 0 0.0366 0.0778 0.1212 0.1766 
0 0 0 0 0 0 0 0 0 0 0 0 0 0 0 0 0 0 0 0 0 0.0836 0.3898 0.9952 1.4696 1.5898 1.299 1.118 0.478 0.2566 0.0988 0.09 0.045 0.0298 0.0162 0.0406 0 0 0 0 0 0 0 0 0.014 0.1166 0.285 0.4434 0.6538 0.666 0.945 0.8618 0.7042 0.5366 0.3394 0.2584 0.0718 0.0354 0.0132 0.0084 0.04 0.007 0 0 0 0 0 0 0 0.0948 0.097 0.1494 0.1886 0.308 0.2956 0.5006 0.453 0.6234 0.5694 0.33 0.185 0.1452 0.0128 0.0232 0.024 0 0 0 0 0 0 0 0 0.0076 0.0366 0.0434 0.0488 0.0398 0.0332 0.0698 
0 0 0 0 0 0 0 0 0 0 0 0 0 0 0 0 0 0 0 0 0 0.0848 0.3134 0.9514 1.2692 1.6312 1.5428 1.0548 0.6794 0.2652 0.1802 0.0276 0 0 0 0 0 0 0 0 0 0 0 0 0 0.0394 0.2068 0.3756 0.6836 0.7304 0.6742 1.0534 0.8824 0.5188 0.406 0.2236 0.1446 0.0612 0 0 0 0 0 0 0 0 0 0 0 0 0.0428 0.1828 0.092 0.3006 0.4796 0.578 0.6026 0.485 0.3576 0.2626 0.233 0.2472 0.1266 0.0096 0 0 0 0 0 0 0 0 0 0 0 0 0 0 0.0786 0.1618 
0 0 0 0 0 0 0 0 0 0 0 0 0 0 0 0 0 0 0 0 0 0.0006 0.3204 0.6948 1.2618 1.5902 1.5298 1.0974 0.859 0.4252 0.137 0.0688 0.015 0 0 0 0 0 0 0 0 0 0 0 0 0.035 0.1802 0.2884 0.3918 0.5042 0.7204 0.7638 0.988 0.9602 0.7022 0.2386 0.1288 0.0816 0.0168 0 0 0 0 0 0 0 0 0 0 0 0.1058 0.0916 0.048 0.131 0.3376 0.4164 0.3468 0.5464 0.5506 0.5046 0.3418 0.3492 0.1212 0.0676 0.032 0.0094 0 0 0 0 0 0 0 0 0 0.0286 0.0388 0.0232 0.0186 0.0234 
0 0 0 0 0 0 0 0 0 0 0 0 0 0 0 0 0 0 0 0 0 0.153 0.5424 1.4196 1.9062 1.5264 1.1256 0.6552 0.3248 0.1468 0.0628 0.058 0.0302 0.049 0 0 0 0 0 0 0 0 0 0.0296 0.0162 0.099 0.262 0.8506 1.0222 0.9988 0.9458 0.7886 0.5112 0.2594 0.0662 0.0528 0.0272 0.0398 0.0306 0 0 0 0 0 0 0 0 0 0 0.0518 0.1344 0.2722 0.4 0.5852 0.7372 0.5978 0.5034 0.4474 0.1182 0.0418 0.0646 0.046 0 0 0 0 0 0 0 0 0 0 0 0 0 0.0346 0.1072 0.1176 0.2046 0.224 
0 0 0 0 0 0 0 0 0 0 0 0 0 0 0 0 0 0 0 0 0 0.08 0.5506 1.3396 1.9028 1.7596 1.2392 0.63 0.3676 0.0868 0.0438 0 0 0 0 0 0 0 0 0 0 0 0 0 0.0134 0.0388 0.3126 0.6998 1.0916 1.2016 1.217 0.8014 0.344 0.2006 0.0704 0.0088 0 0 0 0 0 0 0 0 0 0 0 0 0 0 0.1028 0.1374 0.3718 0.8502 0.9194 0.8604 0.5474 0.1316 0.0586 0.0204 0 0 0 0 0 0 0 0 0 0 0 0 0 0 0 0.0324 0.0362 0.0948 0.1878 0.2714 
0 0 0 0 0 0 0 0 0 0 0 0 0 0 0 0 0 0 0 0 0.0142 0.0608 0.4962 1.3078 1.6328 1.2102 1.144 0.9956 0.5744 0.2328 0.172 0.1592 0 0 0 0 0 0 0 0 0 0 0 0.0254 0.0652 0.1174 0.3594 0.4508 0.5806 0.7404 1.0278 0.9654 0.7894 0.4242 0.1714 0.1784 0.0464 0.0578 0 0 0 0 0 0 0 0 0 0.016 0.0282 0.0732 0.0962 0.115 0.2012 0.3076 0.551 0.6242 0.7562 0.538 0.243 0.2016 0.159 0.0792 0.0104 0 0 0 0 0 0 0 0 0 0 0 0 0 0 0.042 0.1102 0.163 
0 0 0 0 0 0 0 0 0 0 0 0 0 0 0 0 0 0 0 0 0 0.0498 0.2722 1.1754 1.8802 1.8644 1.0824 0.806 0.5644 0.1338 0.0944 0.051 0.026 0 0 0 0 0 0 0 0 0 0 0 0.0132 0.0668 0.111 0.527 0.8672 1.0456 1.1854 0.8778 0.7122 0.3158 0.1422 0.089 0.0468 0 0 0 0 0 0 0 0 0 0 0 0 0.0188 0.038 0.0508 0.3602 0.58 0.7382 0.621 0.6586 0.3 0.2848 0.1688 0.0892 0.0302 0.0344 0.027 0 0 0 0 0 0 0 0 0 0 0 0 0 0.009 0.2092 0.247 
0 0 0 0 0 0 0 0 0 0 0 0 0 0 0 0 0 0 0 0 0 0.0504 0.3844 1.215 1.4374 1.6118 1.5932 0.9248 0.4324 0.293 0.0576 0 0 0 0 0 0 0 0 0 0 0 0 0 0 0.0214 0.2156 0.4286 0.7852 1.0296 1.03 0.7764 0.7018 0.5494 0.3658 0.0552 0.041 0 0 0 0 0 0 0 0 0 0 0 0 0 0.029 0.184 0.2148 0.2762 0.5808 0.7164 0.6642 0.6404 0.354 0.2158 0.0994 0.025 0 0 0 0 0 0 0 0 0 0 0 0 0 0 0.0194 0.0228 0.0952 0.1298 
0 0 0 0 0 0 0 0 0 0 0 0 0 0 0 0 0 0 0 0 0 0.0304 0.404 1.2544 1.3624 1.5702 1.3252 0.8248 0.644 0.387 0.1426 0.0516 0.0034 0 0 0 0 0 0 0 0 0 0 0 0 0.0248 0.2994 0.4472 0.671 0.9438 0.8728 0.7866 0.7304 0.6572 0.3076 0.125 0.0566 0.0564 0.0212 0 0 0 0 0 0 0 0 0 0 0.0228 0.0848 0.1068 0.2018 0.248 0.537 0.5768 0.6442 0.628 0.4798 0.2024 0.1338 0.0668 0.044 0.023 0 0 0 0 0 0 0 0 0 0 0 0.0244 0.0456 0.0334 0.0196 0.1848 
0 0 0 0 0 0 0 0 0 0 0 0 0 0 0 0 0 0 0 0 0.0018 0.0598 0.2334 0.8554 1.7 1.5292 1.4866 1.064 0.4974 0.28 0.1276 0.0608 0.089 0.015 0 0 0 0 0 0 0 0 0 0 0 0.0202 0.0952 0.548 0.6002 0.6572 0.8896 0.8272 0.7492 0.7528 0.3924 0.1646 0.151 0.0568 0.0658 0.0298 0 0 0 0 0 0 0 0 0 0 0.0344 0.1004 0.3086 0.2588 0.4062 0.6088 0.414 0.254 0.5496 0.3788 0.2238 0.1804 0.1774 0.0712 0.0336 0 0 0 0 0 0 0 0 0 0 0 0.0564 0.0234 0.0486 0.1314 
0 0 0 0 0 0 0 0 0 0 0 0 0 0 0 0 0 0 0 0 0.01 0.051 0.3082 0.8694 1.7744 1.9292 1.4162 0.7848 0.4422 0.286 0.085 0.0436 0 0 0 0 0 0 0 0 0 0 0 0 0 0.0442 0.2146 0.4008 0.6412 0.8592 1.1736 0.9258 0.846 0.2966 0.203 0.2128 0.0726 0.0826 0.027 0 0 0 0 0 0 0 0 0 0 0 0.0526 0.2052 0.1912 0.2728 0.6298 0.705 0.6694 0.4386 0.2146 0.1266 0.1232 0.1082 0.0764 0.1472 0.0392 0 0 0 0 0 0 0 0 0 0 0.0198 0.1532 0.0756 0.0908 0.0834 
0 0 0 0 0 0 0 0 0 0 0 0 0 0 0 0 0 0 0 0 0 0.013 0.5018 1.5474 1.7306 1.4386 1.1106 0.7656 0.3944 0.2998 0.138 0.0602 0 0 0 0 0 0 0 0 0 0 0 0 0 0.068 0.2028 0.6292 1.1966 1.1206 0.8456 0.7096 0.51 0.4068 0.1686 0.0456 0.0624 0.0342 0 0 0 0 0 0 0 0 0 0 0 0 0.0592 0.1894 0.3492 0.5804 0.7024 0.7488 0.6222 0.346 0.218 0.1106 0.0526 0.0212 0 0 0 0 0 0 0 0 0 0 0 0 0 0 0.0184 0.032 0.1032 0.2696 
0 0 0 0 0 0 0 0 0 0 0 0 0 0 0 0 0 0 0 0 0 0.0108 0.3348 1.1212 1.7536 1.3856 1.3554 0.7488 0.593 0.2666 0.1562 0.1114 0.1096 0.053 0 0 0 0 0 0 0 0 0 0 0 0.077 0.2106 0.3862 0.6822 1.0054 1.0674 0.7726 0.5166 0.512 0.3238 0.1424 0.1882 0.0818 0.0338 0 0 0 0 0 0 0 0 0 0 0.0202 0.0294 0.0832 0.2234 0.3002 0.5964 0.6932 0.6448 0.3194 0.3534 0.3586 0.1732 0.1134 0.0488 0.027 0.0154 0 0 0 0 0 0 0 0 0 0 0 0.0288 0.0754 0.0554 0.0976 
0 0 0 0 0 0 0 0 0 0 0 0 0 0 0 0 0 0 0 0 0 0.019 0.2226 1.224 1.6106 1.7704 1.5264 0.8042 0.4478 0.3646 0.0104 0 0 0 0 0 0 0 0 0 0 0 0 0 0 0 0.223 0.4486 0.6974 0.8666 1.0388 1.0524 0.9066 0.4512 0.2308 0.0846 0 0 0 0 0 0 0 0 0 0 0 0 0 0 0.0818 0.1372 0.2078 0.4128 0.4922 0.6392 0.6412 0.6042 0.3524 0.2076 0.1374 0.07 0.0162 0 0 0 0 0 0 0 0 0 0 0 0.0272 0.03 0.022 0.0476 0.0668 0.1404 
0 0 0 0 0 0 0 0 0 0 0 0 0 0 0 0 0 0 0 0 0 0.0446 0.3726 1.2516 1.9454 1.4212 1.3218 0.7556 0.6824 0.1382 0.0608 0.0058 0 0 0 0 0 0 0 0 0 0 0 0.0168 0.0212 0.038 0.209 0.5696 0.9822 0.8998 1.0398 0.766 0.7644 0.3188 0.2798 0.0946 0 0 0 0 0 0 0 0 0 0 0 0 0.0316 0.0198 0.0228 0.1146 0.3416 0.5088 0.6698 0.6434 0.6058 0.5926 0.2344 0.1042 0.0972 0.0134 0 0 0 0 0 0 0 0 0 0 0 0 0 0 0.05 0.0518 0.1038 0.2576 
0 0 0 0 0 0 0 0 0 0 0 0 0 0 0 0 0 0 0 0 0 0.0252 0.5694 1.3452 1.4914 1.6162 1.1732 0.8092 0.6064 0.2454 0.1184 0 0 0 0 0 0 0 0 0 0 0 0 0 0 0.0908 0.353 0.5816 1.133 0.8058 0.9458 0.6408 0.4872 0.375 0.3348 0.1992 0.053 0 0 0 0 0 0 0 0 0 0 0 0 0.026 0.0506 0.2306 0.5426 0.6914 0.4324 0.5144 0.3784 0.302 0.3012 0.1788 0.2718 0.0474 0.0324 0 0 0 0 0 0 0 0 0 0 0 0 0.039 0.0608 0.1498 0.2314 0.2192 
0 0 0 0 0 0 0 0 0 0 0 0 0 0 0 0 0 0 0 0 0 0.088 0.329 0.9274 1.5968 1.5378 1.5552 0.9922 0.5466 0.1348 0.1246 0.1194 0.0482 0 0 0 0 0 0 0 0 0 0 0 0.027 0.0254 0.1864 0.3964 0.8292 0.6316 1.0724 1.0234 0.6074 0.4966 0.2678 0.1724 0.079 0.0734 0.0474 0.0642 0 0 0 0 0 0 0 0 0 0.0042 0.0702 0.1006 0.2206 0.4902 0.4476 0.502 0.5484 0.4494 0.37 0.2716 0.225 0.1096 0.095 0.039 0.0446 0.012 0 0 0 0 0 0 0 0 0 0 0 0.0296 0.1094 0.2216 
0 0 0 0 0 0 0 0 0 0 0 0 0 0 0 0 0 0 0 0 0 0.0342 0.323 0.9176 1.2396 1.6446 1.3976 1.118 0.769 0.408 0.0856 0.0368 0.026 0 0 0 0 0 0 0 0 0 0 0 0 0.0628 0.149 0.2058 0.5196 0.8148 0.9872 0.9304 0.928 0.4986 0.5234 0.2836 0.0968 0 0 0 0 0 0 0 0 0 0 0 0 0 0.0584 0.1358 0.1354 0.1468 0.3434 0.669 0.5068 0.5652 0.556 0.2734 0.3238 0.151 0.1048 0.0302 0 0 0 0 0 0 0 0 0 0 0 0 0 0.0642 0.07 0.0628 
0 0 0 0 0 0 0 0 0 0 0 0 0 0 0 0 0 0 0 0 0 0.1224 0.3874 1.153 1.3362 1.5298 1.6404 0.9996 0.5934 0.1226 0.1152 0 0 0 0 0 0 0 0 0 0 0 0 0 0.056 0.0982 0.2476 0.3094 0.6266 1.0476 1.09 0.9072 0.6464 0.4952 0.2732 0.167 0.0356 0 0 0 0 0 0 0 0 0 0 0 0.0062 0.0294 0.1104 0.1304 0.2278 0.3276 0.445 0.5648 0.8114 0.5044 0.415 0.3324 0.0884 0.0068 0 0 0 0 0 0 0 0 0 0 0 0 0.0158 0.0308 0.0226 0.0426 0.0926 0.1304 
