0.03 0.09 0.15 0.21 0.27 0.33 0.39 0.45 0.51 0.57 0.63 0.69 0.75 0.81 0.87 0.93 0.99 1.05 1.11 1.17 1.23 1.29 1.35 1.41 1.47 1.53 1.59 1.65 1.71 1.77 1.83 1.89 1.95 2.01 2.07 2.13 2.19 2.25 2.31 2.37 2.43 2.49 2.55 2.61 2.67 2.73 2.79 2.85 2.91 2.97 3.03 3.09 3.15 3.21 3.27 3.33 3.39 3.45 3.51 3.57 3.63 3.69 3.75 3.81 3.87 3.93 3.99 4.05 4.11 4.17 4.23 4.29 4.35 4.41 4.47 4.53 4.59 4.65 4.71 4.77 4.83 4.89 4.95 5.01 5.07 5.13 5.19 5.25 5.31 5.37 5.43 5.49 5.55 5.61 5.67 5.73 5.79 5.85 5.91 5.97 
0 0 0 0 0 0 0 0 0 0 0 0 0 0 0.001 0.0616 0.5328 1.1128 1.223 0.9954 0.7594 0.5228 0.3964 0.334 0.2442 0.181 0.1654 0.116 0.0868 0.0654 0.066 0.0592 0.0624 0.1078 0.2592 0.4296 0.5012 0.5246 0.5316 0.4462 0.4086 0.3774 0.3106 0.2796 0.2616 0.1942 0.1468 0.1132 0.1092 0.0916 0.0936 0.1158 0.1548 0.176 0.2162 0.2178 0.2536 0.2324 0.2634 0.3076 0.2654 0.228 0.1922 0.1724 0.1518 0.1202 0.0998 0.123 0.092 0.0884 0.1148 0.122 0.097 0.0998 0.0848 0.1076 0.1002 0.122 0.1348 0.1282 0.1186 0.1136 0.0984 0.0742 0.0858 0.0852 0.0882 0.0606 0.0624 0.039 0.0514 0.0428 0.033 0.0332 0.036 0.0306 0.0298 0.0214 0.0256 0.016 
0 0 0 0 0 0 0 0 0 0 0 0 0 0 0.0004 0.0662 0.5984 1.3396 1.466 1.1634 0.8702 0.6144 0.4284 0.3254 0.2424 0.2162 0.1642 0.096 0.0722 0.0648 0.0632 0.0496 0.0488 0.1338 0.2996 0.4884 0.595 0.6234 0.5748 0.5744 0.5226 0.4174 0.3246 0.2566 0.226 0.1948 0.1606 0.148 0.1098 0.0918 0.0856 0.1032 0.1468 0.22 0.2238 0.287 0.3064 0.3136 0.3318 0.342 0.272 0.2604 0.2242 0.1768 0.1646 0.1392 0.1292 0.1294 0.0898 0.0828 0.0772 0.0984 0.1176 0.1004 0.1256 0.1088 0.1394 0.139 0.1238 0.1458 0.1402 0.132 0.1116 0.097 0.1064 0.0812 0.0768 0.0784 0.0448 0.0392 0.0406 0.033 0.0244 0.0234 0.0254 0.0138 0.0114 0.0098 0.0128 0.0114 
0 0 0 0 0 0 0 0 0 0 0 0 0 0 0 0.0618 0.6266 1.3214 1.408 1.1166 0.8784 0.5894 0.4436 0.3158 0.2256 0.1802 0.1328 0.1048 0.1068 0.084 0.0734 0.0632 0.0698 0.1372 0.3332 0.4512 0.5668 0.6502 0.6514 0.5802 0.4974 0.3812 0.3458 0.2592 0.197 0.1728 0.1564 0.128 0.118 0.1046 0.0918 0.1184 0.1702 0.1988 0.2452 0.2848 0.3112 0.3544 0.3264 0.3016 0.2912 0.229 0.1828 0.1846 0.1602 0.138 0.1202 0.1006 0.1052 0.1244 0.1048 0.106 0.0964 0.0968 0.1326 0.133 0.1282 0.1566 0.1534 0.1176 0.1156 0.1018 0.095 0.0856 0.0832 0.073 0.067 0.0758 0.0702 0.071 0.0384 0.04 0.0372 0.04 0.0338 0.0348 0.0342 0.0272 0.0062 0.0044 
0 0 0 0 0 0 0 0 0 0 0 0 0 0 0 0.0484 0.6156 1.4218 1.469 1.1608 0.8536 0.597 0.4124 0.3188 0.252 0.2 0.146 0.109 0.098 0.0742 0.0566 0.0356 0.0434 0.1044 0.278 0.4978 0.6406 0.7088 0.7306 0.567 0.4272 0.3918 0.317 0.2916 0.2264 0.1914 0.148 0.1208 0.0918 0.0796 0.0722 0.0768 0.1352 0.2122 0.2598 0.3322 0.388 0.3652 0.2988 0.2796 0.243 0.256 0.2218 0.1918 0.167 0.118 0.1006 0.1098 0.0878 0.0784 0.0668 0.0862 0.0906 0.1272 0.1624 0.1498 0.1454 0.1532 0.121 0.1098 0.1262 0.113 0.1098 0.1072 0.0838 0.066 0.069 0.0578 0.0522 0.0368 0.0286 0.0182 0.018 0.0268 0.0288 0.0282 0.026 0.019 0.003 0.0036 
0 0 0 0 0 0 0 0 0 0 0 0 0 0 0 0.0522 0.6198 1.3768 1.414 1.2114 0.8852 0.6342 0.4318 0.3084 0.2308 0.1806 0.1458 0.1084 0.071 0.0494 0.0374 0.0426 0.0444 0.1448 0.289 0.4984 0.6044 0.6438 0.6276 0.5784 0.5322 0.4196 0.3732 0.3164 0.2516 0.193 0.1616 0.1136 0.0656 0.055 0.062 0.0942 0.142 0.2242 0.2472 0.2726 0.2866 0.3054 0.3242 0.3192 0.3292 0.2728 0.2578 0.2146 0.1694 0.1316 0.1154 0.1164 0.0784 0.0648 0.072 0.0886 0.1016 0.0898 0.0968 0.1052 0.1456 0.1418 0.1448 0.1314 0.1324 0.1194 0.1072 0.0844 0.097 0.0856 0.0846 0.071 0.0548 0.0374 0.0284 0.0272 0.0308 0.028 0.0198 0.011 0.0102 0.0086 0.0096 0.0086 
0 0 0 0 0 0 0 0 0 0 0 0 0 0 0 0.0498 0.61 1.3672 1.4532 1.1526 0.891 0.626 0.4284 0.2866 0.2522 0.1996 0.1416 0.1188 0.1058 0.082 0.0506 0.039 0.0482 0.1248 0.304 0.4824 0.5974 0.6622 0.6048 0.5902 0.5276 0.372 0.3052 0.2702 0.2124 0.1868 0.1638 0.1602 0.1304 0.0972 0.0786 0.1106 0.1526 0.2166 0.2328 0.2828 0.2764 0.2998 0.3386 0.2698 0.2934 0.2488 0.2062 0.19 0.1682 0.169 0.1766 0.1438 0.0944 0.0856 0.0956 0.0932 0.096 0.1006 0.0976 0.1232 0.1148 0.124 0.1352 0.1276 0.1128 0.1044 0.0962 0.0908 0.1086 0.0972 0.0982 0.083 0.0742 0.0326 0.041 0.0396 0.0298 0.0278 0.0202 0.0088 0.006 0.006 0.0072 0.0112 
0 0 0 0 0 0 0 0 0 0 0 0 0 0 0 0.0714 0.603 1.3518 1.449 1.1372 0.8272 0.5884 0.5056 0.3554 0.2482 0.1954 0.1358 0.1146 0.0904 0.0788 0.0578 0.0472 0.047 0.1284 0.3344 0.519 0.5916 0.6234 0.5526 0.5308 0.4762 0.4886 0.3538 0.3054 0.2334 0.205 0.1682 0.129 0.0822 0.0898 0.0696 0.079 0.1512 0.207 0.2652 0.3118 0.2984 0.2832 0.3116 0.3136 0.2614 0.252 0.215 0.192 0.2008 0.1696 0.1516 0.1164 0.0906 0.0694 0.079 0.0808 0.1014 0.1174 0.1068 0.1096 0.1436 0.151 0.121 0.1226 0.1158 0.115 0.1138 0.1124 0.105 0.0838 0.0754 0.0524 0.0472 0.0558 0.0506 0.0354 0.023 0.0238 0.0208 0.019 0.0156 0.0168 0.0088 0.0068 
0 0 0 0 0 0 0 0 0 0 0 0 0 0 0 0.0632 0.6352 1.2612 1.2682 1.0822 0.8514 0.6186 0.485 0.3802 0.3038 0.2152 0.193 0.1672 0.0962 0.0672 0.071 0.056 0.0664 0.1362 0.2706 0.4322 0.503 0.5278 0.563 0.5566 0.4678 0.4382 0.3702 0.3226 0.25 0.2204 0.2052 0.1584 0.1386 0.111 0.1178 0.1038 0.129 0.1762 0.2004 0.246 0.3174 0.335 0.2888 0.2892 0.2808 0.2484 0.2306 0.2114 0.1918 0.162 0.13 0.114 0.0924 0.1088 0.1046 0.0882 0.1002 0.1162 0.1344 0.1456 0.1408 0.1216 0.1238 0.1318 0.1266 0.115 0.118 0.0844 0.0754 0.0622 0.0544 0.0632 0.061 0.08 0.0642 0.069 0.0344 0.0284 0.0278 0.0242 0.0288 0.0196 0.0152 0.0112 
0 0 0 0 0 0 0 0 0 0 0 0 0 0 0 0.0588 0.5704 1.2714 1.3772 1.1186 0.8412 0.6292 0.4332 0.3202 0.2654 0.2198 0.1822 0.1488 0.1024 0.0998 0.06 0.049 0.0762 0.1302 0.2572 0.456 0.5594 0.6112 0.5812 0.5388 0.4494 0.393 0.3416 0.2754 0.279 0.2018 0.189 0.1308 0.1178 0.1116 0.116 0.1272 0.1584 0.1794 0.2202 0.2866 0.3382 0.293 0.3004 0.2702 0.2392 0.2632 0.2162 0.1978 0.1858 0.154 0.1302 0.1314 0.1188 0.1016 0.1072 0.1138 0.0994 0.1206 0.1292 0.14 0.1276 0.1182 0.1314 0.136 0.1158 0.0954 0.109 0.0988 0.0682 0.0878 0.089 0.0756 0.0562 0.0526 0.0468 0.0418 0.0438 0.0462 0.0304 0.0236 0.0268 0.0278 0.0208 0.023 
0 0 0 0 0 0 0 0 0 0 0 0 0 0 0 0.06 0.5966 1.353 1.4478 1.1846 0.8526 0.6428 0.4808 0.3178 0.2384 0.1672 0.1312 0.0956 0.1092 0.0724 0.0626 0.0472 0.0338 0.1124 0.3096 0.475 0.5868 0.6298 0.6724 0.5838 0.4852 0.4104 0.3394 0.275 0.2354 0.1764 0.1592 0.1338 0.106 0.0886 0.0858 0.1 0.1582 0.2028 0.2276 0.2932 0.3172 0.3458 0.326 0.3132 0.2748 0.2316 0.2028 0.171 0.1704 0.1376 0.1204 0.1122 0.1172 0.1084 0.105 0.0966 0.1024 0.1254 0.115 0.135 0.1114 0.1564 0.1272 0.1344 0.1066 0.106 0.1058 0.111 0.0804 0.082 0.0746 0.0622 0.0578 0.0492 0.0452 0.0322 0.0318 0.0364 0.0278 0.036 0.019 0.0072 0.0096 0.0062 
0 0 0 0 0 0 0 0 0 0 0 0 0 0 0 0.0658 0.5988 1.2648 1.286 1.1598 0.8086 0.6008 0.4644 0.3954 0.2932 0.2046 0.1576 0.117 0.1078 0.1134 0.0758 0.0644 0.0608 0.1194 0.265 0.412 0.5252 0.5796 0.5558 0.5458 0.5182 0.4062 0.3862 0.3152 0.2488 0.1766 0.1482 0.1582 0.1426 0.115 0.1092 0.1222 0.126 0.1822 0.2262 0.2764 0.31 0.3082 0.2928 0.31 0.28 0.2464 0.2142 0.1748 0.1556 0.139 0.1566 0.1502 0.1128 0.111 0.0878 0.0964 0.1154 0.1254 0.15 0.1546 0.154 0.1282 0.1394 0.1164 0.1026 0.0898 0.1002 0.1042 0.099 0.0744 0.0914 0.0934 0.0646 0.06 0.0468 0.0546 0.0394 0.0356 0.0264 0.0216 0.0326 0.026 0.0202 0.0122 
0 0 0 0 0 0 0 0 0 0 0 0 0 0 0.0002 0.067 0.5974 1.288 1.3858 1.1402 0.8452 0.6014 0.3818 0.3126 0.273 0.2026 0.2018 0.1484 0.128 0.1074 0.052 0.0432 0.0656 0.135 0.2642 0.4368 0.5526 0.6446 0.6746 0.5394 0.4344 0.3366 0.3262 0.282 0.2534 0.2178 0.1848 0.138 0.1178 0.0908 0.0956 0.1172 0.144 0.1856 0.2684 0.3198 0.356 0.3146 0.2806 0.2754 0.2638 0.2274 0.23 0.1846 0.1536 0.1338 0.1206 0.1064 0.122 0.0966 0.084 0.1014 0.1038 0.1392 0.1484 0.1574 0.1482 0.1468 0.1212 0.117 0.1376 0.1168 0.1218 0.088 0.083 0.0618 0.0622 0.0544 0.053 0.0526 0.047 0.0328 0.0256 0.0236 0.0392 0.0354 0.0346 0.0332 0.02 0.016 
0 0 0 0 0 0 0 0 0 0 0 0 0 0 0 0.0644 0.6156 1.2598 1.3776 1.168 0.8222 0.5966 0.4376 0.3766 0.3134 0.1946 0.1522 0.1298 0.0906 0.0794 0.0472 0.048 0.0654 0.1324 0.2832 0.4652 0.4996 0.5244 0.5854 0.5632 0.4794 0.4058 0.4098 0.3212 0.2596 0.2202 0.1938 0.1406 0.1096 0.0966 0.0962 0.107 0.15 0.1978 0.2086 0.2458 0.279 0.2862 0.2708 0.295 0.2984 0.2814 0.2546 0.224 0.1998 0.1536 0.1598 0.119 0.0948 0.088 0.0974 0.092 0.0932 0.0842 0.1166 0.0968 0.1454 0.1174 0.1296 0.1566 0.1308 0.1428 0.115 0.1118 0.0962 0.0978 0.0908 0.0714 0.0694 0.0558 0.0534 0.0374 0.0308 0.0362 0.0244 0.024 0.021 0.0204 0.017 0.0246 
0 0 0 0 0 0 0 0 0 0 0 0 0 0 0.0004 0.061 0.586 1.428 1.449 1.1554 0.9094 0.6356 0.443 0.3302 0.1884 0.1692 0.1298 0.101 0.0988 0.0758 0.06 0.0428 0.0518 0.1044 0.2882 0.4602 0.6004 0.6618 0.7254 0.6324 0.4896 0.3982 0.354 0.2662 0.2222 0.1798 0.1588 0.1232 0.0946 0.0752 0.0706 0.103 0.1094 0.182 0.2374 0.31 0.3318 0.377 0.3274 0.302 0.2922 0.2612 0.2028 0.1868 0.1958 0.1376 0.1086 0.1028 0.081 0.0794 0.094 0.0926 0.1006 0.1114 0.1128 0.1258 0.1202 0.1796 0.1578 0.1218 0.1164 0.1042 0.091 0.0988 0.0936 0.0578 0.0474 0.055 0.0562 0.0674 0.0444 0.0376 0.034 0.021 0.0148 0.0144 0.0112 0.0078 0.0048 0.008 
0 0 0 0 0 0 0 0 0 0 0 0 0 0 0 0.0602 0.6114 1.2744 1.3194 1.15 0.8748 0.6758 0.4562 0.3344 0.2488 0.162 0.1374 0.1006 0.1204 0.0796 0.079 0.073 0.069 0.132 0.2542 0.4108 0.5522 0.6398 0.6398 0.5702 0.5414 0.4198 0.3092 0.276 0.2162 0.156 0.1428 0.1458 0.1294 0.1072 0.1094 0.1196 0.1484 0.1752 0.2328 0.2616 0.3054 0.336 0.3504 0.2694 0.2878 0.262 0.205 0.1826 0.1582 0.1414 0.1488 0.1424 0.1048 0.0862 0.0922 0.1068 0.0886 0.133 0.121 0.136 0.1166 0.1222 0.1194 0.1338 0.1198 0.1164 0.099 0.1102 0.1132 0.0924 0.0944 0.065 0.0776 0.0604 0.0564 0.0518 0.0408 0.0304 0.0218 0.0272 0.023 0.0202 0.0064 0.0056 
0 0 0 0 0 0 0 0 0 0 0 0 0 0 0 0.0664 0.6144 1.4094 1.4476 1.1214 0.7972 0.6194 0.3952 0.294 0.2438 0.2054 0.1564 0.1062 0.0872 0.0814 0.0646 0.0636 0.0802 0.1582 0.3106 0.546 0.6428 0.6854 0.583 0.4922 0.4556 0.3612 0.3048 0.2672 0.1982 0.1778 0.142 0.1322 0.1122 0.0822 0.0884 0.1248 0.1634 0.2608 0.2804 0.3186 0.353 0.3068 0.3462 0.2682 0.2452 0.2194 0.176 0.171 0.1624 0.1402 0.1236 0.113 0.0838 0.085 0.1368 0.1144 0.1264 0.1306 0.125 0.1392 0.1626 0.1338 0.1232 0.129 0.1146 0.0846 0.0818 0.0856 0.0818 0.0744 0.0656 0.058 0.0568 0.0652 0.0584 0.0492 0.0398 0.027 0.0364 0.0192 0.018 0.0172 0.0178 0.0106 
0 0 0 0 0 0 0 0 0 0 0 0 0 0 0.0002 0.068 0.5988 1.2858 1.3776 1.105 0.8548 0.6106 0.448 0.2972 0.2524 0.195 0.1662 0.121 0.0912 0.0632 0.0552 0.056 0.08 0.1478 0.276 0.479 0.5664 0.6064 0.6122 0.5372 0.474 0.4186 0.3488 0.263 0.235 0.2058 0.186 0.154 0.1214 0.1136 0.0976 0.1144 0.1516 0.2028 0.2566 0.2688 0.2964 0.2966 0.2916 0.2918 0.307 0.2688 0.2112 0.1806 0.14 0.1342 0.1798 0.1322 0.0966 0.0878 0.0984 0.0852 0.1114 0.0978 0.1338 0.1466 0.127 0.121 0.1218 0.1252 0.1252 0.1142 0.1158 0.0944 0.118 0.0954 0.0774 0.0644 0.0642 0.0512 0.04 0.0512 0.0392 0.0376 0.0246 0.0248 0.0236 0.0276 0.0256 0.0232 
0 0 0 0 0 0 0 0 0 0 0 0 0 0 0.002 0.0562 0.5738 1.4178 1.5566 1.1286 0.7412 0.585 0.453 0.3318 0.2434 0.1928 0.1368 0.111 0.0866 0.067 0.0558 0.0526 0.0682 0.1296 0.3024 0.535 0.7356 0.6402 0.5892 0.4794 0.4146 0.3614 0.3106 0.2768 0.228 0.1906 0.1574 0.1056 0.0914 0.1128 0.089 0.1118 0.2024 0.2476 0.3164 0.3432 0.337 0.318 0.2566 0.2662 0.2344 0.2084 0.2 0.1736 0.1612 0.157 0.1154 0.0884 0.0962 0.0828 0.0938 0.1084 0.157 0.1764 0.163 0.1354 0.133 0.1262 0.1354 0.1178 0.0846 0.0988 0.0962 0.0938 0.0794 0.0744 0.0648 0.061 0.053 0.0456 0.0508 0.033 0.0272 0.0358 0.0304 0.0256 0.0226 0.0236 0.0216 0.0216 
0 0 0 0 0 0 0 0 0 0 0 0 0 0 0 0.0566 0.6402 1.364 1.4726 1.1778 0.8266 0.5878 0.444 0.3116 0.236 0.1696 0.1394 0.1118 0.0942 0.074 0.072 0.0558 0.0594 0.1576 0.3426 0.5012 0.5816 0.6356 0.6094 0.569 0.5142 0.3762 0.2986 0.2578 0.2208 0.1926 0.14 0.1242 0.1056 0.103 0.1154 0.1458 0.1796 0.2236 0.2326 0.2902 0.298 0.318 0.327 0.3086 0.2588 0.2374 0.1768 0.2038 0.1584 0.1246 0.1114 0.1062 0.112 0.106 0.1346 0.1126 0.114 0.1166 0.1274 0.126 0.1394 0.1274 0.1238 0.1168 0.1138 0.0964 0.0892 0.0878 0.0848 0.0644 0.0602 0.0678 0.0752 0.074 0.0416 0.0274 0.0388 0.0302 0.02 0.02 0.0266 0.0102 0.015 0.0154 
0 0 0 0 0 0 0 0 0 0 0 0 0 0 0.0006 0.06 0.5722 1.3264 1.4538 1.1248 0.7836 0.5376 0.4124 0.3422 0.2482 0.1998 0.1506 0.1178 0.1044 0.1014 0.0732 0.0834 0.0642 0.1508 0.2714 0.483 0.6224 0.653 0.5978 0.5202 0.4186 0.3762 0.3216 0.2732 0.2008 0.1928 0.1782 0.1436 0.1448 0.1276 0.0982 0.1084 0.1526 0.217 0.2632 0.327 0.326 0.3176 0.2928 0.2648 0.2362 0.2136 0.1664 0.1588 0.1646 0.1586 0.1592 0.134 0.1262 0.1102 0.1174 0.1106 0.1372 0.1394 0.1372 0.151 0.1446 0.1214 0.1194 0.1082 0.0884 0.0974 0.0982 0.0896 0.0724 0.0826 0.0806 0.0932 0.0702 0.0538 0.0354 0.0408 0.0494 0.0538 0.0394 0.0354 0.0282 0.0226 0.0096 0.0142 
0 0 0 0 0 0 0 0 0 0 0 0 0 0 0 0.0532 0.5688 1.4088 1.5926 1.1846 0.8148 0.5794 0.4026 0.2928 0.2224 0.1888 0.124 0.1146 0.099 0.0812 0.0704 0.038 0.0466 0.13 0.3164 0.537 0.6992 0.6876 0.591 0.5274 0.4494 0.3488 0.3212 0.2664 0.2228 0.177 0.1704 0.12 0.1042 0.0856 0.0896 0.1178 0.1592 0.231 0.3206 0.3346 0.3448 0.302 0.3098 0.2806 0.2292 0.2062 0.174 0.1708 0.1822 0.1496 0.1252 0.1036 0.0954 0.1078 0.1054 0.1296 0.1214 0.1234 0.147 0.152 0.1434 0.1202 0.108 0.1084 0.1308 0.103 0.0882 0.0764 0.0794 0.0676 0.0578 0.0614 0.0642 0.0472 0.0442 0.0304 0.0308 0.0244 0.0176 0.0166 0.0164 0.0116 0.0118 0.0168 
0 0 0 0 0 0 0 0 0 0 0 0 0 0 0.0002 0.0676 0.5798 1.3112 1.4486 1.1464 0.8206 0.5924 0.431 0.3174 0.2376 0.1666 0.1436 0.1366 0.1306 0.088 0.0704 0.063 0.0792 0.1582 0.2986 0.4532 0.5916 0.5996 0.6042 0.5292 0.4608 0.3948 0.329 0.2874 0.249 0.1994 0.1708 0.1312 0.0982 0.113 0.128 0.1428 0.187 0.2008 0.2674 0.2998 0.261 0.3086 0.2896 0.279 0.2492 0.2244 0.2424 0.191 0.1692 0.1122 0.1082 0.1146 0.1226 0.136 0.1252 0.1166 0.1206 0.1366 0.128 0.1262 0.1458 0.1212 0.117 0.1164 0.1104 0.0978 0.1074 0.0796 0.0668 0.0654 0.0904 0.0984 0.0582 0.0542 0.0518 0.0546 0.0428 0.0322 0.0348 0.0176 0.0166 0.0184 0.0174 0.014 
0 0 0 0 0 0 0 0 0 0 0 0 0 0 0 0.056 0.59 1.3152 1.3882 1.1962 0.808 0.5954 0.459 0.3726 0.2834 0.222 0.1586 0.1104 0.0842 0.0922 0.0576 0.0516 0.0454 0.1012 0.2556 0.4604 0.5582 0.6886 0.626 0.5732 0.4496 0.3944 0.357 0.292 0.2726 0.2286 0.1606 0.1386 0.1072 0.1196 0.0748 0.0928 0.1108 0.1816 0.2386 0.273 0.3196 0.342 0.2946 0.2622 0.2538 0.3092 0.225 0.2092 0.1888 0.1816 0.1534 0.1206 0.0906 0.079 0.0698 0.0838 0.0782 0.0948 0.1214 0.1268 0.1506 0.1212 0.1114 0.1526 0.125 0.1232 0.1208 0.0986 0.1212 0.0944 0.0788 0.0606 0.0638 0.0568 0.036 0.0322 0.0178 0.0218 0.0234 0.0226 0.023 0.016 0.0226 0.0162 
0 0 0 0 0 0 0 0 0 0 0 0 0 0 0 0.0522 0.581 1.3778 1.4384 1.1738 0.8426 0.6586 0.4344 0.3182 0.2506 0.1768 0.1506 0.1044 0.0844 0.0802 0.069 0.0484 0.0538 0.1196 0.2864 0.4912 0.6098 0.6368 0.6082 0.5554 0.4856 0.4262 0.335 0.264 0.248 0.2164 0.1696 0.13 0.1228 0.11 0.0826 0.0844 0.1378 0.1802 0.2624 0.281 0.286 0.3206 0.3146 0.3016 0.2864 0.2508 0.2044 0.208 0.1644 0.1792 0.1462 0.1334 0.0984 0.0938 0.0948 0.0786 0.0818 0.1038 0.1002 0.1188 0.1156 0.1342 0.1384 0.1298 0.1328 0.1126 0.1088 0.1014 0.112 0.1004 0.0716 0.0672 0.0538 0.06 0.042 0.0424 0.0308 0.021 0.0258 0.0172 0.0198 0.0202 0.0102 0.0078 
0 0 0 0 0 0 0 0 0 0 0 0 0 0 0.0002 0.0578 0.5988 1.2622 1.447 1.1624 0.8608 0.6492 0.4312 0.3066 0.1996 0.169 0.1208 0.1424 0.1078 0.0846 0.0868 0.0558 0.0578 0.1466 0.2844 0.443 0.5758 0.6536 0.6572 0.5876 0.5068 0.413 0.32 0.2538 0.2164 0.1694 0.135 0.129 0.1256 0.1068 0.0878 0.1068 0.1496 0.179 0.2372 0.279 0.3232 0.3252 0.354 0.2902 0.2908 0.25 0.2264 0.2012 0.1648 0.131 0.155 0.112 0.0966 0.0928 0.0922 0.0876 0.0904 0.088 0.1078 0.1278 0.1258 0.14 0.16 0.1388 0.1286 0.1414 0.0904 0.0872 0.108 0.0978 0.0674 0.0556 0.0632 0.0616 0.0462 0.04 0.0394 0.028 0.0408 0.0238 0.0228 0.0222 0.016 0.0148 
0 0 0 0 0 0 0 0 0 0 0 0 0 0 0 0.034 0.6326 1.422 1.53 1.2674 0.8998 0.5872 0.4264 0.3056 0.2126 0.2146 0.1278 0.0972 0.0658 0.0478 0.0306 0.033 0.04 0.1046 0.2792 0.4746 0.7178 0.7358 0.6428 0.5278 0.4912 0.4376 0.3468 0.2888 0.2222 0.2026 0.142 0.1004 0.0824 0.063 0.0678 0.0756 0.1184 0.2176 0.2816 0.3076 0.3178 0.338 0.3206 0.3028 0.3058 0.2458 0.232 0.2108 0.1644 0.1396 0.122 0.1118 0.1028 0.0738 0.0684 0.0702 0.0834 0.1112 0.1144 0.1276 0.121 0.1292 0.1266 0.1366 0.1422 0.1192 0.1104 0.095 0.1086 0.1088 0.0624 0.0738 0.0668 0.0474 0.022 0.0146 0.0154 0.0068 0.0054 0.0064 0.0042 0.0014 0.002 0.006 
0 0 0 0 0 0 0 0 0 0 0 0 0 0 0.0004 0.057 0.6002 1.378 1.4404 1.1922 0.8422 0.5882 0.4416 0.323 0.261 0.2004 0.1554 0.1388 0.0798 0.0586 0.0426 0.036 0.0422 0.1396 0.3244 0.4612 0.5604 0.6836 0.6334 0.5486 0.4764 0.4272 0.3692 0.2952 0.2682 0.2096 0.1428 0.1194 0.084 0.0668 0.0602 0.0774 0.1416 0.1946 0.242 0.3046 0.333 0.3198 0.334 0.2826 0.2872 0.2902 0.2508 0.2026 0.1794 0.1378 0.1264 0.0876 0.0782 0.066 0.073 0.082 0.0988 0.1012 0.0966 0.1202 0.1468 0.1648 0.1332 0.1324 0.1478 0.1318 0.1336 0.101 0.0692 0.0718 0.069 0.066 0.0706 0.0532 0.0372 0.0302 0.0262 0.0294 0.019 0.015 0.0182 0.0252 0.0164 0.009 
0 0 0 0 0 0 0 0 0 0 0 0 0 0 0.0002 0.0494 0.5816 1.4914 1.535 1.2436 0.8316 0.581 0.4054 0.2798 0.1852 0.1704 0.1272 0.1102 0.0978 0.0742 0.0498 0.0448 0.0486 0.1106 0.3134 0.5454 0.6368 0.6876 0.6452 0.5646 0.498 0.437 0.313 0.24 0.1928 0.1802 0.1564 0.1264 0.1128 0.081 0.0614 0.0928 0.1452 0.214 0.2836 0.2862 0.3268 0.3204 0.332 0.327 0.2984 0.2574 0.212 0.1734 0.1632 0.145 0.109 0.0906 0.106 0.0706 0.0772 0.09 0.1064 0.1086 0.1052 0.147 0.1512 0.1358 0.1288 0.139 0.147 0.1158 0.1062 0.09 0.0584 0.0728 0.0622 0.0526 0.0506 0.0426 0.0468 0.0374 0.0306 0.0248 0.0192 0.0224 0.0188 0.0114 0.0024 0.0022 
0 0 0 0 0 0 0 0 0 0 0 0 0 0 0 0.0528 0.569 1.3768 1.5284 1.183 0.8274 0.5778 0.4196 0.312 0.2458 0.1692 0.1568 0.1196 0.09 0.0684 0.0648 0.0504 0.063 0.1162 0.2876 0.4952 0.6818 0.7032 0.6288 0.5398 0.4602 0.3966 0.2952 0.2426 0.1974 0.2096 0.1748 0.127 0.1258 0.1114 0.089 0.0922 0.1514 0.2076 0.2822 0.3256 0.3076 0.326 0.3526 0.2914 0.2298 0.217 0.1856 0.1766 0.1594 0.1512 0.1366 0.1188 0.1074 0.099 0.0986 0.0974 0.108 0.1038 0.1346 0.1386 0.1326 0.129 0.1188 0.1094 0.1074 0.098 0.1034 0.0952 0.0788 0.0882 0.0976 0.0638 0.052 0.0586 0.043 0.0318 0.0394 0.0312 0.0244 0.0228 0.015 0.0156 0.0166 0.0098 
0 0 0 0 0 0 0 0 0 0 0 0 0 0 0.0004 0.0466 0.591 1.355 1.4082 1.1668 0.8506 0.5726 0.4424 0.3446 0.2906 0.2466 0.1612 0.0994 0.101 0.0692 0.0404 0.0416 0.0566 0.1206 0.2694 0.4612 0.5888 0.6592 0.6126 0.5588 0.4886 0.4296 0.3666 0.2806 0.213 0.195 0.1894 0.1586 0.123 0.0838 0.0646 0.0848 0.1458 0.2066 0.2256 0.2736 0.3216 0.3404 0.3442 0.3416 0.2514 0.234 0.2052 0.1832 0.1794 0.1516 0.1058 0.1134 0.094 0.0796 0.091 0.0892 0.1144 0.1308 0.1144 0.1176 0.1444 0.133 0.1514 0.1526 0.143 0.134 0.104 0.0884 0.079 0.071 0.0654 0.0574 0.0482 0.0492 0.0348 0.029 0.018 0.0262 0.0232 0.0204 0.023 0.0176 0.0266 0.0126 
0 0 0 0 0 0 0 0 0 0 0 0 0 0 0.0002 0.0696 0.6254 1.2306 1.2736 1.0354 0.857 0.6402 0.4944 0.382 0.3274 0.2506 0.1868 0.1154 0.087 0.0976 0.0786 0.0714 0.0502 0.1572 0.2718 0.3944 0.4896 0.5778 0.6002 0.4902 0.4308 0.3668 0.3534 0.3772 0.3102 0.2374 0.2156 0.1602 0.1376 0.1202 0.1082 0.1252 0.1306 0.1576 0.2316 0.2464 0.2814 0.2764 0.267 0.268 0.2678 0.2642 0.2294 0.2056 0.1874 0.1664 0.1816 0.1564 0.12 0.1188 0.0986 0.099 0.1128 0.1016 0.1158 0.1282 0.1254 0.1148 0.1154 0.0978 0.1032 0.1064 0.097 0.1048 0.1228 0.0876 0.0888 0.0904 0.0808 0.0712 0.0678 0.0442 0.0514 0.04 0.0324 0.0396 0.0242 0.024 0.0144 0.0082 
0 0 0 0 0 0 0 0 0 0 0 0 0 0 0 0.0574 0.6122 1.3914 1.5026 1.1374 0.8486 0.637 0.4756 0.3408 0.2338 0.1696 0.1362 0.1028 0.0744 0.0462 0.035 0.0326 0.0486 0.1172 0.3142 0.4798 0.6176 0.6618 0.6394 0.5722 0.5204 0.4274 0.3524 0.2728 0.2472 0.194 0.142 0.1046 0.0836 0.069 0.058 0.1098 0.1416 0.1874 0.245 0.296 0.3288 0.3346 0.3632 0.312 0.2754 0.2706 0.257 0.1874 0.1636 0.1312 0.114 0.0862 0.0692 0.072 0.0836 0.0782 0.101 0.1178 0.126 0.1384 0.143 0.1534 0.1202 0.1462 0.1212 0.1078 0.1188 0.1134 0.094 0.0868 0.0548 0.0428 0.047 0.053 0.0336 0.0428 0.0224 0.0218 0.0268 0.0192 0.013 0.0136 0.0156 0.0166 
0 0 0 0 0 0 0 0 0 0 0 0 0 0 0 0.0682 0.5884 1.292 1.3468 1.1204 0.8678 0.6172 0.4516 0.3298 0.2674 0.21 0.1522 0.1196 0.1236 0.1012 0.0842 0.0752 0.0644 0.1244 0.2818 0.4784 0.569 0.589 0.5974 0.5378 0.4618 0.3528 0.3218 0.2774 0.2492 0.2126 0.1734 0.1614 0.146 0.1188 0.1232 0.1296 0.1704 0.2126 0.2748 0.2702 0.2776 0.3282 0.304 0.2874 0.2544 0.1938 0.1812 0.1534 0.1776 0.178 0.139 0.1032 0.0832 0.111 0.1328 0.1278 0.133 0.1496 0.1378 0.1386 0.126 0.1234 0.1248 0.1188 0.108 0.0998 0.0868 0.0732 0.0792 0.0772 0.0642 0.0552 0.051 0.057 0.0734 0.0672 0.0556 0.0462 0.0438 0.0418 0.0334 0.019 0.0112 0.0164 
0 0 0 0 0 0 0 0 0 0 0 0 0 0 0 0.0654 0.6262 1.2944 1.3664 1.1412 0.8082 0.6206 0.4532 0.3672 0.2388 0.1894 0.1662 0.125 0.1094 0.1038 0.0736 0.054 0.0606 0.1554 0.3104 0.4436 0.5468 0.567 0.5926 0.5214 0.463 0.4626 0.3682 0.2924 0.2514 0.2134 0.181 0.148 0.1126 0.109 0.1038 0.1328 0.1304 0.1862 0.224 0.2326 0.2866 0.2748 0.2768 0.3148 0.338 0.265 0.2486 0.2012 0.1852 0.1832 0.1426 0.1066 0.0972 0.0788 0.095 0.098 0.1008 0.0982 0.0876 0.1092 0.1044 0.1162 0.1546 0.142 0.1398 0.1162 0.1074 0.1058 0.1036 0.1222 0.0816 0.0502 0.054 0.0572 0.048 0.0528 0.0252 0.0258 0.029 0.0206 0.0166 0.0176 0.0184 0.0142 
0 0 0 0 0 0 0 0 0 0 0 0 0 0 0 0.0554 0.575 1.4822 1.6782 1.2874 0.8374 0.5758 0.3456 0.2176 0.2152 0.151 0.1268 0.0896 0.0604 0.0564 0.0528 0.0572 0.0542 0.1198 0.3202 0.5388 0.71 0.818 0.7004 0.5738 0.4396 0.345 0.2808 0.2274 0.199 0.1458 0.1292 0.1038 0.0844 0.0638 0.0692 0.1084 0.1582 0.2358 0.2906 0.3742 0.4258 0.4008 0.3024 0.256 0.224 0.2178 0.2054 0.1848 0.1334 0.0984 0.094 0.0742 0.0738 0.0908 0.098 0.1046 0.0972 0.1346 0.161 0.1882 0.1524 0.1166 0.1364 0.1248 0.1226 0.0986 0.0948 0.0776 0.0564 0.0476 0.0602 0.0548 0.0548 0.0428 0.033 0.0242 0.0374 0.0218 0.0188 0.0202 0.0154 0.009 0.0088 0.0078 
0 0 0 0 0 0 0 0 0 0 0 0 0 0 0 0.0578 0.6138 1.3038 1.4124 1.128 0.817 0.5678 0.4186 0.3276 0.2752 0.2264 0.1702 0.1424 0.0988 0.0924 0.0632 0.054 0.066 0.1342 0.2922 0.444 0.5504 0.6306 0.5582 0.5198 0.4538 0.3908 0.3532 0.313 0.243 0.2204 0.1944 0.1614 0.1382 0.1012 0.107 0.1084 0.1432 0.1834 0.2304 0.255 0.2842 0.3116 0.2836 0.2892 0.292 0.2406 0.2128 0.2136 0.18 0.1652 0.169 0.1458 0.1208 0.103 0.0918 0.0996 0.0924 0.1054 0.1124 0.1046 0.1234 0.1398 0.1442 0.1354 0.1098 0.1158 0.112 0.0948 0.0838 0.0984 0.0968 0.0742 0.0486 0.0428 0.0534 0.049 0.0358 0.035 0.043 0.039 0.026 0.0162 0.021 0.0108 
0 0 0 0 0 0 0 0 0 0 0 0 0 0 0.0002 0.0454 0.6174 1.3778 1.4664 1.1666 0.799 0.5886 0.4714 0.3356 0.2276 0.1732 0.1206 0.1132 0.0908 0.0674 0.0596 0.0438 0.0524 0.1438 0.3002 0.4984 0.6664 0.6854 0.6284 0.5432 0.4626 0.3956 0.3664 0.2714 0.1866 0.1632 0.1276 0.1142 0.1032 0.0984 0.093 0.1246 0.142 0.1816 0.2688 0.3222 0.3452 0.3332 0.3224 0.3318 0.292 0.2642 0.1912 0.1616 0.1306 0.1156 0.1168 0.088 0.0968 0.0892 0.0784 0.0828 0.0952 0.1176 0.1148 0.1212 0.1356 0.1488 0.1842 0.1426 0.1498 0.1116 0.112 0.1044 0.1006 0.0794 0.064 0.0584 0.0544 0.0324 0.043 0.0234 0.02 0.0206 0.0194 0.0198 0.024 0.0196 0.016 0.012 
0 0 0 0 0 0 0 0 0 0 0 0 0 0 0.0004 0.0594 0.6328 1.3474 1.4946 1.1964 0.8546 0.599 0.3958 0.3082 0.2228 0.1796 0.1194 0.0874 0.0774 0.0728 0.0584 0.0514 0.0686 0.1578 0.292 0.5048 0.6458 0.7112 0.659 0.539 0.4762 0.4244 0.338 0.263 0.2132 0.1798 0.133 0.105 0.0776 0.074 0.103 0.0872 0.128 0.217 0.3184 0.32 0.3264 0.3302 0.3014 0.2688 0.309 0.2398 0.218 0.1916 0.1874 0.1238 0.1112 0.0994 0.0824 0.0666 0.1 0.1132 0.1208 0.1228 0.12 0.108 0.1218 0.1232 0.128 0.1326 0.1136 0.1094 0.104 0.0898 0.0858 0.0862 0.073 0.047 0.0576 0.0622 0.0564 0.0466 0.0276 0.0248 0.0174 0.0194 0.0174 0.0232 0.0254 0.015 
0 0 0 0 0 0 0 0 0 0 0 0 0 0 0.0002 0.072 0.6352 1.2126 1.2462 1.0712 0.8104 0.6652 0.5236 0.3718 0.3046 0.2154 0.2046 0.153 0.0976 0.0782 0.0684 0.0578 0.0524 0.1158 0.2496 0.4042 0.5416 0.5724 0.5864 0.5292 0.4646 0.396 0.3802 0.3476 0.2982 0.2328 0.191 0.168 0.119 0.0964 0.0848 0.101 0.1574 0.1864 0.193 0.2572 0.304 0.2576 0.2896 0.3128 0.2928 0.2556 0.2296 0.2032 0.1638 0.1848 0.154 0.1326 0.107 0.095 0.1232 0.1128 0.1142 0.0962 0.113 0.1202 0.1208 0.1312 0.1102 0.1264 0.1166 0.0902 0.1086 0.1084 0.0904 0.0978 0.0838 0.1026 0.0922 0.077 0.084 0.0608 0.026 0.0238 0.0226 0.023 0.0164 0.0124 0.0166 0.0172 
0 0 0 0 0 0 0 0 0 0 0 0 0 0 0.0002 0.0922 0.6224 1.1816 1.2718 1.107 0.7932 0.6334 0.475 0.3496 0.2858 0.2312 0.1834 0.1568 0.1138 0.107 0.0866 0.0662 0.074 0.1624 0.2938 0.362 0.497 0.5278 0.5444 0.5386 0.465 0.4188 0.3602 0.347 0.2906 0.229 0.1762 0.1694 0.1588 0.126 0.1264 0.1552 0.1736 0.1778 0.2022 0.209 0.2358 0.2608 0.2746 0.2642 0.3198 0.2654 0.2482 0.2014 0.1582 0.1586 0.137 0.1514 0.1292 0.1418 0.1352 0.1254 0.1132 0.1068 0.0908 0.0954 0.0936 0.1052 0.1236 0.1348 0.1186 0.1142 0.1 0.1066 0.1028 0.0888 0.0918 0.0816 0.0788 0.065 0.0568 0.0544 0.0502 0.047 0.039 0.0362 0.0348 0.0238 0.0166 0.0112 
0 0 0 0 0 0 0 0 0 0 0 0 0 0 0.0004 0.0608 0.6092 1.253 1.2876 1.143 0.8462 0.6438 0.4586 0.385 0.2892 0.251 0.1702 0.1308 0.0892 0.069 0.0546 0.048 0.05 0.1206 0.26 0.405 0.5556 0.6332 0.5954 0.5606 0.4852 0.4188 0.3694 0.3232 0.2724 0.2034 0.1584 0.1464 0.1238 0.1072 0.0766 0.0966 0.1154 0.1544 0.2166 0.2856 0.3442 0.341 0.322 0.289 0.2718 0.2342 0.2288 0.214 0.1886 0.1616 0.1104 0.1126 0.1002 0.08 0.0842 0.088 0.1134 0.1116 0.115 0.1504 0.1518 0.1364 0.1214 0.1332 0.1168 0.121 0.1146 0.103 0.091 0.0788 0.049 0.0514 0.0524 0.0634 0.0622 0.0542 0.042 0.0446 0.041 0.0276 0.0288 0.0152 0.014 0.0138 
0 0 0 0 0 0 0 0 0 0 0 0 0 0 0 0.0622 0.62 1.3464 1.4386 1.1246 0.7984 0.5772 0.4294 0.3238 0.222 0.204 0.1608 0.1218 0.1042 0.0834 0.0594 0.056 0.061 0.1184 0.2672 0.4828 0.6568 0.7082 0.6326 0.5262 0.4588 0.3702 0.3094 0.2662 0.2258 0.2164 0.1632 0.1282 0.106 0.103 0.092 0.1064 0.1282 0.1976 0.2848 0.3052 0.3298 0.3302 0.315 0.2728 0.2568 0.2654 0.2092 0.1634 0.1612 0.1562 0.1374 0.1242 0.1008 0.0762 0.075 0.1036 0.119 0.1206 0.1182 0.1064 0.125 0.1268 0.1396 0.1226 0.1304 0.1168 0.0966 0.109 0.1016 0.0926 0.0776 0.0564 0.0696 0.0538 0.066 0.0536 0.0332 0.0278 0.0178 0.012 0.0152 0.0138 0.0136 0.0122 
0 0 0 0 0 0 0 0 0 0 0 0 0 0 0.0002 0.0586 0.6462 1.3496 1.343 1.112 0.8882 0.6524 0.5038 0.3382 0.2474 0.222 0.1646 0.115 0.079 0.0486 0.0368 0.0372 0.047 0.1296 0.2888 0.4432 0.5862 0.6096 0.5964 0.5846 0.504 0.4504 0.3754 0.3244 0.2796 0.2192 0.173 0.1248 0.0846 0.0566 0.0578 0.0852 0.1226 0.1782 0.2158 0.2914 0.3386 0.3116 0.3138 0.3108 0.2718 0.2696 0.2598 0.2164 0.2046 0.177 0.1136 0.1 0.0858 0.0768 0.0808 0.084 0.0848 0.098 0.1038 0.1182 0.1442 0.1446 0.1436 0.1184 0.1242 0.1186 0.1008 0.0978 0.0814 0.0928 0.0804 0.0896 0.0598 0.0658 0.0448 0.0378 0.0334 0.0334 0.0268 0.0182 0.0158 0.0118 0.0134 0.0116 
0 0 0 0 0 0 0 0 0 0 0 0 0 0 0 0.0654 0.6078 1.2596 1.3008 1.1496 0.8262 0.6514 0.495 0.3668 0.2798 0.2264 0.1706 0.1216 0.0988 0.0728 0.0462 0.0398 0.0642 0.1536 0.2942 0.4092 0.5072 0.533 0.5556 0.558 0.5206 0.4512 0.3456 0.3066 0.29 0.2254 0.1924 0.163 0.133 0.103 0.114 0.133 0.1342 0.1752 0.2146 0.2226 0.2594 0.2926 0.3148 0.2782 0.2936 0.286 0.206 0.1834 0.1586 0.1714 0.1806 0.125 0.117 0.1278 0.1056 0.091 0.0954 0.1136 0.1078 0.1026 0.1194 0.1206 0.1412 0.1284 0.0972 0.0984 0.1036 0.1148 0.1084 0.1164 0.109 0.0696 0.0578 0.062 0.043 0.0456 0.0456 0.0384 0.0406 0.0322 0.0142 0.0188 0.0132 0.011 
0 0 0 0 0 0 0 0 0 0 0 0 0 0 0 0.0454 0.6164 1.3944 1.5866 1.2124 0.8168 0.564 0.3978 0.3306 0.2422 0.1714 0.1536 0.1254 0.0736 0.0556 0.0422 0.0462 0.0556 0.107 0.2998 0.553 0.7038 0.7102 0.6158 0.52 0.4502 0.4032 0.3068 0.2846 0.2296 0.1856 0.1536 0.1058 0.0744 0.0648 0.0928 0.1078 0.1502 0.226 0.2894 0.3272 0.3242 0.32 0.3152 0.3242 0.2734 0.2354 0.211 0.201 0.1452 0.1248 0.1106 0.088 0.078 0.0884 0.0964 0.1098 0.0992 0.1076 0.119 0.1312 0.1216 0.1526 0.1492 0.1316 0.1316 0.1236 0.1064 0.1074 0.0848 0.0698 0.0692 0.0534 0.0522 0.051 0.0286 0.0246 0.0284 0.0176 0.0156 0.0202 0.013 0.0104 0.008 0.0058 
0 0 0 0 0 0 0 0 0 0 0 0 0 0 0 0.0588 0.6224 1.2912 1.455 1.1176 0.8162 0.6272 0.4574 0.334 0.2758 0.2282 0.1628 0.137 0.0894 0.0658 0.0544 0.046 0.0646 0.1308 0.2864 0.4772 0.5814 0.5976 0.581 0.5408 0.4544 0.4384 0.3788 0.3004 0.2368 0.1888 0.159 0.1416 0.1208 0.105 0.092 0.1136 0.137 0.208 0.2674 0.2582 0.3078 0.2972 0.3212 0.2804 0.2882 0.2528 0.2068 0.2138 0.1666 0.1666 0.1228 0.1038 0.092 0.0948 0.098 0.0952 0.101 0.1088 0.1172 0.117 0.1336 0.148 0.1482 0.1234 0.1302 0.132 0.1116 0.0926 0.083 0.0854 0.072 0.0706 0.0692 0.0622 0.0502 0.042 0.0248 0.0292 0.0314 0.0232 0.0206 0.0204 0.0164 0.009 
0 0 0 0 0 0 0 0 0 0 0 0 0 0 0 0.0416 0.6242 1.4742 1.611 1.2814 0.8284 0.5878 0.388 0.2854 0.2074 0.1608 0.1144 0.0998 0.0634 0.0492 0.0488 0.036 0.036 0.1132 0.3124 0.5404 0.7736 0.71 0.6928 0.5786 0.4832 0.376 0.2968 0.2746 0.2122 0.1624 0.1148 0.0738 0.064 0.058 0.0568 0.085 0.159 0.2274 0.307 0.3504 0.4014 0.3958 0.3204 0.2698 0.247 0.2326 0.2096 0.1984 0.168 0.1338 0.0944 0.0658 0.0514 0.0542 0.0608 0.097 0.107 0.1072 0.1512 0.1792 0.168 0.1408 0.12 0.124 0.1318 0.1004 0.0976 0.1082 0.0972 0.0554 0.0532 0.0374 0.036 0.029 0.0322 0.025 0.0242 0.0268 0.0152 0.013 0.0108 0.0106 0.0172 0.0078 
0 0 0 0 0 0 0 0 0 0 0 0 0 0 0.0002 0.0728 0.5914 1.2878 1.4712 1.1416 0.7902 0.5732 0.4404 0.2846 0.253 0.2108 0.1486 0.1262 0.12 0.0746 0.0688 0.0608 0.0596 0.1578 0.2998 0.4744 0.604 0.645 0.6094 0.5318 0.4258 0.3288 0.315 0.2556 0.1962 0.1808 0.1992 0.1798 0.1354 0.1026 0.1068 0.1198 0.1608 0.2146 0.2726 0.3392 0.3376 0.2926 0.2958 0.2592 0.2482 0.2292 0.1732 0.1526 0.1542 0.1456 0.1322 0.1232 0.1152 0.126 0.1118 0.1056 0.1056 0.1324 0.1478 0.1706 0.1454 0.1358 0.138 0.1164 0.1096 0.0996 0.0862 0.0776 0.0858 0.0764 0.0934 0.0702 0.0636 0.0608 0.0546 0.0458 0.05 0.0484 0.0392 0.0322 0.028 0.0208 0.0216 0.0194 
0 0 0 0 0 0 0 0 0 0 0 0 0 0 0 0.054 0.6146 1.3928 1.488 1.1628 0.8252 0.6428 0.4274 0.287 0.1992 0.1874 0.1548 0.1126 0.0876 0.0648 0.0524 0.043 0.0432 0.1408 0.3044 0.4764 0.6196 0.6734 0.6768 0.5516 0.4468 0.3758 0.3356 0.3082 0.2428 0.2026 0.164 0.1376 0.097 0.0866 0.0712 0.0954 0.133 0.2046 0.2578 0.3 0.3354 0.313 0.2906 0.2806 0.2862 0.2716 0.2378 0.1942 0.1634 0.1464 0.1334 0.118 0.1096 0.091 0.0782 0.0922 0.1094 0.1092 0.1088 0.1078 0.112 0.1088 0.1218 0.1252 0.1516 0.1136 0.0952 0.1048 0.0868 0.0918 0.0912 0.075 0.0632 0.0588 0.0504 0.0516 0.036 0.0312 0.019 0.0158 0.0084 0.0026 0.0036 0.005 
0 0 0 0 0 0 0 0 0 0 0 0 0 0 0 0.0642 0.6222 1.3772 1.4718 1.1866 0.8062 0.5706 0.3992 0.2858 0.2196 0.1908 0.1526 0.1214 0.1106 0.0784 0.0534 0.0504 0.0686 0.1492 0.298 0.5188 0.6738 0.6638 0.6182 0.5468 0.4478 0.3696 0.2934 0.2306 0.2398 0.1962 0.1824 0.1314 0.1018 0.1018 0.096 0.1068 0.1606 0.2372 0.2828 0.3098 0.329 0.318 0.2914 0.275 0.26 0.2162 0.2208 0.1826 0.1704 0.1324 0.1168 0.0962 0.1048 0.1244 0.121 0.1128 0.095 0.1322 0.124 0.1114 0.1068 0.1248 0.1006 0.1196 0.1218 0.128 0.095 0.0862 0.077 0.1012 0.092 0.0854 0.0868 0.067 0.0386 0.0398 0.0496 0.0506 0.024 0.0224 0.0186 0.0128 0.0096 0.005 
0 0 0 0 0 0 0 0 0 0 0 0 0 0 0 0.0448 0.5742 1.4392 1.5164 1.1918 0.8542 0.6514 0.4278 0.3246 0.2228 0.192 0.118 0.091 0.0644 0.0552 0.038 0.0512 0.0508 0.116 0.2768 0.5284 0.6602 0.6548 0.6518 0.5772 0.5102 0.412 0.3476 0.2784 0.2162 0.1686 0.1242 0.0972 0.0806 0.0944 0.0836 0.0944 0.1374 0.218 0.315 0.3378 0.333 0.33 0.3088 0.2936 0.273 0.2448 0.2556 0.1556 0.137 0.1146 0.0964 0.0808 0.0884 0.0854 0.085 0.1104 0.1386 0.147 0.1358 0.145 0.1118 0.133 0.1372 0.1296 0.1106 0.1064 0.0948 0.0956 0.0904 0.0782 0.067 0.0658 0.0536 0.0516 0.0454 0.0346 0.025 0.0416 0.0222 0.0124 0.0098 0.0074 0.0078 0.0084 
0 0 0 0 0 0 0 0 0 0 0 0 0 0 0.0002 0.0502 0.5866 1.4056 1.5186 1.1958 0.8608 0.592 0.4466 0.2838 0.1958 0.1796 0.145 0.1196 0.0784 0.072 0.0698 0.0528 0.054 0.1276 0.2922 0.532 0.6466 0.6994 0.6748 0.5688 0.5134 0.3736 0.312 0.2632 0.215 0.1822 0.1282 0.103 0.104 0.093 0.0886 0.0884 0.1372 0.2012 0.265 0.3334 0.384 0.3098 0.3312 0.2952 0.2696 0.2292 0.1912 0.1942 0.1548 0.1356 0.113 0.122 0.1154 0.089 0.0606 0.0828 0.1114 0.1042 0.1232 0.1414 0.133 0.1306 0.1344 0.1424 0.107 0.1134 0.0932 0.0878 0.0722 0.0776 0.0814 0.0844 0.0488 0.0522 0.036 0.0354 0.0242 0.0162 0.0172 0.0164 0.0102 0.0062 0.013 0.0034 
0 0 0 0 0 0 0 0 0 0 0 0 0 0 0 0.0638 0.61 1.3378 1.4214 1.1738 0.8892 0.6096 0.416 0.298 0.2242 0.2098 0.1536 0.119 0.102 0.1042 0.0674 0.0474 0.0554 0.1324 0.3054 0.4748 0.603 0.6286 0.6028 0.5358 0.4674 0.3962 0.3372 0.2682 0.2298 0.23 0.1834 0.1668 0.1324 0.1028 0.084 0.1152 0.129 0.1826 0.2234 0.2812 0.33 0.3386 0.2848 0.2912 0.2508 0.2396 0.2172 0.2052 0.2018 0.185 0.1606 0.1208 0.1006 0.09 0.0892 0.0754 0.0832 0.0908 0.0934 0.1034 0.122 0.1476 0.1344 0.1038 0.1114 0.1144 0.1046 0.1444 0.1382 0.1186 0.0648 0.059 0.069 0.0608 0.043 0.0252 0.0162 0.0168 0.0224 0.0184 0.0196 0.0122 0.005 0.009 
0 0 0 0 0 0 0 0 0 0 0 0 0 0 0 0.0568 0.6392 1.3992 1.4712 1.2388 0.8542 0.605 0.4438 0.3124 0.2144 0.1622 0.1224 0.1008 0.0708 0.078 0.052 0.0586 0.0618 0.1142 0.2756 0.4992 0.639 0.7016 0.6886 0.5762 0.4696 0.408 0.3512 0.2834 0.2042 0.169 0.1238 0.1278 0.0976 0.078 0.082 0.0956 0.1266 0.1852 0.2238 0.3112 0.3692 0.3502 0.3292 0.323 0.265 0.2786 0.2106 0.2006 0.1864 0.1502 0.112 0.097 0.0804 0.0782 0.0754 0.0654 0.1082 0.1016 0.1208 0.1092 0.1354 0.1388 0.133 0.1356 0.1324 0.1426 0.1108 0.1018 0.1084 0.0766 0.0596 0.0464 0.0604 0.0478 0.034 0.0398 0.0206 0.011 0.0106 0.0094 0.011 0.0102 0.0142 0.014 
0 0 0 0 0 0 0 0 0 0 0 0 0 0 0.0006 0.0576 0.6456 1.3472 1.5342 1.1936 0.8342 0.619 0.3744 0.2842 0.2358 0.1682 0.1308 0.1064 0.0836 0.0704 0.0576 0.0472 0.0656 0.132 0.3148 0.506 0.6924 0.6996 0.64 0.5348 0.4678 0.3904 0.308 0.2586 0.1834 0.169 0.1578 0.1282 0.115 0.0936 0.0884 0.106 0.1424 0.2386 0.2758 0.3364 0.3456 0.314 0.3482 0.2768 0.2688 0.2194 0.1946 0.1718 0.13 0.126 0.1318 0.1296 0.1082 0.0728 0.0874 0.0884 0.1098 0.1282 0.1348 0.1414 0.1498 0.126 0.1194 0.1222 0.0976 0.0996 0.094 0.0856 0.086 0.0788 0.0844 0.0618 0.0486 0.0468 0.0356 0.0418 0.0506 0.0274 0.0222 0.016 0.0136 0.0166 0.0182 0.013 
0 0 0 0 0 0 0 0 0 0 0 0 0 0 0 0.0714 0.6264 1.2744 1.3734 1.1484 0.7862 0.5954 0.4438 0.3234 0.2386 0.2152 0.1584 0.1308 0.1056 0.0878 0.0958 0.0692 0.0748 0.1448 0.2976 0.4492 0.584 0.6254 0.5554 0.506 0.4396 0.3612 0.3376 0.2726 0.2322 0.1886 0.1556 0.164 0.1644 0.144 0.1118 0.1294 0.175 0.2204 0.2704 0.2782 0.288 0.2866 0.2614 0.2826 0.2494 0.2364 0.2118 0.1632 0.1494 0.1412 0.1488 0.1272 0.1402 0.127 0.1386 0.1422 0.1238 0.1248 0.1206 0.1372 0.1118 0.1076 0.1208 0.1178 0.1302 0.1116 0.0722 0.082 0.0694 0.0878 0.0894 0.0844 0.0822 0.0786 0.0638 0.0564 0.048 0.0394 0.0284 0.0264 0.0304 0.02 0.0064 0.0098 
0 0 0 0 0 0 0 0 0 0 0 0 0 0 0 0.0636 0.5864 1.4158 1.4724 1.188 0.8198 0.5962 0.4088 0.3322 0.2314 0.178 0.155 0.118 0.1006 0.085 0.0762 0.054 0.0536 0.1382 0.2704 0.5306 0.6176 0.6428 0.5662 0.5414 0.4604 0.3776 0.3052 0.2868 0.2362 0.2006 0.1768 0.1376 0.1146 0.1078 0.1076 0.1216 0.1526 0.219 0.262 0.2796 0.2954 0.3234 0.2986 0.3008 0.2444 0.2188 0.1982 0.1828 0.1672 0.1506 0.1446 0.1408 0.1516 0.1064 0.0878 0.1226 0.111 0.113 0.1082 0.1072 0.1184 0.1426 0.1242 0.1354 0.1278 0.1206 0.0806 0.083 0.089 0.0756 0.0914 0.0712 0.0744 0.0588 0.042 0.031 0.0342 0.0264 0.0164 0.0286 0.0112 0.0122 0.011 0.0098 
0 0 0 0 0 0 0 0 0 0 0 0 0 0 0.0004 0.0546 0.598 1.4584 1.46 1.2096 0.8768 0.6306 0.4106 0.2972 0.2132 0.177 0.159 0.0922 0.082 0.0616 0.0478 0.0456 0.0564 0.137 0.3102 0.5146 0.6238 0.7138 0.6848 0.5772 0.4808 0.393 0.3274 0.253 0.2184 0.1528 0.1386 0.1176 0.086 0.0862 0.0868 0.1128 0.1246 0.2106 0.2666 0.309 0.3458 0.3356 0.3574 0.3368 0.2564 0.2338 0.2048 0.1894 0.1448 0.1542 0.1264 0.0958 0.078 0.0828 0.074 0.0842 0.112 0.0956 0.1116 0.1118 0.1386 0.132 0.146 0.1266 0.1098 0.1262 0.127 0.1044 0.1126 0.085 0.0658 0.065 0.051 0.0442 0.0328 0.0218 0.0176 0.0252 0.0098 0.0062 0.0064 0.0066 0.0116 0.01 
0 0 0 0 0 0 0 0 0 0 0 0 0 0 0.0002 0.0456 0.583 1.4626 1.5542 1.2344 0.8702 0.5788 0.3946 0.288 0.2164 0.1778 0.1344 0.0866 0.065 0.0602 0.0654 0.0364 0.0414 0.1172 0.3144 0.5824 0.683 0.6628 0.6678 0.6382 0.5 0.363 0.3118 0.2752 0.2058 0.157 0.1184 0.0922 0.0844 0.0678 0.074 0.082 0.1556 0.2288 0.2906 0.3482 0.3494 0.3432 0.3414 0.3322 0.284 0.2306 0.1898 0.165 0.1334 0.1368 0.1094 0.0914 0.0676 0.0714 0.078 0.097 0.1042 0.1238 0.139 0.1566 0.1492 0.1336 0.131 0.1268 0.1048 0.0904 0.0782 0.0888 0.093 0.0816 0.058 0.0514 0.0584 0.0414 0.037 0.0454 0.0452 0.0306 0.0232 0.0258 0.0236 0.0074 0.0094 0.002 
0 0 0 0 0 0 0 0 0 0 0 0 0 0 0.0004 0.0674 0.6224 1.301 1.3814 1.0754 0.776 0.5654 0.432 0.2966 0.252 0.2016 0.1806 0.1282 0.1158 0.0888 0.0848 0.0696 0.087 0.1604 0.3046 0.4774 0.563 0.5822 0.5772 0.5316 0.4492 0.3692 0.3172 0.2492 0.2304 0.196 0.1772 0.1564 0.1546 0.1278 0.1084 0.146 0.175 0.2144 0.2188 0.2752 0.266 0.2928 0.3138 0.2882 0.273 0.2664 0.2198 0.1732 0.1326 0.1414 0.1394 0.1308 0.1358 0.1088 0.124 0.115 0.0994 0.1196 0.1106 0.1216 0.1376 0.1436 0.1464 0.128 0.1248 0.1058 0.0932 0.0886 0.0758 0.0802 0.0844 0.0796 0.0758 0.0602 0.0514 0.0576 0.0506 0.0482 0.0404 0.0346 0.0272 0.021 0.018 0.0178 
0 0 0 0 0 0 0 0 0 0 0 0 0 0 0 0.0502 0.6002 1.3628 1.4768 1.1568 0.8756 0.6424 0.4702 0.3016 0.1906 0.1356 0.1282 0.1016 0.0818 0.0692 0.0432 0.044 0.0618 0.1306 0.268 0.5538 0.635 0.6452 0.6548 0.6442 0.527 0.3992 0.3044 0.2292 0.1808 0.1708 0.136 0.116 0.0914 0.0808 0.073 0.0986 0.1506 0.2098 0.2824 0.3174 0.35 0.361 0.352 0.3094 0.253 0.226 0.1982 0.1584 0.1416 0.1316 0.1272 0.1002 0.0918 0.0786 0.0774 0.097 0.118 0.1424 0.1574 0.1524 0.1514 0.145 0.1326 0.1258 0.0986 0.0878 0.0896 0.0898 0.085 0.0762 0.0772 0.0706 0.0542 0.0504 0.0506 0.0526 0.0388 0.0336 0.0262 0.0268 0.0302 0.0184 0.015 0.0212 
0 0 0 0 0 0 0 0 0 0 0 0 0 0 0.0004 0.0642 0.6334 1.2498 1.3362 1.0818 0.778 0.6298 0.4878 0.3864 0.3004 0.2528 0.2118 0.116 0.0978 0.0844 0.0794 0.0604 0.0572 0.1182 0.285 0.4446 0.5218 0.5298 0.5418 0.5272 0.5204 0.4038 0.3404 0.3278 0.2996 0.2304 0.183 0.1572 0.1496 0.1306 0.1192 0.1188 0.1626 0.1758 0.202 0.234 0.2544 0.2826 0.2788 0.2422 0.2554 0.2602 0.254 0.2206 0.2242 0.1958 0.1816 0.1204 0.1164 0.12 0.0988 0.11 0.099 0.1098 0.1114 0.0962 0.0956 0.095 0.1006 0.1122 0.1178 0.1266 0.1206 0.1114 0.1244 0.1152 0.0916 0.0714 0.0712 0.072 0.0736 0.061 0.0528 0.029 0.0148 0.0192 0.0132 0.0126 0.0142 0.0062 
0 0 0 0 0 0 0 0 0 0 0 0 0 0 0.0002 0.0616 0.6264 1.3078 1.5026 1.2024 0.7952 0.545 0.4144 0.2856 0.2212 0.1796 0.1496 0.119 0.0926 0.0904 0.0672 0.0692 0.0714 0.1398 0.3054 0.5132 0.6542 0.679 0.6258 0.525 0.446 0.3516 0.3052 0.2666 0.2356 0.1938 0.1594 0.1358 0.1118 0.096 0.0924 0.1122 0.1644 0.2246 0.282 0.304 0.3614 0.3278 0.3196 0.2516 0.2428 0.2358 0.216 0.1524 0.14 0.1238 0.14 0.112 0.0928 0.0868 0.1022 0.123 0.1174 0.139 0.15 0.137 0.1188 0.1156 0.1458 0.1308 0.1054 0.1018 0.0832 0.0956 0.0744 0.0654 0.0588 0.07 0.0516 0.0566 0.0538 0.056 0.0518 0.0428 0.037 0.025 0.0252 0.025 0.0266 0.0144 
0 0 0 0 0 0 0 0 0 0 0 0 0 0 0 0.0492 0.6424 1.3788 1.4758 1.1904 0.8566 0.6008 0.4548 0.3082 0.2532 0.1736 0.1374 0.0918 0.0742 0.0634 0.051 0.0614 0.05 0.1388 0.2998 0.5028 0.63 0.6302 0.6108 0.6106 0.506 0.4162 0.352 0.2784 0.2074 0.1526 0.1354 0.1282 0.0938 0.0928 0.1028 0.1098 0.146 0.1926 0.249 0.2908 0.3158 0.3506 0.3574 0.318 0.2848 0.2502 0.1966 0.1852 0.1468 0.141 0.1172 0.0932 0.0886 0.0988 0.0858 0.0742 0.0806 0.1154 0.1224 0.1408 0.158 0.1496 0.1474 0.1256 0.1042 0.1142 0.1068 0.0784 0.0842 0.0742 0.083 0.0904 0.0604 0.0466 0.0356 0.027 0.0266 0.0306 0.0144 0.015 0.0196 0.0182 0.0036 0.0056 
0 0 0 0 0 0 0 0 0 0 0 0 0 0 0 0.0608 0.5838 1.393 1.454 1.1586 0.8222 0.5852 0.4276 0.3646 0.2416 0.188 0.1346 0.0966 0.0826 0.0616 0.0592 0.0704 0.0648 0.1272 0.2934 0.5276 0.6532 0.65 0.6232 0.547 0.4748 0.3696 0.3408 0.2642 0.2284 0.1846 0.1238 0.1234 0.1088 0.1072 0.081 0.0874 0.1394 0.2144 0.3142 0.3178 0.3114 0.2958 0.2864 0.2898 0.3098 0.255 0.2314 0.1612 0.1674 0.145 0.125 0.0876 0.0912 0.082 0.094 0.1118 0.1042 0.1238 0.1286 0.1092 0.1318 0.1338 0.1234 0.128 0.1346 0.126 0.109 0.111 0.0882 0.0668 0.0722 0.0682 0.0588 0.0604 0.0542 0.0502 0.0336 0.0212 0.0296 0.022 0.0132 0.014 0.0094 0.011 
0 0 0 0 0 0 0 0 0 0 0 0 0 0 0 0.0546 0.6326 1.4168 1.452 1.1682 0.882 0.5818 0.4406 0.3376 0.223 0.173 0.1422 0.1056 0.0858 0.0594 0.059 0.0432 0.0346 0.1392 0.3012 0.5086 0.6604 0.6444 0.5712 0.5226 0.5068 0.405 0.4088 0.3174 0.233 0.1554 0.1568 0.1146 0.0956 0.076 0.0888 0.1092 0.1338 0.1832 0.264 0.2912 0.302 0.3268 0.31 0.3016 0.326 0.2498 0.2396 0.2048 0.1726 0.1336 0.1228 0.119 0.0996 0.0826 0.0646 0.0644 0.0724 0.1116 0.1264 0.1412 0.1252 0.123 0.1334 0.1388 0.1256 0.1224 0.1124 0.0926 0.0968 0.103 0.0896 0.084 0.062 0.0412 0.0224 0.0222 0.0206 0.023 0.0258 0.0264 0.0154 0.0242 0.0058 0.0078 
0 0 0 0 0 0 0 0 0 0 0 0 0 0 0.0002 0.0486 0.61 1.2916 1.4076 1.1586 0.865 0.6274 0.4584 0.3686 0.2902 0.1992 0.1354 0.1112 0.0862 0.078 0.0612 0.0488 0.0524 0.13 0.289 0.4482 0.5746 0.6504 0.6202 0.5546 0.4582 0.4104 0.3678 0.3338 0.2364 0.2104 0.1686 0.1138 0.1132 0.0788 0.08 0.1096 0.134 0.1802 0.2392 0.2796 0.322 0.3344 0.3342 0.3142 0.3144 0.2256 0.2186 0.194 0.175 0.16 0.1082 0.1006 0.0866 0.0752 0.0942 0.0854 0.0872 0.1132 0.129 0.133 0.1314 0.1534 0.1546 0.1552 0.1128 0.1156 0.107 0.0796 0.07 0.0868 0.0868 0.055 0.0402 0.04 0.0342 0.0412 0.0552 0.039 0.0256 0.0228 0.0144 0.0162 0.0146 0.0122 
0 0 0 0 0 0 0 0 0 0 0 0 0 0 0.0002 0.0614 0.656 1.3362 1.3994 1.0924 0.831 0.6498 0.4616 0.3608 0.2698 0.2082 0.1512 0.1184 0.096 0.068 0.0552 0.0408 0.0374 0.1212 0.2808 0.4738 0.5856 0.6082 0.6444 0.5924 0.5 0.4176 0.3824 0.3418 0.2502 0.1924 0.1394 0.1378 0.0988 0.0764 0.0576 0.0854 0.1338 0.1884 0.2196 0.2712 0.2992 0.3102 0.3234 0.3316 0.3254 0.3124 0.2436 0.188 0.1674 0.1264 0.1398 0.1168 0.0704 0.0702 0.0802 0.0674 0.0862 0.1012 0.111 0.1116 0.1274 0.1224 0.1272 0.1336 0.1552 0.1394 0.111 0.098 0.09 0.1012 0.0792 0.065 0.0504 0.0478 0.0474 0.038 0.0306 0.0234 0.0218 0.0152 0.0118 0.016 0.0148 0.0072 
0 0 0 0 0 0 0 0 0 0 0 0 0 0 0 0.0642 0.626 1.3018 1.3538 1.029 0.7914 0.632 0.4908 0.364 0.26 0.195 0.1744 0.1436 0.1022 0.077 0.078 0.0574 0.0574 0.149 0.3318 0.4574 0.516 0.6126 0.5788 0.482 0.4672 0.4226 0.3536 0.2742 0.2362 0.2144 0.1688 0.1378 0.1234 0.1072 0.1296 0.1348 0.164 0.2036 0.2282 0.267 0.3002 0.2724 0.3024 0.2874 0.2896 0.2362 0.2346 0.1886 0.142 0.1554 0.1314 0.1206 0.1198 0.1408 0.11 0.1078 0.1194 0.1104 0.1086 0.1112 0.1136 0.129 0.128 0.146 0.1154 0.1056 0.1184 0.1048 0.0748 0.0906 0.096 0.0798 0.059 0.062 0.0566 0.0404 0.0398 0.0462 0.0534 0.0378 0.0234 0.015 0.0204 0.0154 
0 0 0 0 0 0 0 0 0 0 0 0 0 0 0.0002 0.0556 0.5954 1.3478 1.5238 1.2318 0.8002 0.594 0.4472 0.3686 0.2694 0.1612 0.1116 0.1172 0.0738 0.0448 0.0398 0.0394 0.0596 0.1318 0.2688 0.5194 0.6466 0.6658 0.6322 0.5728 0.5502 0.462 0.3798 0.2652 0.1978 0.1586 0.1286 0.1092 0.0826 0.0688 0.0528 0.085 0.1334 0.219 0.2574 0.2746 0.3264 0.3432 0.3644 0.3704 0.3198 0.2408 0.2248 0.1888 0.1614 0.1172 0.104 0.0776 0.084 0.071 0.0754 0.0866 0.1022 0.1084 0.1056 0.1182 0.1414 0.1602 0.155 0.1412 0.108 0.1178 0.1052 0.0966 0.093 0.0828 0.0682 0.0596 0.0482 0.0376 0.0348 0.024 0.0202 0.0278 0.026 0.0236 0.0236 0.0264 0.0092 0.0118 
0 0 0 0 0 0 0 0 0 0 0 0 0 0 0 0.0378 0.5962 1.5086 1.6406 1.3224 0.845 0.5554 0.3888 0.2894 0.2064 0.1584 0.0824 0.0628 0.059 0.0536 0.0432 0.025 0.0286 0.103 0.3064 0.5516 0.8004 0.784 0.7016 0.5622 0.4504 0.376 0.3486 0.279 0.1756 0.1396 0.1024 0.0864 0.066 0.0356 0.0424 0.079 0.1536 0.2552 0.3092 0.3802 0.3692 0.3702 0.3124 0.2948 0.3208 0.2268 0.2302 0.1802 0.1448 0.0966 0.0828 0.0776 0.0592 0.0586 0.0576 0.083 0.1036 0.1358 0.1472 0.1594 0.142 0.1384 0.1426 0.1278 0.1286 0.148 0.097 0.0818 0.0766 0.072 0.0456 0.0408 0.0482 0.0338 0.0262 0.018 0.0294 0.028 0.0218 0.0084 0.0054 0.0052 0.006 0.007 
0 0 0 0 0 0 0 0 0 0 0 0 0 0 0 0.0552 0.585 1.344 1.4588 1.1146 0.8184 0.5924 0.4418 0.3332 0.2624 0.219 0.1624 0.1338 0.0988 0.0826 0.0474 0.0406 0.0422 0.1266 0.287 0.5054 0.6322 0.6198 0.5724 0.5316 0.47 0.4072 0.3826 0.3128 0.2358 0.218 0.1834 0.1472 0.097 0.087 0.0726 0.0914 0.1444 0.2316 0.2712 0.271 0.2776 0.319 0.299 0.2712 0.287 0.2426 0.2178 0.2022 0.21 0.1686 0.1282 0.1138 0.1084 0.1046 0.0814 0.0934 0.0974 0.0956 0.1062 0.1262 0.1284 0.119 0.113 0.1152 0.1166 0.1016 0.1122 0.0898 0.0974 0.0958 0.096 0.0858 0.0774 0.0682 0.0538 0.0428 0.0286 0.0268 0.0216 0.0262 0.0192 0.0192 0.015 0.0106 
0 0 0 0 0 0 0 0 0 0 0 0 0 0 0 0.0562 0.5734 1.3136 1.4814 1.1548 0.8466 0.6152 0.435 0.3294 0.2662 0.1996 0.1538 0.1176 0.0874 0.0756 0.0624 0.047 0.0716 0.1332 0.2844 0.4766 0.585 0.6512 0.6304 0.6042 0.4868 0.403 0.3712 0.3052 0.209 0.1686 0.1546 0.0962 0.108 0.089 0.0792 0.0976 0.1234 0.2128 0.2552 0.2942 0.3146 0.3394 0.3316 0.3256 0.2844 0.2758 0.2174 0.1908 0.1474 0.1472 0.1356 0.0994 0.0824 0.0898 0.0726 0.0746 0.0974 0.0912 0.1224 0.1296 0.1244 0.1546 0.1446 0.1174 0.1412 0.139 0.1018 0.0974 0.0884 0.084 0.0828 0.064 0.0632 0.0386 0.0326 0.0336 0.024 0.021 0.0262 0.017 0.0216 0.0168 0.0206 0.016 
0 0 0 0 0 0 0 0 0 0 0 0 0 0 0 0.0438 0.6034 1.3322 1.5342 1.1776 0.8716 0.6008 0.469 0.3318 0.2182 0.1598 0.1222 0.125 0.0902 0.0614 0.0388 0.0314 0.0624 0.126 0.2866 0.4874 0.6136 0.6644 0.6204 0.592 0.552 0.4122 0.333 0.2512 0.2224 0.1792 0.162 0.1116 0.096 0.0842 0.0832 0.1002 0.145 0.1886 0.243 0.3304 0.3444 0.3168 0.332 0.3004 0.2838 0.2246 0.1912 0.1902 0.1834 0.1312 0.119 0.1188 0.114 0.0952 0.0972 0.0856 0.1102 0.1354 0.1526 0.1116 0.1328 0.129 0.1184 0.1088 0.1066 0.1162 0.0854 0.086 0.0952 0.0788 0.0764 0.0678 0.0726 0.0582 0.0606 0.0532 0.0316 0.0248 0.0198 0.019 0.0164 0.0106 0.0054 0.0082 
0 0 0 0 0 0 0 0 0 0 0 0 0 0 0.0002 0.0678 0.6486 1.2802 1.3908 1.1618 0.889 0.6318 0.4644 0.3306 0.25 0.1988 0.1394 0.1204 0.1036 0.076 0.0416 0.0418 0.0482 0.1326 0.291 0.4622 0.5474 0.6602 0.6372 0.5496 0.4994 0.4162 0.3456 0.2822 0.257 0.2236 0.1658 0.1146 0.1094 0.0742 0.0666 0.0826 0.157 0.1932 0.241 0.276 0.2912 0.335 0.323 0.3216 0.2638 0.276 0.2636 0.2338 0.1738 0.1516 0.1082 0.0862 0.0666 0.0666 0.0812 0.0914 0.1014 0.0846 0.141 0.143 0.1568 0.1546 0.1266 0.1378 0.1294 0.1514 0.1232 0.0866 0.0714 0.0658 0.0574 0.0462 0.0416 0.0546 0.0606 0.0498 0.034 0.0226 0.0334 0.0412 0.0232 0.0116 0.0098 0.0048 
0 0 0 0 0 0 0 0 0 0 0 0 0 0 0 0.0556 0.6128 1.387 1.5244 1.1662 0.7998 0.6234 0.461 0.2898 0.2356 0.1936 0.1216 0.0896 0.0692 0.0676 0.0538 0.0496 0.056 0.1484 0.289 0.5054 0.679 0.662 0.5928 0.5864 0.5386 0.3742 0.3096 0.272 0.2116 0.1568 0.133 0.122 0.0992 0.0854 0.0882 0.1112 0.156 0.1886 0.2518 0.314 0.3456 0.3046 0.3506 0.335 0.272 0.2506 0.2358 0.1734 0.151 0.1362 0.1042 0.1 0.0866 0.0852 0.0766 0.0782 0.1048 0.123 0.129 0.1258 0.1186 0.164 0.164 0.1448 0.1254 0.109 0.11 0.092 0.097 0.0758 0.0488 0.0458 0.0422 0.0528 0.049 0.042 0.0302 0.0258 0.0216 0.0232 0.0236 0.0228 0.0186 0.0192 
0 0 0 0 0 0 0 0 0 0 0 0 0 0 0 0.0548 0.6178 1.366 1.4708 1.1816 0.8274 0.5312 0.4294 0.3476 0.2534 0.1868 0.1398 0.098 0.0864 0.071 0.0456 0.0534 0.063 0.1468 0.3022 0.4946 0.6302 0.6194 0.6236 0.525 0.4638 0.4448 0.3332 0.2606 0.2328 0.2078 0.144 0.118 0.1234 0.0924 0.0842 0.1162 0.1472 0.191 0.218 0.2704 0.3156 0.3292 0.321 0.3222 0.2776 0.2618 0.247 0.245 0.1556 0.1332 0.1122 0.0918 0.0854 0.072 0.0942 0.0854 0.089 0.079 0.1266 0.1322 0.1426 0.146 0.1274 0.159 0.1468 0.126 0.1212 0.1124 0.0978 0.0916 0.0668 0.0524 0.0476 0.038 0.0358 0.035 0.0216 0.03 0.0236 0.017 0.0202 0.0126 0.0114 0.0064 
0 0 0 0 0 0 0 0 0 0 0 0 0 0 0 0.0548 0.5898 1.3974 1.5106 1.1896 0.8754 0.6018 0.4418 0.3118 0.2214 0.1766 0.1168 0.0708 0.0664 0.068 0.0516 0.0598 0.0444 0.1132 0.3018 0.539 0.6572 0.6748 0.6402 0.584 0.4824 0.3962 0.3344 0.274 0.2062 0.1588 0.1158 0.0916 0.0862 0.0888 0.0874 0.0896 0.1662 0.237 0.2788 0.3304 0.3366 0.338 0.3334 0.3154 0.2678 0.255 0.205 0.1796 0.1374 0.1048 0.095 0.099 0.073 0.079 0.0946 0.1114 0.1222 0.1284 0.1436 0.139 0.1572 0.157 0.1698 0.13 0.1224 0.0942 0.0836 0.0724 0.0688 0.0724 0.0564 0.049 0.0624 0.0344 0.0448 0.051 0.045 0.0316 0.0326 0.0334 0.0286 0.013 0.012 0.0104 
0 0 0 0 0 0 0 0 0 0 0 0 0 0 0.0004 0.063 0.6284 1.343 1.384 1.0864 0.8138 0.615 0.4634 0.362 0.3072 0.206 0.143 0.118 0.1122 0.091 0.0792 0.0508 0.0486 0.1278 0.2944 0.4618 0.5822 0.5936 0.537 0.5266 0.5012 0.4308 0.3582 0.3056 0.2252 0.2002 0.1804 0.1712 0.1324 0.0882 0.1022 0.1324 0.1518 0.1904 0.2212 0.2726 0.2868 0.2808 0.3038 0.3034 0.25 0.2766 0.2302 0.1994 0.1798 0.1652 0.1424 0.116 0.119 0.1048 0.1046 0.0972 0.1116 0.102 0.0978 0.1204 0.1466 0.1476 0.1318 0.123 0.107 0.0976 0.113 0.091 0.083 0.0782 0.0782 0.0788 0.0626 0.0534 0.0542 0.0352 0.0388 0.0306 0.0354 0.035 0.0316 0.0092 0.01 0.0104 
0 0 0 0 0 0 0 0 0 0 0 0 0 0 0 0.0664 0.6302 1.3374 1.4296 1.1506 0.8334 0.6352 0.444 0.322 0.2424 0.1918 0.1484 0.1284 0.0844 0.0454 0.046 0.0558 0.061 0.1254 0.31 0.49 0.5836 0.641 0.6302 0.6018 0.5396 0.4104 0.3314 0.2912 0.2268 0.1858 0.1632 0.1352 0.1108 0.073 0.0666 0.0788 0.1438 0.1802 0.2332 0.2826 0.3244 0.363 0.3472 0.2908 0.2744 0.2556 0.2354 0.1982 0.1744 0.1506 0.1344 0.1034 0.1026 0.0772 0.0804 0.0776 0.0936 0.105 0.1062 0.1134 0.1348 0.1186 0.11 0.1162 0.1324 0.1226 0.1102 0.12 0.1294 0.0902 0.0834 0.0756 0.064 0.0522 0.044 0.0412 0.0346 0.025 0.0158 0.0128 0.0198 0.0128 0.0104 0.0086 
0 0 0 0 0 0 0 0 0 0 0 0 0 0 0 0.0738 0.621 1.3418 1.3632 1.1588 0.9262 0.647 0.4532 0.329 0.2026 0.1608 0.1384 0.1058 0.087 0.0838 0.0732 0.0428 0.054 0.1432 0.3006 0.484 0.581 0.651 0.6036 0.578 0.4818 0.4376 0.3476 0.2684 0.2216 0.1704 0.1662 0.1306 0.1014 0.0952 0.0986 0.119 0.1632 0.202 0.2478 0.263 0.3186 0.3414 0.3084 0.2654 0.249 0.2686 0.2338 0.2 0.1732 0.155 0.1272 0.112 0.0896 0.096 0.0958 0.0972 0.0928 0.0998 0.13 0.124 0.136 0.1302 0.1212 0.146 0.1238 0.108 0.1058 0.0948 0.1042 0.0608 0.0572 0.0528 0.066 0.0552 0.049 0.0422 0.0338 0.0382 0.0278 0.0222 0.0104 0.01 0.0126 0.013 
0 0 0 0 0 0 0 0 0 0 0 0 0 0 0 0.0584 0.5958 1.2496 1.4026 1.1338 0.8074 0.5814 0.3956 0.326 0.2746 0.207 0.1594 0.132 0.104 0.0866 0.0772 0.0646 0.0806 0.135 0.2662 0.443 0.604 0.6748 0.67 0.5616 0.4226 0.3766 0.3028 0.2492 0.2504 0.2008 0.1638 0.149 0.117 0.1134 0.1072 0.115 0.1588 0.1932 0.2432 0.2874 0.3262 0.3176 0.3324 0.2908 0.2456 0.2534 0.202 0.1802 0.1518 0.152 0.1316 0.1142 0.104 0.1076 0.1072 0.107 0.1192 0.1134 0.1282 0.1278 0.1362 0.1208 0.1174 0.126 0.1132 0.097 0.0944 0.0896 0.0864 0.1016 0.089 0.0504 0.0544 0.056 0.0656 0.0468 0.0394 0.0514 0.0414 0.0514 0.043 0.0274 0.0342 0.0238 
0 0 0 0 0 0 0 0 0 0 0 0 0 0 0 0.0468 0.6282 1.4258 1.557 1.2328 0.89 0.6754 0.4138 0.2848 0.2016 0.1568 0.1114 0.0792 0.0556 0.0436 0.0348 0.017 0.0358 0.1234 0.2948 0.5262 0.6894 0.6902 0.685 0.5812 0.5322 0.437 0.3422 0.2682 0.2292 0.167 0.1172 0.0894 0.063 0.0606 0.0512 0.0692 0.1282 0.203 0.2698 0.3122 0.34 0.3632 0.3678 0.3118 0.312 0.2512 0.2346 0.194 0.1618 0.1454 0.107 0.0896 0.063 0.045 0.058 0.0798 0.1034 0.0876 0.107 0.1318 0.1496 0.1648 0.1378 0.1234 0.137 0.135 0.1446 0.1142 0.0874 0.0622 0.0612 0.059 0.0552 0.0406 0.0272 0.0184 0.0118 0.0164 0.0182 0.017 0.0142 0.0106 0.0056 0.0022 
0 0 0 0 0 0 0 0 0 0 0 0 0 0 0.0006 0.0622 0.6146 1.4122 1.4448 1.1606 0.8514 0.5768 0.4266 0.3078 0.2278 0.1788 0.133 0.0924 0.0948 0.0598 0.0624 0.0526 0.0586 0.1436 0.3142 0.5306 0.6718 0.669 0.6034 0.5358 0.4802 0.4096 0.3172 0.2788 0.2024 0.1872 0.1526 0.1108 0.08 0.0682 0.0774 0.1072 0.1682 0.2396 0.2916 0.3042 0.3136 0.3024 0.304 0.3054 0.2988 0.2458 0.226 0.1998 0.1798 0.1274 0.0994 0.085 0.0836 0.084 0.0934 0.0828 0.1196 0.1198 0.1352 0.1398 0.102 0.1168 0.1258 0.1314 0.1234 0.1254 0.1134 0.1038 0.0804 0.0904 0.0692 0.0672 0.0578 0.0438 0.0452 0.0282 0.0244 0.0406 0.034 0.0296 0.0178 0.0232 0.0142 0.0126 
0 0 0 0 0 0 0 0 0 0 0 0 0 0 0.001 0.0838 0.5776 1.2104 1.3704 1.1114 0.8346 0.5948 0.4228 0.318 0.2596 0.2272 0.1762 0.1312 0.1054 0.0992 0.081 0.0798 0.0696 0.1542 0.3048 0.4538 0.5348 0.5652 0.5656 0.548 0.4622 0.3684 0.3122 0.3062 0.2596 0.2122 0.1622 0.1672 0.1384 0.1258 0.1272 0.1518 0.1686 0.1878 0.237 0.2724 0.2594 0.2998 0.2796 0.2586 0.24 0.2462 0.214 0.1842 0.1778 0.1728 0.1724 0.1606 0.135 0.103 0.1388 0.1098 0.1226 0.1174 0.0938 0.1028 0.0804 0.105 0.126 0.1126 0.118 0.1076 0.111 0.111 0.1166 0.0994 0.1022 0.0902 0.0852 0.0656 0.0432 0.0412 0.0308 0.027 0.0278 0.025 0.0198 0.0194 0.026 0.021 
0 0 0 0 0 0 0 0 0 0 0 0 0 0 0 0.0484 0.592 1.3588 1.4386 1.208 0.9202 0.663 0.453 0.333 0.2238 0.1752 0.131 0.0964 0.074 0.0704 0.0516 0.0318 0.0536 0.1272 0.2748 0.4534 0.5966 0.6554 0.6682 0.6086 0.5712 0.4554 0.3336 0.2716 0.2484 0.1698 0.1446 0.1076 0.0736 0.0882 0.0866 0.0732 0.1096 0.1886 0.2148 0.2594 0.3532 0.3654 0.3614 0.3108 0.292 0.2868 0.233 0.19 0.1782 0.1568 0.1276 0.1132 0.0854 0.0586 0.0712 0.0718 0.0706 0.0794 0.1102 0.1192 0.1588 0.1222 0.1194 0.1116 0.1328 0.129 0.1414 0.1244 0.1034 0.0974 0.0768 0.0674 0.0552 0.0458 0.0324 0.0328 0.0146 0.0144 0.0144 0.0098 0.011 0.0106 0.0166 0.0088 
0 0 0 0 0 0 0 0 0 0 0 0 0 0 0 0.0592 0.6232 1.3166 1.4168 1.1698 0.8926 0.631 0.4512 0.3228 0.2606 0.1574 0.1376 0.0926 0.0916 0.0832 0.0686 0.066 0.0702 0.1382 0.2764 0.4246 0.6144 0.6568 0.6112 0.5846 0.5052 0.4248 0.3416 0.2776 0.189 0.1622 0.158 0.125 0.1238 0.1084 0.0932 0.1246 0.1516 0.1928 0.236 0.2874 0.3264 0.3288 0.2908 0.3022 0.281 0.2364 0.2174 0.1862 0.1858 0.1638 0.1188 0.108 0.0992 0.1006 0.0926 0.102 0.0966 0.1248 0.1188 0.1144 0.1166 0.145 0.1298 0.1146 0.112 0.1056 0.1224 0.1248 0.094 0.1092 0.0744 0.0704 0.0608 0.0506 0.043 0.0392 0.0414 0.026 0.0144 0.0178 0.0084 0.0076 0.0116 0.0074 
0 0 0 0 0 0 0 0 0 0 0 0 0 0 0.0002 0.0656 0.5858 1.3272 1.3794 1.1208 0.8378 0.6166 0.5186 0.3698 0.2604 0.2018 0.1768 0.1354 0.0926 0.0862 0.0662 0.0448 0.047 0.1124 0.292 0.474 0.5702 0.6022 0.5456 0.5194 0.455 0.4044 0.3652 0.319 0.259 0.2218 0.1696 0.157 0.1376 0.1212 0.0972 0.1176 0.1608 0.2032 0.2406 0.2552 0.305 0.2676 0.2768 0.2684 0.2568 0.2704 0.2184 0.2122 0.1792 0.1522 0.1516 0.1442 0.1232 0.115 0.0982 0.1096 0.1258 0.1004 0.1046 0.1104 0.12 0.1124 0.1236 0.1218 0.126 0.112 0.0882 0.0924 0.0798 0.0944 0.1088 0.0818 0.0622 0.0566 0.0474 0.0458 0.0478 0.028 0.0202 0.018 0.016 0.0138 0.0158 0.0166 
0 0 0 0 0 0 0 0 0 0 0 0 0 0 0 0.058 0.6196 1.332 1.4456 1.237 0.8488 0.6076 0.4486 0.3208 0.239 0.1808 0.1342 0.1156 0.1012 0.066 0.0558 0.032 0.0582 0.1332 0.3002 0.4974 0.61 0.635 0.6322 0.5664 0.4766 0.391 0.3094 0.2752 0.2096 0.1858 0.1584 0.1252 0.1244 0.0976 0.0896 0.1132 0.1596 0.1844 0.251 0.3 0.3456 0.3538 0.3164 0.3192 0.2564 0.2362 0.188 0.173 0.1424 0.1372 0.1484 0.0998 0.0926 0.0926 0.0994 0.0896 0.091 0.1258 0.165 0.1484 0.1414 0.1502 0.131 0.118 0.1034 0.1014 0.0908 0.1054 0.0856 0.0712 0.0848 0.0838 0.0578 0.038 0.0514 0.035 0.0332 0.0228 0.0282 0.0272 0.0146 0.012 0.0054 0.0042 
0 0 0 0 0 0 0 0 0 0 0 0 0 0 0 0.0652 0.6144 1.4102 1.5108 1.1646 0.8676 0.5902 0.4308 0.3524 0.245 0.1774 0.1176 0.086 0.0776 0.073 0.0544 0.0486 0.0544 0.1232 0.302 0.5094 0.6194 0.6722 0.6422 0.6174 0.5428 0.4406 0.3882 0.2446 0.1742 0.1524 0.1326 0.101 0.0974 0.0836 0.0746 0.08 0.1214 0.2036 0.281 0.3322 0.327 0.3238 0.3598 0.3522 0.2998 0.243 0.1894 0.1654 0.1516 0.1416 0.1084 0.0892 0.0874 0.0714 0.0772 0.0782 0.1012 0.1046 0.1074 0.119 0.1414 0.1502 0.15 0.1454 0.152 0.1062 0.1016 0.0916 0.0732 0.0672 0.0728 0.0644 0.053 0.0444 0.0298 0.0228 0.0178 0.0198 0.0198 0.0216 0.0266 0.0206 0.0082 0.0096 
0 0 0 0 0 0 0 0 0 0 0 0 0 0 0.0002 0.0532 0.5898 1.3718 1.5484 1.2178 0.8004 0.559 0.4084 0.2904 0.1764 0.1546 0.133 0.1062 0.0918 0.0784 0.0684 0.05 0.0662 0.1426 0.3046 0.5286 0.7196 0.6948 0.5956 0.5448 0.482 0.398 0.272 0.2324 0.1992 0.1662 0.1336 0.132 0.1012 0.0878 0.087 0.1018 0.1496 0.23 0.3058 0.3542 0.3346 0.3392 0.318 0.2858 0.26 0.2276 0.189 0.1786 0.1412 0.1212 0.1302 0.0902 0.0928 0.083 0.0932 0.1056 0.12 0.1184 0.1394 0.1468 0.1384 0.1558 0.1276 0.122 0.1198 0.1098 0.0968 0.0916 0.0908 0.0704 0.0668 0.0542 0.0504 0.0538 0.048 0.0558 0.0528 0.0294 0.0236 0.016 0.017 0.029 0.0202 0.012 
0 0 0 0 0 0 0 0 0 0 0 0 0 0 0.0006 0.066 0.627 1.3302 1.456 1.1778 0.8804 0.5858 0.4194 0.2928 0.2252 0.2154 0.1412 0.1 0.0802 0.0796 0.0674 0.0456 0.0578 0.144 0.3078 0.513 0.5754 0.6356 0.6344 0.5842 0.4708 0.3732 0.3254 0.2652 0.2414 0.1886 0.174 0.149 0.1296 0.1114 0.0844 0.112 0.1584 0.2114 0.227 0.2988 0.328 0.3036 0.2912 0.318 0.262 0.2098 0.167 0.1686 0.1768 0.1656 0.1434 0.1422 0.117 0.0988 0.1026 0.1028 0.1242 0.1176 0.1286 0.1218 0.1386 0.139 0.1164 0.111 0.1058 0.0936 0.1078 0.1044 0.0802 0.073 0.0766 0.0576 0.0542 0.0554 0.05 0.0376 0.0388 0.041 0.0136 0.015 0.0122 0.013 0.0132 0.017 
0 0 0 0 0 0 0 0 0 0 0 0 0 0 0 0.0564 0.5812 1.416 1.511 1.196 0.7846 0.5864 0.4076 0.2948 0.208 0.1828 0.1286 0.1324 0.092 0.071 0.0726 0.0624 0.0564 0.1394 0.3132 0.5166 0.6704 0.6886 0.6548 0.5532 0.4694 0.3718 0.2538 0.2136 0.2028 0.1688 0.1522 0.1412 0.1186 0.111 0.1092 0.106 0.1604 0.2144 0.3174 0.3344 0.3326 0.3534 0.3354 0.254 0.2196 0.1848 0.1842 0.1504 0.1488 0.1338 0.1236 0.1282 0.1088 0.114 0.117 0.1218 0.1436 0.1374 0.1244 0.1188 0.1512 0.1352 0.1308 0.118 0.107 0.0844 0.0792 0.0846 0.0882 0.068 0.0774 0.072 0.0608 0.0438 0.035 0.0444 0.0322 0.0264 0.0254 0.0184 0.0278 0.0252 0.0124 0.016 
0 0 0 0 0 0 0 0 0 0 0 0 0 0 0.0004 0.0442 0.5988 1.4496 1.5846 1.2624 0.9002 0.6094 0.4328 0.3214 0.1978 0.1478 0.098 0.0888 0.0758 0.0438 0.0348 0.0402 0.0328 0.1178 0.3118 0.5286 0.6922 0.7246 0.687 0.6336 0.55 0.4256 0.34 0.245 0.1594 0.1216 0.116 0.0806 0.0612 0.0654 0.0598 0.0898 0.1336 0.212 0.2704 0.3272 0.3664 0.413 0.3834 0.3682 0.2934 0.2466 0.2084 0.144 0.1234 0.095 0.0902 0.0802 0.057 0.0622 0.0686 0.0826 0.1098 0.1086 0.1202 0.1432 0.14 0.193 0.166 0.1298 0.1074 0.1088 0.1172 0.0904 0.0622 0.0512 0.056 0.0546 0.0502 0.0336 0.0298 0.0256 0.0254 0.0244 0.0298 0.0124 0.0022 0.001 0.0012 0.0014 
0 0 0 0 0 0 0 0 0 0 0 0 0 0 0 0.0572 0.5954 1.4022 1.5072 1.2124 0.895 0.6292 0.4042 0.257 0.21 0.163 0.1278 0.1118 0.0962 0.0704 0.0442 0.0428 0.0662 0.1268 0.2978 0.5152 0.6178 0.6816 0.6574 0.5314 0.4788 0.391 0.3582 0.2672 0.2046 0.173 0.1426 0.14 0.1042 0.1006 0.078 0.1018 0.1412 0.206 0.288 0.3084 0.333 0.325 0.3116 0.3 0.268 0.248 0.2154 0.1936 0.1572 0.1392 0.1112 0.1068 0.0896 0.08 0.0692 0.0932 0.1084 0.1108 0.1368 0.1494 0.1554 0.1396 0.1212 0.1178 0.1344 0.118 0.111 0.0956 0.073 0.0712 0.064 0.0562 0.0444 0.051 0.0484 0.0488 0.0378 0.0198 0.0194 0.018 0.0154 0.0216 0.0164 0.0096 
0 0 0 0 0 0 0 0 0 0 0 0 0 0 0 0.041 0.5986 1.4952 1.5746 1.2074 0.8298 0.5858 0.4312 0.295 0.2206 0.164 0.1212 0.0758 0.0726 0.0634 0.052 0.0348 0.0456 0.1224 0.3044 0.5542 0.6974 0.7492 0.6338 0.5982 0.4518 0.3874 0.329 0.2776 0.2106 0.1404 0.1278 0.0898 0.0756 0.072 0.0598 0.1042 0.143 0.264 0.2848 0.3274 0.3628 0.3792 0.3308 0.29 0.2874 0.2104 0.196 0.1654 0.1626 0.1308 0.1012 0.0684 0.0638 0.0832 0.085 0.1134 0.1226 0.1276 0.1146 0.1302 0.1298 0.163 0.146 0.1312 0.1082 0.108 0.1212 0.092 0.0798 0.064 0.057 0.0584 0.056 0.029 0.0224 0.0276 0.04 0.0162 0.0146 0.014 0.019 0.0144 0.0148 0.0106 
0 0 0 0 0 0 0 0 0 0 0 0 0 0 0 0.0562 0.6672 1.3796 1.344 1.1584 0.8454 0.6276 0.4654 0.3252 0.2356 0.183 0.1664 0.1284 0.0836 0.0866 0.0662 0.0658 0.0674 0.1508 0.3216 0.4746 0.5742 0.5964 0.611 0.5854 0.4736 0.408 0.307 0.2808 0.2186 0.1946 0.146 0.1434 0.1502 0.113 0.1238 0.1008 0.1356 0.1768 0.2412 0.3344 0.325 0.331 0.3202 0.2962 0.25 0.232 0.217 0.1608 0.1438 0.151 0.121 0.1226 0.0982 0.1132 0.09 0.0916 0.1092 0.147 0.1222 0.1538 0.14 0.122 0.1092 0.104 0.1162 0.1164 0.097 0.0926 0.0918 0.0912 0.0822 0.0606 0.058 0.0536 0.0412 0.0416 0.0348 0.017 0.0108 0.0116 0.0106 0.0112 0.011 0.0098 
0 0 0 0 0 0 0 0 0 0 0 0 0 0 0 0.0622 0.6146 1.3644 1.525 1.2064 0.852 0.5938 0.4178 0.2978 0.1786 0.16 0.1254 0.0834 0.0672 0.0608 0.0678 0.063 0.07 0.1402 0.3508 0.5018 0.6588 0.6644 0.6348 0.6072 0.495 0.3394 0.2832 0.2274 0.211 0.1738 0.1406 0.1104 0.087 0.0808 0.0848 0.1156 0.1646 0.22 0.2648 0.3126 0.3618 0.3908 0.3362 0.311 0.2736 0.2428 0.1912 0.156 0.1578 0.1102 0.096 0.0834 0.0768 0.0696 0.0794 0.076 0.0978 0.1172 0.1302 0.1552 0.1724 0.1918 0.1516 0.1378 0.1112 0.1142 0.1162 0.0856 0.0862 0.0704 0.0632 0.0496 0.0484 0.0368 0.0314 0.0272 0.0228 0.0248 0.0274 0.0354 0.0378 0.0208 0.0136 0.0272 
0 0 0 0 0 0 0 0 0 0 0 0 0 0 0 0.0514 0.644 1.3512 1.382 1.1636 0.8456 0.6664 0.4954 0.3442 0.2426 0.1878 0.1458 0.1044 0.0936 0.0522 0.0452 0.0322 0.0406 0.1242 0.2904 0.4044 0.5652 0.647 0.7414 0.6338 0.5202 0.4272 0.3686 0.293 0.2188 0.1624 0.134 0.123 0.0888 0.0662 0.0712 0.0852 0.1262 0.1742 0.2356 0.2764 0.3544 0.349 0.3552 0.3036 0.282 0.2836 0.2616 0.2188 0.18 0.1282 0.0986 0.072 0.0758 0.082 0.07 0.087 0.0774 0.1062 0.123 0.12 0.1202 0.1422 0.141 0.1466 0.138 0.1342 0.1086 0.1138 0.1164 0.0814 0.0698 0.0476 0.0414 0.0388 0.0276 0.0246 0.027 0.02 0.026 0.0248 0.0154 0.0164 0.016 0.0154 
0 0 0 0 0 0 0 0 0 0 0 0 0 0 0.001 0.0554 0.6064 1.2856 1.4372 1.1676 0.8248 0.5788 0.4384 0.3272 0.262 0.1944 0.1532 0.1624 0.1308 0.087 0.0652 0.073 0.0546 0.1126 0.2744 0.4734 0.564 0.6224 0.5982 0.5982 0.4584 0.417 0.3186 0.2826 0.224 0.2152 0.1802 0.1522 0.1304 0.1132 0.102 0.0864 0.1286 0.1908 0.2312 0.2538 0.3136 0.3222 0.3306 0.3146 0.2936 0.2304 0.2064 0.1976 0.1696 0.1534 0.135 0.1276 0.114 0.1222 0.1006 0.0874 0.08 0.0844 0.1072 0.1302 0.1258 0.1422 0.149 0.1286 0.1084 0.0962 0.1026 0.1072 0.1102 0.107 0.0792 0.0676 0.064 0.0558 0.044 0.0368 0.0288 0.0232 0.025 0.0212 0.0166 0.0248 0.0272 0.015 
