0.03 0.09 0.15 0.21 0.27 0.33 0.39 0.45 0.51 0.57 0.63 0.69 0.75 0.81 0.87 0.93 0.99 1.05 1.11 1.17 1.23 1.29 1.35 1.41 1.47 1.53 1.59 1.65 1.71 1.77 1.83 1.89 1.95 2.01 2.07 2.13 2.19 2.25 2.31 2.37 2.43 2.49 2.55 2.61 2.67 2.73 2.79 2.85 2.91 2.97 3.03 3.09 3.15 3.21 3.27 3.33 3.39 3.45 3.51 3.57 3.63 3.69 3.75 3.81 3.87 3.93 3.99 4.05 4.11 4.17 4.23 4.29 4.35 4.41 4.47 4.53 4.59 4.65 4.71 4.77 4.83 4.89 4.95 5.01 5.07 5.13 5.19 5.25 5.31 5.37 5.43 5.49 5.55 5.61 5.67 5.73 5.79 5.85 5.91 5.97 
0 0 0 0 0 0 0 0 0 0 0 0 0 0 0 0.0002 0.233 3.6992 5.1506 2.4088 0.7432 0.2816 0.071 0.0084 0.0054 0 0 0 0 0 0 0 0 0.0138 0.4706 2.4122 3.3902 2.4194 1.308 0.5234 0.1888 0.0612 0.0136 0 0 0 0 0 0 0 0.001 0.0378 0.443 1.6234 2.3224 2.0604 1.4212 0.6778 0.2676 0.1192 0.0272 0 0 0 0 0 0 0 0.0022 0.045 0.3004 1.037 1.5936 1.5958 1.307 0.7912 0.3528 0.1226 0.0382 0.0128 0.0022 0 0 0 0 0 0.0022 0.0226 0.157 0.5588 0.9612 1.0976 1.0974 0.7812 0.4748 0.1618 0.0526 0.0242 0.008 0.0012 
0 0 0 0 0 0 0 0 0 0 0 0 0 0 0 0 0.2292 4.1908 5.5546 2.6884 0.8908 0.2812 0.1012 0.048 0.01 0.0058 0 0 0 0 0 0 0 0.0134 0.5398 2.6608 3.661 2.6816 1.4574 0.635 0.2454 0.0678 0.0236 0.0096 0.0046 0 0 0 0 0 0.001 0.0378 0.5188 1.7548 2.6082 2.2438 1.5316 0.7798 0.3492 0.1178 0.0338 0.0162 0.0072 0 0 0 0 0 0.002 0.0388 0.3546 1.1094 1.725 1.9038 1.354 0.849 0.4024 0.169 0.0456 0.0264 0.0112 0.0062 0.0026 0 0 0 0.003 0.016 0.204 0.5666 1.0144 1.3116 1.2232 0.8638 0.4298 0.2064 0.0984 0.0314 0.0178 0.0114 
0 0 0 0 0 0 0 0 0 0 0 0 0 0 0 0 0.2682 4.236 5.5954 2.6408 0.8994 0.2522 0.088 0.0158 0.0042 0 0 0 0 0 0 0 0 0.022 0.6088 2.61 3.7452 2.8176 1.373 0.544 0.1948 0.0612 0.0234 0 0 0 0 0 0 0 0 0.0716 0.5672 1.6976 2.6488 2.4488 1.4856 0.6656 0.279 0.1034 0.0276 0.0048 0 0 0 0 0 0 0.0052 0.0602 0.4004 1.116 1.7942 1.9422 1.3632 0.7718 0.343 0.15 0.039 0.0148 0 0 0 0 0 0 0 0.0322 0.1934 0.6124 1.1608 1.3288 1.1674 0.794 0.4102 0.2258 0.051 0.0194 0.0042 0.0004 
0 0 0 0 0 0 0 0 0 0 0 0 0 0 0 0 0.233 4.0866 5.79 2.4968 0.9008 0.255 0.124 0.0726 0.03 0.009 0.0022 0 0 0 0 0 0 0.0078 0.507 2.562 3.9446 2.6788 1.318 0.5496 0.2318 0.1144 0.048 0.032 0.006 0 0 0 0 0 0 0.0294 0.461 1.708 2.7292 2.3484 1.4948 0.6522 0.3176 0.1432 0.0618 0.036 0.0184 0 0 0 0 0 0 0.0452 0.3026 1.0138 1.894 1.8574 1.4414 0.7956 0.3384 0.1744 0.08 0.0354 0.0192 0.0026 0 0 0 0 0 0.0126 0.147 0.563 1.1192 1.2698 1.198 0.8748 0.4122 0.212 0.118 0.0486 0.0202 0.0046 
0 0 0 0 0 0 0 0 0 0 0 0 0 0 0 0 0.2246 4.0694 5.8458 2.6274 0.829 0.2574 0.0982 0.0294 0.011 0.0078 0 0 0 0 0 0 0 0.014 0.5096 2.4952 3.9512 2.7608 1.382 0.5598 0.2024 0.0776 0.0224 0.0216 0.0034 0 0 0 0 0 0 0.045 0.4358 1.6812 2.6478 2.5352 1.4512 0.7274 0.28 0.1206 0.0444 0.0204 0.007 0.004 0 0 0 0 0.002 0.03 0.297 1.0666 1.786 1.9758 1.44 0.787 0.3596 0.1676 0.0546 0.0226 0.0084 0.0028 0 0 0 0 0 0.014 0.1088 0.561 1.103 1.3778 1.2644 0.773 0.4556 0.2032 0.0892 0.0366 0.0134 0 
0 0 0 0 0 0 0 0 0 0 0 0 0 0 0 0 0.2892 4.1758 5.6644 2.593 0.8754 0.2704 0.1032 0.0286 0 0 0 0 0 0 0 0 0 0.0152 0.6122 2.6768 3.7068 2.6982 1.3798 0.5552 0.257 0.0798 0.0148 0.0042 0 0 0 0 0 0 0.0024 0.0676 0.6028 1.6942 2.5574 2.3616 1.428 0.7718 0.351 0.1174 0.0412 0.0046 0 0 0 0 0 0 0.0044 0.0788 0.4306 1.1006 1.7276 1.8274 1.3092 0.8284 0.4258 0.1776 0.0712 0.018 0.0004 0 0 0 0 0 0.0046 0.0564 0.2436 0.614 1.0038 1.311 1.1 0.8164 0.447 0.2482 0.1138 0.0342 0.007 0 
0 0 0 0 0 0 0 0 0 0 0 0 0 0 0 0 0.2566 4.3064 5.7996 2.4798 0.7834 0.261 0.0788 0.0194 0.0078 0.0072 0 0 0 0 0 0 0 0.0316 0.68 2.6996 3.8896 2.6498 1.2518 0.4766 0.2142 0.0638 0.0302 0.0108 0.002 0 0 0 0 0 0.0038 0.0792 0.6052 1.8912 2.6834 2.295 1.377 0.6552 0.267 0.094 0.0306 0.0156 0.0028 0 0 0 0 0 0.0092 0.0888 0.4006 1.228 1.9068 1.8464 1.2592 0.7306 0.3154 0.1378 0.0526 0.0208 0.0038 0 0 0 0 0.0012 0.0064 0.0584 0.2234 0.6968 1.1828 1.3144 1.1188 0.7206 0.3902 0.1652 0.0794 0.0308 0.0116 0 
0 0 0 0 0 0 0 0 0 0 0 0 0 0 0 0 0.2646 4.4912 5.9822 2.3494 0.6504 0.1832 0.0488 0.0278 0.0024 0 0 0 0 0 0 0 0 0.0206 0.6928 2.955 3.9748 2.619 1.1746 0.376 0.1264 0.0552 0.0056 0 0 0 0 0 0 0 0.0006 0.0838 0.715 2.0054 2.8272 2.2344 1.2792 0.5424 0.23 0.0646 0.0152 0.0022 0 0 0 0 0 0 0.0114 0.099 0.5434 1.3922 1.898 1.843 1.152 0.6504 0.2962 0.0818 0.0304 0.0022 0 0 0 0 0 0.0024 0.0136 0.0664 0.3346 0.8408 1.2042 1.3236 1.029 0.6208 0.3776 0.1372 0.0394 0.0104 0 0 
0 0 0 0 0 0 0 0 0 0 0 0 0 0 0 0 0.2332 4.3318 5.973 2.4886 0.7284 0.1982 0.0454 0.0014 0 0 0 0 0 0 0 0 0 0.0332 0.6282 2.7538 3.9914 2.6732 1.2458 0.4792 0.154 0.0328 0.0084 0 0 0 0 0 0 0 0.0098 0.0768 0.5728 1.9158 2.836 2.2924 1.3436 0.6214 0.2462 0.0566 0.025 0.0036 0 0 0 0 0 0.0052 0.0146 0.0786 0.4132 1.2342 1.9212 1.9136 1.3432 0.6612 0.2704 0.1056 0.0312 0.0078 0 0 0 0 0.0028 0.0054 0.008 0.0658 0.2282 0.6968 1.1476 1.4098 1.1942 0.683 0.346 0.135 0.0546 0.021 0.0018 0 
0 0 0 0 0 0 0 0 0 0 0 0 0 0 0 0 0.2786 4.5626 5.694 2.2862 0.7624 0.2624 0.0862 0.043 0.0194 0.0024 0.0028 0 0 0 0 0 0 0.0272 0.6616 3.0094 3.9358 2.496 1.12 0.456 0.169 0.087 0.0262 0.0072 0.0046 0 0 0 0 0 0.0062 0.0892 0.699 2.0478 2.7678 2.2476 1.2388 0.5054 0.2398 0.088 0.0466 0.0162 0.0076 0 0 0 0 0.0034 0.0076 0.1038 0.5144 1.3404 1.9536 1.872 1.1386 0.6124 0.2348 0.1258 0.065 0.0184 0.0084 0.0014 0 0 0 0.0028 0.0172 0.066 0.2678 0.7736 1.2968 1.4016 0.9836 0.6506 0.2872 0.129 0.0782 0.0298 0.0102 0.0056 
0 0 0 0 0 0 0 0 0 0 0 0 0 0 0 0.0002 0.2616 4.1324 5.614 2.6438 0.9416 0.2974 0.0782 0.0308 0 0 0 0 0 0 0 0 0 0.0278 0.6286 2.5538 3.6666 2.6584 1.463 0.6498 0.2576 0.081 0.0108 0.0026 0 0 0 0 0 0 0.0042 0.0842 0.5514 1.7098 2.591 2.1522 1.5276 0.7674 0.3956 0.1648 0.0384 0.0116 0.0018 0 0 0 0 0 0.0106 0.0918 0.41 1.0674 1.7616 1.7172 1.3724 0.8134 0.4234 0.204 0.1006 0.0204 0.0072 0 0 0 0 0 0.0128 0.0568 0.229 0.621 1.007 1.1982 1.1184 0.809 0.485 0.2434 0.1466 0.0498 0.0158 0.0032 
0 0 0 0 0 0 0 0 0 0 0 0 0 0 0 0 0.2278 4.0588 5.7636 2.6078 0.916 0.309 0.0922 0.0238 0.001 0 0 0 0 0 0 0 0 0.024 0.5056 2.5892 3.6778 2.8434 1.3444 0.6102 0.2678 0.1198 0.0178 0 0 0 0 0 0 0 0.0024 0.0386 0.5114 1.6632 2.5964 2.3918 1.4572 0.7786 0.3136 0.1698 0.0614 0.0118 0.0038 0 0 0 0 0 0.0016 0.0496 0.3162 1.0768 1.791 1.8166 1.393 0.8484 0.3968 0.1952 0.0718 0.0296 0.0134 0 0 0 0 0 0.003 0.0276 0.1858 0.5636 0.9788 1.33 1.189 0.8256 0.489 0.2486 0.0992 0.0362 0.0178 0.0058 
0 0 0 0 0 0 0 0 0 0 0 0 0 0 0 0 0.2464 4.1608 5.736 2.667 0.8686 0.2284 0.0694 0.0174 0.006 0 0 0 0 0 0 0 0 0.0178 0.5384 2.6336 3.82 2.7842 1.4038 0.5374 0.1808 0.0522 0.0244 0.0074 0 0 0 0 0 0 0.0022 0.05 0.5266 1.739 2.7296 2.2494 1.507 0.7626 0.29 0.0966 0.031 0.0132 0.0028 0 0 0 0 0 0.0028 0.0528 0.3948 1.0824 1.8292 1.8396 1.381 0.7956 0.4108 0.1498 0.0446 0.0122 0.0044 0 0 0 0 0 0.003 0.0386 0.23 0.6002 1.099 1.2374 1.1304 0.8406 0.5196 0.2202 0.0582 0.018 0.0048 0 
0 0 0 0 0 0 0 0 0 0 0 0 0 0 0 0.0004 0.2466 4.0342 5.5792 2.6216 1.002 0.3544 0.1192 0.0296 0.0096 0.0032 0 0 0 0 0 0 0 0.0248 0.5416 2.5326 3.654 2.7238 1.4142 0.6442 0.2806 0.1062 0.0528 0.024 0.0012 0 0 0 0 0 0.001 0.0712 0.5244 1.6108 2.5088 2.2816 1.5302 0.8406 0.3742 0.1594 0.051 0.0362 0.0098 0.0008 0 0 0 0 0.0082 0.058 0.3782 1.0222 1.6128 1.7602 1.3946 0.9472 0.4884 0.1886 0.0848 0.039 0.0114 0.0064 0 0 0 0.0018 0.0052 0.0328 0.2216 0.5292 0.952 1.1844 1.1568 0.8866 0.5574 0.2686 0.125 0.0526 0.0204 0.0056 
0 0 0 0 0 0 0 0 0 0 0 0 0 0 0 0 0.2242 4.395 5.8762 2.501 0.7292 0.1966 0.0572 0.0166 0.004 0 0 0 0 0 0 0 0 0.0122 0.5766 2.8438 3.9892 2.6926 1.2776 0.393 0.1542 0.0392 0.0168 0.0028 0.002 0 0 0 0 0 0.0026 0.0644 0.5698 1.9542 2.7296 2.3662 1.3782 0.589 0.2444 0.0784 0.0124 0.0094 0.0014 0 0 0 0 0 0.0098 0.067 0.4202 1.2478 1.9842 1.8246 1.2782 0.7342 0.2802 0.1098 0.0304 0.0106 0.003 0 0 0 0 0 0.0074 0.0586 0.2178 0.7028 1.2758 1.2842 1.1178 0.7196 0.3878 0.1688 0.0368 0.0166 0.006 0 
0 0 0 0 0 0 0 0 0 0 0 0 0 0 0 0 0.2614 4.2084 5.7292 2.4848 0.8786 0.2844 0.1124 0.0372 0.0036 0 0 0 0 0 0 0 0 0.0162 0.6174 2.5688 3.814 2.7338 1.3834 0.5148 0.2406 0.0852 0.0176 0.0082 0 0 0 0 0 0 0.001 0.0618 0.5978 1.6784 2.619 2.35 1.5194 0.7444 0.2718 0.1206 0.0286 0.0072 0 0 0 0 0 0 0.0026 0.0804 0.409 1.061 1.778 1.8246 1.4646 0.8042 0.3798 0.1556 0.0368 0.0034 0 0 0 0 0 0 0 0.0438 0.2182 0.5992 1.037 1.304 1.198 0.8152 0.4894 0.2142 0.0698 0.0112 0 0 
0 0 0 0 0 0 0 0 0 0 0 0 0 0 0 0 0.2318 4.3164 5.8296 2.528 0.7816 0.254 0.0454 0.0132 0 0 0 0 0 0 0 0 0 0.0192 0.6462 2.8126 3.7558 2.786 1.2636 0.5076 0.1612 0.0352 0.0082 0.0038 0.0006 0 0 0 0 0 0.0048 0.0738 0.6278 1.9122 2.6376 2.3228 1.3846 0.7056 0.2418 0.0732 0.0098 0.006 0 0 0 0 0 0 0.0104 0.0944 0.4682 1.2318 1.7542 1.8636 1.3726 0.773 0.3116 0.0898 0.0268 0.0036 0 0 0 0 0 0 0.0104 0.0764 0.3102 0.6466 1.0952 1.2854 1.1448 0.8114 0.4176 0.1454 0.0476 0.009 0 0 
0 0 0 0 0 0 0 0 0 0 0 0 0 0 0 0 0.305 4.5366 5.523 2.5982 0.7308 0.1966 0.074 0.0258 0.0084 0.0016 0 0 0 0 0 0 0 0.03 0.7258 2.9108 3.7454 2.6206 1.2842 0.441 0.1478 0.0608 0.0258 0.0058 0.002 0 0 0 0 0 0.0004 0.095 0.7142 1.9312 2.6696 2.3638 1.2682 0.579 0.2246 0.1026 0.0378 0.0092 0.0044 0 0 0 0 0 0.0066 0.1186 0.4948 1.2636 1.8666 1.889 1.2638 0.6152 0.302 0.117 0.0406 0.0168 0.0054 0 0 0 0 0 0.0138 0.0818 0.283 0.6526 1.2778 1.3594 1.0834 0.6312 0.3756 0.162 0.056 0.017 0.0026 0.0038 
0 0 0 0 0 0 0 0 0 0 0 0 0 0 0 0 0.2522 4.3786 5.7718 2.4552 0.8074 0.243 0.08 0.0118 0 0 0 0 0 0 0 0 0 0.0166 0.5992 2.8884 3.8432 2.573 1.3314 0.463 0.1924 0.0592 0.02 0.006 0.0042 0.0034 0 0 0 0 0.0042 0.0512 0.6132 1.908 2.8112 2.1454 1.419 0.6586 0.2378 0.11 0.023 0.0076 0.006 0.0048 0 0 0 0 0.0066 0.0642 0.4238 1.268 1.9568 1.7394 1.2794 0.7452 0.3306 0.1294 0.0358 0.012 0.0026 0.0062 0 0 0 0 0.0068 0.0478 0.2326 0.7408 1.2078 1.2242 1.118 0.7562 0.3864 0.1798 0.0614 0.0234 0.0094 0.0054 
0 0 0 0 0 0 0 0 0 0 0 0 0 0 0 0 0.2492 4.3892 5.6818 2.3778 0.8166 0.3158 0.118 0.046 0.0056 0 0 0 0 0 0 0 0 0.0228 0.6412 2.7834 3.8788 2.6254 1.1984 0.4868 0.2272 0.1066 0.0286 0.0008 0 0 0 0 0 0 0.0014 0.068 0.6434 1.8834 2.7406 2.224 1.373 0.6026 0.2778 0.136 0.0362 0.0088 0.0048 0 0 0 0 0 0.0046 0.0906 0.446 1.2234 1.886 1.834 1.2764 0.698 0.3344 0.1352 0.0466 0.014 0.0078 0.003 0 0 0 0 0.0032 0.0596 0.259 0.6564 1.203 1.314 1.1044 0.7272 0.376 0.1748 0.0812 0.0266 0.014 0.0006 
0 0 0 0 0 0 0 0 0 0 0 0 0 0 0 0 0.2762 4.2646 5.7834 2.5644 0.8218 0.218 0.0626 0.007 0.002 0 0 0 0 0 0 0 0 0.0342 0.6228 2.7348 3.852 2.6634 1.4076 0.4844 0.1406 0.0458 0.0144 0 0 0 0 0 0 0 0.0044 0.0662 0.618 1.7632 2.7654 2.3822 1.4124 0.6514 0.236 0.0738 0.0228 0.0042 0 0 0 0 0 0 0.005 0.08 0.4116 1.1534 1.9288 1.899 1.363 0.6746 0.3248 0.1256 0.026 0.0074 0.0008 0 0 0 0 0 0.003 0.0618 0.2044 0.6638 1.1724 1.4062 1.1564 0.6908 0.4034 0.167 0.0532 0.0114 0.0044 0.0018 
0 0 0 0 0 0 0 0 0 0 0 0 0 0 0 0 0.2438 4.0438 5.7856 2.6022 0.8696 0.2922 0.1122 0.0354 0.0142 0.001 0 0 0 0 0 0 0 0.0192 0.528 2.4102 3.9076 2.8632 1.3754 0.5562 0.209 0.0894 0.0342 0.006 0.0016 0 0 0 0 0 0.0012 0.0458 0.4924 1.5136 2.643 2.5422 1.5548 0.7296 0.2838 0.114 0.0572 0.0178 0.0022 0.0024 0 0 0 0 0.0004 0.0538 0.3548 0.8878 1.7482 2.0646 1.4896 0.765 0.3636 0.1538 0.0768 0.0222 0.0116 0.0054 0.0024 0 0 0 0 0.027 0.1994 0.456 1.0126 1.417 1.259 0.8036 0.4486 0.2146 0.0944 0.0376 0.016 0.0114 
0 0 0 0 0 0 0 0 0 0 0 0 0 0 0 0 0.249 4.3716 5.7238 2.4324 0.849 0.2812 0.0628 0.0122 0.0056 0.0058 0.0064 0.0002 0 0 0 0 0 0.0198 0.685 2.7816 3.8068 2.6102 1.2538 0.55 0.2016 0.0552 0.0154 0.014 0.0066 0 0 0 0 0 0.001 0.0934 0.6378 1.9128 2.6628 2.2292 1.3424 0.6932 0.2828 0.0996 0.0202 0.0174 0.0074 0 0 0 0 0 0.0086 0.087 0.4612 1.2194 1.92 1.8204 1.2232 0.7196 0.3282 0.1328 0.0546 0.0214 0.003 0.0006 0 0 0 0 0.0112 0.0576 0.2234 0.6542 1.2542 1.393 0.9914 0.7596 0.3684 0.1666 0.0732 0.039 0.0082 0 
0 0 0 0 0 0 0 0 0 0 0 0 0 0 0 0 0.2072 4.2234 5.7286 2.5926 0.8576 0.2558 0.0992 0.022 0.0058 0.0046 0.0032 0 0 0 0 0 0 0.0174 0.4928 2.6952 3.897 2.6824 1.3092 0.5606 0.232 0.0748 0.0202 0.0114 0.0054 0.0016 0 0 0 0 0.0012 0.0406 0.4394 1.816 2.7582 2.3464 1.3894 0.706 0.2942 0.1502 0.0308 0.0102 0.0108 0.0066 0 0 0 0 0.0024 0.0488 0.3116 1.0868 1.9416 1.876 1.3182 0.7726 0.3822 0.1728 0.0534 0.0154 0.0116 0.0066 0 0 0 0 0 0.0364 0.1594 0.5394 1.2048 1.3758 1.1212 0.758 0.428 0.2368 0.1054 0.0202 0.0088 0.0058 
0 0 0 0 0 0 0 0 0 0 0 0 0 0 0 0 0.24 4.1964 5.6802 2.7458 0.7902 0.2414 0.075 0.0222 0.0088 0 0 0 0 0 0 0 0 0.0192 0.5488 2.6512 3.7178 2.7242 1.4696 0.5794 0.2 0.063 0.022 0.0048 0 0 0 0 0 0 0.0008 0.0654 0.5142 1.799 2.5196 2.3056 1.5224 0.7786 0.3256 0.119 0.0384 0.0114 0 0 0 0 0 0 0.0062 0.0626 0.3932 1.08 1.718 1.8054 1.461 0.7988 0.422 0.1684 0.0606 0.0226 0.0012 0 0 0 0 0 0 0.0502 0.2168 0.6004 1.047 1.2276 1.187 0.8254 0.4618 0.2168 0.109 0.0504 0.0076 0 
0 0 0 0 0 0 0 0 0 0 0 0 0 0 0 0 0.2484 4.3288 5.7614 2.4208 0.8764 0.2724 0.058 0.0242 0.0096 0 0 0 0 0 0 0 0.0006 0.0228 0.6088 2.77 3.8514 2.6028 1.2812 0.5704 0.2052 0.0494 0.0142 0.0118 0.0022 0.0024 0.0046 0.0022 0 0 0.0022 0.0736 0.607 1.8648 2.7104 2.2486 1.351 0.7258 0.2774 0.0874 0.02 0.0176 0.0042 0.0014 0.0024 0.004 0.0022 0 0.006 0.0902 0.4386 1.2152 1.8666 1.7976 1.2566 0.7546 0.3358 0.154 0.0446 0.018 0.007 0.0042 0.0028 0.0024 0.002 0.0038 0.0034 0.0734 0.2592 0.6602 1.1622 1.273 1.0756 0.7826 0.4224 0.1508 0.0748 0.0266 0.009 0.0066 
0 0 0 0 0 0 0 0 0 0 0 0 0 0 0 0 0.2672 4.2662 5.781 2.477 0.7658 0.2834 0.1126 0.0356 0.0112 0 0 0 0 0 0 0 0 0.0144 0.5772 2.7544 3.902 2.7596 1.1686 0.501 0.2126 0.074 0.0212 0.0138 0.0012 0 0 0 0 0 0 0.0506 0.541 1.8418 2.7802 2.3568 1.3932 0.6074 0.2716 0.111 0.0356 0.0096 0.0012 0 0 0 0 0 0.0002 0.0482 0.4238 1.157 1.8418 1.9576 1.3608 0.7122 0.2894 0.147 0.0534 0.0086 0 0 0 0 0 0 0.0016 0.0236 0.241 0.615 1.084 1.4392 1.2412 0.7622 0.3178 0.169 0.0928 0.0098 0.0028 0 
0 0 0 0 0 0 0 0 0 0 0 0 0 0 0 0 0.2582 4.6638 5.789 2.2606 0.7394 0.2164 0.0618 0.0108 0 0 0 0 0 0 0 0 0 0.0252 0.7096 3.0292 3.951 2.466 1.176 0.4268 0.1774 0.033 0.0058 0 0 0 0 0 0 0 0.0006 0.0838 0.7398 2.0218 2.8826 2.1452 1.2456 0.5666 0.217 0.077 0.02 0 0 0 0 0 0 0 0.0076 0.093 0.5514 1.3868 1.9666 1.8202 1.1524 0.6034 0.29 0.0956 0.026 0.0032 0.0038 0 0 0 0 0.0014 0.006 0.0694 0.3262 0.7768 1.2998 1.3924 1.0046 0.5832 0.326 0.1518 0.0486 0.0098 0.004 0 
0 0 0 0 0 0 0 0 0 0 0 0 0 0 0 0.0002 0.2322 4.115 5.7526 2.5654 0.8988 0.2694 0.1056 0.0412 0.0174 0.0022 0 0 0 0 0 0 0 0.0248 0.6054 2.5666 3.7344 2.7156 1.394 0.5814 0.231 0.0868 0.039 0.02 0.001 0 0 0 0 0 0.0026 0.0882 0.5258 1.7042 2.64 2.2552 1.4692 0.7478 0.3312 0.1474 0.0522 0.0278 0.0084 0 0 0 0 0 0.0082 0.0936 0.3784 1.052 1.8016 1.7896 1.3612 0.8418 0.3928 0.1718 0.051 0.0306 0.0266 0.0008 0 0 0 0 0.0128 0.061 0.1888 0.5538 1.1148 1.2782 1.0728 0.838 0.4906 0.2032 0.0874 0.0476 0.0356 0.0124 
0 0 0 0 0 0 0 0 0 0 0 0 0 0 0 0.0002 0.2588 4.2564 5.8174 2.5672 0.7764 0.1912 0.0898 0.0344 0.0056 0.0026 0 0 0 0 0 0 0 0.0176 0.5858 2.6898 3.9258 2.7548 1.3208 0.4238 0.1868 0.061 0.0264 0.005 0.0024 0 0 0 0 0 0.0006 0.043 0.5816 1.7964 2.7016 2.4232 1.43 0.6296 0.2538 0.0942 0.0312 0.0066 0.0062 0.002 0 0 0 0 0 0.0612 0.3826 1.236 1.823 1.8726 1.3524 0.7996 0.2724 0.1294 0.0436 0.0164 0.0054 0.0026 0.0028 0 0 0 0 0.0354 0.2386 0.6748 1.1046 1.3748 1.1064 0.7764 0.3986 0.1792 0.0782 0.0194 0.008 0.0024 
0 0 0 0 0 0 0 0 0 0 0 0 0 0 0 0 0.2312 4.1374 5.6962 2.6208 0.9152 0.2942 0.0718 0.0166 0.0166 0 0 0 0 0 0 0 0 0.0158 0.548 2.6156 3.9006 2.619 1.3226 0.619 0.245 0.0734 0.0348 0.0062 0 0 0 0 0 0 0 0.0586 0.528 1.7442 2.6732 2.3086 1.4136 0.7788 0.307 0.1176 0.0472 0.0232 0 0 0 0 0 0 0.001 0.054 0.3696 1.1392 1.7532 1.8814 1.3872 0.7384 0.404 0.1808 0.0634 0.024 0.0038 0 0 0 0 0 0.0036 0.0262 0.207 0.6404 1.001 1.3354 1.2026 0.7942 0.4196 0.2236 0.0888 0.0442 0.0134 0 
0 0 0 0 0 0 0 0 0 0 0 0 0 0 0 0 0.2602 4.28 5.7338 2.5334 0.8156 0.2872 0.0584 0.0246 0.006 0.0008 0 0 0 0 0 0 0.0006 0.024 0.6196 2.6372 3.888 2.6412 1.3706 0.5322 0.1882 0.0696 0.02 0.0066 0.0022 0 0 0 0 0 0.0044 0.0686 0.5786 1.8292 2.6374 2.2884 1.393 0.7852 0.2732 0.0772 0.0462 0.0096 0.0024 0.0066 0 0 0 0.0004 0.0088 0.0726 0.3986 1.156 1.885 1.8176 1.2726 0.8108 0.3844 0.1092 0.0618 0.0116 0.0036 0.0048 0.0022 0 0 0.0012 0.0086 0.039 0.242 0.6558 1.1068 1.321 1.0508 0.7822 0.4968 0.1904 0.0688 0.0224 0.0084 0.0058 
0 0 0 0 0 0 0 0 0 0 0 0 0 0 0 0 0.2714 4.2072 5.8954 2.5362 0.7852 0.2266 0.0574 0.017 0.0036 0 0 0 0 0 0 0 0.0002 0.027 0.62 2.7176 3.878 2.696 1.312 0.5252 0.18 0.0308 0.012 0.0012 0 0 0 0 0 0 0.0054 0.0764 0.5898 1.8906 2.673 2.2266 1.5234 0.6414 0.2516 0.101 0.0208 0 0 0 0 0 0 0 0.007 0.104 0.4704 1.1646 1.8228 1.7876 1.4018 0.6976 0.362 0.1384 0.0418 0.002 0 0 0 0 0 0 0.0152 0.0796 0.2896 0.6276 1.0462 1.3646 1.1454 0.7406 0.418 0.191 0.065 0.0144 0.0028 0 
0 0 0 0 0 0 0 0 0 0 0 0 0 0 0 0 0.2266 3.9334 5.6534 2.717 0.9138 0.3486 0.1382 0.0504 0.0166 0.002 0 0 0 0 0 0 0 0.025 0.524 2.4162 3.6602 2.812 1.5276 0.62 0.2576 0.1082 0.026 0.013 0.0098 0.0004 0 0 0 0 0.0036 0.069 0.4476 1.5022 2.5028 2.4598 1.6212 0.8318 0.3362 0.1368 0.059 0.0256 0.0044 0 0 0 0 0 0.0062 0.0606 0.2848 0.9234 1.6486 1.8452 1.572 0.9492 0.4102 0.1812 0.078 0.0322 0.0064 0.002 0 0 0 0 0.0046 0.0338 0.1594 0.4516 0.8766 1.3122 1.2726 0.9542 0.555 0.2312 0.1062 0.0306 0.012 0 
0 0 0 0 0 0 0 0 0 0 0 0 0 0 0 0 0.2578 3.9804 5.6446 2.7616 0.9542 0.2612 0.0858 0.0384 0.0122 0.0038 0 0 0 0 0 0 0 0.0238 0.545 2.4176 3.7288 2.8064 1.4636 0.6408 0.255 0.0796 0.026 0.0134 0 0 0 0 0 0 0.0006 0.068 0.5136 1.5766 2.5148 2.4356 1.529 0.8176 0.3528 0.1142 0.0488 0.0238 0.0046 0 0 0 0 0 0 0.077 0.355 0.9112 1.6906 1.97 1.4548 0.8758 0.4262 0.1426 0.0628 0.0214 0.0102 0.0024 0 0 0 0 0.003 0.0478 0.1672 0.4828 0.9308 1.384 1.188 0.928 0.5086 0.2196 0.094 0.0268 0.0164 0.003 
0 0 0 0 0 0 0 0 0 0 0 0 0 0 0 0 0.2702 4.3376 5.8242 2.465 0.78 0.1988 0.0734 0.0482 0.0026 0 0 0 0 0 0 0 0 0.0192 0.5822 2.8598 3.9794 2.6132 1.1936 0.5098 0.1576 0.062 0.0194 0.0038 0 0 0 0 0 0 0 0.0638 0.571 1.9232 2.7742 2.3918 1.3312 0.6 0.22 0.0886 0.0232 0.0106 0.0024 0 0 0 0 0 0.0038 0.0688 0.4334 1.218 1.8786 1.9778 1.3366 0.6772 0.274 0.0808 0.0344 0.0116 0.005 0 0 0 0 0 0.0042 0.066 0.2578 0.6272 1.091 1.4956 1.1846 0.7348 0.3682 0.1086 0.0436 0.0132 0.0052 0 
0 0 0 0 0 0 0 0 0 0 0 0 0 0 0 0 0.2182 4.199 5.7514 2.5118 0.8624 0.2938 0.1236 0.0324 0.0074 0 0 0 0 0 0 0 0 0.0134 0.5362 2.7956 3.6914 2.7146 1.3092 0.5454 0.287 0.076 0.0258 0.004 0.0014 0 0 0 0 0 0.0016 0.0274 0.5742 1.8664 2.539 2.3102 1.3772 0.7642 0.3582 0.1102 0.0414 0.0228 0.0072 0 0 0 0 0 0.0008 0.0582 0.4126 1.1972 1.738 1.7316 1.389 0.7666 0.4214 0.1818 0.0678 0.0258 0.0052 0.004 0 0 0 0 0.0018 0.0438 0.252 0.6768 1.0158 1.2096 1.1468 0.7924 0.4522 0.2404 0.1046 0.04 0.0206 0.0032 
0 0 0 0 0 0 0 0 0 0 0 0 0 0 0 0 0.2574 4.2026 5.674 2.567 0.933 0.2976 0.059 0.007 0.0024 0 0 0 0 0 0 0 0 0.022 0.5732 2.6752 3.7152 2.6454 1.4558 0.6116 0.2162 0.0758 0.0096 0 0 0 0 0 0 0 0.0058 0.0566 0.5842 1.7604 2.6078 2.266 1.4898 0.7482 0.3282 0.1268 0.0262 0 0 0 0 0 0 0.0014 0.004 0.0718 0.438 1.1336 1.69 1.82 1.3762 0.8658 0.381 0.1558 0.054 0.0084 0 0 0 0 0 0 0.0076 0.0516 0.2418 0.633 0.9998 1.2478 1.1318 0.8734 0.5214 0.1758 0.0964 0.0156 0.0032 0.0008 
0 0 0 0 0 0 0 0 0 0 0 0 0 0 0 0 0.2326 4.2252 5.794 2.654 0.802 0.2146 0.065 0.0092 0.0034 0 0 0 0 0 0 0 0 0.0222 0.5978 2.6722 3.8218 2.8812 1.2846 0.4846 0.1532 0.0618 0.0156 0.005 0 0 0 0 0 0 0.0012 0.0658 0.5508 1.7966 2.746 2.4086 1.4062 0.64 0.239 0.0968 0.0388 0.0068 0.0034 0 0 0 0 0 0.0024 0.0746 0.3858 1.1238 1.8784 1.996 1.3692 0.6628 0.3092 0.1318 0.0464 0.0138 0.0048 0.001 0 0 0 0 0.009 0.0426 0.2068 0.5762 1.1594 1.4824 1.1814 0.681 0.3712 0.1842 0.0748 0.0246 0.003 0.0034 
0 0 0 0 0 0 0 0 0 0 0 0 0 0 0 0 0.2928 4.349 5.87 2.3786 0.7368 0.254 0.0666 0.0204 0.0104 0.01 0.0088 0.0026 0 0 0 0 0 0.0258 0.6406 2.8046 4.0176 2.666 1.1484 0.4504 0.1428 0.0596 0.017 0.0132 0.0104 0.0036 0 0 0 0 0.001 0.0704 0.6218 1.9072 2.819 2.379 1.2988 0.5664 0.2026 0.0734 0.0288 0.0178 0.0116 0.0022 0 0 0 0 0.0046 0.0712 0.4364 1.2786 1.954 1.8922 1.2872 0.651 0.2636 0.0946 0.0368 0.0096 0.0158 0.0044 0 0 0 0 0.0012 0.0426 0.2584 0.7454 1.181 1.417 1.0982 0.6668 0.3776 0.123 0.0524 0.0198 0.01 0.0034 
0 0 0 0 0 0 0 0 0 0 0 0 0 0 0 0 0.241 4.1206 5.9204 2.6048 0.7826 0.2504 0.0596 0.0124 0.0018 0.0026 0.0038 0 0 0 0 0 0 0.0154 0.5168 2.7682 3.8344 2.7954 1.3064 0.5308 0.1712 0.041 0.0108 0.0036 0.006 0 0 0 0 0 0 0.0286 0.487 1.9044 2.6982 2.4032 1.4674 0.6342 0.2782 0.076 0.0142 0.0032 0.0022 0.0032 0 0 0 0 0 0.0364 0.326 1.2192 1.9312 1.8528 1.4292 0.7254 0.3142 0.1288 0.0276 0.0036 0.003 0.0026 0 0 0 0 0 0.0186 0.175 0.6744 1.1536 1.3792 1.1744 0.782 0.4048 0.1576 0.052 0.018 0.0084 0.002 
0 0 0 0 0 0 0 0 0 0 0 0 0 0 0 0 0.2552 4.5764 5.7756 2.2832 0.7696 0.2686 0.065 0.0064 0 0 0 0 0 0 0 0 0 0.0166 0.6562 3.135 3.8406 2.5002 1.092 0.5174 0.1994 0.0392 0.0034 0 0 0 0 0 0 0 0.0036 0.0592 0.6632 2.1562 2.793 2.1756 1.1984 0.6096 0.263 0.0752 0.003 0 0 0 0 0 0 0 0.0076 0.086 0.529 1.385 1.9544 1.8558 1.102 0.652 0.3024 0.1022 0.0236 0 0 0 0 0 0 0 0.0108 0.0642 0.3172 0.7944 1.2066 1.403 1.012 0.638 0.3422 0.1636 0.0398 0.0082 0 0 
0 0 0 0 0 0 0 0 0 0 0 0 0 0 0 0 0.3002 4.607 5.6872 2.406 0.7178 0.2042 0.0656 0.0118 0.0002 0 0 0 0 0 0 0 0 0.0284 0.6656 3.1378 3.891 2.42 1.1778 0.4652 0.1632 0.0428 0.0082 0 0 0 0 0 0 0 0 0.0674 0.6848 2.2302 2.8456 2.0676 1.183 0.602 0.2274 0.0666 0.0228 0.0026 0 0 0 0 0 0 0.0106 0.0692 0.5452 1.4724 2.066 1.7284 1.0922 0.602 0.2666 0.1192 0.026 0.0022 0 0 0 0 0 0 0.0112 0.0446 0.2888 0.8624 1.363 1.3392 0.9508 0.604 0.3138 0.1486 0.0642 0.0076 0.0018 0 
0 0 0 0 0 0 0 0 0 0 0 0 0 0 0 0 0.2364 4.3116 5.7506 2.5186 0.7804 0.288 0.0856 0.0126 0.0096 0.0044 0.0022 0 0 0 0 0 0 0.0216 0.6042 2.765 3.8038 2.6092 1.3154 0.5714 0.2104 0.0578 0.0298 0.0062 0.003 0.0022 0 0 0 0 0.0016 0.0756 0.598 1.8744 2.5348 2.2502 1.4798 0.6932 0.339 0.1018 0.0318 0.0122 0.0032 0.0044 0 0 0 0 0.0054 0.08 0.4926 1.1778 1.6722 1.7674 1.3668 0.8256 0.364 0.1564 0.0708 0.0098 0.0054 0.0028 0.003 0 0 0 0.0036 0.0762 0.306 0.6562 0.9832 1.1984 1.1736 0.82 0.4392 0.214 0.0884 0.0248 0.0092 0.0032 
0 0 0 0 0 0 0 0 0 0 0 0 0 0 0 0 0.2384 4.3256 5.8308 2.4832 0.764 0.2626 0.0584 0.0248 0.0122 0 0 0 0 0 0 0 0 0.0182 0.6064 2.7736 3.928 2.6634 1.2566 0.484 0.1902 0.0548 0.0214 0.0034 0 0 0 0 0 0 0.0004 0.056 0.5982 1.8994 2.7428 2.315 1.3614 0.6344 0.2662 0.0904 0.0254 0.0104 0 0 0 0 0 0 0.0004 0.0752 0.4206 1.2748 1.8162 1.9 1.2996 0.6782 0.3568 0.1096 0.0492 0.0194 0 0 0 0 0 0 0.0014 0.0462 0.2654 0.7072 1.1246 1.3312 1.136 0.7264 0.3954 0.1618 0.07 0.0268 0.0076 0 
0 0 0 0 0 0 0 0 0 0 0 0 0 0 0 0 0.2126 4.0744 5.889 2.6744 0.8628 0.236 0.0482 0.0026 0 0 0 0 0 0 0 0 0 0.0164 0.5296 2.5662 3.8496 2.832 1.3856 0.5854 0.1902 0.0382 0.0068 0 0 0 0 0 0 0 0.002 0.049 0.4932 1.7094 2.711 2.3248 1.5236 0.76 0.3112 0.0896 0.0262 0 0 0 0 0 0 0 0.0038 0.0558 0.3624 1.037 1.852 1.8222 1.4454 0.8624 0.3716 0.1294 0.0502 0.0078 0 0 0 0 0 0 0.0052 0.0338 0.204 0.5758 1.064 1.3408 1.1608 0.8696 0.4326 0.182 0.0942 0.0266 0.004 0.002 
0 0 0 0 0 0 0 0 0 0 0 0 0 0 0 0 0.213 4.2212 5.9794 2.5146 0.783 0.258 0.0296 0.0012 0 0 0 0 0 0 0 0 0 0.0212 0.5694 2.6356 4.0114 2.7994 1.2588 0.4638 0.1998 0.0332 0.0042 0.0032 0 0 0 0 0 0 0 0.0552 0.559 1.7536 2.7896 2.4454 1.4182 0.6176 0.2548 0.0854 0.0144 0.0068 0 0 0 0 0 0 0 0.0588 0.4152 1.1334 1.8978 1.9064 1.3964 0.7358 0.3082 0.1084 0.0308 0.0066 0.0022 0 0 0 0 0 0.0026 0.0276 0.2474 0.6372 1.097 1.3986 1.1904 0.7708 0.3968 0.1734 0.0448 0.012 0.0014 0 
0 0 0 0 0 0 0 0 0 0 0 0 0 0 0 0 0.239 3.9836 5.7086 2.6644 0.9536 0.2854 0.104 0.0474 0.014 0 0 0 0 0 0 0 0.0002 0.0196 0.5328 2.4896 3.6674 2.7774 1.4218 0.6444 0.2754 0.127 0.0326 0.0118 0 0 0 0 0 0 0.0008 0.0618 0.5094 1.5782 2.5532 2.2786 1.5432 0.8082 0.3664 0.177 0.0856 0.034 0.0036 0 0 0 0 0 0.003 0.0732 0.3558 1.0084 1.6512 1.7832 1.3646 0.9162 0.449 0.2142 0.0948 0.0586 0.024 0.0038 0 0 0 0.0002 0.008 0.0476 0.1962 0.5576 0.9736 1.209 1.0574 0.855 0.5668 0.2964 0.1088 0.0668 0.0358 0.0172 
0 0 0 0 0 0 0 0 0 0 0 0 0 0 0 0 0.2276 4.3602 5.7912 2.425 0.8306 0.2666 0.0666 0.0204 0.006 0.0038 0.002 0 0 0 0 0 0 0.02 0.613 2.7628 3.9582 2.6038 1.182 0.5548 0.2014 0.0696 0.0254 0.0046 0.0026 0.0018 0 0 0 0 0.0008 0.0724 0.5792 1.9056 2.7492 2.3082 1.2902 0.671 0.2608 0.1128 0.035 0.0104 0.0024 0.002 0 0 0 0 0.0044 0.0904 0.4234 1.1688 1.9468 1.8402 1.297 0.7036 0.3354 0.1178 0.0546 0.0066 0.0092 0.0018 0 0 0 0 0.0056 0.059 0.2578 0.6408 1.2134 1.3146 1.0992 0.7262 0.3996 0.1664 0.0754 0.0276 0.0122 0.0022 
0 0 0 0 0 0 0 0 0 0 0 0 0 0 0 0 0.2328 4.5308 5.8262 2.2846 0.7568 0.2526 0.0866 0.0142 0.0154 0 0 0 0 0 0 0 0 0.0214 0.631 3.0436 3.9062 2.477 1.1886 0.497 0.1712 0.0404 0.0152 0.0066 0.0018 0 0 0 0 0 0 0.0686 0.6022 2.1424 2.8574 2.1012 1.2994 0.5792 0.2228 0.0788 0.0338 0.0094 0.0048 0 0 0 0 0 0.0036 0.0684 0.467 1.374 2.0522 1.7886 1.197 0.6122 0.2658 0.0936 0.0404 0.0306 0.0066 0 0 0 0 0.0006 0.0044 0.0326 0.252 0.8432 1.2676 1.4024 1.015 0.6514 0.3006 0.1318 0.042 0.0368 0.0158 0.0038 
0 0 0 0 0 0 0 0 0 0 0 0 0 0 0 0 0.243 4.362 5.7022 2.4728 0.8654 0.2832 0.052 0.0148 0.0046 0 0 0 0 0 0 0 0 0.0224 0.6002 2.8974 3.7242 2.6448 1.3096 0.5066 0.1992 0.078 0.013 0.0046 0 0 0 0 0 0 0 0.0718 0.5886 1.9186 2.7174 2.3102 1.3392 0.6224 0.2762 0.1186 0.0252 0.0076 0.0042 0 0 0 0 0 0.0056 0.0778 0.3854 1.2588 1.947 1.8038 1.2968 0.726 0.3116 0.1292 0.0418 0.0124 0.0038 0 0 0 0 0 0.0076 0.056 0.1902 0.6906 1.2096 1.3544 1.1018 0.7296 0.4106 0.1684 0.0554 0.022 0.0038 0 
0 0 0 0 0 0 0 0 0 0 0 0 0 0 0 0 0.2422 4.2956 5.7148 2.5602 0.7822 0.2548 0.097 0.0418 0.0114 0 0 0 0 0 0 0 0 0.0212 0.6018 2.7344 3.8646 2.723 1.215 0.5194 0.1992 0.0854 0.024 0.012 0 0 0 0 0 0 0.003 0.0726 0.5842 1.8328 2.6438 2.3792 1.41 0.6538 0.2426 0.11 0.0472 0.0182 0.0026 0 0 0 0 0 0.0062 0.0872 0.4408 1.1394 1.809 1.8648 1.3192 0.7728 0.3236 0.1584 0.0478 0.0232 0.0076 0 0 0 0 0 0.0062 0.0622 0.2352 0.6354 1.078 1.3498 1.141 0.8126 0.395 0.164 0.0802 0.0222 0.0182 0 
0 0 0 0 0 0 0 0 0 0 0 0 0 0 0 0 0.2586 4.0796 5.5886 2.6402 0.894 0.3286 0.1294 0.0582 0.0174 0.004 0.0014 0 0 0 0 0 0 0.0264 0.5744 2.4464 3.7472 2.791 1.3798 0.6092 0.2316 0.1202 0.0506 0.0206 0.0026 0 0 0 0 0 0.0014 0.0826 0.5138 1.6006 2.509 2.4008 1.5476 0.7688 0.2946 0.1576 0.0792 0.035 0.009 0 0 0 0 0 0.0068 0.0956 0.3494 1.0186 1.649 1.8206 1.4592 0.824 0.4192 0.203 0.0932 0.057 0.0044 0 0 0 0 0 0.0028 0.066 0.1988 0.5282 1.0414 1.1808 1.112 0.8786 0.5088 0.2862 0.1154 0.0616 0.0174 0.002 
0 0 0 0 0 0 0 0 0 0 0 0 0 0 0 0 0.2442 4.2778 5.6474 2.526 0.9236 0.2738 0.0864 0.016 0.0048 0 0 0 0 0 0 0 0 0.0218 0.6256 2.7214 3.7474 2.6696 1.331 0.5388 0.2374 0.0766 0.0256 0.0032 0.0016 0 0 0 0 0 0.001 0.0702 0.574 1.9024 2.6134 2.22 1.4252 0.7492 0.3018 0.0876 0.0444 0.0096 0.0012 0 0 0 0 0 0.0068 0.077 0.4194 1.2572 1.782 1.7934 1.237 0.814 0.3956 0.134 0.055 0.0248 0.0038 0 0 0 0 0 0.0046 0.0616 0.223 0.6698 1.1498 1.318 1.025 0.774 0.4556 0.1882 0.0686 0.0486 0.0132 0 
0 0 0 0 0 0 0 0 0 0 0 0 0 0 0 0.0002 0.2246 4.2342 5.7376 2.6614 0.855 0.2122 0.0524 0.0154 0.007 0 0 0 0 0 0 0 0 0.015 0.5286 2.7416 3.672 2.8404 1.417 0.5306 0.1848 0.046 0.0198 0.0042 0 0 0 0 0 0 0.0012 0.0316 0.5302 1.784 2.6122 2.3628 1.523 0.7496 0.2464 0.1186 0.0254 0.015 0 0 0 0 0 0 0.0026 0.0396 0.3636 1.1476 1.7872 1.8402 1.4382 0.812 0.3328 0.1438 0.066 0.021 0.0054 0 0 0 0 0 0.006 0.0216 0.1748 0.6392 1.1412 1.291 1.1776 0.8054 0.3942 0.1952 0.0992 0.0364 0.0122 0.006 
0 0 0 0 0 0 0 0 0 0 0 0 0 0 0 0 0.2394 4.0976 5.74 2.5836 0.873 0.2982 0.1192 0.0458 0.0032 0 0 0 0 0 0 0 0 0.0206 0.5162 2.6008 3.9106 2.687 1.3094 0.5518 0.2706 0.096 0.0294 0.007 0.0006 0 0 0 0 0 0.0008 0.055 0.4842 1.7218 2.7676 2.3766 1.3596 0.6918 0.339 0.154 0.0406 0.009 0 0 0 0 0 0 0.0012 0.054 0.3324 1.037 1.862 1.9418 1.4138 0.7032 0.4166 0.1624 0.0576 0.0134 0.0046 0 0 0 0 0 0.0022 0.0438 0.1634 0.5148 1.0442 1.4782 1.1728 0.8254 0.4578 0.1788 0.0722 0.0308 0.01 0.0056 
0 0 0 0 0 0 0 0 0 0 0 0 0 0 0 0 0.2722 4.0674 5.6478 2.638 0.8984 0.2832 0.1228 0.0604 0.008 0.0018 0 0 0 0 0 0 0 0.018 0.526 2.5854 3.7856 2.7428 1.3628 0.6182 0.21 0.099 0.0436 0.0086 0 0 0 0 0 0 0.0014 0.0438 0.5084 1.723 2.5992 2.3966 1.462 0.7258 0.3158 0.1302 0.0614 0.0272 0.0052 0 0 0 0 0 0.006 0.0368 0.321 1.0938 1.805 1.8896 1.3716 0.8222 0.3636 0.1546 0.08 0.0392 0.012 0.0044 0.0002 0 0 0 0.0084 0.0158 0.1692 0.5482 1.1134 1.335 1.2114 0.7686 0.4452 0.1974 0.0928 0.0584 0.0246 0.009 
0 0 0 0 0 0 0 0 0 0 0 0 0 0 0 0 0.2476 4.1614 5.909 2.474 0.7956 0.2812 0.0848 0.0258 0.0102 0.0104 0 0 0 0 0 0 0 0.0284 0.559 2.6488 3.948 2.6922 1.2844 0.529 0.215 0.053 0.022 0.0114 0.0068 0.002 0 0 0 0 0.0036 0.0686 0.5298 1.7316 2.8356 2.3232 1.3606 0.7258 0.2638 0.0948 0.039 0.0132 0.0072 0.0032 0 0 0 0 0.0058 0.0868 0.382 1.0188 1.9888 1.9174 1.325 0.7162 0.3702 0.133 0.03 0.0156 0.007 0.0024 0.001 0 0 0 0.0068 0.0608 0.1992 0.5824 1.1294 1.3786 1.1594 0.7344 0.4756 0.1722 0.0626 0.0214 0.0088 0.0084 
0 0 0 0 0 0 0 0 0 0 0 0 0 0 0 0 0.2558 4.3276 5.6186 2.6264 0.8258 0.265 0.0662 0.0082 0.0034 0.003 0 0 0 0 0 0 0 0.0158 0.6296 2.7054 3.8396 2.6298 1.3828 0.5496 0.1712 0.0568 0.0122 0.0044 0.0028 0 0 0 0 0 0 0.067 0.6 1.8372 2.7164 2.2078 1.5024 0.6758 0.2388 0.1066 0.0362 0.0072 0.0046 0 0 0 0 0 0.005 0.085 0.402 1.2084 1.8462 1.8564 1.3118 0.7598 0.306 0.1324 0.061 0.015 0.0076 0.0034 0 0 0 0 0.009 0.0576 0.2344 0.6404 1.1794 1.31 1.134 0.769 0.3496 0.1692 0.0902 0.0402 0.0124 0.0046 
0 0 0 0 0 0 0 0 0 0 0 0 0 0 0 0 0.2308 4.2066 5.7144 2.6662 0.8464 0.233 0.0712 0.018 0.0104 0.003 0 0 0 0 0 0 0 0.013 0.5486 2.6554 3.8002 2.786 1.333 0.6126 0.1606 0.0546 0.018 0.011 0.0048 0.0022 0 0 0 0 0 0.0496 0.5094 1.7796 2.6142 2.387 1.5054 0.6984 0.3114 0.1044 0.0174 0.0108 0.0104 0.002 0 0 0 0 0.0006 0.0506 0.3436 1.1492 1.8066 1.8498 1.3782 0.8366 0.3738 0.1326 0.0452 0.0276 0.0046 0.001 0 0 0 0 0.0014 0.039 0.1796 0.6206 1.0804 1.326 1.1818 0.7976 0.4412 0.2142 0.074 0.0264 0.0178 0 
0 0 0 0 0 0 0 0 0 0 0 0 0 0 0 0 0.226 4.153 5.7688 2.5402 0.8154 0.331 0.1188 0.041 0.0058 0 0 0 0 0 0 0 0 0.0198 0.5604 2.6318 3.807 2.7178 1.2966 0.58 0.2334 0.1136 0.0334 0.0062 0 0 0 0 0 0 0.0012 0.064 0.5038 1.7416 2.706 2.317 1.4382 0.7022 0.3012 0.1418 0.062 0.0174 0.0036 0 0 0 0 0 0.0064 0.0766 0.3324 1.0426 1.8794 1.9526 1.2748 0.767 0.3758 0.1694 0.0798 0.0292 0.014 0 0 0 0 0.0006 0.004 0.0418 0.2178 0.5124 1.079 1.4286 1.1414 0.781 0.4244 0.213 0.092 0.04 0.0098 0.01 
0 0 0 0 0 0 0 0 0 0 0 0 0 0 0 0 0.2268 4.1918 5.6112 2.5198 0.8972 0.3336 0.1444 0.049 0.0202 0.006 0 0 0 0 0 0 0 0.012 0.5334 2.6848 3.8024 2.5806 1.3598 0.6082 0.2448 0.098 0.0534 0.0138 0.007 0.0018 0 0 0 0 0.0002 0.0292 0.5244 1.7756 2.6838 2.2608 1.4504 0.722 0.3034 0.1466 0.0696 0.026 0.0046 0.0032 0.0002 0 0 0 0 0.0402 0.3456 1.1422 1.7836 1.853 1.378 0.8256 0.304 0.1746 0.083 0.0568 0.0072 0.004 0.0022 0 0 0 0.0002 0.0254 0.1874 0.5748 1.0398 1.3652 1.2042 0.812 0.405 0.1746 0.1222 0.0602 0.0196 0.0066 
0 0 0 0 0 0 0 0 0 0 0 0 0 0 0 0 0.2458 4.2354 5.764 2.5814 0.7912 0.2714 0.0738 0.0354 0.0016 0 0 0 0 0 0 0 0 0.0164 0.6218 2.6842 3.8036 2.7736 1.3228 0.4888 0.2002 0.0592 0.028 0.0014 0 0 0 0 0 0 0.0008 0.0534 0.6096 1.7886 2.6632 2.3638 1.442 0.6704 0.2676 0.0914 0.0374 0.0118 0 0 0 0 0 0 0.001 0.0578 0.4506 1.1434 1.7784 1.91 1.3264 0.7496 0.4 0.1208 0.0486 0.0134 0 0 0 0 0 0 0.005 0.0398 0.2378 0.6426 1.1094 1.336 1.1476 0.7404 0.4628 0.1754 0.085 0.0156 0.0026 0 
0 0 0 0 0 0 0 0 0 0 0 0 0 0 0 0 0.214 4.356 5.953 2.3736 0.753 0.2362 0.0738 0.0338 0.0066 0 0 0 0 0 0 0 0 0.016 0.6024 2.8816 3.8344 2.6844 1.2804 0.4704 0.1412 0.0594 0.0184 0.006 0.0054 0 0 0 0 0 0.0036 0.0512 0.6638 1.8624 2.6628 2.3778 1.4036 0.6312 0.216 0.0778 0.02 0.0162 0.012 0.0016 0 0 0 0 0.0046 0.0858 0.4764 1.1884 1.854 1.811 1.454 0.6986 0.2642 0.0868 0.042 0.023 0.0092 0.002 0 0 0 0 0.0026 0.0632 0.2912 0.6672 1.1178 1.3006 1.1792 0.7802 0.363 0.1404 0.049 0.0294 0.011 0.0052 
0 0 0 0 0 0 0 0 0 0 0 0 0 0 0 0 0.2816 4.2206 5.7204 2.5664 0.9152 0.2348 0.052 0.0054 0.0024 0.0012 0 0 0 0 0 0 0 0.0192 0.6114 2.6686 3.7396 2.7552 1.3768 0.5852 0.1798 0.0498 0.0144 0 0 0 0 0 0 0 0.0016 0.0718 0.5632 1.7988 2.5518 2.3422 1.5508 0.7346 0.2638 0.0908 0.0272 0.0034 0 0 0 0 0 0 0.0022 0.0776 0.4466 1.1158 1.7064 1.8032 1.4572 0.8586 0.352 0.1298 0.041 0.0076 0.002 0 0 0 0 0 0.0038 0.0502 0.2652 0.6272 1.0428 1.2576 1.1778 0.8122 0.464 0.2042 0.0684 0.025 0.0016 0 
0 0 0 0 0 0 0 0 0 0 0 0 0 0 0 0 0.2608 4.104 5.706 2.597 0.8824 0.3206 0.1012 0.0246 0.0034 0 0 0 0 0 0 0 0 0.0254 0.5896 2.5618 3.7182 2.758 1.4014 0.569 0.2584 0.0814 0.0332 0.0036 0 0 0 0 0 0 0.0018 0.0646 0.5194 1.726 2.5722 2.3534 1.4516 0.7824 0.3224 0.1432 0.0552 0.0054 0.0024 0 0 0 0 0 0.0024 0.0538 0.3804 1.0942 1.7534 1.8158 1.3992 0.832 0.405 0.1802 0.0552 0.0244 0.004 0 0 0 0 0 0 0.0264 0.1992 0.6014 1.0566 1.2292 1.2282 0.7918 0.4962 0.2288 0.0966 0.0352 0.0104 0 
0 0 0 0 0 0 0 0 0 0 0 0 0 0 0 0 0.2668 3.9838 5.5064 2.634 1.027 0.3774 0.133 0.048 0.0168 0.0068 0 0 0 0 0 0 0 0.018 0.552 2.5408 3.5616 2.5284 1.5326 0.7812 0.2716 0.1392 0.052 0.018 0.0046 0 0 0 0 0 0.002 0.0494 0.5578 1.624 2.4516 2.1108 1.4956 0.916 0.473 0.1892 0.075 0.037 0.0124 0.0032 0.003 0 0 0 0.0028 0.0708 0.3874 0.9436 1.664 1.6646 1.3242 0.9558 0.5896 0.2204 0.0996 0.0504 0.0186 0.0022 0.0036 0.0024 0 0 0.001 0.0556 0.2062 0.5024 0.9192 1.1754 1.107 0.843 0.619 0.293 0.1428 0.0722 0.0298 0.0222 
0 0 0 0 0 0 0 0 0 0 0 0 0 0 0 0 0.2414 4.145 5.8208 2.4646 0.87 0.2642 0.1126 0.0636 0.0142 0.0036 0 0 0 0 0 0 0 0.0076 0.6058 2.5866 3.7074 2.8262 1.3162 0.5948 0.2178 0.0786 0.0452 0.0076 0.0062 0 0 0 0 0 0 0.0686 0.5704 1.6622 2.5966 2.3708 1.4532 0.749 0.3272 0.1172 0.0444 0.0276 0.0092 0.0034 0.0002 0 0 0 0.002 0.0768 0.4082 1.0832 1.6774 1.9006 1.3884 0.749 0.4056 0.1912 0.067 0.0248 0.012 0.009 0.002 0.0028 0 0 0.0044 0.0424 0.2276 0.6508 0.9812 1.294 1.0846 0.8118 0.4804 0.26 0.0928 0.0344 0.014 0.016 
0 0 0 0 0 0 0 0 0 0 0 0 0 0 0 0 0.2326 4.2252 5.9588 2.3956 0.7926 0.2906 0.0734 0.0216 0.0096 0 0 0 0 0 0 0 0 0.02 0.5732 2.731 3.9208 2.6766 1.237 0.5704 0.193 0.0572 0.0138 0.007 0 0 0 0 0 0 0 0.0524 0.589 1.868 2.6812 2.3796 1.3292 0.6758 0.2808 0.1184 0.0144 0.0112 0 0 0 0 0 0 0.0036 0.0506 0.4736 1.164 1.8946 1.8218 1.3232 0.738 0.3546 0.118 0.0446 0.0122 0.0012 0 0 0 0 0 0.0016 0.0392 0.2482 0.661 1.1844 1.2732 1.1272 0.7536 0.4296 0.1918 0.0728 0.016 0.0014 0 
0 0 0 0 0 0 0 0 0 0 0 0 0 0 0 0 0.2332 4.2208 6.107 2.489 0.7002 0.1964 0.039 0.0108 0.0036 0 0 0 0 0 0 0 0 0.0144 0.5262 2.7908 4.0894 2.7288 1.232 0.4382 0.1372 0.0356 0.0074 0 0 0 0 0 0 0 0.001 0.0456 0.4748 1.9288 2.9144 2.4286 1.3004 0.6094 0.2098 0.0724 0.0148 0 0 0 0 0 0 0 0.0008 0.0576 0.3356 1.2052 2.038 2.0128 1.286 0.6716 0.2772 0.0878 0.0196 0.0078 0 0 0 0 0 0 0.002 0.0396 0.182 0.648 1.2378 1.4704 1.2152 0.6872 0.3478 0.1212 0.037 0.0112 0.0006 0 
0 0 0 0 0 0 0 0 0 0 0 0 0 0 0 0 0.2408 4.2406 5.7468 2.6184 0.7884 0.2432 0.1014 0.0204 0 0 0 0 0 0 0 0 0 0.023 0.6482 2.6134 3.7616 2.8174 1.2906 0.539 0.1938 0.085 0.0258 0.0022 0 0 0 0 0 0 0 0.0916 0.6094 1.7718 2.561 2.364 1.4514 0.6836 0.3086 0.119 0.0276 0.012 0 0 0 0 0 0 0.002 0.1206 0.4284 1.0972 1.8154 1.7726 1.3524 0.783 0.3904 0.1726 0.0526 0.0128 0 0 0 0 0 0 0.0088 0.065 0.2746 0.6388 1.0612 1.3194 1.0432 0.7462 0.4736 0.2432 0.0854 0.0318 0.0074 0.0014 
0 0 0 0 0 0 0 0 0 0 0 0 0 0 0 0 0.279 4.4872 5.7546 2.395 0.8004 0.23 0.0444 0.0094 0 0 0 0 0 0 0 0 0 0.0236 0.6832 2.9672 3.7816 2.564 1.2938 0.4692 0.1606 0.0456 0.0084 0.0028 0 0 0 0 0 0 0 0.0842 0.7316 1.9808 2.7084 2.115 1.435 0.6036 0.2282 0.089 0.0146 0.0056 0.004 0 0 0 0 0 0.0074 0.0954 0.5242 1.3178 1.9322 1.7062 1.2624 0.6746 0.3054 0.1166 0.0414 0.0098 0.0038 0.0028 0 0 0 0 0.0078 0.0636 0.277 0.7648 1.2572 1.3212 1.0192 0.6898 0.3654 0.1398 0.0688 0.017 0.0032 0.0024 
0 0 0 0 0 0 0 0 0 0 0 0 0 0 0 0 0.2322 4.247 5.6732 2.541 0.9472 0.2272 0.0958 0.0322 0.0042 0 0 0 0 0 0 0 0 0.0214 0.57 2.71 3.6674 2.6958 1.389 0.5628 0.2416 0.1 0.0294 0.0108 0.0018 0 0 0 0 0 0.004 0.0726 0.5116 1.8414 2.5612 2.318 1.4278 0.7264 0.326 0.1424 0.043 0.0206 0.005 0 0 0 0 0.0004 0.0068 0.0618 0.393 1.1438 1.6972 1.9184 1.3356 0.7692 0.3914 0.1846 0.0664 0.025 0.0064 0 0 0 0 0 0.0034 0.0416 0.2248 0.5984 1.0432 1.36 1.1598 0.73 0.4414 0.2258 0.1162 0.0454 0.01 0 
0 0 0 0 0 0 0 0 0 0 0 0 0 0 0 0 0.2098 4.3462 5.69 2.441 0.8576 0.3022 0.1052 0.038 0.01 0 0 0 0 0 0 0 0 0.0194 0.6364 2.7424 3.8018 2.492 1.3984 0.5568 0.244 0.066 0.0284 0.0102 0.0042 0 0 0 0 0 0.001 0.0784 0.5878 1.8744 2.6424 2.2602 1.358 0.7022 0.3082 0.1112 0.0468 0.0076 0.0134 0.0084 0 0 0 0 0.0048 0.0948 0.4416 1.1838 1.7704 1.8998 1.2796 0.7016 0.343 0.1906 0.0528 0.016 0.0146 0.0066 0 0 0 0 0.0052 0.0704 0.2578 0.598 1.1412 1.2968 1.1658 0.6888 0.4178 0.213 0.0974 0.0262 0.0134 0.0082 
0 0 0 0 0 0 0 0 0 0 0 0 0 0 0 0.0006 0.2746 4.1876 5.8398 2.5268 0.7884 0.2822 0.0692 0.0258 0.005 0 0 0 0 0 0 0 0 0.0236 0.582 2.6456 3.9272 2.7466 1.2962 0.4864 0.2154 0.0558 0.019 0.0022 0 0 0 0 0 0 0.002 0.0674 0.588 1.7582 2.6642 2.4404 1.4254 0.6712 0.2442 0.103 0.0286 0.0074 0 0 0 0 0 0 0.005 0.0796 0.4254 1.0974 1.8128 1.9346 1.4224 0.7038 0.3098 0.1282 0.061 0.02 0 0 0 0 0 0 0.0032 0.0468 0.2612 0.5902 1.0826 1.3112 1.2764 0.8026 0.3576 0.151 0.0828 0.0294 0.005 0 
0 0 0 0 0 0 0 0 0 0 0 0 0 0 0 0 0.2442 4.178 5.8108 2.558 0.7968 0.2654 0.1212 0.0198 0.0058 0 0 0 0 0 0 0 0 0.0112 0.5838 2.6492 3.8908 2.7226 1.3252 0.4948 0.1906 0.0976 0.0286 0.0056 0 0 0 0 0 0 0 0.059 0.5586 1.7434 2.6558 2.4952 1.3878 0.6554 0.26 0.1214 0.0606 0.0028 0 0 0 0 0 0 0.0008 0.072 0.3986 1.0748 1.7628 2.0166 1.386 0.7316 0.3352 0.1368 0.0732 0.0116 0 0 0 0 0 0 0.003 0.0674 0.2234 0.5334 1.0158 1.477 1.2178 0.7858 0.3778 0.176 0.0952 0.0274 0 0 
0 0 0 0 0 0 0 0 0 0 0 0 0 0 0 0 0.228 3.9938 5.703 2.6048 0.9438 0.3634 0.1268 0.0242 0.0096 0.0026 0 0 0 0 0 0 0 0.0146 0.5126 2.5112 3.7432 2.6714 1.487 0.6358 0.2784 0.1064 0.0292 0.0078 0.0024 0 0 0 0 0 0.0018 0.0372 0.4504 1.683 2.5336 2.3414 1.5106 0.8322 0.3686 0.161 0.063 0.0146 0.0026 0 0 0 0 0 0 0.0406 0.304 1.0778 1.6616 1.857 1.3998 0.9276 0.417 0.202 0.087 0.014 0.0092 0.0024 0 0 0 0 0 0.019 0.1624 0.5188 1.0118 1.306 1.1394 0.8602 0.5396 0.2538 0.136 0.0422 0.01 0.0008 
0 0 0 0 0 0 0 0 0 0 0 0 0 0 0 0 0.2352 4.1544 5.8422 2.5482 0.817 0.2776 0.0916 0.0252 0.0066 0.002 0 0 0 0 0 0 0 0.0152 0.5564 2.633 3.8152 2.7902 1.3502 0.4954 0.2218 0.087 0.0286 0.007 0 0 0 0 0 0 0.0012 0.0792 0.532 1.6624 2.7086 2.4178 1.4366 0.6602 0.3314 0.1128 0.0508 0.007 0 0 0 0 0 0 0.011 0.0856 0.3506 1.0444 1.7964 1.9036 1.4084 0.756 0.3992 0.1642 0.0598 0.0182 0.0026 0 0 0 0 0.002 0.0174 0.0444 0.1856 0.5886 1.0344 1.343 1.2402 0.7808 0.4186 0.1992 0.1066 0.0324 0.0038 0.003 
0 0 0 0 0 0 0 0 0 0 0 0 0 0 0 0 0.2364 4.3406 5.5996 2.5286 0.9056 0.288 0.0866 0.0146 0 0 0 0 0 0 0 0 0 0.0192 0.6106 2.863 3.628 2.7102 1.3466 0.5362 0.1978 0.0628 0.024 0.0016 0 0 0 0 0 0 0.0022 0.0588 0.6216 1.9044 2.6522 2.278 1.4138 0.6584 0.2732 0.0934 0.0384 0.0056 0 0 0 0 0 0.0008 0.0078 0.0646 0.4448 1.2474 1.8282 1.8398 1.3446 0.7028 0.3262 0.1342 0.0492 0.0096 0 0 0 0 0 0 0.0084 0.0432 0.2484 0.652 1.18 1.3134 1.149 0.77 0.3624 0.1594 0.0942 0.016 0.0036 0 
0 0 0 0 0 0 0 0 0 0 0 0 0 0 0 0 0.2396 4.311 5.8616 2.5738 0.7366 0.224 0.048 0.0054 0 0 0 0 0 0 0 0 0 0.0256 0.569 2.7858 3.9222 2.7414 1.2708 0.5112 0.1276 0.0402 0.0062 0 0 0 0 0 0 0 0.0026 0.0584 0.5678 1.8348 2.8038 2.421 1.3378 0.6602 0.251 0.0526 0.01 0 0 0 0 0 0 0 0.004 0.0724 0.4244 1.1146 1.95 1.9516 1.3292 0.7308 0.3304 0.0752 0.0174 0 0 0 0 0 0 0 0.0008 0.0454 0.2436 0.63 1.1756 1.3378 1.2192 0.7988 0.3872 0.1446 0.017 0 0 0 
0 0 0 0 0 0 0 0 0 0 0 0 0 0 0 0.0004 0.2686 4.113 5.654 2.5258 0.9404 0.3566 0.105 0.0282 0.0044 0.0028 0.0008 0 0 0 0 0 0 0.0206 0.54 2.6652 3.764 2.691 1.3136 0.6282 0.29 0.063 0.0198 0.0046 0 0 0 0 0 0 0.0028 0.0466 0.5112 1.7818 2.68 2.2606 1.4402 0.7388 0.355 0.1448 0.03 0.0082 0 0 0 0 0 0 0.005 0.0448 0.3672 1.103 1.8192 1.7996 1.4276 0.8208 0.3874 0.1628 0.0476 0.015 0 0 0 0 0 0.001 0.003 0.0356 0.1618 0.6014 1.071 1.3098 1.1936 0.8178 0.4742 0.2288 0.0792 0.0204 0.0024 0 
0 0 0 0 0 0 0 0 0 0 0 0 0 0 0 0 0.2222 4.0434 5.7716 2.5278 0.9452 0.3318 0.106 0.0436 0.0084 0 0 0 0 0 0 0 0 0.026 0.5656 2.437 3.8462 2.7246 1.315 0.6472 0.286 0.1004 0.0414 0.0096 0.001 0 0 0 0 0 0 0.069 0.5322 1.6542 2.5154 2.4182 1.4448 0.7404 0.384 0.1506 0.0564 0.03 0.0048 0 0 0 0 0 0.0076 0.0644 0.3838 1.0094 1.5856 1.9668 1.4518 0.795 0.4206 0.1904 0.0784 0.038 0.0064 0.0018 0 0 0 0 0.004 0.0508 0.214 0.531 0.9178 1.2806 1.2228 0.8426 0.549 0.2476 0.0748 0.0392 0.0248 0.001 
0 0 0 0 0 0 0 0 0 0 0 0 0 0 0 0 0.264 4.2854 5.7326 2.6704 0.7358 0.2282 0.066 0.012 0.0056 0 0 0 0 0 0 0 0 0.024 0.5882 2.8364 3.7632 2.6968 1.323 0.5284 0.1752 0.0386 0.0192 0.007 0 0 0 0 0 0 0.0012 0.0608 0.5872 1.8708 2.6748 2.4036 1.4096 0.6458 0.251 0.0632 0.0184 0.0082 0.0016 0.0022 0.0016 0 0 0 0.0002 0.0832 0.4316 1.1366 1.8724 1.9644 1.3772 0.7178 0.2856 0.091 0.0226 0.0102 0.0024 0.0048 0 0 0 0 0.0044 0.0594 0.2588 0.6096 1.07 1.467 1.1948 0.755 0.3722 0.1444 0.0386 0.0186 0.0038 0.0034 
0 0 0 0 0 0 0 0 0 0 0 0 0 0 0 0 0.2426 4.155 5.6222 2.6208 0.846 0.352 0.116 0.0322 0.0132 0 0 0 0 0 0 0 0 0.017 0.5584 2.5994 3.7548 2.7036 1.3966 0.5792 0.247 0.1124 0.0246 0.0054 0.0016 0 0 0 0 0 0 0.06 0.523 1.7102 2.6276 2.2818 1.5154 0.739 0.346 0.1352 0.045 0.0118 0.005 0 0 0 0 0 0.003 0.0684 0.3964 1.0278 1.7998 1.8338 1.3024 0.8524 0.447 0.1604 0.0672 0.0312 0.0102 0 0 0 0 0 0.0028 0.0532 0.2166 0.5686 1.064 1.2622 1.0684 0.8698 0.5226 0.2226 0.0954 0.03 0.0172 0.0066 
0 0 0 0 0 0 0 0 0 0 0 0 0 0 0 0 0.2368 4.4354 5.8094 2.4108 0.7906 0.2494 0.0606 0.007 0 0 0 0 0 0 0 0 0.0002 0.0204 0.6532 2.7964 3.9622 2.5624 1.235 0.4982 0.213 0.055 0.004 0 0 0 0 0 0 0 0.0002 0.084 0.6436 1.8468 2.7382 2.3022 1.3878 0.6162 0.2652 0.0876 0.024 0.0042 0 0 0 0 0 0 0.0046 0.0962 0.4652 1.2314 1.82 1.8426 1.359 0.7332 0.3058 0.0978 0.0336 0.0106 0 0 0 0 0 0 0.0056 0.0738 0.2976 0.6512 1.1354 1.2758 1.1656 0.7612 0.4218 0.1582 0.0358 0.0126 0.0054 0 
0 0 0 0 0 0 0 0 0 0 0 0 0 0 0 0 0.2842 4.3222 5.5038 2.4924 0.9312 0.3204 0.0982 0.0358 0.0076 0.0042 0 0 0 0 0 0 0 0.0418 0.6712 2.7352 3.7188 2.4692 1.3426 0.663 0.2508 0.0732 0.0246 0.0052 0.0044 0 0 0 0 0 0.0066 0.0982 0.6312 1.8764 2.5946 2.109 1.3944 0.6908 0.3792 0.1538 0.0488 0.0108 0.0062 0 0 0 0 0 0.012 0.1014 0.4476 1.2478 1.7054 1.7596 1.2784 0.7276 0.3906 0.1946 0.0814 0.0402 0.0134 0 0 0 0 0.0006 0.0134 0.0636 0.2554 0.664 1.1682 1.1984 1.0286 0.7352 0.4634 0.2302 0.1066 0.0422 0.0284 0.0018 
0 0 0 0 0 0 0 0 0 0 0 0 0 0 0 0 0.232 4.0716 5.5616 2.767 0.9612 0.286 0.0884 0.0304 0.0018 0 0 0 0 0 0 0 0 0.0216 0.5802 2.4976 3.662 2.821 1.3688 0.6656 0.2576 0.0774 0.0454 0.0028 0 0 0 0 0 0 0 0.0742 0.5522 1.5906 2.5236 2.3036 1.5116 0.8558 0.3632 0.1532 0.053 0.0134 0.0046 0.001 0 0 0 0 0.0034 0.0824 0.3938 1.0534 1.5942 1.7556 1.4064 0.9112 0.5088 0.1858 0.068 0.0254 0.0074 0.003 0.0012 0 0 0 0.0062 0.0482 0.2348 0.5784 0.9664 1.1516 1.1208 0.8592 0.5696 0.3002 0.1046 0.031 0.0216 0.0042 
0 0 0 0 0 0 0 0 0 0 0 0 0 0 0 0 0.2268 4.2022 5.9498 2.485 0.794 0.259 0.0732 0.01 0 0 0 0 0 0 0 0 0 0.014 0.4934 2.7414 3.9416 2.7286 1.2558 0.542 0.2198 0.0556 0.0078 0 0 0 0 0 0 0 0.0026 0.047 0.4644 1.8104 2.7326 2.4536 1.4076 0.6432 0.2928 0.115 0.025 0.0058 0 0 0 0 0 0 0.0018 0.0392 0.3766 1.116 1.8616 1.9398 1.3628 0.7404 0.3794 0.1326 0.04 0.0098 0 0 0 0 0 0 0 0.0322 0.214 0.595 1.1508 1.3214 1.1716 0.8098 0.4234 0.1826 0.0756 0.02 0.0036 0 
0 0 0 0 0 0 0 0 0 0 0 0 0 0 0 0 0.2342 4.3756 5.687 2.4198 0.8442 0.3218 0.094 0.022 0.0014 0 0 0 0 0 0 0 0.0004 0.0206 0.5776 2.8216 3.8406 2.6158 1.2426 0.544 0.2342 0.0894 0.0132 0 0 0 0 0 0 0 0.0018 0.0814 0.5674 1.8264 2.7118 2.3218 1.3894 0.6668 0.3054 0.1088 0.019 0 0 0 0 0 0 0 0.01 0.0954 0.3912 1.1486 1.8118 1.9692 1.3548 0.6886 0.3334 0.1522 0.0398 0.005 0 0 0 0 0 0.0014 0.015 0.0586 0.2116 0.5624 1.1522 1.4608 1.1424 0.7238 0.3814 0.1932 0.0768 0.0204 0 0 
0 0 0 0 0 0 0 0 0 0 0 0 0 0 0 0 0.2218 4.0944 5.7838 2.705 0.8982 0.2412 0.0422 0.0096 0.0038 0 0 0 0 0 0 0 0 0.0168 0.4938 2.5258 3.7986 2.8886 1.5006 0.5318 0.1876 0.0438 0.0124 0.0002 0 0 0 0 0 0 0.001 0.0392 0.4358 1.6352 2.6944 2.427 1.6026 0.7586 0.2758 0.1034 0.0232 0.0038 0 0 0 0 0 0 0.0032 0.038 0.2816 1.0514 1.7614 1.8964 1.5434 0.8968 0.3476 0.128 0.0506 0.0016 0 0 0 0 0 0 0.0018 0.0128 0.1666 0.526 1.0536 1.3258 1.234 0.8862 0.5126 0.1798 0.0848 0.0144 0.0016 0 
0 0 0 0 0 0 0 0 0 0 0 0 0 0 0 0 0.269 4.396 6.003 2.3312 0.7194 0.2332 0.0448 0.0034 0 0 0 0 0 0 0 0 0 0.0228 0.6544 2.86 4.034 2.5984 1.2414 0.4278 0.125 0.0324 0.0038 0 0 0 0 0 0 0 0.0016 0.0752 0.6668 1.9594 2.791 2.4032 1.3004 0.54 0.194 0.0632 0.0052 0 0 0 0 0 0 0 0.0084 0.0868 0.4814 1.2906 1.9336 1.976 1.2846 0.6048 0.2312 0.0812 0.0214 0 0 0 0 0 0 0 0.004 0.0666 0.2548 0.7428 1.2802 1.3826 1.134 0.681 0.293 0.1226 0.0364 0.002 0 0 
0 0 0 0 0 0 0 0 0 0 0 0 0 0 0 0 0.2426 4.25 5.6412 2.5588 0.8248 0.2888 0.118 0.0504 0.0178 0.0056 0.002 0 0 0 0 0 0 0.0184 0.5558 2.6838 3.787 2.7066 1.2838 0.5814 0.2352 0.0814 0.035 0.0206 0.0092 0.0018 0 0 0 0 0.001 0.045 0.5158 1.7518 2.751 2.3356 1.3546 0.7342 0.3086 0.1138 0.0418 0.021 0.016 0.0098 0 0 0 0 0 0.0434 0.3508 1.083 1.9168 1.9244 1.263 0.7972 0.3782 0.1364 0.0536 0.023 0.0258 0.0034 0.001 0 0 0 0.0028 0.027 0.156 0.617 1.129 1.3192 1.1736 0.7796 0.4454 0.223 0.072 0.0334 0.0122 0.0098 
0 0 0 0 0 0 0 0 0 0 0 0 0 0 0 0 0.2142 4.4308 5.908 2.4242 0.7426 0.2202 0.0418 0.0134 0.0048 0 0 0 0 0 0 0 0 0.0112 0.5946 2.8586 4.0006 2.6346 1.205 0.4932 0.1536 0.0468 0.0018 0 0 0 0 0 0 0 0.001 0.0522 0.5816 1.9222 2.784 2.4154 1.3258 0.586 0.2572 0.0694 0.0052 0 0 0 0 0 0 0 0.0046 0.066 0.4352 1.1928 1.9084 2.0102 1.289 0.6892 0.312 0.084 0.0086 0 0 0 0 0 0 0 0.0056 0.0492 0.2328 0.6426 1.2302 1.374 1.1722 0.7804 0.376 0.1114 0.024 0.0016 0 0 
0 0 0 0 0 0 0 0 0 0 0 0 0 0 0 0 0.2244 4.4464 6.1052 2.3264 0.6716 0.1608 0.0458 0.0122 0.0036 0.0032 0.0004 0 0 0 0 0 0 0.0114 0.5262 3.0322 4.1284 2.5874 1.1254 0.4006 0.1382 0.0316 0.0106 0.0052 0.0028 0 0 0 0 0 0.0004 0.0422 0.5482 2.1122 2.92 2.3128 1.2752 0.5322 0.1906 0.039 0.015 0.0106 0.0016 0 0 0 0 0 0.0046 0.0558 0.406 1.3936 2.0276 1.9206 1.2556 0.609 0.2418 0.0572 0.018 0.0102 0 0 0 0 0 0 0.0056 0.0388 0.2384 0.777 1.3014 1.3938 1.1354 0.6516 0.311 0.1124 0.0224 0.0122 0 0 
0 0 0 0 0 0 0 0 0 0 0 0 0 0 0 0 0.2442 4.1486 5.6588 2.7742 0.8526 0.2426 0.0558 0.0218 0.0014 0 0 0 0 0 0 0 0 0.0224 0.5172 2.6394 3.7534 2.865 1.3894 0.5386 0.1894 0.0636 0.0166 0.005 0 0 0 0 0 0 0.0018 0.0566 0.4964 1.7526 2.6618 2.343 1.552 0.7322 0.2864 0.079 0.028 0.0098 0.0004 0 0 0 0 0 0.0014 0.06 0.357 1.0638 1.8458 1.8964 1.3928 0.8118 0.3782 0.1414 0.0344 0.0106 0.0064 0 0 0 0 0 0.001 0.0314 0.2116 0.5512 1.0924 1.3666 1.2226 0.7886 0.4082 0.214 0.079 0.0256 0.0072 0.0006 
0 0 0 0 0 0 0 0 0 0 0 0 0 0 0 0 0.2402 4.3124 5.7842 2.6284 0.6898 0.2346 0.0842 0.0222 0.0028 0.0012 0 0 0 0 0 0 0 0.0196 0.5994 2.768 3.9144 2.7656 1.2018 0.4898 0.1514 0.0674 0.0188 0.0038 0 0 0 0 0 0 0 0.0728 0.5444 1.8846 2.7582 2.4044 1.3442 0.6086 0.2418 0.1004 0.0254 0.0138 0.0014 0 0 0 0 0 0.0042 0.0718 0.3838 1.2382 1.8312 2.0004 1.3206 0.6518 0.3158 0.1328 0.0262 0.0136 0.007 0.0026 0 0 0 0 0.0024 0.0468 0.2274 0.6852 1.095 1.4652 1.1554 0.713 0.3532 0.1714 0.0514 0.0152 0.0154 0.003 
0 0 0 0 0 0 0 0 0 0 0 0 0 0 0 0.0002 0.2788 4.2812 5.4948 2.6278 0.9506 0.2334 0.079 0.0422 0.012 0 0 0 0 0 0 0 0 0.034 0.6112 2.807 3.6312 2.6498 1.3692 0.552 0.2052 0.092 0.031 0.0158 0.0016 0 0 0 0 0 0.0046 0.0772 0.5894 1.8918 2.5828 2.2644 1.4236 0.6762 0.2986 0.1184 0.0518 0.0164 0.0048 0 0 0 0 0 0.012 0.0722 0.425 1.1938 1.8224 1.8424 1.2728 0.7366 0.3696 0.1618 0.0606 0.0192 0.0104 0.0012 0 0 0 0.0012 0.0158 0.0292 0.2096 0.687 1.1044 1.3668 1.1078 0.72 0.4042 0.2016 0.0928 0.043 0.0134 0.0032 
0 0 0 0 0 0 0 0 0 0 0 0 0 0 0 0 0.2676 4.4592 5.7762 2.3232 0.7788 0.3004 0.085 0.0096 0 0 0 0 0 0 0 0 0 0.0208 0.7048 2.9206 3.849 2.5018 1.2148 0.5336 0.173 0.0774 0.0042 0 0 0 0 0 0 0 0.0016 0.0768 0.7064 2.029 2.7048 2.2016 1.2514 0.6048 0.2574 0.1364 0.0242 0.0022 0.0024 0.001 0 0 0 0 0.007 0.092 0.538 1.2714 2.0176 1.7456 1.1292 0.6462 0.3274 0.169 0.0366 0.0128 0.0072 0 0 0 0 0 0.0058 0.0598 0.3142 0.753 1.258 1.3206 0.9968 0.6134 0.3814 0.1954 0.0702 0.0222 0.0078 0.0014 
0 0 0 0 0 0 0 0 0 0 0 0 0 0 0 0 0.2616 4.2254 5.6374 2.695 0.8114 0.2492 0.077 0.025 0.0134 0.0036 0.001 0 0 0 0 0 0 0.0146 0.6002 2.6232 3.7814 2.7426 1.3636 0.573 0.1922 0.0724 0.0232 0.0122 0.0014 0 0 0 0 0 0 0.0542 0.5846 1.7658 2.5804 2.3308 1.4118 0.7474 0.314 0.1356 0.0518 0.017 0.0066 0 0 0 0 0 0 0.079 0.4096 1.1658 1.8012 1.7442 1.2986 0.7182 0.4526 0.2194 0.0758 0.023 0.0122 0.0004 0 0 0 0 0.0022 0.0498 0.2422 0.6538 1.1326 1.2294 1.0136 0.7354 0.4664 0.2564 0.1488 0.0402 0.0258 0.0018 
0 0 0 0 0 0 0 0 0 0 0 0 0 0 0 0 0.2272 4.2484 5.7694 2.5284 0.7918 0.3166 0.0834 0.0258 0.009 0 0 0 0 0 0 0 0 0.0146 0.5506 2.72 3.9124 2.6474 1.3192 0.5152 0.2268 0.0704 0.0232 0.0002 0 0 0 0 0 0 0.001 0.0508 0.5286 1.8428 2.7322 2.2862 1.4112 0.699 0.2954 0.1054 0.0418 0.0056 0 0 0 0 0 0 0.0082 0.0584 0.3592 1.1906 1.8294 1.869 1.3964 0.7406 0.3308 0.1458 0.0398 0.028 0.0038 0 0 0 0 0.0014 0.0018 0.0258 0.223 0.6396 1.106 1.3312 1.1668 0.8106 0.428 0.1594 0.066 0.0278 0.0126 0 
