0.03 0.09 0.15 0.21 0.27 0.33 0.39 0.45 0.51 0.57 0.63 0.69 0.75 0.81 0.87 0.93 0.99 1.05 1.11 1.17 1.23 1.29 1.35 1.41 1.47 1.53 1.59 1.65 1.71 1.77 1.83 1.89 1.95 2.01 2.07 2.13 2.19 2.25 2.31 2.37 2.43 2.49 2.55 2.61 2.67 2.73 2.79 2.85 2.91 2.97 3.03 3.09 3.15 3.21 3.27 3.33 3.39 3.45 3.51 3.57 3.63 3.69 3.75 3.81 3.87 3.93 3.99 4.05 4.11 4.17 4.23 4.29 4.35 4.41 4.47 4.53 4.59 4.65 4.71 4.77 4.83 4.89 4.95 5.01 5.07 5.13 5.19 5.25 5.31 5.37 5.43 5.49 5.55 5.61 5.67 5.73 5.79 5.85 5.91 5.97 
0 0 0 0 0 0 0 0 0 0 0 0 0 0 0 0.0068 0.405 1.8904 3.056 2.7722 1.877 1.1506 0.6798 0.3258 0.1956 0.0958 0.0612 0.0358 0.015 0.0096 0.0044 0.0056 0.0066 0.0452 0.2444 0.7642 1.4096 1.8068 1.8114 1.4942 1.1398 0.7558 0.537 0.3164 0.174 0.1228 0.0776 0.0472 0.0216 0.0148 0.0148 0.034 0.1078 0.2984 0.6558 1.0226 1.2298 1.3032 1.1938 0.9712 0.754 0.547 0.3346 0.1994 0.1418 0.0708 0.053 0.035 0.027 0.0296 0.0436 0.1004 0.2668 0.4504 0.6372 0.8734 1.029 0.8734 0.8048 0.7424 0.4832 0.3198 0.2436 0.1218 0.0778 0.0468 0.0298 0.0272 0.0274 0.0338 0.0662 0.1252 0.2526 0.469 0.563 0.642 0.6594 0.671 0.598 0.4276 
0 0 0 0 0 0 0 0 0 0 0 0 0 0 0 0.0098 0.487 2.0948 3.3556 3.1596 2.1362 1.233 0.6696 0.364 0.1982 0.1168 0.064 0.0338 0.0344 0.0196 0.0184 0.0016 0.0046 0.0598 0.2852 0.874 1.5334 1.9276 1.9898 1.7736 1.3464 0.8604 0.5402 0.2976 0.198 0.1256 0.0572 0.0452 0.0408 0.0266 0.0222 0.0418 0.1262 0.3604 0.7284 1.0634 1.3198 1.441 1.4186 1.2182 0.8152 0.5546 0.3698 0.1998 0.1308 0.0874 0.0512 0.0314 0.0256 0.0242 0.0396 0.1386 0.31 0.481 0.7038 0.9194 1.0658 1.1304 1.03 0.7358 0.5498 0.3406 0.2212 0.1292 0.0718 0.0642 0.0288 0.0226 0.0162 0.0358 0.0942 0.1782 0.2706 0.4286 0.5834 0.767 0.8108 0.751 0.6518 0.5058 
0 0 0 0 0 0 0 0 0 0 0 0 0 0 0 0.0066 0.36 2.0698 3.4656 3.1222 2.1806 1.2434 0.7142 0.3718 0.1944 0.101 0.0598 0.041 0.0322 0.019 0.0152 0.0026 0.002 0.0248 0.2258 0.7174 1.4824 2.0276 2.1442 1.7984 1.3102 0.8372 0.581 0.3594 0.215 0.1054 0.0608 0.0414 0.0278 0.0208 0.0098 0.022 0.0914 0.254 0.601 0.993 1.438 1.6 1.4766 1.1258 0.8798 0.5646 0.3782 0.2284 0.136 0.0912 0.0628 0.031 0.0132 0.0136 0.0378 0.09 0.194 0.3902 0.7128 0.9872 1.0912 1.1918 0.9984 0.7476 0.5638 0.3756 0.2466 0.1782 0.0904 0.0468 0.0264 0.0142 0.0154 0.0332 0.051 0.1122 0.251 0.4556 0.6174 0.698 0.8156 0.7632 0.6514 0.504 
0 0 0 0 0 0 0 0 0 0 0 0 0 0 0 0.0192 0.5094 2.2754 3.4242 3.0268 2.0964 1.1752 0.6456 0.3424 0.191 0.111 0.0608 0.0354 0.0236 0.0168 0.012 0.0142 0.013 0.0782 0.383 0.9528 1.602 2.0504 1.991 1.6404 1.2052 0.8092 0.4674 0.311 0.1794 0.1312 0.0774 0.044 0.0282 0.0192 0.02 0.0732 0.205 0.4316 0.8254 1.2014 1.3868 1.4376 1.2628 1.0342 0.728 0.5268 0.3316 0.1954 0.1338 0.0976 0.0562 0.0358 0.0336 0.0522 0.0972 0.1726 0.347 0.6014 0.8452 0.9878 1.0082 0.9856 0.9154 0.6712 0.4506 0.3124 0.2292 0.1522 0.0754 0.0392 0.036 0.0232 0.039 0.0698 0.1342 0.2252 0.3994 0.4976 0.5818 0.7276 0.7816 0.7058 0.5702 0.4334 
0 0 0 0 0 0 0 0 0 0 0 0 0 0 0 0.0098 0.433 2.0434 3.321 3.2232 2.2184 1.3246 0.7132 0.3588 0.1718 0.0828 0.0436 0.0314 0.0148 0.0078 0.0024 0 0.001 0.0376 0.2398 0.7262 1.4372 1.986 2.1824 1.8532 1.3196 0.9192 0.6016 0.3032 0.1602 0.1116 0.0686 0.032 0.011 0.0044 0.0076 0.0216 0.0944 0.2668 0.6042 1.0388 1.3826 1.5396 1.4214 1.2032 0.9262 0.6102 0.3528 0.2324 0.144 0.0828 0.0396 0.0246 0.007 0.007 0.0266 0.0998 0.233 0.4272 0.7152 0.905 1.1096 1.1582 0.9722 0.7956 0.5664 0.4126 0.2462 0.1558 0.098 0.0402 0.0228 0.0102 0.0068 0.0232 0.0606 0.1516 0.2946 0.3844 0.6144 0.7044 0.7774 0.7726 0.6322 0.5194 
0 0 0 0 0 0 0 0 0 0 0 0 0 0 0 0.0088 0.4808 2.0894 3.3532 3.0694 2.1656 1.2486 0.6996 0.3966 0.2312 0.1238 0.0578 0.0428 0.0204 0.008 0.004 0 0.0038 0.0578 0.2964 0.8772 1.5174 1.924 1.9782 1.6756 1.2982 0.8752 0.6038 0.3848 0.229 0.1348 0.0578 0.0498 0.0222 0.009 0.012 0.044 0.161 0.412 0.7038 1.022 1.3434 1.3514 1.3076 1.1088 0.8316 0.6216 0.4362 0.2432 0.1774 0.1152 0.0618 0.029 0.0258 0.0286 0.0698 0.1488 0.3234 0.5206 0.719 0.8516 0.9532 1.0074 0.9112 0.742 0.562 0.4404 0.278 0.1814 0.1146 0.0796 0.0388 0.047 0.0324 0.058 0.1044 0.1846 0.3176 0.4142 0.5286 0.6688 0.7256 0.6974 0.5956 0.5094 
0 0 0 0 0 0 0 0 0 0 0 0 0 0 0 0.0104 0.4804 2.2048 3.574 3.1532 2.0928 1.1682 0.6382 0.3188 0.1564 0.0766 0.042 0.026 0.0136 0.0148 0.0108 0.0098 0.0124 0.0624 0.2976 0.8412 1.6432 2.0622 2.2356 1.7498 1.195 0.8238 0.4868 0.2584 0.1502 0.0596 0.038 0.03 0.0252 0.014 0.0294 0.0616 0.1272 0.355 0.749 1.1268 1.4662 1.5844 1.3594 1.0754 0.8202 0.5072 0.3272 0.1804 0.082 0.0648 0.0344 0.0402 0.031 0.0398 0.0614 0.15 0.297 0.543 0.838 1.0312 1.0798 0.9956 0.895 0.7418 0.4934 0.341 0.2044 0.1168 0.0696 0.0446 0.0364 0.0266 0.0402 0.0568 0.1078 0.23 0.341 0.5648 0.6194 0.687 0.7472 0.6576 0.5942 0.4494 
0 0 0 0 0 0 0 0 0 0 0 0 0 0 0 0.0118 0.4768 2.0456 3.3402 3.1334 2.1326 1.234 0.6524 0.3872 0.209 0.14 0.0782 0.0556 0.035 0.031 0.0122 0.016 0.0098 0.0738 0.3142 0.8658 1.452 1.9512 1.9734 1.6196 1.1552 0.8876 0.615 0.3846 0.2614 0.179 0.0982 0.068 0.037 0.021 0.0258 0.0646 0.1844 0.3782 0.7484 1.028 1.2342 1.346 1.1898 1.0078 0.8122 0.6348 0.4778 0.3156 0.1996 0.1626 0.0932 0.0522 0.0432 0.0554 0.0814 0.1928 0.333 0.5206 0.7424 0.7896 0.8538 0.9172 0.787 0.6942 0.5716 0.4616 0.3208 0.2346 0.181 0.131 0.0672 0.0534 0.057 0.0936 0.138 0.2368 0.3486 0.4446 0.499 0.5764 0.6158 0.582 0.503 0.4708 
0 0 0 0 0 0 0 0 0 0 0 0 0 0 0 0.011 0.4044 2.0486 3.3316 3.1174 2.1888 1.3258 0.6844 0.381 0.1948 0.1244 0.082 0.0454 0.026 0.0222 0.0036 0.0016 0.0062 0.0392 0.2404 0.7862 1.438 1.9266 1.9766 1.8734 1.3412 0.879 0.5974 0.3476 0.2326 0.1288 0.0782 0.0562 0.0274 0.0136 0.0138 0.027 0.0906 0.3082 0.6132 1.0094 1.2978 1.467 1.4596 1.1522 0.9126 0.6232 0.4132 0.2402 0.1648 0.1134 0.0528 0.0284 0.013 0.0188 0.035 0.0894 0.2204 0.4192 0.6758 0.9416 1.083 1.0308 0.9504 0.8604 0.601 0.4126 0.2726 0.1656 0.1032 0.0674 0.0328 0.021 0.0212 0.03 0.0532 0.1246 0.2536 0.3942 0.6144 0.6848 0.7256 0.7648 0.7016 0.5262 
0 0 0 0 0 0 0 0 0 0 0 0 0 0 0 0.0102 0.4872 2.3032 3.4896 3.094 2.0514 1.2006 0.6202 0.3218 0.179 0.0884 0.063 0.0344 0.0274 0.0126 0.006 0.0036 0.0094 0.035 0.2972 0.9848 1.6956 2.1438 2.017 1.6518 1.2296 0.767 0.4512 0.2694 0.1898 0.1022 0.0676 0.0366 0.0212 0.0152 0.0106 0.0334 0.1274 0.4012 0.8528 1.2938 1.4076 1.4708 1.314 1.04 0.749 0.5172 0.2912 0.1886 0.1194 0.0852 0.0466 0.043 0.0178 0.0086 0.0418 0.1372 0.3658 0.6658 0.8426 1.0098 1.0546 1.031 0.9024 0.6882 0.4426 0.3146 0.193 0.1114 0.076 0.0624 0.029 0.0182 0.0106 0.034 0.1172 0.2306 0.4082 0.5688 0.6766 0.7358 0.756 0.6918 0.572 0.3972 
0 0 0 0 0 0 0 0 0 0 0 0 0 0 0 0.0168 0.5324 2.179 3.196 2.8828 2.062 1.2716 0.7288 0.4344 0.2496 0.1758 0.1056 0.0614 0.0352 0.0264 0.0154 0.0052 0.0072 0.0852 0.3494 0.953 1.4976 1.8578 1.8158 1.5948 1.2094 0.9118 0.622 0.3892 0.241 0.1844 0.1194 0.065 0.0426 0.0318 0.0194 0.0688 0.2112 0.4328 0.7542 1.0188 1.2334 1.2966 1.1896 1.0448 0.7938 0.6518 0.4242 0.3082 0.2146 0.1444 0.0856 0.0464 0.052 0.0574 0.0852 0.203 0.3438 0.561 0.7302 0.8144 0.894 0.8908 0.7898 0.698 0.5524 0.4692 0.3306 0.2264 0.1434 0.0914 0.0692 0.0496 0.0458 0.0786 0.149 0.2572 0.3624 0.4222 0.4978 0.5854 0.6036 0.5768 0.5226 0.481 
0 0 0 0 0 0 0 0 0 0 0 0 0 0 0 0.0106 0.4752 2.266 3.573 3.122 2.018 1.0816 0.6046 0.3154 0.2142 0.1094 0.0602 0.0402 0.04 0.0268 0.015 0.0122 0.0142 0.0758 0.3624 0.9934 1.7154 2.0784 1.99 1.6452 1.1322 0.735 0.4472 0.295 0.189 0.1184 0.0714 0.0476 0.0506 0.032 0.0258 0.0648 0.22 0.4706 0.8398 1.2124 1.4036 1.4374 1.285 0.9592 0.6622 0.4844 0.3568 0.2034 0.1402 0.0768 0.061 0.0518 0.048 0.0566 0.1 0.2106 0.4278 0.6394 0.8374 0.954 1.0174 0.9498 0.7538 0.6436 0.4952 0.3016 0.2182 0.1484 0.1 0.065 0.0466 0.041 0.0612 0.079 0.1804 0.2956 0.3952 0.5668 0.623 0.64 0.6516 0.5866 0.5346 0.405 
0 0 0 0 0 0 0 0 0 0 0 0 0 0 0 0.009 0.4714 2.2078 3.5274 3.2174 2.1216 1.1552 0.6202 0.323 0.1686 0.088 0.0444 0.0266 0.0078 0.0072 0.0044 0 0.0038 0.0436 0.3178 0.9286 1.7132 2.032 2.1094 1.6532 1.2096 0.8318 0.5142 0.29 0.164 0.0882 0.0572 0.0224 0.0104 0.0068 0.01 0.0336 0.163 0.422 0.8296 1.2398 1.4004 1.4756 1.329 1.0268 0.745 0.4978 0.3812 0.226 0.1156 0.0598 0.0244 0.0114 0.0106 0.026 0.0574 0.1904 0.3674 0.6182 0.867 0.9978 1.0774 1.012 0.813 0.6252 0.4706 0.3636 0.2512 0.1482 0.0612 0.0352 0.016 0.0118 0.021 0.0522 0.1508 0.258 0.4348 0.493 0.68 0.7274 0.7428 0.6186 0.4986 0.4178 
0 0 0 0 0 0 0 0 0 0 0 0 0 0 0 0.0086 0.4208 2.2168 3.4352 3.102 2.1062 1.2126 0.6232 0.371 0.2128 0.1246 0.0658 0.0368 0.0266 0.0164 0.0154 0.0052 0.002 0.0364 0.2976 0.845 1.584 2.0268 2.0588 1.7552 1.2014 0.8456 0.541 0.3298 0.2182 0.101 0.0632 0.039 0.0304 0.016 0.017 0.0332 0.1462 0.3596 0.7144 1.051 1.4526 1.5192 1.3834 1.0762 0.802 0.571 0.37 0.2098 0.1276 0.072 0.0374 0.034 0.0282 0.0342 0.0666 0.1484 0.2912 0.4854 0.7386 0.9934 1.0966 1.1146 0.9252 0.6644 0.531 0.3552 0.2084 0.1566 0.0936 0.0434 0.022 0.0312 0.0348 0.047 0.1002 0.1836 0.3156 0.4774 0.6184 0.7742 0.7784 0.681 0.5712 0.4692 
0 0 0 0 0 0 0 0 0 0 0 0 0 0 0 0.0166 0.476 2.0674 3.337 3.1364 2.1984 1.2732 0.677 0.3594 0.2004 0.1148 0.0574 0.0394 0.0162 0.0158 0.0056 0.0058 0.0086 0.076 0.3344 0.8072 1.4612 1.9794 2.0256 1.712 1.2542 0.868 0.5682 0.3714 0.2254 0.1354 0.075 0.0422 0.0194 0.0162 0.0198 0.0764 0.1728 0.389 0.7104 1.0228 1.3094 1.3636 1.2948 1.0846 0.8708 0.5982 0.399 0.2728 0.1878 0.1016 0.0636 0.0366 0.038 0.0428 0.0942 0.193 0.32 0.5404 0.7248 0.8602 0.9468 0.9502 0.8218 0.689 0.5546 0.4326 0.305 0.2194 0.1476 0.0756 0.043 0.0394 0.06 0.0704 0.1272 0.2458 0.3292 0.4482 0.5836 0.6078 0.6432 0.5352 0.563 0.4906 
0 0 0 0 0 0 0 0 0 0 0 0 0 0 0 0.0138 0.5608 2.2002 3.3988 2.9696 2.0506 1.2332 0.6836 0.3692 0.1878 0.1292 0.0834 0.0478 0.0272 0.017 0.007 0.0102 0.0088 0.0722 0.364 0.9936 1.6136 1.8956 1.8778 1.6124 1.1754 0.8264 0.6054 0.3778 0.218 0.1292 0.0862 0.0498 0.0376 0.0212 0.0222 0.0668 0.2278 0.4946 0.8068 1.0786 1.3026 1.2934 1.1864 1.0118 0.7642 0.595 0.3832 0.2696 0.208 0.1282 0.0784 0.0426 0.0282 0.0606 0.1322 0.2602 0.3676 0.5868 0.7866 0.8796 0.8994 0.8398 0.7222 0.6638 0.5526 0.3884 0.3084 0.1972 0.1422 0.1074 0.0586 0.0492 0.0802 0.1278 0.1916 0.2588 0.3916 0.5026 0.5538 0.5634 0.5608 0.5414 0.5248 0.4318 
0 0 0 0 0 0 0 0 0 0 0 0 0 0 0 0.0154 0.5192 2.2686 3.4746 3.0548 2.1136 1.1542 0.6318 0.3386 0.1684 0.1046 0.0556 0.0538 0.0276 0.0134 0.0058 0.0004 0.0066 0.0884 0.371 0.9872 1.6142 2.0194 1.957 1.6682 1.2054 0.7956 0.4806 0.3068 0.1976 0.119 0.0812 0.0398 0.023 0.0098 0.0262 0.0844 0.2396 0.4966 0.819 1.1386 1.3576 1.3518 1.2262 0.9784 0.7932 0.515 0.377 0.2484 0.1522 0.083 0.0512 0.0356 0.0342 0.0462 0.1534 0.2634 0.423 0.6036 0.794 0.8838 0.9392 0.8946 0.762 0.6638 0.5068 0.3748 0.2608 0.1754 0.1158 0.0716 0.0394 0.0326 0.0686 0.1278 0.2094 0.3316 0.4392 0.4804 0.5554 0.575 0.5628 0.5842 0.505 0.4638 
0 0 0 0 0 0 0 0 0 0 0 0 0 0 0 0.011 0.4298 2.3544 3.6944 3.148 2.0166 1.092 0.5382 0.2872 0.1788 0.0992 0.0516 0.0288 0.0154 0.01 0.0104 0.0108 0.017 0.0562 0.3206 1.0118 1.7296 2.1774 2.1234 1.7264 1.1542 0.6984 0.402 0.2432 0.145 0.099 0.0458 0.0132 0.0098 0.0122 0.023 0.0354 0.1798 0.412 0.8628 1.2886 1.5142 1.6094 1.3562 0.9932 0.6554 0.441 0.2626 0.1568 0.1202 0.0364 0.0292 0.0148 0.0208 0.0224 0.0736 0.2066 0.3814 0.6182 0.9052 1.1142 1.1678 1.0232 0.7812 0.6224 0.4306 0.2634 0.1794 0.089 0.0462 0.0366 0.0202 0.0168 0.0312 0.075 0.1564 0.276 0.4308 0.627 0.7162 0.7682 0.7604 0.6172 0.4754 0.3708 
0 0 0 0 0 0 0 0 0 0 0 0 0 0 0 0.016 0.4766 2.0788 3.2536 3.0224 2.0892 1.2986 0.796 0.409 0.2396 0.1138 0.065 0.0348 0.0258 0.0212 0.0134 0.0196 0.0174 0.0532 0.3236 0.8512 1.4534 1.8628 1.901 1.6116 1.2716 0.9488 0.6684 0.4008 0.276 0.165 0.088 0.0368 0.0224 0.0168 0.024 0.047 0.1738 0.401 0.7206 1.0628 1.2034 1.2644 1.1852 1.0542 0.9418 0.6632 0.4698 0.3304 0.2146 0.12 0.0736 0.0288 0.0182 0.0328 0.0764 0.179 0.3356 0.558 0.7086 0.807 0.8324 0.8608 0.8838 0.7734 0.6244 0.4344 0.3248 0.2462 0.1706 0.0756 0.0488 0.0244 0.039 0.0652 0.1324 0.2236 0.3328 0.4366 0.548 0.5616 0.572 0.6146 0.5892 0.4936 
0 0 0 0 0 0 0 0 0 0 0 0 0 0 0 0.0108 0.5352 2.1526 3.4226 3.0224 2.069 1.2162 0.6848 0.4104 0.2134 0.0984 0.0658 0.0382 0.0136 0.0088 0.0076 0.0084 0.0136 0.0758 0.3258 0.9214 1.5082 1.98 1.9936 1.7044 1.2374 0.8446 0.562 0.3294 0.2082 0.1188 0.0718 0.0386 0.0318 0.0188 0.0202 0.0574 0.1788 0.4202 0.7192 1.0558 1.3804 1.4176 1.325 1.1228 0.764 0.5618 0.3664 0.2432 0.1678 0.0808 0.0518 0.033 0.03 0.0462 0.084 0.172 0.3418 0.5494 0.7364 0.9046 1.0206 0.9964 0.8744 0.7024 0.56 0.3558 0.2426 0.164 0.0988 0.064 0.0444 0.0418 0.0498 0.0654 0.1334 0.2158 0.362 0.4478 0.6062 0.7258 0.6502 0.6272 0.5932 0.5102 
0 0 0 0 0 0 0 0 0 0 0 0 0 0 0 0.0116 0.4886 2.1322 3.39 3.0412 2.094 1.1958 0.7122 0.3888 0.2308 0.1388 0.0668 0.0406 0.0262 0.015 0.0092 0.007 0.0078 0.0598 0.3498 0.858 1.6044 1.9618 1.9666 1.6088 1.2088 0.9118 0.5444 0.3974 0.214 0.1424 0.0646 0.0376 0.0238 0.0126 0.02 0.057 0.1744 0.4016 0.7492 1.0888 1.3522 1.4244 1.2618 1.0666 0.8122 0.5694 0.4042 0.2802 0.1514 0.0792 0.0532 0.0334 0.0252 0.0314 0.0824 0.1556 0.2988 0.5514 0.7584 0.9688 1.0434 0.9816 0.8234 0.7114 0.5186 0.4082 0.3186 0.172 0.0766 0.0486 0.0358 0.0162 0.0268 0.055 0.096 0.1872 0.3458 0.5034 0.6438 0.6946 0.6802 0.6658 0.5484 0.4994 
0 0 0 0 0 0 0 0 0 0 0 0 0 0 0 0.0172 0.5134 2.3204 3.5708 3.099 2.0534 1.0764 0.626 0.3032 0.1704 0.0972 0.0584 0.0352 0.0124 0.0122 0.0074 0.0054 0.0124 0.072 0.4074 0.988 1.685 2.1088 1.9924 1.6024 1.1624 0.7808 0.4714 0.2678 0.16 0.1204 0.083 0.0438 0.0232 0.0146 0.013 0.0786 0.2406 0.5166 0.8702 1.2098 1.3222 1.4316 1.284 0.9256 0.7764 0.4964 0.3012 0.1806 0.1342 0.0896 0.0604 0.0432 0.0344 0.0534 0.1056 0.2816 0.4428 0.7116 0.8226 0.9186 0.9676 0.8942 0.7806 0.5854 0.4858 0.3232 0.2124 0.1278 0.1016 0.0744 0.0682 0.0412 0.0612 0.1194 0.209 0.3348 0.4648 0.5612 0.6182 0.6244 0.6054 0.5348 0.4796 0.3806 
0 0 0 0 0 0 0 0 0 0 0 0 0 0 0 0.0076 0.4174 2.1542 3.5212 3.1414 2.102 1.1352 0.68 0.401 0.1948 0.0992 0.053 0.0458 0.0172 0.0112 0.0064 0.0056 0.0066 0.0418 0.232 0.8234 1.6496 2.0692 2.1624 1.7384 1.2476 0.7904 0.5162 0.2964 0.1892 0.087 0.0722 0.0396 0.0162 0.0102 0.0144 0.033 0.1084 0.3066 0.6794 1.1252 1.5128 1.5506 1.4272 1.187 0.7738 0.5186 0.3004 0.18 0.1188 0.0884 0.0542 0.019 0.0072 0.0184 0.0464 0.1152 0.2192 0.488 0.7854 1.041 1.1784 1.1452 0.9778 0.7338 0.4758 0.3254 0.194 0.1434 0.0708 0.0294 0.0106 0.0074 0.0252 0.0308 0.0716 0.1288 0.2914 0.452 0.6368 0.817 0.8444 0.769 0.6906 0.4858 
0 0 0 0 0 0 0 0 0 0 0 0 0 0 0 0.0108 0.4816 2.169 3.2564 3.1214 2.1078 1.2854 0.6726 0.3416 0.217 0.1372 0.0838 0.0486 0.0252 0.017 0.009 0.0062 0.006 0.054 0.2904 0.8804 1.52 1.8862 1.9842 1.7416 1.2686 0.8674 0.5284 0.3824 0.2206 0.1678 0.0978 0.0454 0.035 0.0206 0.0082 0.037 0.1522 0.3458 0.719 1.0572 1.251 1.438 1.3682 1.056 0.8426 0.619 0.3926 0.2582 0.19 0.131 0.068 0.038 0.028 0.025 0.0458 0.1624 0.2454 0.4806 0.7608 0.916 1.002 0.983 0.8538 0.778 0.5702 0.45 0.2982 0.1656 0.111 0.067 0.0412 0.0398 0.0334 0.0452 0.088 0.144 0.3014 0.4648 0.6126 0.6638 0.6876 0.691 0.5662 0.494 
0 0 0 0 0 0 0 0 0 0 0 0 0 0 0 0.0146 0.565 2.1636 3.357 3.0892 2.0598 1.1946 0.6692 0.3816 0.2006 0.1154 0.0772 0.0542 0.0226 0.0204 0.0076 0.0074 0.0116 0.1426 0.4356 0.9786 1.5324 1.7832 1.9092 1.6116 1.2784 0.841 0.5316 0.3172 0.2184 0.1788 0.1014 0.0558 0.04 0.0252 0.0436 0.1222 0.307 0.5232 0.7612 1.0398 1.2284 1.2386 1.1562 1.0374 0.8092 0.553 0.3926 0.283 0.1698 0.1474 0.1006 0.0554 0.0518 0.104 0.2124 0.2714 0.4138 0.5808 0.7054 0.7936 0.842 0.7912 0.7416 0.6756 0.5658 0.4206 0.291 0.2012 0.1486 0.0842 0.0786 0.1152 0.1136 0.1334 0.2224 0.3172 0.3886 0.434 0.4854 0.5008 0.5056 0.517 0.5156 0.4562 
0 0 0 0 0 0 0 0 0 0 0 0 0 0 0 0.009 0.4698 2.2404 3.5426 3.1118 1.9822 1.1362 0.6646 0.3226 0.181 0.134 0.068 0.0482 0.0268 0.0188 0.0126 0.0164 0.0144 0.0734 0.3314 0.9326 1.6866 2.0058 2.1018 1.6918 1.118 0.7516 0.4784 0.313 0.207 0.1046 0.0704 0.0498 0.0266 0.0218 0.0258 0.0692 0.2042 0.4334 0.8134 1.135 1.3968 1.4988 1.3522 0.979 0.7366 0.4794 0.331 0.2454 0.1378 0.0686 0.0436 0.0298 0.027 0.0428 0.1078 0.226 0.3674 0.5778 0.7776 0.999 1.066 1.0102 0.8522 0.6276 0.4778 0.343 0.2 0.1458 0.0794 0.0466 0.0352 0.0304 0.0414 0.0854 0.1618 0.2394 0.348 0.5094 0.6696 0.6978 0.7232 0.696 0.5222 0.4054 
0 0 0 0 0 0 0 0 0 0 0 0 0 0 0 0.0114 0.412 2.2224 3.5706 3.1706 2.0914 1.1376 0.619 0.3434 0.197 0.1042 0.0554 0.039 0.0098 0.0038 0.001 0.0012 0.0014 0.041 0.2682 0.9064 1.6964 2.0724 2.1022 1.7336 1.1936 0.8138 0.533 0.2964 0.1822 0.0842 0.036 0.024 0.011 0.002 0.0036 0.0258 0.1108 0.3922 0.7994 1.165 1.473 1.5164 1.3756 1.0916 0.792 0.5252 0.3226 0.2248 0.1026 0.0378 0.0262 0.0094 0.0058 0.0088 0.038 0.145 0.3376 0.5916 0.806 1.0162 1.1224 1.097 0.9488 0.6674 0.4974 0.325 0.1824 0.1172 0.06 0.024 0.0072 0.0108 0.0176 0.0464 0.1014 0.2102 0.3634 0.5062 0.6916 0.7928 0.7988 0.67 0.5922 0.4242 
0 0 0 0 0 0 0 0 0 0 0 0 0 0 0 0.014 0.4972 2.157 3.4534 3.046 2.1344 1.2592 0.669 0.3626 0.1588 0.075 0.0662 0.0458 0.025 0.0166 0.0076 0.003 0.0054 0.0694 0.3602 0.9306 1.6028 1.9456 1.9646 1.6416 1.2834 0.8618 0.5586 0.3106 0.1854 0.1104 0.0676 0.0586 0.025 0.0128 0.0116 0.058 0.2074 0.4554 0.8106 1.1034 1.2692 1.327 1.3034 1.0456 0.7708 0.5856 0.363 0.2904 0.1672 0.0932 0.0656 0.0352 0.027 0.0336 0.1178 0.2206 0.4286 0.5838 0.7578 0.8516 0.914 0.8844 0.8472 0.6758 0.5548 0.3822 0.24 0.187 0.1312 0.094 0.0498 0.0336 0.063 0.1108 0.2094 0.3038 0.383 0.4562 0.5342 0.5854 0.6134 0.55 0.5396 0.5106 
0 0 0 0 0 0 0 0 0 0 0 0 0 0 0 0.0128 0.5036 2.3142 3.5614 3.0582 2.0864 1.1448 0.5714 0.3342 0.1726 0.1002 0.0688 0.0234 0.0248 0.0176 0.0032 0.0024 0.0024 0.0466 0.3652 1.0274 1.6708 1.9816 1.9968 1.6704 1.2322 0.8102 0.5096 0.2902 0.1644 0.0884 0.0672 0.0434 0.0236 0.0096 0.004 0.0402 0.203 0.5012 0.823 1.1254 1.3434 1.464 1.261 1.0814 0.8082 0.512 0.3134 0.2154 0.1364 0.078 0.0508 0.0312 0.009 0.022 0.0926 0.2374 0.4396 0.5302 0.7908 0.9114 1.032 0.9984 0.8572 0.6846 0.4804 0.3362 0.2364 0.1502 0.1004 0.0686 0.024 0.0134 0.03 0.097 0.2074 0.2882 0.346 0.4542 0.624 0.7098 0.6548 0.6534 0.561 0.4316 
0 0 0 0 0 0 0 0 0 0 0 0 0 0 0 0.0078 0.4426 2.1928 3.5662 3.0608 2.0994 1.182 0.6544 0.358 0.2052 0.1008 0.058 0.035 0.0158 0.011 0.0102 0 0.0046 0.0558 0.3074 0.9216 1.5588 2.0298 2.015 1.6634 1.2334 0.8618 0.546 0.3178 0.196 0.1498 0.0694 0.0334 0.0158 0.0152 0.0106 0.0462 0.1424 0.39 0.7882 1.1726 1.3926 1.351 1.2658 1.0456 0.8196 0.5738 0.3842 0.2484 0.1692 0.1108 0.0464 0.027 0.015 0.0246 0.072 0.166 0.3332 0.6116 0.785 0.9504 0.9934 0.9618 0.8378 0.6548 0.5294 0.3616 0.2622 0.1922 0.1264 0.0692 0.0462 0.0212 0.0278 0.0774 0.1372 0.2354 0.3692 0.5276 0.6216 0.6608 0.6614 0.586 0.5362 0.4204 
0 0 0 0 0 0 0 0 0 0 0 0 0 0 0 0.008 0.4548 2.1142 3.5262 3.1672 2.1434 1.195 0.6208 0.3358 0.1774 0.098 0.0628 0.0396 0.0214 0.0168 0.01 0.0062 0.0048 0.0482 0.2566 0.865 1.6326 2.03 2.1016 1.7038 1.2622 0.8272 0.5188 0.3018 0.182 0.1154 0.0574 0.0468 0.0216 0.0172 0.0176 0.0196 0.1246 0.4242 0.7694 1.134 1.3216 1.4572 1.3432 1.1268 0.8144 0.5382 0.372 0.2028 0.1402 0.0946 0.0578 0.0246 0.012 0.0122 0.0574 0.1684 0.3546 0.5712 0.746 0.965 1.0078 0.9424 0.9062 0.7866 0.5672 0.3354 0.2414 0.1686 0.0982 0.0274 0.019 0.0218 0.0304 0.0666 0.1332 0.2432 0.3354 0.4526 0.5858 0.6864 0.7014 0.6718 0.641 0.4614 
0 0 0 0 0 0 0 0 0 0 0 0 0 0 0 0.0208 0.4596 2.021 3.2706 3.0208 2.1878 1.3812 0.7414 0.3882 0.203 0.1144 0.0686 0.0486 0.021 0.0256 0.0184 0.0032 0.008 0.0814 0.3284 0.831 1.46 1.7644 1.8084 1.6528 1.3836 0.968 0.692 0.4126 0.2398 0.1556 0.0996 0.0508 0.0358 0.0208 0.0192 0.0592 0.1764 0.405 0.747 1.0178 1.1856 1.1588 1.143 1.0452 0.895 0.7234 0.534 0.377 0.2456 0.123 0.069 0.0312 0.03 0.0526 0.0942 0.2088 0.3606 0.5832 0.6886 0.7618 0.827 0.7692 0.7386 0.671 0.5678 0.5782 0.3998 0.3242 0.1588 0.1 0.0564 0.0476 0.0638 0.1032 0.159 0.2618 0.3738 0.447 0.4754 0.532 0.5276 0.4888 0.4488 0.4438 
0 0 0 0 0 0 0 0 0 0 0 0 0 0 0 0.015 0.5574 2.341 3.3548 3.0502 2.0612 1.139 0.6088 0.384 0.2246 0.1102 0.0574 0.039 0.0222 0.0124 0.007 0.0052 0.0168 0.107 0.4528 1.0126 1.6672 1.9192 1.857 1.5244 1.132 0.8598 0.5688 0.344 0.237 0.1406 0.0714 0.0474 0.0166 0.019 0.0224 0.0946 0.289 0.548 0.8646 1.1358 1.2424 1.2342 1.1234 0.984 0.7798 0.5922 0.4428 0.246 0.156 0.1218 0.0632 0.0298 0.0298 0.063 0.159 0.336 0.4854 0.6138 0.7542 0.801 0.8168 0.8586 0.7164 0.6602 0.5828 0.3692 0.2868 0.2014 0.1292 0.0792 0.0588 0.0416 0.094 0.1682 0.2298 0.3302 0.3954 0.4722 0.55 0.525 0.5534 0.5068 0.4812 0.4392 
0 0 0 0 0 0 0 0 0 0 0 0 0 0 0 0.0126 0.4366 2.0658 3.4916 3.2538 2.1546 1.2326 0.6548 0.3482 0.1538 0.0682 0.0504 0.0224 0.023 0.0116 0.0064 0.0058 0.0094 0.0482 0.26 0.8048 1.5974 1.982 2.1012 1.8142 1.3186 0.8422 0.5462 0.3242 0.1644 0.0824 0.038 0.0252 0.0162 0.0134 0.016 0.0376 0.1114 0.3388 0.7002 1.1422 1.4284 1.4704 1.396 1.1224 0.8348 0.583 0.395 0.2004 0.1008 0.0588 0.027 0.0158 0.0142 0.034 0.0564 0.1218 0.2678 0.5054 0.8212 1.0316 1.0536 1.0168 0.922 0.7816 0.528 0.362 0.23 0.1356 0.0698 0.0266 0.0126 0.0206 0.039 0.054 0.0874 0.1728 0.3384 0.5194 0.6604 0.6966 0.7118 0.6784 0.6322 0.4674 
0 0 0 0 0 0 0 0 0 0 0 0 0 0 0 0.0122 0.4618 2.168 3.4166 3.004 2.1016 1.2556 0.6876 0.3994 0.22 0.1198 0.056 0.0398 0.0232 0.0126 0.009 0.0048 0.0064 0.0506 0.2924 0.8672 1.5792 2.0006 2.0014 1.716 1.2674 0.8546 0.5616 0.3634 0.189 0.1094 0.0718 0.0342 0.014 0.0064 0.012 0.042 0.1388 0.394 0.7478 1.1196 1.3502 1.4162 1.2896 1.16 0.8264 0.5858 0.392 0.212 0.1366 0.093 0.0516 0.0202 0.0112 0.0192 0.0554 0.1756 0.3032 0.5462 0.7904 0.933 1.0272 1.007 0.9106 0.731 0.5364 0.3678 0.2562 0.159 0.1 0.0426 0.0288 0.0112 0.0236 0.0608 0.1094 0.2054 0.3458 0.5166 0.6058 0.6754 0.706 0.6916 0.561 0.4616 
0 0 0 0 0 0 0 0 0 0 0 0 0 0 0 0.0114 0.417 2.0602 3.4828 3.184 2.1546 1.2754 0.6624 0.3592 0.1878 0.0746 0.0606 0.0256 0.0186 0.0096 0.005 0.004 0.009 0.0494 0.26 0.8186 1.5 2.0372 2.0778 1.7636 1.3314 0.8718 0.5082 0.3152 0.1948 0.1286 0.0552 0.0252 0.0244 0.0158 0.0186 0.0454 0.135 0.3312 0.6376 1.0914 1.3816 1.4782 1.3816 1.1166 0.8768 0.5816 0.3764 0.2386 0.1252 0.0922 0.0504 0.0236 0.0134 0.0234 0.0706 0.1236 0.2698 0.519 0.7294 0.9162 1.0522 1.001 0.923 0.8122 0.612 0.3816 0.2198 0.152 0.104 0.0482 0.0234 0.0188 0.0228 0.0668 0.1148 0.1902 0.308 0.4434 0.5542 0.6638 0.7264 0.7446 0.6472 0.5524 
0 0 0 0 0 0 0 0 0 0 0 0 0 0 0 0.0082 0.4374 2.0302 3.4256 3.2112 2.1472 1.2608 0.731 0.3526 0.1658 0.093 0.0532 0.033 0.0166 0.014 0.0116 0.005 0.0044 0.0474 0.233 0.79 1.5448 2.0162 2.073 1.786 1.3332 0.875 0.5418 0.3436 0.169 0.0892 0.0574 0.0376 0.025 0.0206 0.0134 0.02 0.1126 0.3142 0.6542 1.1248 1.4074 1.487 1.4504 1.0928 0.8424 0.5866 0.3798 0.234 0.131 0.0524 0.0322 0.0318 0.0208 0.0276 0.0424 0.1022 0.2584 0.4754 0.7478 0.9928 1.1332 1.0656 0.8992 0.731 0.58 0.3834 0.2542 0.1338 0.0814 0.05 0.0276 0.0204 0.0284 0.034 0.0724 0.1454 0.2962 0.4972 0.6522 0.6928 0.8064 0.6936 0.5906 0.497 
0 0 0 0 0 0 0 0 0 0 0 0 0 0 0 0.017 0.491 2.2686 3.5618 3.1368 2.1172 1.1056 0.6004 0.3108 0.173 0.0898 0.0504 0.0346 0.0252 0.009 0.0088 0 0.0048 0.0664 0.3362 0.9546 1.7314 2.108 2.0454 1.6464 1.155 0.7812 0.4858 0.2668 0.158 0.1068 0.07 0.0492 0.022 0.0056 0.015 0.0442 0.1776 0.4688 0.8304 1.25 1.4504 1.4666 1.2822 0.9682 0.73 0.4722 0.3318 0.2172 0.1314 0.0836 0.05 0.0244 0.0192 0.0264 0.096 0.1854 0.3724 0.637 0.877 0.9994 1.0576 0.996 0.8342 0.6224 0.4638 0.2878 0.1972 0.1436 0.102 0.0548 0.0276 0.0222 0.0526 0.0676 0.1518 0.247 0.3512 0.545 0.7354 0.7842 0.7092 0.6032 0.5088 0.4092 
0 0 0 0 0 0 0 0 0 0 0 0 0 0 0 0.0062 0.4466 2.186 3.5274 3.083 2.117 1.1736 0.6356 0.4036 0.2018 0.0996 0.0524 0.0246 0.02 0.0102 0.0034 0.0042 0.0056 0.0412 0.2962 0.8874 1.6248 2.0936 2.1742 1.7362 1.1716 0.7734 0.4962 0.2756 0.1902 0.114 0.0494 0.0284 0.0186 0.0106 0.0132 0.026 0.1172 0.3534 0.8058 1.1946 1.4034 1.5928 1.4596 1.0628 0.715 0.5 0.305 0.1812 0.1252 0.0696 0.0346 0.02 0.0172 0.023 0.044 0.1352 0.3122 0.5444 0.8084 1.0732 1.1864 1.0972 0.9096 0.675 0.4434 0.2986 0.1728 0.1138 0.084 0.0374 0.0262 0.018 0.0176 0.0434 0.101 0.2004 0.3426 0.547 0.6992 0.7898 0.8118 0.7112 0.5726 0.4226 
0 0 0 0 0 0 0 0 0 0 0 0 0 0 0 0.0158 0.4886 2.06 3.2766 3.0864 2.1024 1.3938 0.7364 0.41 0.2168 0.1086 0.0546 0.0348 0.0112 0.0028 0.0012 0 0.004 0.08 0.3328 0.886 1.373 1.8144 1.8896 1.644 1.3334 0.9208 0.6572 0.488 0.2686 0.1478 0.0932 0.0398 0.0142 0.0084 0.0188 0.0712 0.2114 0.419 0.6842 0.9138 1.1518 1.246 1.185 1.111 0.8732 0.686 0.5046 0.3528 0.2356 0.1498 0.095 0.0498 0.046 0.0574 0.119 0.2042 0.353 0.4666 0.6096 0.7408 0.8154 0.8698 0.8122 0.722 0.6066 0.4834 0.371 0.2766 0.1908 0.1084 0.088 0.0758 0.0882 0.113 0.1652 0.2258 0.3018 0.4312 0.471 0.4764 0.5438 0.5796 0.5296 0.4676 
0 0 0 0 0 0 0 0 0 0 0 0 0 0 0 0.0094 0.4474 2.1316 3.3976 3.02 2.1568 1.3104 0.7064 0.3878 0.1908 0.0958 0.064 0.0378 0.0204 0.014 0.004 0.004 0.0038 0.0482 0.28 0.8934 1.5612 1.9644 1.9332 1.7058 1.2916 0.8626 0.5856 0.3734 0.2118 0.1302 0.0648 0.0424 0.0254 0.0142 0.0074 0.0402 0.146 0.4086 0.743 1.0828 1.3676 1.34 1.2372 1.085 0.8358 0.6284 0.4088 0.2762 0.1738 0.1074 0.0734 0.0256 0.009 0.0296 0.0622 0.1488 0.3236 0.6046 0.8254 0.8622 0.9428 0.8944 0.844 0.7496 0.5572 0.3848 0.3064 0.2108 0.1252 0.0828 0.0348 0.0218 0.0226 0.0546 0.1266 0.2184 0.407 0.4438 0.572 0.6236 0.6056 0.6306 0.5608 0.503 
0 0 0 0 0 0 0 0 0 0 0 0 0 0 0 0.0168 0.598 2.2844 3.4674 3.0666 1.9408 1.1394 0.6994 0.342 0.1886 0.1006 0.0666 0.0396 0.023 0.0172 0.0058 0.0042 0.0106 0.1016 0.4282 1.0984 1.6348 1.9226 1.8946 1.482 1.1832 0.8354 0.5814 0.3326 0.2102 0.121 0.0788 0.0414 0.024 0.0116 0.0288 0.0886 0.2684 0.562 0.8866 1.1294 1.29 1.199 1.1692 0.965 0.8024 0.5834 0.3642 0.2556 0.1702 0.1112 0.0622 0.0482 0.0396 0.0614 0.1516 0.269 0.4642 0.666 0.753 0.8662 0.832 0.847 0.7338 0.6548 0.5368 0.3876 0.2354 0.2084 0.127 0.083 0.0556 0.0634 0.095 0.1356 0.2014 0.3126 0.4108 0.524 0.5674 0.5686 0.5654 0.551 0.4952 0.408 
0 0 0 0 0 0 0 0 0 0 0 0 0 0 0 0.0178 0.4764 2.0626 3.4304 3.0304 2.1014 1.2566 0.6788 0.3862 0.26 0.125 0.066 0.0308 0.024 0.0228 0.012 0.0094 0.0204 0.0542 0.308 0.9042 1.5452 1.8714 1.928 1.6744 1.2454 0.8786 0.5732 0.389 0.2524 0.1432 0.0944 0.0444 0.0306 0.0256 0.0202 0.049 0.1682 0.4192 0.783 1.0364 1.2284 1.3686 1.2282 1.0634 0.858 0.6276 0.4296 0.2954 0.1828 0.1016 0.08 0.0378 0.0258 0.0316 0.0748 0.1858 0.3632 0.5464 0.716 0.8092 0.9278 0.953 0.8142 0.7746 0.5828 0.408 0.3062 0.1968 0.1432 0.0748 0.0564 0.0368 0.0384 0.0602 0.1442 0.2484 0.3622 0.4374 0.4788 0.5842 0.695 0.6512 0.5878 0.4704 
0 0 0 0 0 0 0 0 0 0 0 0 0 0 0 0.0136 0.4826 2.2512 3.4576 3.0596 2.082 1.252 0.6384 0.3398 0.1908 0.0978 0.046 0.0244 0.014 0.0132 0.0092 0.0052 0.0078 0.069 0.3518 0.969 1.5932 1.9492 1.986 1.7548 1.2716 0.8294 0.5196 0.2734 0.188 0.1092 0.0576 0.0374 0.0154 0.0098 0.01 0.0554 0.2054 0.4598 0.8052 1.117 1.3386 1.3828 1.2814 1.1198 0.8102 0.5686 0.3512 0.1932 0.1234 0.0862 0.0418 0.0174 0.029 0.0332 0.1002 0.2472 0.416 0.558 0.7512 0.8556 0.9536 0.9888 0.9218 0.7312 0.5248 0.3598 0.2394 0.1314 0.0792 0.0544 0.0328 0.0296 0.0458 0.1156 0.1968 0.276 0.3788 0.4784 0.547 0.582 0.624 0.6814 0.5858 0.4834 
0 0 0 0 0 0 0 0 0 0 0 0 0 0 0 0.017 0.474 2.1094 3.4358 3.0496 2.1898 1.2514 0.652 0.358 0.1998 0.129 0.0738 0.0356 0.0096 0.0038 0.005 0.0064 0.003 0.061 0.289 0.7734 1.4446 2.002 2.1614 1.753 1.2754 0.8592 0.566 0.3636 0.2094 0.1208 0.0568 0.0364 0.0094 0.0058 0.0138 0.0388 0.1106 0.306 0.6432 1.029 1.416 1.5398 1.3898 1.1358 0.8512 0.5668 0.406 0.2482 0.1512 0.0762 0.0378 0.021 0.0198 0.0264 0.0358 0.097 0.2538 0.442 0.7362 0.9966 1.1084 1.0988 0.9182 0.7328 0.5586 0.4122 0.2516 0.1516 0.0882 0.0336 0.027 0.032 0.0138 0.034 0.063 0.169 0.2842 0.4762 0.6436 0.703 0.7038 0.707 0.6664 0.535 
0 0 0 0 0 0 0 0 0 0 0 0 0 0 0 0.0056 0.3886 2.0728 3.4168 3.1484 2.1162 1.2588 0.7538 0.3912 0.1858 0.111 0.0672 0.0418 0.0244 0.0156 0.002 0 0.0016 0.0396 0.2348 0.8614 1.4972 1.9996 2.004 1.6596 1.2974 0.9404 0.5882 0.3634 0.2294 0.124 0.0746 0.0448 0.02 0.015 0.004 0.0248 0.125 0.3484 0.7062 1.0798 1.2484 1.3456 1.3908 1.1778 0.8886 0.6166 0.4064 0.2736 0.1718 0.0966 0.0608 0.026 0.0044 0.0162 0.0542 0.1324 0.29 0.4946 0.687 0.8542 0.9886 0.9884 0.9394 0.8126 0.634 0.4496 0.2692 0.177 0.1062 0.0582 0.0364 0.0166 0.0138 0.0438 0.114 0.1834 0.309 0.407 0.5212 0.6342 0.7112 0.713 0.6704 0.5452 
0 0 0 0 0 0 0 0 0 0 0 0 0 0 0 0.0126 0.4786 2.1386 3.4218 3.125 2.1976 1.2146 0.6596 0.3674 0.1866 0.101 0.0534 0.0252 0.0128 0.0052 0 0 0.004 0.0464 0.2902 0.878 1.5624 2.0526 2.0022 1.7016 1.2826 0.8554 0.5806 0.334 0.1962 0.1072 0.065 0.0284 0.0118 0.0014 0.0032 0.0288 0.1336 0.3698 0.7824 1.098 1.3584 1.47 1.351 1.1424 0.8362 0.5244 0.396 0.2534 0.1474 0.056 0.0284 0.0088 0.0106 0.0146 0.042 0.1222 0.2706 0.5326 0.7908 0.955 1.1146 1.1198 0.9188 0.721 0.5828 0.3632 0.2146 0.1256 0.0562 0.0266 0.0186 0.0086 0.0154 0.029 0.076 0.172 0.3046 0.4654 0.606 0.7712 0.8582 0.762 0.6452 0.4868 
0 0 0 0 0 0 0 0 0 0 0 0 0 0 0 0.0114 0.449 2.2642 3.5132 3.1416 1.9276 1.2218 0.7134 0.3202 0.1676 0.106 0.0684 0.033 0.0144 0.0076 0.0084 0.0074 0.012 0.07 0.3228 0.9526 1.6194 2.0506 2.0124 1.646 1.2466 0.8298 0.4804 0.306 0.1876 0.1134 0.0582 0.0408 0.0252 0.0204 0.0158 0.0502 0.1702 0.4164 0.7772 1.209 1.3976 1.4254 1.284 1.0818 0.774 0.5566 0.3354 0.1954 0.1274 0.0854 0.0448 0.0414 0.0166 0.0312 0.074 0.1626 0.3376 0.6222 0.8554 0.9698 1.013 0.983 0.8672 0.6856 0.5176 0.3252 0.2068 0.1568 0.1008 0.0474 0.0226 0.0184 0.0338 0.0536 0.1306 0.2592 0.397 0.505 0.6344 0.7324 0.7198 0.6296 0.5386 0.4246 
0 0 0 0 0 0 0 0 0 0 0 0 0 0 0 0.008 0.529 2.1606 3.4158 3.0714 2.0554 1.2516 0.7106 0.3854 0.1708 0.1058 0.0712 0.0318 0.014 0.009 0.0028 0.0018 0.008 0.069 0.372 0.9654 1.5812 1.8952 1.8488 1.639 1.2488 0.9406 0.6288 0.3344 0.213 0.1272 0.0584 0.0394 0.017 0.0082 0.0172 0.0564 0.2144 0.4746 0.8246 1.1158 1.2022 1.2818 1.1286 1.045 0.8692 0.716 0.459 0.2684 0.1524 0.0876 0.0446 0.0278 0.0188 0.041 0.0962 0.2464 0.4056 0.6336 0.748 0.8178 0.7682 0.8762 0.7898 0.6962 0.601 0.4954 0.3108 0.2036 0.1186 0.0816 0.0386 0.0394 0.053 0.0874 0.207 0.2858 0.417 0.472 0.5246 0.5054 0.5838 0.5518 0.5386 0.4742 
0 0 0 0 0 0 0 0 0 0 0 0 0 0 0 0.0142 0.514 2.2632 3.466 3.0714 1.9898 1.1696 0.6684 0.3538 0.19 0.115 0.0684 0.042 0.0282 0.0196 0.01 0.0062 0.012 0.0702 0.3874 1.0148 1.6336 2.0084 1.943 1.5444 1.1924 0.8514 0.51 0.3248 0.2024 0.1332 0.0716 0.0474 0.0242 0.0186 0.028 0.0626 0.2054 0.4938 0.882 1.223 1.3208 1.3392 1.1812 0.9832 0.706 0.53 0.3902 0.2882 0.1566 0.095 0.0534 0.0432 0.033 0.0504 0.1192 0.2256 0.423 0.6568 0.7886 0.9384 0.9546 0.8252 0.7964 0.6154 0.5168 0.3654 0.2662 0.2052 0.1056 0.0674 0.0448 0.0516 0.0766 0.1086 0.1372 0.28 0.4024 0.4976 0.6238 0.6484 0.614 0.5938 0.5022 0.4164 
0 0 0 0 0 0 0 0 0 0 0 0 0 0 0 0.0202 0.4412 2.1846 3.5014 3.116 2.1156 1.242 0.656 0.3738 0.1704 0.0788 0.0332 0.026 0.0098 0.01 0.0076 0.0056 0.0056 0.049 0.3242 0.9194 1.566 1.963 2.0506 1.7674 1.2884 0.8678 0.5522 0.2936 0.1688 0.0896 0.041 0.0218 0.0164 0.011 0.0064 0.0358 0.163 0.4118 0.7266 1.1122 1.3426 1.495 1.3144 1.1696 0.8394 0.574 0.3496 0.2054 0.1126 0.0692 0.0378 0.0206 0.011 0.0296 0.0608 0.168 0.3518 0.5502 0.7364 0.9194 1.0404 1.0384 0.93 0.7306 0.5552 0.3788 0.238 0.1322 0.0784 0.026 0.0198 0.0278 0.0318 0.0618 0.1136 0.2298 0.3444 0.468 0.5904 0.7064 0.742 0.695 0.6064 0.4618 
0 0 0 0 0 0 0 0 0 0 0 0 0 0 0 0.0076 0.4336 2.1074 3.4058 3.1762 2.1772 1.257 0.6444 0.3686 0.1816 0.104 0.0562 0.0286 0.0096 0.0072 0.008 0.0056 0.0078 0.0416 0.2742 0.7728 1.4898 2.029 2.1052 1.754 1.298 0.896 0.5794 0.3526 0.1906 0.103 0.0386 0.0254 0.0204 0.018 0.0126 0.0354 0.0966 0.2966 0.615 1.065 1.3824 1.5484 1.4406 1.161 0.8556 0.6308 0.3872 0.2268 0.1112 0.0668 0.0342 0.0266 0.0116 0.0166 0.0308 0.0858 0.2218 0.4352 0.7086 0.9736 1.127 1.17 0.982 0.7628 0.5796 0.4136 0.2256 0.128 0.0572 0.036 0.0284 0.0182 0.0142 0.0266 0.064 0.1262 0.2462 0.4218 0.5856 0.799 0.8318 0.7812 0.682 0.5174 
0 0 0 0 0 0 0 0 0 0 0 0 0 0 0 0.0144 0.4752 2.142 3.4032 3.0454 2.0926 1.2176 0.7 0.3786 0.2104 0.128 0.0728 0.0464 0.0284 0.0134 0.0128 0.0062 0.0094 0.0872 0.387 0.9246 1.5504 1.8102 1.8736 1.5848 1.2634 0.9518 0.6024 0.4304 0.2116 0.1372 0.0762 0.0438 0.0296 0.0164 0.0194 0.083 0.219 0.4894 0.804 1.0514 1.2014 1.2592 1.175 1.0134 0.835 0.6516 0.4608 0.3018 0.1862 0.1162 0.077 0.0356 0.03 0.0542 0.103 0.2802 0.4638 0.589 0.7044 0.7838 0.8278 0.7998 0.7664 0.6576 0.5328 0.4552 0.375 0.2586 0.1548 0.0862 0.061 0.0432 0.0526 0.1428 0.263 0.3072 0.3892 0.4482 0.4904 0.5052 0.4906 0.4692 0.4854 0.446 
0 0 0 0 0 0 0 0 0 0 0 0 0 0 0 0.0184 0.5138 2.1632 3.4686 3.0482 2.0652 1.1888 0.6456 0.3516 0.2108 0.1216 0.061 0.0414 0.0366 0.0312 0.0114 0.007 0.0182 0.0688 0.382 0.9202 1.643 1.9904 1.925 1.5954 1.2192 0.786 0.5662 0.3466 0.181 0.132 0.0962 0.0696 0.0366 0.0164 0.0216 0.0718 0.192 0.4652 0.799 1.1406 1.297 1.2882 1.2854 1.0004 0.7864 0.5822 0.4022 0.2588 0.1576 0.1134 0.063 0.0364 0.0412 0.0544 0.0942 0.2276 0.3972 0.5772 0.7728 0.8526 0.9476 0.8966 0.7912 0.6988 0.542 0.393 0.3064 0.1762 0.1026 0.079 0.047 0.036 0.061 0.1092 0.1744 0.2824 0.3824 0.4826 0.5372 0.5728 0.602 0.5942 0.5488 0.4748 
0 0 0 0 0 0 0 0 0 0 0 0 0 0 0 0.011 0.4526 2.2128 3.6164 3.1632 2.0238 1.1262 0.6426 0.339 0.1858 0.105 0.0496 0.0328 0.0196 0.0068 0.0034 0.0014 0.0034 0.0428 0.3172 0.9258 1.7 2.1038 2.1238 1.6524 1.1528 0.7888 0.5102 0.311 0.1606 0.0912 0.059 0.0306 0.0148 0.0078 0.002 0.0386 0.1616 0.4134 0.783 1.1754 1.5152 1.5344 1.3224 1.029 0.7464 0.5122 0.3304 0.2054 0.0864 0.0618 0.0456 0.0264 0.0152 0.0154 0.0544 0.1808 0.34 0.544 0.8672 1.0734 1.122 1.0284 0.8552 0.689 0.4992 0.322 0.1724 0.1152 0.0624 0.0276 0.0156 0.0142 0.0142 0.051 0.1188 0.2416 0.3792 0.527 0.6684 0.7378 0.7626 0.7224 0.5684 0.4428 
0 0 0 0 0 0 0 0 0 0 0 0 0 0 0 0.01 0.4668 2.119 3.403 3.1564 2.093 1.244 0.6578 0.361 0.1898 0.1122 0.0648 0.0498 0.0226 0.0148 0.0088 0.0062 0.0064 0.0632 0.3296 0.8554 1.5728 1.9542 2.0312 1.6962 1.2522 0.888 0.5482 0.2962 0.191 0.1278 0.0752 0.0546 0.0418 0.0098 0.0154 0.0354 0.17 0.4046 0.7838 1.1098 1.3202 1.3758 1.2488 1.103 0.8232 0.5814 0.4148 0.2372 0.1688 0.1006 0.0656 0.03 0.0146 0.0222 0.0682 0.1896 0.364 0.554 0.7602 0.921 0.944 0.9158 0.8768 0.6712 0.5754 0.4642 0.274 0.1632 0.104 0.0622 0.0422 0.0242 0.031 0.0802 0.1274 0.2654 0.3638 0.4934 0.5404 0.6282 0.6526 0.6294 0.5484 0.4898 
0 0 0 0 0 0 0 0 0 0 0 0 0 0 0 0.0112 0.4974 2.1876 3.4224 3.061 2.0992 1.2096 0.6282 0.3658 0.1956 0.1252 0.0814 0.0528 0.0312 0.015 0.0078 0.0052 0.0098 0.0608 0.332 0.9196 1.604 2.0278 1.9612 1.5566 1.1984 0.8154 0.5772 0.38 0.197 0.1342 0.0874 0.0566 0.042 0.0336 0.0234 0.0518 0.167 0.4266 0.7596 1.189 1.3626 1.3316 1.2224 1.0126 0.8154 0.5928 0.354 0.2552 0.159 0.1032 0.0822 0.0506 0.0432 0.0414 0.072 0.1652 0.3502 0.5876 0.8224 0.9014 0.9478 0.9008 0.831 0.7186 0.5536 0.386 0.2812 0.1728 0.106 0.0742 0.0436 0.0356 0.0352 0.0538 0.1212 0.2482 0.4172 0.5012 0.5568 0.6028 0.6544 0.6316 0.5964 0.4956 
0 0 0 0 0 0 0 0 0 0 0 0 0 0 0 0.0158 0.5162 1.9922 3.2404 3.1498 2.1646 1.2416 0.6856 0.3786 0.2308 0.1364 0.0856 0.0592 0.0422 0.0268 0.018 0.0132 0.0098 0.0848 0.3862 0.861 1.3772 1.8124 1.86 1.7276 1.2744 0.8964 0.5774 0.3792 0.2654 0.1712 0.123 0.0826 0.0424 0.0316 0.0284 0.0976 0.2408 0.4372 0.6922 1.0074 1.089 1.2118 1.2084 1.0594 0.872 0.6656 0.446 0.3 0.2244 0.1738 0.1096 0.0782 0.0464 0.072 0.1408 0.2526 0.3854 0.5366 0.6478 0.696 0.7774 0.8632 0.7284 0.7244 0.5694 0.4652 0.3672 0.2766 0.1786 0.135 0.0958 0.0716 0.1182 0.1384 0.1926 0.268 0.3372 0.4198 0.4516 0.4908 0.5406 0.5056 0.5078 0.432 
0 0 0 0 0 0 0 0 0 0 0 0 0 0 0 0.0164 0.4478 2.1496 3.4876 3.1974 2.0662 1.1636 0.6472 0.348 0.186 0.1282 0.0744 0.0408 0.0252 0.0074 0.005 0.0054 0.0048 0.0546 0.2906 0.844 1.5696 2.0646 2.0404 1.7338 1.281 0.844 0.517 0.3138 0.1798 0.1088 0.0798 0.0378 0.008 0.0154 0.0076 0.0392 0.137 0.3786 0.7394 1.114 1.4104 1.4646 1.3526 1.1162 0.803 0.5406 0.3616 0.2112 0.1408 0.1072 0.0442 0.0166 0.0164 0.019 0.0528 0.1576 0.3408 0.552 0.7326 0.9204 1.08 1.1122 0.9258 0.6562 0.483 0.374 0.243 0.1628 0.1022 0.04 0.0148 0.0144 0.0328 0.0606 0.119 0.24 0.3252 0.452 0.603 0.7468 0.767 0.654 0.5812 0.4476 
0 0 0 0 0 0 0 0 0 0 0 0 0 0 0 0.015 0.4968 2.086 3.4346 3.0324 2.0396 1.2148 0.7084 0.415 0.2286 0.1168 0.087 0.0518 0.0344 0.0208 0.0116 0.0012 0.0026 0.077 0.3244 0.8724 1.5376 2.0274 1.995 1.5766 1.181 0.8616 0.5632 0.356 0.2328 0.1526 0.1008 0.0662 0.0426 0.019 0.0176 0.0466 0.1736 0.4366 0.7816 1.0552 1.3846 1.3706 1.2238 1.0482 0.7484 0.571 0.4046 0.2676 0.165 0.1152 0.085 0.066 0.0202 0.0396 0.0836 0.2242 0.3512 0.6134 0.7676 0.8436 0.9244 0.9378 0.8776 0.664 0.5128 0.3958 0.2772 0.182 0.1272 0.0736 0.0642 0.0548 0.0288 0.0734 0.1698 0.2738 0.4024 0.4432 0.504 0.649 0.6446 0.5966 0.5474 0.4646 
0 0 0 0 0 0 0 0 0 0 0 0 0 0 0 0.0064 0.4318 2.119 3.404 3.1184 2.1374 1.2754 0.6532 0.367 0.203 0.1016 0.0678 0.0446 0.027 0.0142 0.0094 0.0068 0.0054 0.0488 0.2596 0.812 1.4958 2.0398 2.1148 1.7868 1.28 0.8254 0.5152 0.3066 0.2068 0.1266 0.0708 0.0492 0.0202 0.0092 0.0182 0.0408 0.1226 0.3104 0.6402 1.0756 1.4372 1.5628 1.3878 1.1156 0.79 0.5942 0.39 0.209 0.1546 0.0692 0.0368 0.0284 0.0246 0.0208 0.0586 0.1172 0.2202 0.4322 0.7484 1.0308 1.125 1.0802 0.9364 0.7736 0.5288 0.3644 0.2652 0.1286 0.076 0.0426 0.031 0.018 0.028 0.0422 0.0756 0.1546 0.2678 0.4304 0.6108 0.7348 0.7884 0.7988 0.6852 0.4824 
0 0 0 0 0 0 0 0 0 0 0 0 0 0 0 0.0192 0.5074 2.3106 3.413 2.9954 2.1264 1.2034 0.6352 0.3448 0.1744 0.1122 0.0718 0.0296 0.0172 0.0154 0.0056 0.005 0.018 0.087 0.4076 1.0022 1.577 1.8664 1.98 1.6608 1.2328 0.8654 0.5294 0.317 0.1808 0.133 0.0604 0.038 0.0202 0.0182 0.0246 0.0964 0.2504 0.4796 0.7926 1.0754 1.2544 1.354 1.2756 1.0806 0.8352 0.5606 0.3776 0.223 0.1372 0.0948 0.0358 0.0364 0.0362 0.0634 0.141 0.2324 0.4014 0.5756 0.7328 0.8762 0.9206 0.8908 0.8806 0.6882 0.5578 0.394 0.263 0.141 0.085 0.0746 0.0484 0.0594 0.0676 0.1036 0.1914 0.2668 0.3756 0.5008 0.5302 0.619 0.6128 0.5854 0.5596 0.4498 
0 0 0 0 0 0 0 0 0 0 0 0 0 0 0 0.0136 0.4788 2.1762 3.3474 3.068 2.1664 1.1978 0.6418 0.349 0.2158 0.1394 0.078 0.0494 0.0226 0.012 0.0066 0.012 0.0148 0.0752 0.34 0.9602 1.4688 1.9636 1.9674 1.6922 1.2242 0.8116 0.555 0.3502 0.229 0.1384 0.101 0.0496 0.0274 0.0102 0.0182 0.0624 0.1818 0.4768 0.7242 1.0776 1.3352 1.3848 1.2326 1.0304 0.7994 0.5942 0.4008 0.2656 0.1728 0.1128 0.0552 0.0402 0.027 0.046 0.0962 0.2314 0.3506 0.4964 0.7378 0.8948 0.9632 0.949 0.8478 0.762 0.536 0.3786 0.2716 0.1624 0.1176 0.0692 0.0484 0.0446 0.0558 0.0864 0.1508 0.2218 0.3372 0.458 0.5594 0.6336 0.6572 0.6538 0.6054 0.4776 
0 0 0 0 0 0 0 0 0 0 0 0 0 0 0 0.0128 0.4662 2.1426 3.444 3.1276 2.2024 1.2002 0.6284 0.3244 0.2042 0.1244 0.043 0.0374 0.0128 0.008 0.0056 0.004 0.0036 0.0446 0.2928 0.871 1.5674 2.046 2.0978 1.7206 1.2196 0.8186 0.5464 0.3262 0.184 0.1142 0.0746 0.0314 0.0118 0.0112 0.019 0.0434 0.141 0.3536 0.6996 1.1296 1.3778 1.5206 1.347 1.0956 0.82 0.572 0.3668 0.206 0.132 0.0778 0.0408 0.032 0.0262 0.0312 0.0644 0.1528 0.276 0.525 0.8186 1.0164 1.0012 0.9532 0.8482 0.795 0.5634 0.3654 0.2458 0.1432 0.0758 0.0594 0.0288 0.0302 0.0352 0.0512 0.1012 0.2154 0.3842 0.5798 0.6266 0.6354 0.6096 0.6072 0.5982 0.4952 
0 0 0 0 0 0 0 0 0 0 0 0 0 0 0 0.0126 0.5066 2.292 3.6388 3.098 2.014 1.161 0.5926 0.3062 0.1434 0.099 0.058 0.0332 0.0146 0.008 0.0094 0.0062 0.0096 0.0588 0.3422 1.0184 1.7112 2.0504 2.1458 1.6866 1.14 0.7544 0.461 0.2452 0.1674 0.0846 0.0668 0.025 0.0132 0.0114 0.0122 0.0546 0.1918 0.4654 0.8372 1.211 1.4634 1.5774 1.266 0.9976 0.7174 0.5048 0.3024 0.1798 0.1078 0.066 0.0218 0.016 0.0098 0.0394 0.0834 0.2104 0.3798 0.5918 0.875 1.0618 1.0968 1.0484 0.8306 0.619 0.4504 0.3192 0.1836 0.1074 0.0566 0.0226 0.0182 0.0198 0.0336 0.0762 0.164 0.2446 0.3976 0.5382 0.6654 0.8062 0.7838 0.6334 0.5128 0.4222 
0 0 0 0 0 0 0 0 0 0 0 0 0 0 0 0.0164 0.4882 2.2692 3.3736 3.009 2.0076 1.2248 0.6844 0.4298 0.2058 0.1358 0.049 0.0426 0.0218 0.0108 0.0078 0.0062 0.0052 0.0632 0.3816 0.9406 1.5802 1.9384 1.8738 1.6486 1.2872 0.8964 0.5166 0.3428 0.2186 0.1156 0.0822 0.0454 0.0258 0.0164 0.0154 0.0794 0.1912 0.4118 0.777 1.0936 1.3492 1.3988 1.2872 1.0064 0.8146 0.5518 0.4046 0.2596 0.1612 0.0802 0.0544 0.031 0.0274 0.0576 0.0828 0.1902 0.3656 0.5684 0.7714 0.881 1.019 0.918 0.8862 0.6858 0.523 0.3896 0.2654 0.1602 0.0932 0.0602 0.0696 0.038 0.0344 0.0734 0.1404 0.2452 0.3848 0.4696 0.5678 0.6258 0.692 0.6268 0.5706 0.4928 
0 0 0 0 0 0 0 0 0 0 0 0 0 0 0 0.0102 0.4914 2.2062 3.4802 3.0974 2.0672 1.2152 0.7014 0.3262 0.2066 0.1072 0.0494 0.0146 0.014 0.0044 0.004 0.0044 0.0038 0.07 0.342 0.902 1.598 1.9784 2.0644 1.7376 1.293 0.8076 0.4946 0.3036 0.2062 0.0986 0.0588 0.0192 0.0126 0.01 0.0072 0.053 0.164 0.396 0.8022 1.1678 1.3438 1.4562 1.3524 1.106 0.7552 0.5506 0.3636 0.2132 0.135 0.0714 0.036 0.02 0.0096 0.0176 0.0742 0.1698 0.376 0.608 0.826 0.9522 0.992 0.993 0.8456 0.6944 0.5384 0.3834 0.2696 0.1352 0.0646 0.0306 0.017 0.0106 0.0304 0.0664 0.136 0.2458 0.3806 0.5406 0.6016 0.6708 0.6656 0.6626 0.5628 0.4836 
0 0 0 0 0 0 0 0 0 0 0 0 0 0 0 0.0098 0.4266 2.2298 3.499 3.2188 2.061 1.1984 0.6774 0.3412 0.1736 0.0858 0.0428 0.0168 0.007 0.0056 0.0036 0.0016 0.0018 0.0404 0.2844 0.8816 1.6606 2.1552 2.0364 1.6822 1.238 0.8276 0.545 0.3076 0.1758 0.0892 0.0358 0.0216 0.0098 0.0014 0.0058 0.0314 0.1262 0.3584 0.8196 1.2538 1.4364 1.4836 1.3374 1.079 0.7398 0.5328 0.3638 0.2212 0.1038 0.0556 0.032 0.0162 0.0064 0.0106 0.049 0.1286 0.3484 0.598 0.854 1.06 1.1088 1.0016 0.8326 0.6664 0.506 0.353 0.2456 0.1252 0.0558 0.0364 0.019 0.0058 0.0044 0.0392 0.1052 0.2306 0.4148 0.575 0.673 0.7272 0.701 0.6608 0.5476 0.4638 
0 0 0 0 0 0 0 0 0 0 0 0 0 0 0 0.014 0.5258 2.3178 3.3358 3.0186 2.0762 1.2282 0.6752 0.301 0.1964 0.137 0.0864 0.0466 0.0194 0.0088 0.007 0.0022 0.0072 0.0726 0.37 0.9886 1.5814 1.991 2.0218 1.6326 1.1742 0.8296 0.526 0.3132 0.1692 0.152 0.0886 0.0414 0.0192 0.0068 0.014 0.0646 0.2064 0.4726 0.805 1.1696 1.3678 1.406 1.3114 1.023 0.7296 0.5164 0.3342 0.2472 0.1516 0.0912 0.0548 0.021 0.0184 0.0302 0.1046 0.2084 0.3942 0.5696 0.7904 0.9818 1.0574 0.943 0.863 0.6662 0.5188 0.322 0.2154 0.1388 0.0934 0.0488 0.0322 0.0244 0.037 0.0948 0.1232 0.2328 0.375 0.5062 0.6138 0.7338 0.7572 0.6698 0.5434 0.4304 
0 0 0 0 0 0 0 0 0 0 0 0 0 0 0 0.0122 0.4774 2.1172 3.4002 3.1584 2.1266 1.285 0.6722 0.3248 0.1684 0.1118 0.0584 0.0336 0.0238 0.0144 0.008 0.0034 0.0098 0.0716 0.3358 0.8668 1.4902 1.9164 2.0394 1.6926 1.3772 0.9042 0.5674 0.287 0.1674 0.1116 0.0724 0.0438 0.0246 0.0112 0.0204 0.066 0.18 0.418 0.7164 1.0802 1.2506 1.3284 1.3894 1.1968 0.9364 0.555 0.3408 0.1906 0.1402 0.0736 0.0482 0.0364 0.0262 0.0526 0.1034 0.1944 0.348 0.5254 0.7124 0.862 0.9844 0.9886 0.9554 0.772 0.5086 0.365 0.2516 0.1634 0.0788 0.0608 0.0276 0.0358 0.0634 0.0978 0.18 0.2462 0.3176 0.4512 0.5252 0.6558 0.6718 0.6808 0.5992 0.437 
0 0 0 0 0 0 0 0 0 0 0 0 0 0 0 0.0128 0.4606 2.1816 3.5108 3.175 2.07 1.1758 0.6032 0.3326 0.1734 0.1224 0.0726 0.0388 0.0296 0.024 0.0082 0.0086 0.003 0.0626 0.3266 0.8904 1.603 2.0398 2.0804 1.6976 1.2446 0.7436 0.4626 0.3186 0.242 0.1258 0.0674 0.0352 0.0182 0.0212 0.0128 0.0382 0.1602 0.4206 0.7734 1.1712 1.4104 1.439 1.3242 1.0554 0.728 0.5016 0.3652 0.2674 0.1526 0.074 0.0534 0.0348 0.0212 0.0142 0.0862 0.1788 0.3532 0.5894 0.7846 0.9808 1.0044 0.9962 0.8076 0.6626 0.543 0.3806 0.2454 0.1676 0.098 0.0586 0.0264 0.019 0.0304 0.0684 0.143 0.2352 0.429 0.4902 0.6012 0.6714 0.683 0.5864 0.56 0.4878 
0 0 0 0 0 0 0 0 0 0 0 0 0 0 0 0.016 0.505 2.2636 3.4604 3.0692 2.07 1.1474 0.6608 0.3106 0.1838 0.1366 0.0708 0.0362 0.0202 0.02 0.0082 0.0044 0.0092 0.0868 0.3752 0.9528 1.6364 2.0468 2.0208 1.5546 1.1126 0.8414 0.5108 0.306 0.1998 0.143 0.0936 0.0414 0.0234 0.0218 0.0194 0.0768 0.2246 0.459 0.841 1.1286 1.4536 1.399 1.1824 0.961 0.7218 0.4998 0.3724 0.2358 0.1736 0.1006 0.059 0.0416 0.0396 0.0568 0.1374 0.2422 0.3852 0.6114 0.82 0.9326 0.9436 0.9152 0.7794 0.6196 0.4528 0.38 0.251 0.1712 0.1144 0.0694 0.0612 0.0636 0.0926 0.0998 0.16 0.3078 0.4546 0.4788 0.5558 0.6332 0.6708 0.5926 0.4796 0.389 
0 0 0 0 0 0 0 0 0 0 0 0 0 0 0 0.0132 0.435 2.2258 3.4892 3.0874 1.995 1.1612 0.6722 0.4384 0.209 0.1062 0.0594 0.0456 0.0342 0.0154 0.004 0.0088 0.0022 0.0494 0.2848 0.9086 1.5912 2.0608 2.052 1.6322 1.1636 0.8118 0.5842 0.3574 0.2094 0.1266 0.0708 0.037 0.0232 0.0166 0.0164 0.0342 0.155 0.3956 0.7002 1.1694 1.4048 1.4728 1.3346 1.0124 0.7772 0.5594 0.3828 0.2562 0.1442 0.0836 0.0462 0.039 0.0262 0.0148 0.0542 0.1468 0.3188 0.5712 0.7812 0.971 1.0614 1.0372 0.8706 0.6864 0.5436 0.349 0.24 0.162 0.0842 0.055 0.0302 0.0194 0.0218 0.0492 0.0872 0.2062 0.3584 0.481 0.6384 0.6784 0.7756 0.6448 0.581 0.494 
0 0 0 0 0 0 0 0 0 0 0 0 0 0 0 0.0188 0.5616 2.154 3.4334 3.0682 2.0812 1.2104 0.6766 0.3522 0.2078 0.1154 0.0676 0.025 0.013 0.0084 0.0018 0.0032 0.0126 0.0824 0.3386 0.9284 1.513 1.981 1.9928 1.6894 1.234 0.8778 0.5694 0.3282 0.1958 0.1154 0.0726 0.0324 0.0134 0.0146 0.0268 0.0708 0.2074 0.4118 0.7014 1.0688 1.3216 1.383 1.3242 1.1132 0.8444 0.5388 0.3886 0.2698 0.1514 0.0894 0.0502 0.023 0.0302 0.0474 0.1208 0.1844 0.3304 0.4988 0.7036 0.8842 1.0104 0.9814 0.9058 0.7342 0.5286 0.4032 0.2732 0.171 0.1028 0.0518 0.0308 0.0378 0.061 0.095 0.1362 0.2416 0.3266 0.45 0.5402 0.678 0.6308 0.622 0.5942 0.531 
0 0 0 0 0 0 0 0 0 0 0 0 0 0 0 0.0224 0.526 2.1972 3.3658 2.9638 2.0452 1.1828 0.781 0.3756 0.237 0.1346 0.0752 0.0464 0.0196 0.0118 0.0096 0.006 0.0092 0.101 0.3844 0.9668 1.5282 1.8788 1.8872 1.6432 1.2188 0.8504 0.6082 0.3536 0.257 0.1098 0.0846 0.0514 0.0352 0.0186 0.028 0.0918 0.2256 0.4768 0.781 1.0184 1.2894 1.3378 1.2232 0.9786 0.851 0.6364 0.4204 0.2418 0.1536 0.1114 0.0738 0.0384 0.0386 0.0592 0.121 0.243 0.4222 0.559 0.7232 0.8146 0.9304 0.8622 0.7624 0.7184 0.5612 0.4328 0.3228 0.201 0.1108 0.0614 0.0562 0.0444 0.0678 0.1086 0.182 0.2806 0.3522 0.5022 0.5322 0.533 0.5708 0.6 0.5038 0.4578 
0 0 0 0 0 0 0 0 0 0 0 0 0 0 0 0.0106 0.4886 2.4272 3.596 3.1872 2.1272 1.1038 0.5554 0.242 0.1198 0.0634 0.0428 0.0192 0.0082 0.0044 0.0014 0.0014 0.0064 0.0856 0.3848 1.044 1.766 2.1756 2.0842 1.656 1.1608 0.6878 0.443 0.2224 0.1248 0.0698 0.0552 0.0194 0.0086 0.0034 0.0138 0.066 0.1902 0.5396 0.9354 1.248 1.5418 1.5624 1.2676 0.9426 0.6246 0.4534 0.2468 0.1794 0.1114 0.041 0.0152 0.0122 0.0196 0.032 0.0974 0.229 0.4474 0.7382 0.9724 1.0718 1.0662 0.9862 0.755 0.5596 0.4032 0.2544 0.1884 0.0932 0.047 0.0316 0.0168 0.0108 0.0328 0.0826 0.1932 0.341 0.4986 0.6402 0.7202 0.7434 0.6732 0.607 0.4362 0.3388 
0 0 0 0 0 0 0 0 0 0 0 0 0 0 0 0.0122 0.5216 2.4726 3.739 3.0748 1.9746 1.0592 0.5662 0.2726 0.1468 0.0748 0.0442 0.0226 0.0154 0.0028 0.0006 0.0004 0.0028 0.0738 0.3866 1.062 1.9092 2.1764 2.0528 1.563 1.1134 0.6826 0.414 0.2682 0.164 0.0858 0.025 0.0098 0.0052 0.0026 0.0148 0.0604 0.217 0.583 0.962 1.2682 1.4932 1.4526 1.2322 0.9598 0.679 0.4546 0.2718 0.1702 0.1036 0.0514 0.0196 0.0022 0.0108 0.0372 0.1274 0.266 0.5226 0.6746 0.9042 1.0118 1.06 0.896 0.852 0.593 0.4196 0.2552 0.176 0.1058 0.0568 0.0224 0.0148 0.016 0.0496 0.122 0.2306 0.3314 0.4564 0.6002 0.6854 0.7282 0.691 0.5746 0.5014 0.353 
0 0 0 0 0 0 0 0 0 0 0 0 0 0 0 0.0108 0.5346 2.4188 3.5326 3.1324 1.9768 1.1022 0.539 0.2968 0.1594 0.1114 0.0566 0.0436 0.03 0.0222 0.0078 0.0088 0.01 0.0804 0.3724 1.1012 1.7384 2.0902 2.0526 1.654 1.1308 0.7198 0.3982 0.2306 0.1438 0.1146 0.0564 0.0404 0.0288 0.025 0.017 0.0652 0.223 0.5178 0.9156 1.2346 1.4988 1.4818 1.2928 0.9992 0.661 0.4162 0.244 0.1476 0.095 0.0868 0.0488 0.0374 0.0216 0.0416 0.1102 0.2524 0.4398 0.634 0.857 1.0946 1.1098 1.0246 0.7898 0.5974 0.365 0.2544 0.1466 0.0986 0.076 0.0522 0.0374 0.0268 0.0544 0.1074 0.1822 0.26 0.4006 0.5884 0.7444 0.7918 0.7286 0.6404 0.45 0.3904 
0 0 0 0 0 0 0 0 0 0 0 0 0 0 0 0.0262 0.5906 2.226 3.2816 2.9354 2.0308 1.2758 0.7244 0.4064 0.1978 0.1224 0.087 0.0404 0.0224 0.0152 0.0074 0.0032 0.0144 0.1506 0.4948 1.0522 1.5484 1.705 1.7682 1.5334 1.1534 0.94 0.7182 0.396 0.2232 0.1216 0.0732 0.0374 0.0282 0.0264 0.0518 0.1408 0.325 0.611 0.907 0.9474 1.0952 1.13 1.0102 0.9062 0.876 0.6626 0.4992 0.3562 0.2142 0.0986 0.0682 0.0594 0.0684 0.1092 0.2126 0.3942 0.4852 0.5878 0.6814 0.7136 0.6944 0.6836 0.635 0.6206 0.5758 0.492 0.3472 0.2866 0.1988 0.1252 0.088 0.0912 0.146 0.2144 0.2808 0.3642 0.407 0.4288 0.4122 0.4016 0.4012 0.422 0.4032 0.4462 
0 0 0 0 0 0 0 0 0 0 0 0 0 0 0 0.0078 0.4124 2.1312 3.5876 3.2204 2.2112 1.2236 0.5966 0.289 0.1486 0.078 0.04 0.03 0.0122 0.0028 0.0016 0.0012 0.004 0.0378 0.2554 0.8462 1.6114 2.111 2.176 1.861 1.2476 0.7936 0.4852 0.2646 0.147 0.079 0.0444 0.0202 0.0084 0.0044 0.002 0.0256 0.1188 0.349 0.7222 1.1244 1.533 1.5998 1.3996 1.1218 0.809 0.5544 0.2712 0.1764 0.1072 0.0534 0.0196 0.011 0.004 0.0132 0.0314 0.1458 0.285 0.521 0.8084 1.0366 1.1552 1.1164 0.9542 0.744 0.4894 0.3188 0.1852 0.1008 0.0456 0.0244 0.0158 0.0092 0.0148 0.0446 0.1044 0.1936 0.3336 0.4966 0.666 0.7392 0.8434 0.7796 0.6358 0.4464 
0 0 0 0 0 0 0 0 0 0 0 0 0 0 0 0.0168 0.519 2.2248 3.4242 3.1014 2.036 1.1374 0.6424 0.3388 0.206 0.1256 0.0836 0.0418 0.0316 0.0222 0.0128 0.0094 0.0066 0.0764 0.379 0.9868 1.6272 1.9356 1.9984 1.5464 1.1662 0.8192 0.5338 0.3458 0.2332 0.1248 0.077 0.0672 0.0334 0.0226 0.0206 0.0712 0.1796 0.4698 0.8452 1.1686 1.3478 1.3748 1.1466 1.0128 0.7738 0.527 0.4076 0.2684 0.1558 0.0938 0.0752 0.0378 0.02 0.043 0.1008 0.203 0.4056 0.5894 0.7994 0.962 0.9624 0.841 0.83 0.6858 0.5288 0.3638 0.2744 0.176 0.1034 0.062 0.0522 0.0178 0.0554 0.1004 0.1574 0.246 0.3508 0.5034 0.5898 0.6982 0.633 0.586 0.552 0.467 
0 0 0 0 0 0 0 0 0 0 0 0 0 0 0 0.0078 0.4434 2.182 3.5258 3.0408 2.051 1.2086 0.6828 0.3572 0.1968 0.1178 0.085 0.0468 0.0292 0.0076 0.0038 0.0014 0.002 0.0508 0.3024 0.8968 1.6844 2.011 1.8522 1.6524 1.2284 0.8544 0.591 0.3622 0.2034 0.125 0.0852 0.0528 0.0258 0.0082 0.0112 0.0454 0.152 0.3982 0.8264 1.1234 1.291 1.3854 1.27 1.0088 0.831 0.6342 0.4032 0.237 0.1572 0.1094 0.0596 0.0322 0.0284 0.0318 0.063 0.1556 0.3956 0.597 0.6922 0.8672 0.9922 0.9296 0.895 0.7126 0.558 0.449 0.2856 0.1552 0.086 0.0612 0.0412 0.0324 0.0354 0.0626 0.152 0.2488 0.341 0.4512 0.5508 0.616 0.6326 0.6748 0.602 0.505 
0 0 0 0 0 0 0 0 0 0 0 0 0 0 0 0.01 0.5494 2.1796 3.2044 2.9294 1.9922 1.3018 0.7434 0.45 0.2812 0.1614 0.0848 0.0548 0.0374 0.014 0.0024 0.0038 0.0094 0.085 0.3936 0.9068 1.5434 1.8378 1.802 1.5228 1.2172 0.8796 0.6042 0.4446 0.2978 0.2138 0.1196 0.0848 0.026 0.0114 0.0262 0.0722 0.2162 0.4576 0.7692 1.0292 1.2052 1.2722 1.0976 1.0248 0.767 0.6268 0.4684 0.3694 0.2274 0.1538 0.0994 0.0778 0.041 0.0692 0.1152 0.2278 0.3984 0.4904 0.6674 0.8622 0.8086 0.8504 0.7878 0.6278 0.5708 0.4398 0.3686 0.2654 0.1758 0.1124 0.0914 0.0798 0.0716 0.1104 0.1848 0.2296 0.3208 0.446 0.5154 0.5284 0.5692 0.5316 0.487 0.472 
0 0 0 0 0 0 0 0 0 0 0 0 0 0 0 0.0104 0.434 2.1376 3.4602 3.1496 2.022 1.2254 0.6634 0.3624 0.2166 0.1314 0.0674 0.0382 0.022 0.008 0.011 0.016 0.0116 0.0486 0.3004 0.8974 1.6016 1.9714 1.9714 1.7426 1.1892 0.8144 0.542 0.3598 0.2178 0.129 0.0792 0.0466 0.0334 0.0188 0.026 0.0498 0.1374 0.4074 0.7712 1.1026 1.3448 1.3954 1.2808 1.0378 0.8498 0.6136 0.3618 0.2632 0.162 0.0864 0.0482 0.0418 0.0262 0.0272 0.0656 0.1572 0.341 0.5652 0.764 0.8956 1.039 0.9194 0.8376 0.7682 0.5546 0.4104 0.276 0.1548 0.118 0.055 0.0286 0.0276 0.03 0.055 0.1164 0.2488 0.3554 0.4414 0.5816 0.6966 0.6452 0.5996 0.5784 0.5262 
0 0 0 0 0 0 0 0 0 0 0 0 0 0 0 0.011 0.4876 2.27 3.4804 3.1366 2.0982 1.1458 0.6186 0.3376 0.1958 0.0812 0.059 0.0354 0.0196 0.0222 0.001 0 0.0036 0.0544 0.3204 0.9686 1.7112 2.0094 2.0086 1.658 1.2048 0.8334 0.4896 0.3148 0.1698 0.0978 0.0756 0.0404 0.0244 0.0078 0.0096 0.0394 0.177 0.5148 0.893 1.1468 1.3232 1.3458 1.2352 1.0586 0.7996 0.5766 0.3628 0.2126 0.1254 0.0758 0.0566 0.036 0.0136 0.0178 0.0904 0.252 0.4574 0.6372 0.8028 0.9352 0.8802 0.8674 0.798 0.7386 0.5396 0.396 0.2238 0.1588 0.092 0.0444 0.0356 0.0336 0.033 0.0944 0.2054 0.319 0.4442 0.5128 0.591 0.5812 0.575 0.5648 0.5536 0.4428 
0 0 0 0 0 0 0 0 0 0 0 0 0 0 0 0.0082 0.445 2.203 3.5508 3.1122 2.041 1.214 0.6318 0.3584 0.1804 0.0994 0.0666 0.037 0.027 0.0164 0.0046 0.0016 0.0038 0.0416 0.2894 0.8698 1.661 2.0782 2.0084 1.733 1.324 0.777 0.4726 0.3146 0.1838 0.0994 0.0706 0.0304 0.0192 0.0166 0.009 0.0298 0.109 0.3832 0.731 1.2106 1.453 1.5384 1.314 1.112 0.7704 0.482 0.3192 0.2354 0.1518 0.0818 0.033 0.0226 0.017 0.0118 0.0448 0.1298 0.2868 0.6018 0.7992 1.0186 1.178 1.0406 0.8728 0.706 0.466 0.3028 0.2318 0.132 0.0758 0.0444 0.0328 0.013 0.017 0.0406 0.0832 0.2226 0.3702 0.5202 0.663 0.7626 0.774 0.6934 0.5574 0.4272 
0 0 0 0 0 0 0 0 0 0 0 0 0 0 0 0.0122 0.4752 2.1576 3.4002 3.0618 2.0076 1.2296 0.7476 0.38 0.2262 0.1234 0.0834 0.064 0.0234 0.0078 0 0 0.001 0.065 0.3058 0.8724 1.5762 1.9322 1.998 1.6702 1.2148 0.8696 0.5512 0.3546 0.2198 0.1502 0.0894 0.0616 0.0328 0.0224 0.0198 0.0388 0.1642 0.3928 0.7366 1.0886 1.3634 1.3734 1.2696 1.0154 0.8622 0.6206 0.3852 0.2424 0.1776 0.1272 0.062 0.0328 0.0202 0.032 0.074 0.15 0.319 0.5376 0.7468 0.9518 0.9904 0.989 0.8674 0.7006 0.5446 0.407 0.2528 0.1714 0.1296 0.0672 0.0344 0.0238 0.0322 0.0584 0.1086 0.2032 0.3252 0.4958 0.607 0.6532 0.6714 0.7078 0.5776 0.4462 
0 0 0 0 0 0 0 0 0 0 0 0 0 0 0 0.013 0.457 2.1424 3.3552 3.1482 2.1012 1.256 0.6682 0.3802 0.2026 0.1198 0.0504 0.0294 0.0202 0.027 0.0104 0.0088 0.005 0.0566 0.3056 0.862 1.5242 1.9816 1.9744 1.7018 1.2958 0.837 0.5434 0.3698 0.223 0.1416 0.0694 0.0458 0.0254 0.0194 0.0186 0.0492 0.134 0.387 0.7092 1.1148 1.375 1.3644 1.2766 1.0794 0.8534 0.603 0.3944 0.271 0.16 0.0922 0.0594 0.0288 0.0304 0.043 0.0552 0.1328 0.2964 0.5376 0.793 0.909 1.0078 0.955 0.8436 0.7448 0.5798 0.4218 0.2776 0.1716 0.1026 0.0576 0.0412 0.0414 0.0344 0.0512 0.097 0.2104 0.336 0.465 0.5618 0.6792 0.6454 0.6908 0.6166 0.4856 
0 0 0 0 0 0 0 0 0 0 0 0 0 0 0 0.0126 0.5764 2.283 3.415 2.9904 2.0686 1.1702 0.65 0.3796 0.1974 0.133 0.055 0.025 0.0176 0.0084 0.0086 0.0046 0.013 0.1168 0.4454 0.9868 1.5734 1.9136 1.9382 1.5556 1.1748 0.8418 0.5686 0.3096 0.222 0.1624 0.0806 0.0508 0.022 0.0124 0.0338 0.1122 0.2734 0.5158 0.8312 1.1008 1.2698 1.258 1.1562 1.0596 0.7478 0.5612 0.3804 0.2524 0.1822 0.119 0.0596 0.0412 0.058 0.0958 0.1438 0.2822 0.4458 0.6406 0.765 0.7676 0.8482 0.8704 0.765 0.651 0.5308 0.3514 0.2662 0.2088 0.1604 0.106 0.0668 0.0648 0.093 0.1378 0.2158 0.3084 0.4204 0.4672 0.5362 0.5268 0.5738 0.4936 0.4856 0.4368 
0 0 0 0 0 0 0 0 0 0 0 0 0 0 0 0.0138 0.487 2.085 3.35 3.027 2.1402 1.3388 0.7012 0.385 0.2228 0.0996 0.0568 0.0294 0.0238 0.0148 0.0164 0.0084 0.008 0.089 0.3718 0.8556 1.476 1.8564 1.9104 1.7092 1.2384 0.9208 0.6166 0.4052 0.2148 0.145 0.0744 0.0374 0.0212 0.0176 0.0312 0.0906 0.2202 0.434 0.7208 0.9946 1.1794 1.2902 1.2956 1.0804 0.8888 0.6086 0.4086 0.311 0.187 0.1102 0.0678 0.0452 0.0384 0.0684 0.1322 0.256 0.3244 0.5202 0.6816 0.84 0.851 0.8628 0.8406 0.7522 0.554 0.4206 0.2958 0.2286 0.1694 0.0768 0.0618 0.0728 0.0974 0.1146 0.172 0.2426 0.361 0.4274 0.4708 0.516 0.633 0.5764 0.5424 0.481 
0 0 0 0 0 0 0 0 0 0 0 0 0 0 0 0.0212 0.5118 2.0902 3.2722 3.048 2.1352 1.1986 0.709 0.4062 0.2432 0.139 0.0798 0.0538 0.0278 0.0156 0.0122 0.0134 0.0194 0.0718 0.3374 0.8296 1.4796 1.9174 1.9356 1.6844 1.1826 0.9142 0.6232 0.366 0.2458 0.1712 0.0932 0.043 0.031 0.0334 0.0234 0.0522 0.1752 0.3918 0.6976 1.0412 1.2952 1.386 1.2102 1.0032 0.8808 0.6458 0.4236 0.3132 0.174 0.1222 0.073 0.0546 0.0256 0.0368 0.0808 0.167 0.3274 0.5278 0.676 0.891 0.9474 0.9454 0.7976 0.7222 0.5864 0.4522 0.3056 0.2004 0.1542 0.094 0.0474 0.0376 0.0372 0.0826 0.1194 0.2334 0.2968 0.4368 0.5542 0.6382 0.6642 0.587 0.5614 0.4852 
0 0 0 0 0 0 0 0 0 0 0 0 0 0 0 0.0136 0.453 2.1894 3.474 3.1494 2.1626 1.2062 0.6366 0.3284 0.168 0.0862 0.0476 0.0284 0.0184 0.0156 0.0102 0.0054 0.0052 0.0632 0.2888 0.8384 1.6584 2.0554 2.0076 1.831 1.2798 0.7572 0.4988 0.274 0.183 0.1086 0.0616 0.039 0.0236 0.0164 0.017 0.041 0.1346 0.4046 0.7794 1.1892 1.399 1.4342 1.2952 1.1018 0.7614 0.5164 0.3542 0.2342 0.1434 0.092 0.04 0.024 0.0212 0.035 0.0716 0.164 0.3716 0.6124 0.7972 0.9432 1.0146 0.9804 0.8904 0.6732 0.4872 0.3366 0.218 0.1382 0.1246 0.0738 0.043 0.0296 0.0342 0.0644 0.1538 0.2616 0.374 0.5006 0.6146 0.6888 0.678 0.6738 0.598 0.4016 
0 0 0 0 0 0 0 0 0 0 0 0 0 0 0 0.014 0.4796 2.1962 3.3504 3.0092 2.0422 1.2352 0.676 0.3764 0.2514 0.1248 0.073 0.0718 0.0428 0.028 0.021 0.008 0.004 0.0686 0.356 0.9442 1.508 1.8864 1.932 1.6288 1.2228 0.7986 0.574 0.3666 0.2424 0.1784 0.0944 0.0666 0.051 0.0502 0.0334 0.0636 0.188 0.4398 0.7532 1.088 1.2562 1.3392 1.2406 1.0008 0.7694 0.5528 0.3918 0.2904 0.2118 0.15 0.0972 0.0774 0.0552 0.0534 0.0924 0.1986 0.3704 0.5634 0.7192 0.843 0.8988 0.9212 0.8244 0.7038 0.499 0.3744 0.287 0.1986 0.1622 0.1226 0.0902 0.0674 0.0556 0.0976 0.1562 0.2364 0.3482 0.4454 0.5624 0.5966 0.6116 0.6196 0.5082 0.4284 
0 0 0 0 0 0 0 0 0 0 0 0 0 0 0 0.0132 0.5206 2.1826 3.5148 3.115 2.0494 1.1362 0.6416 0.3322 0.2058 0.1094 0.0612 0.0416 0.024 0.0144 0.0126 0.0104 0.0106 0.073 0.3316 0.9168 1.6118 2.0042 2.0264 1.6544 1.2428 0.8874 0.4804 0.2668 0.181 0.1274 0.0836 0.0366 0.0258 0.018 0.0202 0.0664 0.1752 0.3652 0.725 1.1636 1.426 1.4814 1.3016 1.0928 0.787 0.5746 0.324 0.1668 0.1302 0.0892 0.0504 0.0334 0.03 0.0418 0.081 0.1286 0.3206 0.5334 0.8182 1.0244 1.0746 0.9462 0.8774 0.7902 0.5076 0.3078 0.205 0.139 0.0852 0.0408 0.0396 0.0456 0.0336 0.0574 0.0932 0.2058 0.364 0.5394 0.6902 0.6782 0.6894 0.7202 0.617 0.4294 
0 0 0 0 0 0 0 0 0 0 0 0 0 0 0 0.0076 0.4602 2.1422 3.4352 3.1698 2.0496 1.2258 0.6558 0.3558 0.2014 0.1186 0.0706 0.0336 0.0236 0.0246 0.0156 0.008 0.0064 0.0574 0.2994 0.9086 1.5256 1.9682 2.103 1.7244 1.2906 0.7778 0.5284 0.3374 0.1774 0.1124 0.061 0.0376 0.0372 0.0244 0.0198 0.0494 0.1562 0.3772 0.7626 1.0848 1.4082 1.4412 1.3774 1.1012 0.7692 0.5268 0.3764 0.2296 0.122 0.0786 0.0506 0.0354 0.024 0.0318 0.0788 0.1744 0.3372 0.5234 0.7866 0.9554 1.0358 1.0256 0.9098 0.6572 0.5196 0.3766 0.2564 0.1192 0.095 0.0616 0.0422 0.0232 0.0304 0.0728 0.1262 0.208 0.343 0.4704 0.6014 0.6832 0.7756 0.6572 0.5808 0.4542 
0 0 0 0 0 0 0 0 0 0 0 0 0 0 0 0.013 0.5212 2.2578 3.475 2.9616 2.0988 1.1474 0.6566 0.3642 0.2044 0.1218 0.0826 0.0432 0.0172 0.007 0.0062 0.0062 0.0088 0.0878 0.3838 0.9792 1.646 1.9634 1.9618 1.581 1.158 0.8234 0.5612 0.3162 0.2022 0.136 0.0894 0.0406 0.0314 0.0214 0.023 0.0702 0.2088 0.4716 0.8234 1.2148 1.3396 1.344 1.1996 0.9858 0.7652 0.5668 0.3748 0.2416 0.1456 0.1004 0.0662 0.034 0.0296 0.04 0.0912 0.2174 0.4206 0.6384 0.8308 0.9178 0.905 0.8826 0.8186 0.6542 0.5236 0.4054 0.2736 0.1634 0.0944 0.0776 0.0256 0.0292 0.0326 0.0746 0.1656 0.3012 0.435 0.5424 0.5652 0.6274 0.5886 0.5496 0.5698 0.4596 
0 0 0 0 0 0 0 0 0 0 0 0 0 0 0 0.0086 0.4588 2.4614 3.7772 3.2346 1.9464 1.0122 0.5222 0.2882 0.1336 0.0756 0.0292 0.0138 0.0098 0.01 0.0094 0.0046 0.0088 0.053 0.3502 1.0492 1.7846 2.3094 2.1836 1.65 1.0424 0.6638 0.4086 0.24 0.1274 0.0622 0.0274 0.0142 0.0104 0.0148 0.0136 0.035 0.2106 0.4764 0.9364 1.3378 1.6034 1.505 1.237 0.987 0.7042 0.4382 0.228 0.1366 0.082 0.026 0.0154 0.019 0.0132 0.034 0.0918 0.2156 0.4022 0.742 0.9816 1.1158 1.0588 0.9714 0.8628 0.586 0.4124 0.2304 0.1312 0.0764 0.0352 0.0218 0.023 0.0144 0.0376 0.0948 0.1838 0.2998 0.487 0.6262 0.7668 0.7486 0.6554 0.6516 0.5138 0.3634 
0 0 0 0 0 0 0 0 0 0 0 0 0 0 0 0.007 0.442 2.2904 3.6378 3.152 2.0636 1.1286 0.598 0.3048 0.179 0.0954 0.0438 0.026 0.0156 0.0078 0.0042 0.0032 0.0014 0.0418 0.3094 0.9886 1.8114 2.186 2.0568 1.653 1.1658 0.7296 0.4706 0.2504 0.146 0.0746 0.056 0.0356 0.013 0.0054 0.0048 0.028 0.162 0.4426 0.8622 1.311 1.5188 1.5824 1.2774 1.0038 0.7268 0.4632 0.2654 0.1604 0.0892 0.0566 0.0274 0.0122 0.007 0.0164 0.072 0.1512 0.3748 0.6746 0.8968 1.1348 1.1112 1.0672 0.8462 0.6364 0.4562 0.2646 0.1284 0.0774 0.0528 0.03 0.0094 0.0086 0.0146 0.0382 0.1242 0.2518 0.4136 0.6064 0.7324 0.7774 0.7838 0.7114 0.6052 0.398 
0 0 0 0 0 0 0 0 0 0 0 0 0 0 0 0.0094 0.46 2.1196 3.5378 3.1742 2.0908 1.2792 0.615 0.3384 0.166 0.088 0.0696 0.0348 0.009 0.001 0.001 0.002 0.006 0.053 0.2678 0.8368 1.6014 2.0294 2.1354 1.7308 1.2648 0.843 0.5106 0.3306 0.183 0.1144 0.051 0.0298 0.009 0.0036 0.0048 0.031 0.1304 0.3644 0.7084 1.1422 1.3828 1.4682 1.4058 1.1406 0.7898 0.5378 0.4034 0.2486 0.1324 0.0672 0.0238 0.0072 0.0094 0.0188 0.0596 0.1508 0.3252 0.5288 0.7414 0.9388 1.0824 1.0526 0.8818 0.7242 0.5722 0.3948 0.2728 0.1356 0.06 0.0364 0.0172 0.0154 0.0304 0.0574 0.1032 0.1866 0.3488 0.4728 0.5712 0.6958 0.7436 0.713 0.6202 0.5086 
0 0 0 0 0 0 0 0 0 0 0 0 0 0 0 0.0064 0.4364 2.1846 3.474 3.1538 2.1158 1.145 0.6136 0.3644 0.216 0.113 0.0684 0.04 0.0184 0.0182 0.0058 0.0076 0.012 0.04 0.2742 0.846 1.6328 2.1686 2.0672 1.6638 1.1724 0.7906 0.5188 0.3562 0.1882 0.1172 0.0672 0.035 0.0196 0.0174 0.0186 0.0288 0.114 0.339 0.7826 1.199 1.453 1.5148 1.3596 1.0252 0.7812 0.5226 0.366 0.2332 0.1258 0.0664 0.032 0.0214 0.0238 0.023 0.0336 0.118 0.2756 0.58 0.8512 1.044 1.0862 0.996 0.929 0.7256 0.4766 0.345 0.2226 0.1714 0.061 0.0242 0.0162 0.0258 0.0162 0.0292 0.0862 0.175 0.3468 0.5338 0.6874 0.7244 0.7586 0.708 0.5708 0.5096 
