0.03 0.09 0.15 0.21 0.27 0.33 0.39 0.45 0.51 0.57 0.63 0.69 0.75 0.81 0.87 0.93 0.99 1.05 1.11 1.17 1.23 1.29 1.35 1.41 1.47 1.53 1.59 1.65 1.71 1.77 1.83 1.89 1.95 2.01 2.07 2.13 2.19 2.25 2.31 2.37 2.43 2.49 2.55 2.61 2.67 2.73 2.79 2.85 2.91 2.97 3.03 3.09 3.15 3.21 3.27 3.33 3.39 3.45 3.51 3.57 3.63 3.69 3.75 3.81 3.87 3.93 3.99 4.05 4.11 4.17 4.23 4.29 4.35 4.41 4.47 4.53 4.59 4.65 4.71 4.77 4.83 4.89 4.95 5.01 5.07 5.13 5.19 5.25 5.31 5.37 5.43 5.49 5.55 5.61 5.67 5.73 5.79 5.85 5.91 5.97 
0 0 0 0 0 0 0 0 0 0 0 0 0 0 0 0 0 0.0014 0.0284 0.1098 0.3028 0.4818 0.6336 0.7334 0.7786 0.7132 0.6612 0.5644 0.4596 0.3918 0.278 0.2316 0.196 0.1402 0.1134 0.0774 0.0692 0.0444 0.0482 0.0402 0.041 0.057 0.0894 0.1416 0.1898 0.2382 0.301 0.3768 0.3932 0.3532 0.3576 0.367 0.3548 0.2996 0.289 0.277 0.2242 0.1974 0.1918 0.1538 0.119 0.0948 0.094 0.0686 0.0688 0.0642 0.0746 0.0964 0.1126 0.1292 0.1578 0.1586 0.186 0.1988 0.1872 0.1916 0.1924 0.1954 0.1948 0.2028 0.1848 0.1684 0.1468 0.1358 0.1098 0.1044 0.095 0.0842 0.0752 0.071 0.0478 0.0544 0.0518 0.0568 0.0586 0.072 0.079 0.0696 0.079 0.0988 
0 0 0 0 0 0 0 0 0 0 0 0 0 0 0 0 0 0.001 0.0226 0.1194 0.3 0.5258 0.7474 0.8988 0.9266 0.7814 0.7642 0.6518 0.479 0.4018 0.3112 0.25 0.1974 0.1388 0.102 0.0822 0.0608 0.0516 0.0518 0.0446 0.0574 0.074 0.1096 0.1362 0.2092 0.2428 0.3194 0.3746 0.4264 0.4774 0.4732 0.437 0.4126 0.385 0.3368 0.2948 0.2434 0.1946 0.1358 0.1282 0.1326 0.1112 0.1022 0.086 0.0716 0.0694 0.0784 0.0844 0.1032 0.1214 0.1522 0.1774 0.2046 0.2182 0.254 0.2298 0.2372 0.2456 0.2776 0.226 0.1976 0.183 0.1706 0.1574 0.1136 0.1144 0.0968 0.0756 0.0724 0.0582 0.0586 0.053 0.0538 0.0546 0.0572 0.0694 0.0608 0.0722 0.0832 0.1006 
0 0 0 0 0 0 0 0 0 0 0 0 0 0 0 0 0 0.0002 0.0166 0.0986 0.2566 0.466 0.6542 0.8036 0.9072 0.86 0.739 0.6616 0.5446 0.444 0.3234 0.2552 0.2144 0.1572 0.1456 0.0996 0.0854 0.0668 0.04 0.0344 0.0392 0.0626 0.0778 0.103 0.1526 0.2336 0.3114 0.3972 0.4274 0.43 0.4518 0.4326 0.4008 0.3884 0.3518 0.3064 0.256 0.2176 0.2072 0.1686 0.1286 0.1288 0.089 0.0692 0.0598 0.0678 0.0784 0.091 0.087 0.1144 0.142 0.1788 0.195 0.2088 0.2266 0.2186 0.2374 0.244 0.2574 0.2276 0.2 0.1822 0.1786 0.1512 0.1254 0.1116 0.1184 0.1112 0.0846 0.0928 0.0716 0.0584 0.0568 0.0558 0.059 0.0556 0.0604 0.0736 0.0788 0.087 
0 0 0 0 0 0 0 0 0 0 0 0 0 0 0 0 0.0002 0.0046 0.0276 0.1136 0.305 0.518 0.6976 0.8242 0.8942 0.8386 0.7056 0.5842 0.506 0.422 0.3164 0.2646 0.215 0.1732 0.1402 0.1092 0.0832 0.052 0.0386 0.037 0.0414 0.0686 0.1052 0.1524 0.2056 0.262 0.328 0.3808 0.4238 0.4032 0.399 0.4086 0.379 0.3716 0.3262 0.3074 0.2672 0.2276 0.2044 0.1882 0.131 0.103 0.0978 0.0846 0.0722 0.0772 0.0764 0.0976 0.1056 0.1258 0.1748 0.1972 0.1898 0.1968 0.2246 0.2186 0.2496 0.2318 0.2192 0.2146 0.1822 0.181 0.1676 0.1624 0.1472 0.115 0.0916 0.0956 0.0712 0.0796 0.0722 0.0688 0.0592 0.0566 0.0602 0.061 0.0732 0.0728 0.0766 0.089 
0 0 0 0 0 0 0 0 0 0 0 0 0 0 0 0 0.0002 0.0018 0.0138 0.0986 0.2388 0.4536 0.6516 0.7596 0.7886 0.78 0.741 0.6252 0.59 0.4802 0.3754 0.283 0.2546 0.179 0.1318 0.1032 0.0904 0.0654 0.049 0.0454 0.0446 0.0554 0.105 0.1302 0.1646 0.2364 0.2818 0.3134 0.3488 0.3672 0.3978 0.4428 0.4134 0.371 0.3394 0.3084 0.2934 0.2662 0.2252 0.1858 0.1606 0.1336 0.124 0.0962 0.0818 0.0828 0.08 0.1046 0.0994 0.1078 0.1144 0.134 0.1482 0.1868 0.185 0.1952 0.2062 0.2184 0.216 0.2206 0.2348 0.2296 0.172 0.1676 0.1678 0.1638 0.1408 0.1402 0.1136 0.1002 0.089 0.0782 0.0618 0.0516 0.0546 0.066 0.0638 0.0548 0.0502 0.0598 
0 0 0 0 0 0 0 0 0 0 0 0 0 0 0 0 0 0.0006 0.016 0.089 0.2734 0.513 0.6678 0.819 0.8672 0.8696 0.7496 0.6142 0.5442 0.4242 0.3562 0.2576 0.2076 0.1642 0.1292 0.1098 0.0798 0.051 0.0424 0.0446 0.0478 0.057 0.0684 0.12 0.1894 0.2522 0.303 0.3764 0.424 0.4822 0.4508 0.4414 0.3972 0.3596 0.3592 0.2794 0.2594 0.2262 0.182 0.1598 0.1452 0.0948 0.0928 0.0754 0.071 0.0816 0.0794 0.0928 0.098 0.1124 0.1534 0.1678 0.1906 0.2234 0.2242 0.2236 0.2382 0.2562 0.2434 0.2038 0.1998 0.1914 0.1824 0.1426 0.1342 0.1132 0.1062 0.1104 0.0918 0.0892 0.0684 0.0592 0.0552 0.0534 0.0676 0.0606 0.0628 0.0694 0.084 0.0836 
0 0 0 0 0 0 0 0 0 0 0 0 0 0 0 0 0 0.0008 0.0246 0.1012 0.2552 0.4422 0.6716 0.7616 0.8316 0.8382 0.7264 0.614 0.5534 0.4472 0.3986 0.2988 0.2156 0.16 0.1402 0.114 0.0956 0.0658 0.0586 0.0436 0.0442 0.0542 0.0788 0.134 0.1766 0.2234 0.2656 0.2936 0.3646 0.411 0.428 0.436 0.41 0.395 0.3738 0.3194 0.2736 0.2484 0.2154 0.1806 0.1246 0.1234 0.1162 0.1076 0.0948 0.0842 0.067 0.0758 0.1038 0.1034 0.1294 0.1446 0.1648 0.1654 0.2222 0.2194 0.231 0.236 0.221 0.2108 0.2252 0.2124 0.2026 0.1762 0.1608 0.1462 0.1128 0.1014 0.086 0.0776 0.072 0.0678 0.0604 0.0622 0.061 0.0662 0.0654 0.0552 0.0678 0.0842 
0 0 0 0 0 0 0 0 0 0 0 0 0 0 0 0 0.0004 0.002 0.0236 0.1138 0.298 0.5224 0.7324 0.8412 0.8858 0.8212 0.7698 0.6386 0.4888 0.412 0.3082 0.2366 0.1882 0.1602 0.1126 0.1 0.0938 0.0688 0.0512 0.041 0.0344 0.0528 0.0822 0.1328 0.2274 0.2822 0.3176 0.3806 0.412 0.4346 0.4482 0.4576 0.4538 0.394 0.3204 0.2868 0.2206 0.2058 0.168 0.1304 0.1104 0.1002 0.082 0.0702 0.0774 0.0744 0.0852 0.1134 0.111 0.1226 0.1846 0.183 0.1854 0.2238 0.2622 0.2612 0.2198 0.2436 0.2298 0.2128 0.1852 0.1994 0.1632 0.152 0.1298 0.1076 0.0866 0.091 0.063 0.0722 0.0558 0.0544 0.0594 0.07 0.0704 0.0676 0.0552 0.0704 0.0968 0.1028 
0 0 0 0 0 0 0 0 0 0 0 0 0 0 0 0 0 0.002 0.023 0.1056 0.2908 0.5498 0.7222 0.912 0.9182 0.8416 0.718 0.6046 0.4838 0.395 0.3192 0.236 0.1776 0.1496 0.1228 0.0858 0.0694 0.0742 0.0536 0.0372 0.041 0.079 0.109 0.153 0.2166 0.2898 0.3296 0.378 0.4758 0.4614 0.4528 0.429 0.4158 0.3584 0.322 0.2436 0.249 0.1856 0.1576 0.14 0.1254 0.0924 0.0878 0.0816 0.0714 0.071 0.0884 0.0932 0.112 0.1496 0.1742 0.1688 0.1878 0.25 0.2668 0.2572 0.2628 0.2272 0.2102 0.2048 0.1832 0.189 0.1618 0.1382 0.1096 0.1046 0.0914 0.082 0.0782 0.0716 0.0804 0.08 0.068 0.0596 0.0642 0.06 0.0658 0.0722 0.0744 0.0846 
0 0 0 0 0 0 0 0 0 0 0 0 0 0 0 0 0 0.0012 0.019 0.0888 0.23 0.4506 0.6492 0.7502 0.7554 0.774 0.7528 0.662 0.5764 0.4726 0.4082 0.2912 0.2574 0.1934 0.1574 0.1184 0.0838 0.0682 0.0552 0.034 0.037 0.0436 0.0658 0.1082 0.131 0.1918 0.2498 0.2964 0.342 0.38 0.4288 0.4504 0.4232 0.4148 0.3904 0.3534 0.272 0.2528 0.234 0.207 0.1806 0.1476 0.1278 0.0948 0.084 0.0708 0.0732 0.0774 0.065 0.0758 0.111 0.1288 0.147 0.1588 0.21 0.225 0.2258 0.2382 0.238 0.2376 0.2274 0.2156 0.1808 0.1888 0.1666 0.1478 0.1468 0.1324 0.0966 0.0784 0.0756 0.065 0.0614 0.056 0.0636 0.0604 0.0506 0.0562 0.0672 0.0708 
0 0 0 0 0 0 0 0 0 0 0 0 0 0 0 0 0 0.0024 0.0234 0.1038 0.2842 0.5074 0.6708 0.8698 0.8876 0.8428 0.7304 0.6292 0.5028 0.4132 0.3312 0.2564 0.2058 0.1688 0.126 0.0984 0.074 0.0618 0.0598 0.0522 0.0498 0.0492 0.0856 0.1292 0.1994 0.2502 0.3146 0.3736 0.4216 0.4536 0.4382 0.4262 0.4026 0.3744 0.3358 0.2828 0.2388 0.2342 0.1812 0.1646 0.142 0.1102 0.0992 0.0706 0.083 0.0752 0.0686 0.0848 0.0988 0.1332 0.1668 0.179 0.1998 0.209 0.2418 0.248 0.2284 0.2168 0.2394 0.2366 0.1916 0.1824 0.1654 0.1442 0.1274 0.132 0.1096 0.0814 0.084 0.0604 0.066 0.0626 0.0522 0.0606 0.0576 0.0696 0.0762 0.0774 0.0882 0.1058 
0 0 0 0 0 0 0 0 0 0 0 0 0 0 0 0 0.0002 0.003 0.0228 0.1138 0.2722 0.5582 0.7802 0.8312 0.8468 0.8342 0.7108 0.6236 0.511 0.4044 0.3288 0.2614 0.203 0.18 0.1318 0.0908 0.0622 0.06 0.0454 0.0358 0.0462 0.062 0.0932 0.1574 0.2142 0.2908 0.3272 0.3826 0.3924 0.4464 0.4436 0.4458 0.4016 0.3252 0.33 0.2936 0.2532 0.2094 0.1828 0.161 0.1464 0.1146 0.1056 0.0706 0.0738 0.0888 0.1058 0.0976 0.1076 0.131 0.146 0.1692 0.1932 0.1976 0.232 0.21 0.2262 0.2408 0.2188 0.2432 0.213 0.1782 0.1598 0.1446 0.1438 0.1042 0.0936 0.0958 0.0912 0.0908 0.072 0.0704 0.0662 0.0566 0.0508 0.0522 0.069 0.0616 0.0676 0.07 
0 0 0 0 0 0 0 0 0 0 0 0 0 0 0 0 0 0.0024 0.0288 0.1128 0.2672 0.5168 0.717 0.7798 0.8778 0.856 0.7542 0.678 0.5776 0.4402 0.335 0.255 0.1974 0.1496 0.1088 0.078 0.062 0.0476 0.0404 0.0324 0.04 0.0678 0.0998 0.1358 0.1986 0.2534 0.3112 0.3768 0.402 0.4068 0.4244 0.4244 0.4182 0.425 0.3588 0.2792 0.2768 0.2292 0.1896 0.1522 0.1298 0.1056 0.0858 0.078 0.0764 0.0802 0.0852 0.1008 0.1184 0.1264 0.1418 0.1494 0.1664 0.2026 0.2084 0.2476 0.27 0.2458 0.2296 0.224 0.2134 0.181 0.1544 0.1344 0.1168 0.1238 0.1282 0.1144 0.0892 0.0856 0.0686 0.0592 0.0742 0.0672 0.0588 0.0638 0.0568 0.0638 0.0718 0.0678 
0 0 0 0 0 0 0 0 0 0 0 0 0 0 0 0 0 0.0006 0.0158 0.0874 0.2284 0.4436 0.6392 0.7396 0.8582 0.8588 0.7474 0.6894 0.5884 0.4932 0.3872 0.3034 0.223 0.1622 0.122 0.0864 0.0862 0.0724 0.038 0.0336 0.0432 0.0534 0.0584 0.0902 0.1462 0.1854 0.2822 0.3042 0.3518 0.4122 0.4444 0.475 0.4366 0.3844 0.3502 0.3324 0.322 0.276 0.243 0.1892 0.1652 0.101 0.1056 0.096 0.0732 0.0722 0.0598 0.0604 0.0706 0.0752 0.1222 0.148 0.185 0.181 0.2052 0.233 0.2264 0.2272 0.2408 0.2392 0.237 0.2232 0.1826 0.1864 0.1684 0.1358 0.1222 0.0966 0.0836 0.077 0.0612 0.0636 0.0612 0.048 0.066 0.063 0.07 0.071 0.0846 0.0756 
0 0 0 0 0 0 0 0 0 0 0 0 0 0 0 0 0.0008 0.0028 0.0286 0.098 0.2722 0.5072 0.6624 0.7632 0.821 0.8248 0.7598 0.6566 0.5246 0.4058 0.3454 0.2692 0.212 0.203 0.1444 0.0996 0.1032 0.0688 0.056 0.044 0.0602 0.0564 0.0766 0.1116 0.178 0.2026 0.2782 0.373 0.4078 0.414 0.4272 0.4014 0.417 0.3894 0.3412 0.2764 0.2616 0.2478 0.2248 0.1858 0.1454 0.1168 0.0962 0.0934 0.0844 0.0846 0.0806 0.088 0.1024 0.1086 0.1338 0.1676 0.1906 0.2292 0.2228 0.21 0.2276 0.2298 0.2232 0.2184 0.2054 0.181 0.1528 0.167 0.1576 0.1204 0.1168 0.0864 0.0824 0.0806 0.0732 0.0724 0.063 0.0636 0.0624 0.066 0.0794 0.0792 0.0948 0.0844 
0 0 0 0 0 0 0 0 0 0 0 0 0 0 0 0 0 0.0018 0.0232 0.0952 0.2554 0.4666 0.697 0.8262 0.8952 0.8598 0.7174 0.62 0.5176 0.4174 0.3154 0.265 0.2018 0.153 0.1288 0.1068 0.0862 0.062 0.059 0.0464 0.0486 0.068 0.0904 0.1352 0.186 0.2434 0.3026 0.3778 0.4186 0.4104 0.4156 0.4178 0.4122 0.378 0.329 0.2984 0.2548 0.2342 0.1848 0.1748 0.1406 0.1184 0.128 0.0936 0.0682 0.0534 0.08 0.11 0.1298 0.1234 0.1288 0.1532 0.177 0.1936 0.2064 0.2506 0.2346 0.2102 0.2254 0.2302 0.204 0.1988 0.173 0.1492 0.1534 0.1394 0.105 0.0826 0.0858 0.0942 0.0932 0.078 0.0598 0.0698 0.0676 0.0584 0.0692 0.0706 0.071 0.0772 
0 0 0 0 0 0 0 0 0 0 0 0 0 0 0 0 0 0.004 0.0194 0.115 0.2896 0.505 0.7234 0.8462 0.8854 0.8588 0.7578 0.6262 0.5228 0.406 0.2932 0.259 0.206 0.139 0.1054 0.0704 0.071 0.0464 0.043 0.0374 0.0512 0.0612 0.1026 0.1446 0.1884 0.2578 0.3174 0.38 0.4392 0.449 0.4762 0.4298 0.4336 0.4112 0.3576 0.2768 0.2404 0.2002 0.1848 0.1584 0.1244 0.0932 0.09 0.0742 0.0654 0.0714 0.072 0.0772 0.1054 0.1202 0.1392 0.1692 0.1782 0.2208 0.263 0.258 0.2708 0.2436 0.2486 0.2292 0.2036 0.193 0.1562 0.1408 0.13 0.122 0.114 0.0624 0.0508 0.0594 0.0654 0.0632 0.0642 0.0568 0.0452 0.058 0.0634 0.0828 0.0846 0.097 
0 0 0 0 0 0 0 0 0 0 0 0 0 0 0 0 0.0002 0.003 0.0242 0.0962 0.2624 0.484 0.6202 0.763 0.8568 0.8476 0.7426 0.6366 0.5224 0.4336 0.3688 0.3016 0.237 0.2006 0.1396 0.1096 0.0942 0.0712 0.047 0.0288 0.0382 0.0528 0.0664 0.1192 0.1674 0.227 0.2856 0.3488 0.3762 0.4306 0.458 0.4238 0.3644 0.35 0.3444 0.3038 0.2752 0.2432 0.239 0.2004 0.1658 0.1398 0.1254 0.1066 0.0702 0.0602 0.0706 0.072 0.1028 0.11 0.1286 0.1468 0.178 0.226 0.198 0.2074 0.2096 0.2256 0.1986 0.2136 0.2094 0.2046 0.1878 0.1872 0.1634 0.1456 0.1312 0.1092 0.1 0.0812 0.0508 0.066 0.0728 0.0684 0.0654 0.0662 0.0708 0.08 0.0846 0.0786 
0 0 0 0 0 0 0 0 0 0 0 0 0 0 0 0 0 0.0024 0.0198 0.0982 0.2586 0.4766 0.7192 0.8694 0.946 0.8924 0.7732 0.5934 0.5256 0.4288 0.3234 0.2792 0.2084 0.1508 0.0954 0.087 0.06 0.0428 0.037 0.025 0.0308 0.05 0.0662 0.103 0.203 0.2554 0.329 0.3888 0.429 0.4694 0.453 0.4258 0.3782 0.386 0.3694 0.3482 0.279 0.2214 0.1944 0.1534 0.111 0.0926 0.0704 0.045 0.0564 0.0514 0.0688 0.081 0.1016 0.1238 0.1448 0.1726 0.2006 0.2172 0.25 0.257 0.2672 0.2406 0.2376 0.233 0.185 0.221 0.1858 0.1546 0.1434 0.1076 0.0924 0.092 0.062 0.0576 0.044 0.0438 0.044 0.0584 0.0744 0.082 0.0708 0.0812 0.0852 0.0998 
0 0 0 0 0 0 0 0 0 0 0 0 0 0 0 0 0 0.0014 0.0224 0.107 0.2302 0.4554 0.6396 0.791 0.8724 0.8504 0.7954 0.6236 0.5042 0.4206 0.3434 0.2664 0.227 0.1756 0.1492 0.1028 0.0766 0.0684 0.0618 0.0704 0.0538 0.0578 0.0752 0.1302 0.1736 0.2218 0.2832 0.3558 0.3914 0.3958 0.4148 0.423 0.4324 0.4112 0.333 0.3022 0.2734 0.2316 0.184 0.1916 0.1516 0.108 0.1222 0.103 0.0792 0.0758 0.0838 0.0778 0.0838 0.1338 0.154 0.1676 0.185 0.1932 0.1732 0.198 0.2026 0.2308 0.233 0.2246 0.2146 0.1954 0.1926 0.1752 0.148 0.1386 0.1298 0.1004 0.0806 0.0644 0.064 0.0804 0.0744 0.0816 0.0752 0.0804 0.0736 0.0666 0.0674 0.0718 
0 0 0 0 0 0 0 0 0 0 0 0 0 0 0 0 0 0.0024 0.0256 0.1138 0.3034 0.5 0.7022 0.8342 0.8584 0.8092 0.7192 0.6088 0.4996 0.4286 0.358 0.2608 0.1826 0.1518 0.1236 0.087 0.08 0.063 0.0518 0.0548 0.0514 0.0622 0.0948 0.1454 0.1978 0.2902 0.3152 0.3748 0.4322 0.4372 0.439 0.4178 0.398 0.3776 0.3448 0.2676 0.25 0.2132 0.1872 0.1566 0.1214 0.1086 0.0902 0.0618 0.0746 0.0736 0.0808 0.0962 0.1266 0.145 0.1524 0.1666 0.1952 0.215 0.2308 0.2358 0.2416 0.2396 0.2492 0.224 0.2044 0.1874 0.1704 0.1374 0.1134 0.1216 0.0924 0.0806 0.0766 0.0688 0.0786 0.0624 0.0662 0.0622 0.0572 0.0744 0.0768 0.0812 0.0852 0.0758 
0 0 0 0 0 0 0 0 0 0 0 0 0 0 0 0 0 0.0028 0.0172 0.1068 0.2688 0.4628 0.6764 0.783 0.8736 0.8356 0.7666 0.6234 0.5452 0.4344 0.3548 0.2704 0.2108 0.175 0.153 0.1104 0.0816 0.068 0.0476 0.046 0.0378 0.0558 0.0774 0.1152 0.1292 0.215 0.2846 0.37 0.3834 0.4058 0.4288 0.4414 0.4318 0.383 0.3352 0.3268 0.2952 0.231 0.2216 0.1766 0.129 0.1124 0.1004 0.0852 0.0904 0.095 0.0856 0.0932 0.0986 0.1172 0.1004 0.131 0.1668 0.2018 0.2124 0.231 0.2286 0.234 0.2258 0.2222 0.2208 0.195 0.1838 0.177 0.1626 0.1354 0.1298 0.106 0.0772 0.0716 0.0616 0.0776 0.0674 0.0674 0.0738 0.0754 0.0754 0.0826 0.0696 0.0646 
0 0 0 0 0 0 0 0 0 0 0 0 0 0 0 0 0 0.0026 0.023 0.1016 0.2922 0.532 0.71 0.8248 0.8406 0.7554 0.7022 0.578 0.5108 0.4092 0.3442 0.2554 0.2038 0.1716 0.1482 0.133 0.0884 0.0828 0.069 0.0534 0.0566 0.0748 0.0906 0.1508 0.2292 0.2742 0.3284 0.3878 0.4064 0.4336 0.3988 0.3716 0.324 0.3314 0.341 0.2664 0.2414 0.2078 0.1986 0.1698 0.121 0.1298 0.105 0.0948 0.0988 0.0912 0.1006 0.1224 0.1538 0.1718 0.1816 0.1812 0.1938 0.2078 0.2112 0.2126 0.217 0.2058 0.1928 0.1714 0.186 0.1658 0.167 0.1334 0.1192 0.125 0.111 0.0792 0.0806 0.0776 0.0966 0.0928 0.0814 0.075 0.0824 0.0914 0.0796 0.0916 0.0786 0.0974 
0 0 0 0 0 0 0 0 0 0 0 0 0 0 0 0 0 0.0022 0.024 0.102 0.2992 0.5182 0.6524 0.7988 0.9078 0.8334 0.741 0.714 0.5612 0.4238 0.3258 0.2562 0.1986 0.1624 0.1138 0.089 0.06 0.0484 0.0328 0.0292 0.03 0.0454 0.0834 0.1214 0.1776 0.2502 0.3094 0.3896 0.405 0.4496 0.4762 0.4468 0.429 0.402 0.3818 0.3226 0.2744 0.2052 0.1908 0.1556 0.1064 0.0866 0.0768 0.0522 0.0498 0.0544 0.0692 0.0796 0.0988 0.1264 0.14 0.1614 0.2064 0.2156 0.2624 0.2512 0.2528 0.2584 0.2592 0.24 0.241 0.2172 0.1752 0.1322 0.1076 0.0962 0.0952 0.0802 0.0596 0.053 0.0514 0.0486 0.051 0.0528 0.0534 0.0526 0.064 0.077 0.0972 0.0962 
0 0 0 0 0 0 0 0 0 0 0 0 0 0 0 0 0 0.0032 0.0336 0.1388 0.298 0.5342 0.717 0.854 0.836 0.7576 0.7042 0.5938 0.4726 0.3928 0.3346 0.2796 0.2072 0.1638 0.1488 0.1192 0.0988 0.0574 0.065 0.0632 0.0632 0.081 0.1248 0.1696 0.2084 0.2664 0.2994 0.3386 0.3666 0.3828 0.4348 0.4008 0.3948 0.3494 0.3146 0.3006 0.2798 0.2344 0.189 0.1604 0.1522 0.1162 0.102 0.087 0.0894 0.0992 0.1098 0.1146 0.1128 0.1336 0.1494 0.1682 0.1844 0.1916 0.2098 0.2206 0.214 0.2454 0.2178 0.1988 0.1856 0.168 0.1536 0.1422 0.1466 0.1398 0.1104 0.101 0.0978 0.0928 0.076 0.0764 0.0692 0.072 0.0652 0.0634 0.0618 0.0908 0.079 0.1036 
0 0 0 0 0 0 0 0 0 0 0 0 0 0 0 0 0 0.0008 0.0176 0.0714 0.2366 0.5032 0.7352 0.8772 0.816 0.7992 0.7082 0.6026 0.509 0.431 0.3582 0.2892 0.2344 0.1652 0.1294 0.1122 0.0922 0.0816 0.0486 0.046 0.0394 0.0592 0.0748 0.12 0.1992 0.2646 0.3314 0.3754 0.3798 0.3918 0.4268 0.4178 0.3874 0.3526 0.3518 0.3176 0.2778 0.2332 0.2132 0.1676 0.1534 0.103 0.0918 0.0888 0.086 0.0804 0.09 0.0932 0.1078 0.1294 0.1512 0.1568 0.1718 0.1878 0.1796 0.2068 0.2346 0.2192 0.2406 0.2352 0.203 0.2054 0.1754 0.1788 0.1756 0.1422 0.1144 0.1046 0.0842 0.0698 0.0792 0.0766 0.0578 0.0628 0.0612 0.0542 0.061 0.0638 0.0518 0.0692 
0 0 0 0 0 0 0 0 0 0 0 0 0 0 0 0 0 0.001 0.0298 0.1076 0.3198 0.5038 0.706 0.8396 0.9072 0.8426 0.7232 0.6442 0.5368 0.3964 0.3036 0.2396 0.1974 0.1812 0.1446 0.107 0.0536 0.0448 0.0406 0.037 0.0426 0.0694 0.1178 0.16 0.214 0.2622 0.3466 0.3804 0.4388 0.4508 0.4302 0.4132 0.41 0.354 0.3246 0.2682 0.2332 0.2008 0.165 0.1352 0.1228 0.1174 0.1 0.0836 0.085 0.0792 0.0996 0.1154 0.1332 0.1418 0.1644 0.188 0.2158 0.2166 0.2304 0.2344 0.2372 0.2218 0.192 0.196 0.1904 0.17 0.1586 0.149 0.1304 0.1064 0.0826 0.0836 0.0796 0.0808 0.0784 0.0746 0.0678 0.0678 0.077 0.0742 0.0702 0.0798 0.0914 0.0926 
0 0 0 0 0 0 0 0 0 0 0 0 0 0 0 0 0 0 0.0226 0.1208 0.3078 0.6064 0.8022 0.8852 0.9126 0.8592 0.7004 0.5668 0.464 0.3612 0.3098 0.2622 0.1718 0.1462 0.1384 0.09 0.0678 0.0332 0.03 0.0282 0.0344 0.0586 0.0916 0.1766 0.2582 0.3484 0.36 0.3988 0.4488 0.4618 0.4682 0.4292 0.3826 0.349 0.3126 0.2858 0.2334 0.2056 0.1834 0.1168 0.1042 0.0784 0.0778 0.0604 0.0656 0.0686 0.077 0.103 0.1224 0.1412 0.1808 0.2138 0.2254 0.2486 0.284 0.253 0.2266 0.2208 0.2002 0.2036 0.178 0.177 0.162 0.1572 0.124 0.118 0.0998 0.0746 0.0552 0.0502 0.0486 0.048 0.0488 0.058 0.067 0.0746 0.0946 0.0756 0.093 0.0996 
0 0 0 0 0 0 0 0 0 0 0 0 0 0 0 0 0 0.0016 0.02 0.0888 0.2388 0.5106 0.679 0.8586 0.948 0.8846 0.7542 0.6586 0.533 0.437 0.3518 0.2772 0.1866 0.124 0.1104 0.0834 0.0676 0.044 0.0382 0.0284 0.0344 0.0454 0.0688 0.1016 0.1664 0.2154 0.2972 0.383 0.4742 0.5168 0.4542 0.4362 0.4478 0.423 0.3556 0.3144 0.2444 0.193 0.1858 0.131 0.1388 0.1148 0.0884 0.0706 0.055 0.0448 0.0634 0.0684 0.089 0.1272 0.1306 0.1722 0.2022 0.2094 0.2198 0.2504 0.261 0.2836 0.2862 0.247 0.2308 0.1892 0.1774 0.133 0.0996 0.1008 0.0872 0.0878 0.0868 0.0712 0.0538 0.0474 0.0494 0.053 0.05 0.061 0.0622 0.0678 0.081 0.0728 
0 0 0 0 0 0 0 0 0 0 0 0 0 0 0 0 0 0.0016 0.024 0.093 0.285 0.5562 0.7544 0.8638 0.9126 0.9118 0.7964 0.6112 0.491 0.3852 0.3192 0.2296 0.1986 0.1522 0.1054 0.0788 0.0532 0.0438 0.037 0.0276 0.0284 0.0548 0.084 0.1326 0.2066 0.2948 0.3876 0.4306 0.4314 0.446 0.4626 0.4484 0.3882 0.3498 0.3186 0.2984 0.243 0.1984 0.1698 0.1674 0.135 0.1104 0.0678 0.0546 0.049 0.0552 0.0682 0.0972 0.1382 0.152 0.1844 0.186 0.1994 0.216 0.2342 0.2564 0.2708 0.2438 0.2234 0.2234 0.1864 0.1606 0.1444 0.13 0.1256 0.0926 0.0888 0.0714 0.0886 0.0758 0.0738 0.0608 0.069 0.0742 0.0724 0.058 0.0642 0.0794 0.0894 0.1048 
0 0 0 0 0 0 0 0 0 0 0 0 0 0 0 0 0 0.0028 0.0204 0.1062 0.2736 0.466 0.6746 0.8418 0.9132 0.8402 0.7886 0.678 0.5306 0.4282 0.329 0.2576 0.177 0.1382 0.1152 0.0966 0.0544 0.0372 0.0376 0.0398 0.045 0.065 0.0718 0.1364 0.1838 0.225 0.33 0.4052 0.4404 0.4626 0.476 0.4738 0.4178 0.3962 0.3186 0.2772 0.2502 0.2158 0.1746 0.145 0.1176 0.089 0.0874 0.064 0.0714 0.0808 0.0746 0.0912 0.0996 0.118 0.1302 0.153 0.1788 0.2174 0.2528 0.2576 0.3092 0.2514 0.2294 0.232 0.2012 0.1822 0.1618 0.1522 0.1314 0.1262 0.1042 0.091 0.0682 0.04 0.0538 0.0618 0.0674 0.0556 0.0504 0.0532 0.0608 0.0806 0.083 0.098 
0 0 0 0 0 0 0 0 0 0 0 0 0 0 0 0 0 0.0026 0.0282 0.1152 0.2876 0.5374 0.7218 0.818 0.8718 0.7892 0.7292 0.6222 0.51 0.407 0.332 0.2648 0.224 0.187 0.1564 0.0982 0.0596 0.0476 0.0496 0.0468 0.0508 0.0506 0.0818 0.1614 0.208 0.2628 0.3308 0.3544 0.4156 0.4402 0.4194 0.4314 0.3884 0.352 0.303 0.3158 0.2618 0.23 0.195 0.1734 0.126 0.098 0.092 0.0668 0.0692 0.0834 0.0718 0.0856 0.1158 0.1234 0.1524 0.2006 0.2118 0.2412 0.2366 0.248 0.231 0.246 0.204 0.2162 0.2064 0.1858 0.1742 0.1444 0.1142 0.1064 0.1032 0.0792 0.0642 0.0732 0.0624 0.0704 0.0612 0.0602 0.0548 0.0518 0.0854 0.0798 0.0928 0.0968 
0 0 0 0 0 0 0 0 0 0 0 0 0 0 0 0 0 0.0008 0.0256 0.1198 0.2602 0.5266 0.7112 0.792 0.827 0.8424 0.7218 0.667 0.5324 0.4412 0.3468 0.2816 0.2056 0.1718 0.1456 0.0944 0.0764 0.0534 0.0382 0.0334 0.0374 0.0678 0.098 0.127 0.1904 0.2566 0.3238 0.348 0.3918 0.3952 0.3938 0.4204 0.4096 0.4206 0.37 0.3374 0.2806 0.2356 0.1984 0.1692 0.134 0.1056 0.0864 0.082 0.0848 0.077 0.0652 0.0894 0.0914 0.1144 0.1454 0.163 0.2102 0.2024 0.2108 0.1964 0.2016 0.231 0.2234 0.2364 0.2284 0.2098 0.1894 0.187 0.142 0.1198 0.117 0.0936 0.074 0.0758 0.0808 0.0552 0.0486 0.0624 0.0668 0.0624 0.0576 0.0744 0.0758 0.0772 
0 0 0 0 0 0 0 0 0 0 0 0 0 0 0 0 0.0002 0.0032 0.0158 0.0976 0.2526 0.4914 0.726 0.8934 0.9002 0.8744 0.7484 0.5706 0.5146 0.4246 0.3148 0.2734 0.198 0.1354 0.1246 0.0896 0.074 0.061 0.0458 0.034 0.0318 0.0498 0.0886 0.1264 0.1862 0.2314 0.3256 0.3928 0.4486 0.4744 0.4666 0.4256 0.427 0.3902 0.3362 0.2732 0.2406 0.1798 0.171 0.153 0.1222 0.115 0.1082 0.0814 0.0832 0.0768 0.065 0.0886 0.0914 0.1084 0.1408 0.1848 0.2236 0.2566 0.2608 0.2626 0.2322 0.2474 0.2186 0.2074 0.2018 0.1692 0.15 0.1238 0.1202 0.1126 0.0882 0.084 0.0758 0.076 0.0702 0.055 0.0632 0.0822 0.0742 0.0776 0.1002 0.093 0.0928 0.1 
0 0 0 0 0 0 0 0 0 0 0 0 0 0 0 0 0.0002 0.0008 0.0154 0.0822 0.2248 0.4464 0.6462 0.8258 0.868 0.874 0.7774 0.6438 0.5372 0.4436 0.3308 0.2586 0.2062 0.1988 0.17 0.123 0.0792 0.0494 0.0442 0.036 0.0338 0.0488 0.0712 0.114 0.163 0.2234 0.2902 0.3862 0.3812 0.4144 0.4524 0.4394 0.4188 0.3966 0.3344 0.2876 0.2598 0.2288 0.186 0.1838 0.1602 0.1138 0.098 0.0942 0.0904 0.074 0.0764 0.0982 0.095 0.1134 0.1364 0.153 0.1884 0.2124 0.2254 0.2228 0.2268 0.2236 0.2386 0.2124 0.2132 0.1954 0.174 0.1588 0.134 0.128 0.1146 0.1028 0.0858 0.0806 0.084 0.07 0.0586 0.0636 0.0658 0.069 0.0678 0.0784 0.0748 0.079 
0 0 0 0 0 0 0 0 0 0 0 0 0 0 0 0 0 0.0018 0.0224 0.11 0.2794 0.5296 0.6782 0.8114 0.849 0.7824 0.676 0.619 0.526 0.4234 0.3456 0.2982 0.2292 0.1512 0.1308 0.1166 0.0902 0.0718 0.0666 0.0578 0.0534 0.08 0.0886 0.1208 0.1794 0.2582 0.3242 0.3706 0.4226 0.3916 0.3766 0.3944 0.3846 0.3632 0.3372 0.3146 0.267 0.2234 0.2 0.179 0.1352 0.1248 0.1074 0.1008 0.0856 0.0814 0.0852 0.0976 0.1002 0.12 0.1482 0.1496 0.219 0.2278 0.2366 0.216 0.2086 0.2078 0.197 0.1982 0.2024 0.2026 0.1962 0.16 0.1402 0.1206 0.118 0.098 0.1046 0.0906 0.0676 0.0568 0.0638 0.0642 0.0654 0.0732 0.0704 0.0792 0.0832 0.0866 
0 0 0 0 0 0 0 0 0 0 0 0 0 0 0 0 0.0002 0.0034 0.0176 0.083 0.2154 0.4482 0.6644 0.7716 0.8332 0.7878 0.7444 0.6752 0.6006 0.446 0.3684 0.2784 0.2252 0.1682 0.131 0.1306 0.1064 0.0834 0.0654 0.0496 0.0436 0.042 0.0576 0.0932 0.1546 0.2048 0.27 0.3282 0.4184 0.4482 0.3998 0.4122 0.405 0.3902 0.3584 0.3216 0.28 0.235 0.2008 0.192 0.1544 0.1498 0.119 0.0972 0.0962 0.0902 0.0618 0.066 0.0804 0.1008 0.119 0.1496 0.1542 0.1896 0.203 0.2278 0.2514 0.2516 0.2176 0.2368 0.1974 0.1802 0.1804 0.1718 0.1662 0.1514 0.1256 0.1056 0.1122 0.0942 0.0946 0.0788 0.0634 0.0478 0.047 0.045 0.055 0.0704 0.085 0.0708 
0 0 0 0 0 0 0 0 0 0 0 0 0 0 0 0 0 0.0002 0.0166 0.0996 0.2456 0.449 0.6528 0.7672 0.8048 0.8066 0.7588 0.6472 0.565 0.5122 0.359 0.277 0.2278 0.1568 0.1408 0.1078 0.0904 0.071 0.0602 0.0396 0.0374 0.0424 0.069 0.1128 0.1548 0.2342 0.3108 0.3434 0.3674 0.4154 0.4324 0.4422 0.4418 0.4032 0.3392 0.3084 0.2806 0.2618 0.2174 0.193 0.1528 0.1088 0.0882 0.0632 0.064 0.0554 0.0558 0.0762 0.1004 0.1226 0.1374 0.1508 0.165 0.2056 0.2074 0.2108 0.239 0.2516 0.2318 0.2222 0.2226 0.2106 0.2018 0.2048 0.1704 0.1352 0.109 0.1026 0.0838 0.0526 0.0484 0.0532 0.0484 0.0482 0.0584 0.0716 0.0878 0.0906 0.0728 0.0734 
0 0 0 0 0 0 0 0 0 0 0 0 0 0 0 0 0 0.0032 0.0294 0.1128 0.3156 0.539 0.7536 0.814 0.8206 0.7996 0.7468 0.6196 0.5052 0.4038 0.361 0.2508 0.207 0.1466 0.1244 0.0832 0.0654 0.056 0.044 0.0592 0.0548 0.0596 0.0968 0.1478 0.2298 0.3162 0.3524 0.3898 0.4462 0.4456 0.4196 0.3914 0.3734 0.3728 0.3276 0.2974 0.248 0.2012 0.1872 0.1352 0.1178 0.097 0.0778 0.0692 0.0666 0.0672 0.0866 0.105 0.1166 0.1304 0.1738 0.1836 0.2038 0.232 0.2162 0.2622 0.2666 0.2458 0.2282 0.2126 0.1972 0.176 0.1586 0.1514 0.1218 0.1082 0.0938 0.0884 0.0842 0.063 0.0542 0.0546 0.048 0.0568 0.0684 0.0762 0.0856 0.0808 0.0898 0.0872 
0 0 0 0 0 0 0 0 0 0 0 0 0 0 0 0 0 0.0014 0.0262 0.1044 0.3122 0.5618 0.7688 0.8582 0.9154 0.8048 0.7448 0.6016 0.513 0.4068 0.3132 0.2554 0.1996 0.156 0.1192 0.09 0.062 0.0536 0.032 0.0304 0.0408 0.0592 0.0954 0.1612 0.186 0.288 0.363 0.4364 0.4514 0.423 0.4274 0.3882 0.4256 0.3864 0.3342 0.2576 0.2088 0.1984 0.1578 0.1534 0.133 0.1366 0.1046 0.0758 0.0692 0.0766 0.0808 0.1028 0.1172 0.1366 0.164 0.1782 0.1994 0.2284 0.2416 0.2578 0.274 0.2206 0.2128 0.1938 0.1746 0.1584 0.1622 0.13 0.1124 0.1058 0.111 0.1052 0.0952 0.086 0.0904 0.0826 0.0612 0.0452 0.0724 0.057 0.0654 0.091 0.1046 0.0954 
0 0 0 0 0 0 0 0 0 0 0 0 0 0 0 0 0 0.0018 0.0228 0.1092 0.3086 0.5284 0.7378 0.8558 0.8614 0.785 0.6864 0.563 0.4936 0.4294 0.3672 0.2942 0.2174 0.1644 0.1438 0.102 0.0868 0.0648 0.0492 0.0326 0.0368 0.0594 0.0856 0.1622 0.2232 0.2834 0.3086 0.399 0.3956 0.4106 0.4242 0.4016 0.3896 0.355 0.3522 0.3012 0.239 0.2022 0.2022 0.1734 0.1478 0.1282 0.114 0.0766 0.0752 0.067 0.0826 0.1038 0.0996 0.107 0.146 0.1862 0.1904 0.2268 0.2382 0.2488 0.2278 0.2144 0.215 0.207 0.179 0.1762 0.1768 0.1622 0.1422 0.1262 0.1004 0.0998 0.0906 0.0784 0.0596 0.063 0.0556 0.071 0.066 0.0562 0.0788 0.0756 0.0626 0.0774 
0 0 0 0 0 0 0 0 0 0 0 0 0 0 0 0 0 0 0.0214 0.0724 0.2456 0.4656 0.685 0.8222 0.8824 0.8026 0.71 0.6376 0.5558 0.4466 0.3726 0.2942 0.2234 0.1712 0.1372 0.102 0.072 0.0636 0.045 0.047 0.0494 0.0584 0.0644 0.127 0.1684 0.2234 0.2608 0.3404 0.4134 0.4246 0.4254 0.4452 0.453 0.3874 0.3428 0.306 0.3088 0.2154 0.212 0.1756 0.133 0.1246 0.1118 0.0864 0.0896 0.076 0.064 0.0752 0.0892 0.1228 0.1202 0.1428 0.1592 0.1774 0.2148 0.2354 0.2462 0.2418 0.2436 0.2272 0.2098 0.1788 0.1694 0.1886 0.1688 0.144 0.1328 0.098 0.0838 0.0816 0.0846 0.0702 0.0682 0.0606 0.0642 0.056 0.0564 0.0528 0.0548 0.071 
0 0 0 0 0 0 0 0 0 0 0 0 0 0 0 0 0.0002 0.003 0.028 0.1164 0.2662 0.492 0.7192 0.8326 0.8782 0.7898 0.7582 0.64 0.5382 0.4338 0.327 0.259 0.2104 0.1688 0.1424 0.0984 0.066 0.0624 0.0406 0.0482 0.0464 0.0616 0.0804 0.1076 0.1778 0.2308 0.3088 0.3926 0.4388 0.4488 0.4498 0.452 0.4154 0.3888 0.3148 0.2854 0.2534 0.2118 0.1788 0.1518 0.1562 0.1142 0.0956 0.0856 0.0766 0.071 0.068 0.0684 0.0902 0.105 0.146 0.1718 0.224 0.249 0.2264 0.251 0.258 0.2424 0.2204 0.1976 0.204 0.1814 0.164 0.153 0.1194 0.1018 0.1022 0.0938 0.0804 0.0942 0.0788 0.0696 0.0688 0.0608 0.056 0.0634 0.064 0.09 0.0684 0.075 
0 0 0 0 0 0 0 0 0 0 0 0 0 0 0 0 0 0.0018 0.0248 0.113 0.2966 0.4916 0.6562 0.7716 0.8048 0.8392 0.7798 0.6786 0.5478 0.4448 0.351 0.2806 0.215 0.1846 0.1496 0.1016 0.0714 0.0498 0.0398 0.0392 0.0436 0.0514 0.0866 0.1152 0.1714 0.2254 0.3106 0.3282 0.3952 0.4162 0.4244 0.4324 0.412 0.3864 0.377 0.3264 0.2898 0.2536 0.2044 0.1808 0.139 0.1078 0.1058 0.075 0.0678 0.0658 0.0854 0.0936 0.111 0.1012 0.1032 0.129 0.1642 0.2186 0.1902 0.2248 0.2338 0.2578 0.251 0.2236 0.204 0.207 0.194 0.1862 0.161 0.1374 0.1188 0.0996 0.086 0.0706 0.0678 0.07 0.048 0.041 0.0506 0.058 0.0584 0.0696 0.0744 0.0652 
0 0 0 0 0 0 0 0 0 0 0 0 0 0 0 0 0 0.002 0.0288 0.11 0.2768 0.4986 0.641 0.8114 0.844 0.8278 0.7724 0.6786 0.5402 0.4038 0.349 0.2764 0.1984 0.1736 0.144 0.1114 0.081 0.0568 0.0352 0.0286 0.0386 0.0606 0.077 0.1276 0.184 0.2722 0.3094 0.366 0.3822 0.3942 0.4376 0.4826 0.4272 0.3704 0.3552 0.324 0.2864 0.2106 0.175 0.146 0.1346 0.1186 0.094 0.0848 0.0726 0.0518 0.0744 0.0874 0.1008 0.142 0.1548 0.19 0.1828 0.1854 0.192 0.2428 0.2232 0.225 0.2446 0.25 0.2214 0.23 0.1816 0.141 0.1386 0.1182 0.0876 0.087 0.0762 0.0594 0.0606 0.0658 0.0608 0.0654 0.0664 0.0714 0.075 0.067 0.0862 0.0736 
0 0 0 0 0 0 0 0 0 0 0 0 0 0 0 0 0.0002 0.002 0.0202 0.1056 0.289 0.5142 0.7214 0.7826 0.866 0.8406 0.7178 0.588 0.5302 0.4366 0.3328 0.2672 0.2128 0.16 0.1418 0.114 0.0762 0.0654 0.0494 0.044 0.0468 0.0634 0.094 0.1238 0.178 0.2568 0.327 0.4098 0.4336 0.437 0.4596 0.448 0.4094 0.3618 0.3134 0.292 0.2494 0.191 0.1858 0.1454 0.1094 0.0854 0.086 0.0878 0.0892 0.063 0.0752 0.0872 0.1012 0.127 0.1582 0.1944 0.1958 0.2312 0.2454 0.2504 0.2366 0.2298 0.2432 0.2492 0.211 0.1794 0.1612 0.1402 0.1442 0.1112 0.089 0.0848 0.0762 0.0666 0.0602 0.0476 0.0448 0.0542 0.0634 0.0746 0.067 0.0718 0.0774 0.0848 
0 0 0 0 0 0 0 0 0 0 0 0 0 0 0 0 0 0.001 0.0314 0.1238 0.2974 0.5074 0.6842 0.8776 0.8632 0.8244 0.7344 0.632 0.5528 0.403 0.3242 0.2536 0.2074 0.1598 0.116 0.092 0.0812 0.048 0.0434 0.0376 0.051 0.0718 0.089 0.1472 0.2094 0.2646 0.33 0.3726 0.4198 0.4338 0.4178 0.4082 0.388 0.3572 0.3356 0.2956 0.246 0.2056 0.1866 0.1728 0.1482 0.1226 0.1032 0.0902 0.0696 0.072 0.0846 0.1032 0.1178 0.1334 0.1646 0.1962 0.2042 0.2148 0.216 0.2082 0.2266 0.2236 0.2268 0.2118 0.1832 0.1714 0.1806 0.1466 0.1364 0.118 0.0942 0.078 0.0862 0.083 0.082 0.0672 0.0628 0.062 0.0702 0.0762 0.083 0.082 0.0922 0.0948 
0 0 0 0 0 0 0 0 0 0 0 0 0 0 0 0 0 0.002 0.0184 0.1026 0.2734 0.511 0.7066 0.7974 0.8636 0.753 0.7056 0.601 0.5058 0.45 0.3652 0.3102 0.2438 0.1828 0.1176 0.0916 0.0718 0.059 0.0446 0.0538 0.0662 0.0594 0.0944 0.1292 0.1858 0.2454 0.3058 0.3626 0.3872 0.4318 0.433 0.3812 0.35 0.3294 0.3342 0.3296 0.2908 0.2304 0.2116 0.1688 0.1434 0.1278 0.1164 0.0938 0.091 0.0812 0.0806 0.0972 0.1174 0.123 0.131 0.184 0.1902 0.1968 0.2074 0.2024 0.2082 0.241 0.204 0.1856 0.219 0.1908 0.1966 0.171 0.1474 0.1308 0.1186 0.118 0.0988 0.077 0.077 0.0636 0.0608 0.0636 0.0664 0.064 0.0724 0.0714 0.0638 0.089 
0 0 0 0 0 0 0 0 0 0 0 0 0 0 0 0 0 0.0022 0.0288 0.1356 0.3074 0.5568 0.737 0.8282 0.842 0.8278 0.77 0.6588 0.5454 0.4222 0.3262 0.2504 0.1764 0.1338 0.0926 0.0906 0.0672 0.0578 0.0346 0.044 0.0446 0.0716 0.0942 0.1296 0.2174 0.2814 0.327 0.403 0.4458 0.4398 0.4248 0.4152 0.4136 0.3724 0.3716 0.2894 0.2664 0.2084 0.1698 0.156 0.1086 0.0862 0.0822 0.0784 0.0712 0.0764 0.079 0.0898 0.1052 0.1362 0.1756 0.1804 0.2124 0.2166 0.235 0.2354 0.2234 0.2392 0.2302 0.2056 0.1966 0.1798 0.1746 0.1722 0.1366 0.1144 0.0898 0.0876 0.0676 0.0662 0.058 0.06 0.0538 0.0628 0.0692 0.068 0.0692 0.0844 0.08 0.0806 
0 0 0 0 0 0 0 0 0 0 0 0 0 0 0 0 0 0.0018 0.0288 0.1096 0.2736 0.5336 0.7966 0.85 0.8736 0.8616 0.7676 0.6246 0.485 0.4084 0.3314 0.2748 0.2114 0.1592 0.0966 0.082 0.0556 0.037 0.024 0.0252 0.0286 0.0426 0.072 0.1484 0.2272 0.302 0.3614 0.4228 0.4264 0.4496 0.434 0.412 0.3876 0.3732 0.3382 0.3212 0.277 0.2178 0.1802 0.1326 0.1196 0.0822 0.0688 0.0614 0.0598 0.0516 0.0696 0.0968 0.1354 0.1462 0.161 0.1886 0.216 0.218 0.2192 0.234 0.2346 0.2454 0.245 0.2296 0.2238 0.2032 0.187 0.1586 0.1006 0.0996 0.087 0.0696 0.0534 0.0682 0.0502 0.0506 0.0562 0.054 0.0556 0.0844 0.0922 0.0792 0.0912 0.1026 
0 0 0 0 0 0 0 0 0 0 0 0 0 0 0 0 0 0.0032 0.0234 0.1008 0.279 0.5374 0.7122 0.8278 0.8684 0.8418 0.7366 0.6118 0.534 0.4192 0.3354 0.2784 0.2038 0.169 0.1366 0.0896 0.0628 0.0448 0.0398 0.0466 0.0532 0.0718 0.0906 0.1384 0.1978 0.2682 0.3134 0.3562 0.406 0.4184 0.438 0.4144 0.4134 0.3952 0.3658 0.3416 0.2516 0.1998 0.1892 0.1292 0.124 0.105 0.0918 0.075 0.0786 0.0792 0.0796 0.1022 0.094 0.1172 0.139 0.1668 0.2038 0.2326 0.223 0.2382 0.2432 0.2486 0.2202 0.2218 0.2122 0.2054 0.1772 0.1498 0.1262 0.1136 0.0968 0.084 0.0788 0.073 0.0564 0.0644 0.0722 0.0696 0.0722 0.0616 0.0646 0.0732 0.0748 0.0882 
0 0 0 0 0 0 0 0 0 0 0 0 0 0 0 0 0 0.003 0.022 0.109 0.3004 0.5308 0.7294 0.827 0.8448 0.8194 0.6798 0.6112 0.5378 0.4416 0.3256 0.2554 0.2096 0.1538 0.1298 0.1088 0.0896 0.0536 0.0462 0.0366 0.037 0.0462 0.0936 0.1432 0.2088 0.2792 0.3358 0.3728 0.4064 0.4212 0.3968 0.3592 0.3678 0.3848 0.3464 0.3266 0.2894 0.2528 0.2088 0.162 0.1286 0.1078 0.1034 0.0802 0.0772 0.0682 0.0782 0.098 0.1318 0.1374 0.138 0.1586 0.1538 0.18 0.179 0.2256 0.2342 0.2384 0.2362 0.2254 0.2022 0.1962 0.1928 0.1716 0.1474 0.1432 0.1414 0.1006 0.0892 0.0838 0.077 0.0654 0.073 0.0578 0.0586 0.051 0.0596 0.053 0.0576 0.0616 
0 0 0 0 0 0 0 0 0 0 0 0 0 0 0 0 0 0.0014 0.0234 0.0914 0.2194 0.4384 0.5942 0.7578 0.8214 0.8082 0.7182 0.6714 0.5818 0.4872 0.3664 0.2966 0.2528 0.184 0.1494 0.105 0.0884 0.0608 0.0518 0.048 0.0524 0.0564 0.0878 0.1124 0.1368 0.1996 0.2548 0.2948 0.356 0.4022 0.4496 0.4526 0.4576 0.3992 0.3458 0.3018 0.2732 0.2282 0.2042 0.1892 0.1642 0.1442 0.1198 0.1096 0.0832 0.0702 0.0794 0.0784 0.0988 0.0966 0.1126 0.1692 0.1764 0.1816 0.1896 0.216 0.2214 0.2146 0.2098 0.2236 0.2138 0.2208 0.199 0.167 0.166 0.17 0.148 0.104 0.0918 0.0796 0.0756 0.0626 0.074 0.0666 0.0686 0.062 0.0732 0.0768 0.0706 0.0738 
0 0 0 0 0 0 0 0 0 0 0 0 0 0 0 0 0 0.0026 0.0188 0.1106 0.2934 0.5106 0.6784 0.8506 0.8958 0.8382 0.7228 0.6026 0.5192 0.4246 0.334 0.267 0.2116 0.1968 0.1246 0.0884 0.0632 0.0532 0.0442 0.0356 0.045 0.0614 0.1034 0.1428 0.1906 0.285 0.3464 0.381 0.4276 0.4178 0.4184 0.4268 0.41 0.3606 0.3092 0.295 0.267 0.2242 0.1976 0.1494 0.1172 0.1154 0.1172 0.0894 0.0756 0.0866 0.0766 0.0748 0.0928 0.1222 0.1596 0.1928 0.2066 0.2168 0.2296 0.2338 0.229 0.2254 0.2206 0.2086 0.2034 0.1904 0.1588 0.1304 0.1386 0.1372 0.1156 0.0932 0.0784 0.0818 0.0568 0.0632 0.0516 0.0554 0.0736 0.0784 0.076 0.0654 0.0776 0.0804 
0 0 0 0 0 0 0 0 0 0 0 0 0 0 0 0 0 0.0012 0.0186 0.1064 0.3186 0.5228 0.6984 0.847 0.8628 0.7892 0.704 0.647 0.5664 0.455 0.3386 0.2716 0.2318 0.1452 0.1114 0.093 0.0668 0.057 0.0346 0.0374 0.0324 0.0522 0.0982 0.1474 0.208 0.2612 0.3328 0.3734 0.4014 0.4336 0.423 0.4354 0.396 0.4088 0.359 0.323 0.2622 0.2122 0.1712 0.1468 0.1076 0.0994 0.0954 0.0828 0.0688 0.069 0.0768 0.0848 0.119 0.1344 0.153 0.1758 0.2102 0.2062 0.211 0.2528 0.2398 0.2282 0.2336 0.2246 0.2256 0.2232 0.1726 0.135 0.1138 0.0854 0.089 0.0798 0.074 0.068 0.066 0.0594 0.0582 0.0672 0.0642 0.078 0.0794 0.0864 0.0928 0.0894 
0 0 0 0 0 0 0 0 0 0 0 0 0 0 0 0 0 0.0016 0.0272 0.1172 0.3004 0.5336 0.7414 0.8586 0.8632 0.7808 0.7174 0.5828 0.4896 0.3782 0.326 0.2694 0.2116 0.19 0.1568 0.1282 0.0864 0.0574 0.0442 0.0448 0.048 0.072 0.0988 0.1652 0.2132 0.271 0.332 0.3576 0.4462 0.4366 0.3958 0.4144 0.3724 0.3824 0.3384 0.291 0.235 0.2124 0.1714 0.158 0.123 0.1134 0.1016 0.0942 0.0872 0.0894 0.0916 0.0944 0.1202 0.1604 0.1566 0.182 0.1872 0.2008 0.2324 0.2374 0.2184 0.2146 0.2214 0.2052 0.202 0.1852 0.1534 0.1384 0.1312 0.1312 0.1152 0.0876 0.0852 0.0728 0.0646 0.057 0.0592 0.0626 0.056 0.0658 0.0786 0.0762 0.0864 0.0918 
0 0 0 0 0 0 0 0 0 0 0 0 0 0 0 0 0.0002 0.004 0.0228 0.0958 0.2318 0.44 0.6598 0.8142 0.8356 0.8368 0.7808 0.6948 0.5852 0.4804 0.3506 0.3076 0.2196 0.1602 0.1354 0.0996 0.0772 0.0656 0.0326 0.0236 0.0288 0.0404 0.067 0.1124 0.1552 0.228 0.2986 0.3116 0.371 0.3862 0.4174 0.4522 0.4394 0.3936 0.3608 0.3338 0.3038 0.2642 0.2392 0.1802 0.164 0.1336 0.0918 0.0764 0.0738 0.081 0.0748 0.0704 0.0898 0.1036 0.1282 0.1508 0.1616 0.1774 0.1874 0.2158 0.2282 0.2242 0.23 0.2314 0.2186 0.2172 0.1808 0.1732 0.1674 0.141 0.1174 0.1044 0.1192 0.0924 0.0702 0.0658 0.0602 0.0614 0.0514 0.0474 0.0508 0.064 0.0856 0.0896 
0 0 0 0 0 0 0 0 0 0 0 0 0 0 0 0 0 0.0032 0.0254 0.1066 0.259 0.4644 0.6694 0.7732 0.853 0.8698 0.7774 0.6264 0.5424 0.4348 0.3652 0.265 0.2078 0.1494 0.113 0.1134 0.086 0.0602 0.0496 0.0462 0.042 0.051 0.077 0.0992 0.168 0.233 0.3054 0.3794 0.4286 0.4616 0.4256 0.432 0.4372 0.3926 0.3484 0.292 0.2304 0.19 0.1904 0.1756 0.1446 0.116 0.099 0.0824 0.0788 0.0898 0.069 0.0886 0.1084 0.1172 0.1338 0.1662 0.1842 0.2196 0.2198 0.232 0.2502 0.2436 0.2248 0.2452 0.2052 0.1964 0.1614 0.1432 0.132 0.1338 0.107 0.0894 0.0818 0.0744 0.0764 0.0644 0.0714 0.0628 0.0564 0.0584 0.0658 0.0772 0.0982 0.0812 
0 0 0 0 0 0 0 0 0 0 0 0 0 0 0 0 0 0.0004 0.021 0.103 0.2594 0.4516 0.6504 0.7614 0.8158 0.7798 0.6976 0.6274 0.5278 0.47 0.4038 0.3172 0.2286 0.1902 0.1504 0.1168 0.0884 0.0812 0.0614 0.0548 0.0538 0.0566 0.0804 0.109 0.169 0.2608 0.3194 0.34 0.3692 0.3562 0.3476 0.3988 0.3714 0.3882 0.337 0.3248 0.3118 0.2802 0.2278 0.1734 0.141 0.1284 0.1154 0.108 0.0808 0.0806 0.0838 0.0852 0.1096 0.1416 0.1464 0.16 0.1808 0.1946 0.1818 0.2154 0.2016 0.195 0.2126 0.1842 0.1722 0.1928 0.1842 0.183 0.181 0.1466 0.1232 0.1124 0.1134 0.0972 0.0778 0.069 0.0746 0.0748 0.077 0.0846 0.0878 0.0864 0.0808 0.068 
0 0 0 0 0 0 0 0 0 0 0 0 0 0 0 0 0 0.0024 0.0214 0.1018 0.253 0.4894 0.6564 0.7928 0.8868 0.8254 0.7362 0.6164 0.5066 0.4252 0.362 0.2858 0.2404 0.2066 0.1414 0.108 0.0816 0.0692 0.049 0.0376 0.04 0.0512 0.088 0.1264 0.171 0.2374 0.2762 0.342 0.4324 0.4088 0.4098 0.416 0.4322 0.3954 0.3236 0.3044 0.2722 0.2418 0.2062 0.1518 0.1374 0.1262 0.1086 0.1004 0.0924 0.0832 0.0784 0.0922 0.1052 0.1306 0.1328 0.1572 0.1634 0.201 0.1962 0.2114 0.23 0.222 0.2208 0.2138 0.2092 0.226 0.1922 0.1574 0.1432 0.1354 0.123 0.1096 0.1028 0.0964 0.0666 0.0624 0.0756 0.0716 0.0688 0.06 0.0618 0.067 0.0746 0.0746 
0 0 0 0 0 0 0 0 0 0 0 0 0 0 0 0 0 0.0034 0.0316 0.136 0.355 0.6002 0.805 0.8838 0.8954 0.789 0.728 0.5652 0.4784 0.3834 0.2732 0.2212 0.1816 0.1486 0.1138 0.0936 0.0786 0.0722 0.0518 0.042 0.0502 0.0754 0.1072 0.1616 0.2444 0.324 0.3688 0.4412 0.4342 0.454 0.4638 0.431 0.3894 0.3446 0.2898 0.2414 0.2134 0.18 0.169 0.132 0.1236 0.0916 0.0792 0.0782 0.0832 0.0768 0.0978 0.112 0.1286 0.1822 0.1788 0.1974 0.2008 0.236 0.253 0.2452 0.25 0.2506 0.2138 0.1816 0.1788 0.1458 0.1344 0.1212 0.1156 0.0926 0.0928 0.0906 0.0706 0.08 0.074 0.063 0.0694 0.0568 0.0618 0.0764 0.0762 0.083 0.0748 0.0904 
0 0 0 0 0 0 0 0 0 0 0 0 0 0 0 0 0 0.0022 0.0178 0.0992 0.2692 0.5006 0.736 0.8168 0.7972 0.8068 0.7568 0.6034 0.5072 0.4096 0.35 0.2734 0.2162 0.16 0.1212 0.1096 0.0758 0.0794 0.062 0.054 0.0532 0.0652 0.0946 0.1512 0.2074 0.2554 0.3346 0.3864 0.4248 0.4004 0.4152 0.39 0.3822 0.3534 0.338 0.2956 0.2508 0.2276 0.19 0.1628 0.152 0.1284 0.0948 0.073 0.0692 0.0898 0.0748 0.1096 0.1308 0.1336 0.1668 0.181 0.2098 0.1974 0.2136 0.2206 0.2404 0.2098 0.2064 0.1994 0.195 0.1816 0.1618 0.1496 0.1312 0.1364 0.114 0.0866 0.0946 0.0842 0.078 0.0586 0.0566 0.0644 0.0776 0.077 0.0756 0.0746 0.0872 0.0806 
0 0 0 0 0 0 0 0 0 0 0 0 0 0 0 0 0 0.0024 0.0228 0.1162 0.3152 0.5246 0.6912 0.8128 0.9308 0.8668 0.7162 0.6534 0.5304 0.411 0.3252 0.274 0.2086 0.1678 0.1254 0.0784 0.0626 0.057 0.0454 0.0332 0.037 0.0442 0.0888 0.1162 0.1748 0.2558 0.353 0.4072 0.4158 0.416 0.4218 0.4392 0.4342 0.3924 0.3376 0.3044 0.2674 0.2288 0.201 0.1484 0.125 0.0928 0.0956 0.0758 0.0736 0.0728 0.0778 0.071 0.085 0.1122 0.1548 0.1848 0.1836 0.2292 0.2364 0.2414 0.247 0.2358 0.2664 0.2378 0.2162 0.171 0.1498 0.132 0.1256 0.1176 0.1152 0.0996 0.089 0.0566 0.067 0.06 0.0522 0.0428 0.0306 0.0424 0.0796 0.085 0.0874 0.0986 
0 0 0 0 0 0 0 0 0 0 0 0 0 0 0 0 0 0.005 0.0266 0.1018 0.2654 0.506 0.7344 0.8002 0.8446 0.8544 0.7246 0.6366 0.5338 0.4246 0.3674 0.257 0.2062 0.1574 0.1204 0.094 0.075 0.0652 0.0464 0.0474 0.0434 0.0616 0.095 0.1466 0.1948 0.2696 0.3404 0.3752 0.3674 0.4254 0.4148 0.4192 0.4244 0.3728 0.35 0.309 0.2808 0.2274 0.1776 0.1626 0.1324 0.099 0.09 0.0826 0.068 0.08 0.0884 0.097 0.118 0.136 0.144 0.165 0.1784 0.1976 0.21 0.2462 0.235 0.2056 0.2328 0.2308 0.235 0.1894 0.164 0.1594 0.1328 0.1216 0.1066 0.0764 0.0724 0.0768 0.066 0.0584 0.0768 0.075 0.0624 0.0752 0.0674 0.0722 0.0836 0.0904 
0 0 0 0 0 0 0 0 0 0 0 0 0 0 0 0 0 0.0014 0.02 0.1104 0.2816 0.471 0.6406 0.7452 0.884 0.7882 0.7304 0.6878 0.5482 0.4506 0.3486 0.3148 0.2512 0.1728 0.1408 0.0926 0.0656 0.0496 0.041 0.0406 0.042 0.0586 0.092 0.1536 0.1804 0.248 0.31 0.3404 0.3486 0.3996 0.395 0.42 0.425 0.4164 0.3374 0.2932 0.2912 0.2298 0.2302 0.1828 0.131 0.1152 0.0954 0.0712 0.0826 0.076 0.0984 0.095 0.111 0.113 0.1526 0.1638 0.1802 0.1818 0.2102 0.209 0.2336 0.2266 0.2156 0.214 0.2108 0.2042 0.1678 0.1648 0.1526 0.124 0.1246 0.0932 0.0942 0.0698 0.076 0.0794 0.0646 0.0684 0.068 0.0714 0.081 0.0834 0.0868 0.0746 
0 0 0 0 0 0 0 0 0 0 0 0 0 0 0 0 0 0.0056 0.0252 0.1038 0.2976 0.5602 0.743 0.8616 0.8896 0.8656 0.7072 0.6096 0.4706 0.3862 0.3144 0.2712 0.2088 0.1624 0.1188 0.092 0.0558 0.0454 0.0412 0.0416 0.0382 0.048 0.0934 0.1364 0.218 0.2948 0.363 0.407 0.4424 0.4846 0.4804 0.4298 0.3558 0.3296 0.3146 0.2744 0.2714 0.2308 0.1922 0.1574 0.1152 0.0938 0.0702 0.0584 0.0594 0.0882 0.0984 0.0906 0.1052 0.1068 0.1498 0.186 0.2066 0.2546 0.2276 0.2238 0.2454 0.2756 0.2202 0.2206 0.2058 0.1852 0.1776 0.1638 0.1384 0.1274 0.086 0.071 0.0602 0.0588 0.06 0.049 0.0594 0.0514 0.051 0.0656 0.0774 0.0876 0.0858 0.0864 
0 0 0 0 0 0 0 0 0 0 0 0 0 0 0 0 0 0.001 0.0122 0.0948 0.2718 0.455 0.6326 0.8062 0.8598 0.834 0.7336 0.6602 0.5494 0.4222 0.3464 0.2824 0.2234 0.1576 0.1356 0.114 0.1112 0.0738 0.061 0.044 0.0452 0.0604 0.0692 0.0934 0.1422 0.2244 0.2818 0.3786 0.3926 0.4202 0.4034 0.453 0.406 0.3974 0.3694 0.3168 0.2674 0.232 0.1832 0.1844 0.1526 0.1244 0.1014 0.1018 0.083 0.0928 0.0738 0.0934 0.0864 0.1044 0.1038 0.139 0.1822 0.1816 0.2144 0.2322 0.2176 0.2564 0.2382 0.2374 0.227 0.2054 0.1974 0.179 0.1508 0.1326 0.113 0.095 0.0762 0.0614 0.057 0.0632 0.068 0.0634 0.0696 0.0676 0.0692 0.0484 0.0668 0.0606 
0 0 0 0 0 0 0 0 0 0 0 0 0 0 0 0 0 0.0048 0.0276 0.1214 0.292 0.5176 0.7068 0.7992 0.8826 0.8342 0.7314 0.676 0.5732 0.4304 0.3386 0.257 0.1954 0.149 0.1372 0.104 0.0776 0.0512 0.0262 0.0276 0.0368 0.0508 0.0824 0.1342 0.1806 0.2522 0.3248 0.3778 0.4228 0.4364 0.463 0.473 0.441 0.375 0.326 0.2798 0.2774 0.2096 0.1906 0.1532 0.1224 0.1018 0.0938 0.0888 0.0674 0.0704 0.0768 0.095 0.1096 0.1184 0.148 0.1556 0.1702 0.2054 0.2432 0.2524 0.2332 0.2546 0.2614 0.2298 0.2088 0.1718 0.1538 0.1446 0.1262 0.1196 0.1042 0.0994 0.0942 0.0712 0.0576 0.0586 0.059 0.0626 0.0548 0.052 0.0654 0.0738 0.0688 0.085 
0 0 0 0 0 0 0 0 0 0 0 0 0 0 0 0 0.0002 0.0028 0.022 0.1236 0.2808 0.526 0.7342 0.8412 0.8744 0.841 0.7474 0.6078 0.4966 0.411 0.356 0.2824 0.201 0.1644 0.131 0.0898 0.0754 0.052 0.0344 0.0286 0.0414 0.048 0.0872 0.1522 0.2034 0.2578 0.3056 0.3662 0.399 0.4336 0.4502 0.4234 0.4182 0.3848 0.3444 0.2842 0.2678 0.259 0.2046 0.1566 0.135 0.0902 0.0716 0.071 0.0652 0.0704 0.0806 0.0982 0.1042 0.1446 0.1476 0.1924 0.1836 0.1838 0.2134 0.2354 0.2506 0.248 0.2524 0.2254 0.1804 0.187 0.1662 0.1558 0.1368 0.1054 0.1068 0.09 0.0688 0.066 0.068 0.089 0.085 0.0594 0.0656 0.0738 0.073 0.0794 0.087 0.0864 
0 0 0 0 0 0 0 0 0 0 0 0 0 0 0 0 0 0.0026 0.0238 0.0954 0.2854 0.4976 0.6804 0.8618 0.9096 0.8676 0.7222 0.6402 0.5306 0.4094 0.3412 0.271 0.1988 0.1458 0.1422 0.1008 0.0806 0.0534 0.037 0.0286 0.0324 0.047 0.0846 0.135 0.1894 0.2688 0.3236 0.3766 0.4576 0.4528 0.4556 0.437 0.421 0.366 0.2964 0.3088 0.232 0.2112 0.1948 0.1612 0.1194 0.1024 0.0984 0.0774 0.0722 0.065 0.071 0.0868 0.1134 0.1366 0.1644 0.1684 0.2186 0.232 0.2188 0.236 0.233 0.2364 0.2198 0.2254 0.2048 0.1608 0.1574 0.153 0.143 0.1284 0.1038 0.096 0.0942 0.0784 0.0736 0.0614 0.0594 0.0642 0.0582 0.0598 0.0626 0.0694 0.081 0.0828 
0 0 0 0 0 0 0 0 0 0 0 0 0 0 0 0 0 0.002 0.0114 0.0912 0.2844 0.5256 0.6754 0.7754 0.7926 0.7798 0.7616 0.6282 0.5024 0.4724 0.3918 0.3252 0.231 0.1574 0.136 0.1114 0.0792 0.0634 0.0376 0.0334 0.0436 0.059 0.0822 0.1246 0.1538 0.2438 0.2744 0.3468 0.383 0.396 0.3868 0.4136 0.3972 0.4112 0.372 0.3794 0.349 0.2536 0.214 0.1764 0.146 0.112 0.087 0.0706 0.0592 0.0492 0.0626 0.0818 0.096 0.12 0.1326 0.1424 0.1952 0.208 0.2114 0.198 0.202 0.2066 0.2444 0.244 0.2372 0.2112 0.2198 0.196 0.1578 0.1158 0.1262 0.1026 0.0672 0.065 0.0628 0.0526 0.0592 0.0604 0.058 0.0578 0.072 0.0668 0.0668 0.0808 
0 0 0 0 0 0 0 0 0 0 0 0 0 0 0 0 0 0.001 0.0174 0.0902 0.2542 0.549 0.7696 0.86 0.9266 0.8806 0.7514 0.617 0.505 0.3948 0.3 0.2076 0.1846 0.135 0.1016 0.097 0.063 0.0644 0.0656 0.0366 0.0408 0.0716 0.0894 0.1478 0.204 0.2868 0.3378 0.3804 0.4104 0.5042 0.4926 0.4528 0.4252 0.3656 0.3156 0.2652 0.2324 0.1944 0.1534 0.1232 0.1008 0.0974 0.0988 0.0816 0.0804 0.064 0.08 0.0942 0.1124 0.165 0.1798 0.2014 0.2098 0.2148 0.2348 0.252 0.2454 0.2596 0.257 0.2268 0.1744 0.152 0.1408 0.125 0.101 0.0828 0.0868 0.076 0.0812 0.0782 0.069 0.0746 0.0774 0.072 0.0772 0.0734 0.0734 0.0878 0.0728 0.0884 
0 0 0 0 0 0 0 0 0 0 0 0 0 0 0 0 0 0.0026 0.0164 0.1098 0.278 0.547 0.7264 0.8584 0.8826 0.8882 0.7766 0.6196 0.5382 0.4122 0.3188 0.2536 0.1832 0.15 0.112 0.0926 0.064 0.0428 0.046 0.032 0.0328 0.0486 0.069 0.1398 0.2102 0.2854 0.3416 0.3754 0.4268 0.4668 0.4248 0.4308 0.3998 0.3724 0.346 0.2836 0.2634 0.2314 0.1954 0.1468 0.1326 0.12 0.0838 0.0642 0.0546 0.0606 0.0676 0.095 0.1194 0.1506 0.1866 0.1858 0.2024 0.2202 0.2016 0.2158 0.218 0.2294 0.2226 0.219 0.2066 0.1902 0.1636 0.1652 0.129 0.1208 0.1154 0.0908 0.0806 0.0772 0.0508 0.0546 0.062 0.0664 0.0758 0.0738 0.0738 0.0804 0.09 0.0922 
0 0 0 0 0 0 0 0 0 0 0 0 0 0 0 0 0 0.0034 0.0284 0.1086 0.2918 0.587 0.6834 0.8804 0.9074 0.8832 0.79 0.6406 0.4836 0.3854 0.3048 0.2294 0.1844 0.134 0.0832 0.0948 0.0714 0.0586 0.0514 0.0342 0.0332 0.0602 0.086 0.1464 0.209 0.2658 0.3484 0.4154 0.432 0.4512 0.421 0.456 0.4172 0.3606 0.3516 0.3084 0.2588 0.2198 0.162 0.1364 0.1054 0.0852 0.0798 0.063 0.0582 0.0552 0.0888 0.0978 0.0996 0.1382 0.1614 0.1976 0.2114 0.2324 0.2352 0.2538 0.2738 0.2442 0.2302 0.2202 0.1906 0.181 0.1498 0.155 0.1224 0.104 0.1 0.0808 0.057 0.0644 0.0528 0.0556 0.0466 0.0534 0.0752 0.085 0.088 0.0936 0.0912 0.1046 
0 0 0 0 0 0 0 0 0 0 0 0 0 0 0 0 0 0.0026 0.0248 0.1328 0.324 0.5278 0.7566 0.8486 0.862 0.8544 0.7348 0.5928 0.484 0.4122 0.3392 0.2642 0.2 0.1694 0.1142 0.0848 0.0598 0.0562 0.0538 0.0434 0.0348 0.0538 0.0826 0.164 0.2286 0.3062 0.3588 0.4078 0.4062 0.4302 0.4298 0.4176 0.3568 0.3532 0.318 0.316 0.2424 0.2276 0.1924 0.1436 0.1356 0.1016 0.0732 0.063 0.0654 0.071 0.0768 0.1034 0.1268 0.1548 0.169 0.211 0.216 0.233 0.258 0.2514 0.2224 0.2022 0.1688 0.2046 0.2002 0.1752 0.1534 0.1424 0.1356 0.1162 0.0942 0.0766 0.0784 0.0768 0.0654 0.0558 0.0612 0.054 0.062 0.0754 0.0946 0.1074 0.101 0.1206 
0 0 0 0 0 0 0 0 0 0 0 0 0 0 0 0 0 0.0014 0.0216 0.0838 0.2628 0.4798 0.6782 0.7974 0.863 0.8034 0.699 0.6314 0.5204 0.4356 0.3568 0.2688 0.2064 0.1736 0.146 0.1264 0.0942 0.0646 0.0518 0.0394 0.0504 0.0456 0.082 0.1116 0.1566 0.244 0.2974 0.3716 0.4298 0.457 0.4146 0.4214 0.446 0.4054 0.3342 0.3098 0.2402 0.2076 0.1842 0.1744 0.1492 0.1292 0.0936 0.08 0.0696 0.0642 0.0758 0.077 0.0916 0.1142 0.1164 0.158 0.2162 0.2226 0.2074 0.2468 0.23 0.2234 0.21 0.2202 0.2358 0.21 0.1846 0.1692 0.1502 0.1332 0.1306 0.0842 0.0792 0.075 0.0572 0.0608 0.0534 0.0702 0.0738 0.0682 0.0638 0.0746 0.0922 0.093 
0 0 0 0 0 0 0 0 0 0 0 0 0 0 0 0 0.0002 0.0032 0.0268 0.0968 0.267 0.5072 0.703 0.7868 0.8658 0.8356 0.7512 0.6252 0.5134 0.4176 0.3008 0.2462 0.2132 0.159 0.1396 0.1232 0.103 0.0718 0.0522 0.0448 0.0496 0.0706 0.0944 0.1322 0.1924 0.2536 0.3092 0.364 0.4074 0.4158 0.4396 0.438 0.4076 0.3502 0.3216 0.2784 0.2408 0.2268 0.1886 0.167 0.135 0.1218 0.1034 0.0958 0.0922 0.086 0.0888 0.097 0.1074 0.1232 0.1548 0.1796 0.176 0.2082 0.2292 0.2302 0.2068 0.2252 0.228 0.2112 0.1948 0.1752 0.1608 0.1538 0.1522 0.1416 0.1262 0.1046 0.0822 0.0786 0.078 0.0646 0.0662 0.0638 0.0732 0.0668 0.0724 0.0802 0.0942 0.1 
0 0 0 0 0 0 0 0 0 0 0 0 0 0 0 0 0.0006 0.0012 0.0246 0.1068 0.3144 0.521 0.6818 0.8182 0.8684 0.8368 0.7212 0.6174 0.513 0.4222 0.3562 0.2798 0.2186 0.1624 0.11 0.0866 0.0776 0.063 0.048 0.0488 0.0478 0.0632 0.0794 0.128 0.201 0.27 0.3362 0.3754 0.4608 0.4346 0.4506 0.4056 0.4004 0.3474 0.3238 0.2974 0.2494 0.2024 0.2048 0.158 0.1472 0.1232 0.099 0.0738 0.0604 0.0702 0.0848 0.0972 0.1072 0.1382 0.139 0.173 0.2024 0.1966 0.2234 0.2236 0.2404 0.2434 0.2108 0.2114 0.2076 0.1998 0.1928 0.177 0.1474 0.1334 0.097 0.086 0.07 0.0754 0.0592 0.0652 0.0658 0.0532 0.0626 0.0614 0.0616 0.0624 0.071 0.0904 
0 0 0 0 0 0 0 0 0 0 0 0 0 0 0 0 0 0.002 0.0236 0.1274 0.3028 0.5014 0.7282 0.861 0.8876 0.831 0.7566 0.648 0.512 0.4244 0.3074 0.2438 0.1836 0.1782 0.1014 0.0858 0.0534 0.0508 0.0388 0.0368 0.047 0.0698 0.0924 0.152 0.2172 0.2834 0.3632 0.4206 0.4214 0.4288 0.4682 0.4362 0.3898 0.3568 0.3192 0.2762 0.239 0.1918 0.16 0.1388 0.1364 0.0982 0.0924 0.0856 0.068 0.069 0.0954 0.1062 0.1282 0.1466 0.1632 0.1618 0.186 0.2078 0.2388 0.271 0.2832 0.2312 0.2104 0.1922 0.1738 0.1696 0.1544 0.144 0.1316 0.1186 0.1028 0.0828 0.0834 0.089 0.0822 0.0596 0.0682 0.0686 0.0648 0.062 0.0554 0.0622 0.0772 0.0844 
0 0 0 0 0 0 0 0 0 0 0 0 0 0 0 0 0 0.0026 0.0246 0.1028 0.3006 0.5418 0.7734 0.8548 0.8394 0.8414 0.7358 0.6292 0.5164 0.409 0.3342 0.2514 0.1922 0.1396 0.1122 0.1054 0.0724 0.047 0.042 0.0274 0.045 0.0644 0.0916 0.1456 0.2054 0.2564 0.3154 0.3836 0.4178 0.4672 0.491 0.467 0.4536 0.3752 0.3496 0.2824 0.2354 0.2042 0.1708 0.1362 0.1328 0.086 0.0794 0.0592 0.065 0.0554 0.0726 0.081 0.0972 0.1088 0.1438 0.1784 0.2156 0.2566 0.2652 0.261 0.2638 0.2674 0.2522 0.2184 0.1912 0.1686 0.1392 0.1458 0.1292 0.1098 0.0994 0.0834 0.0506 0.0604 0.0628 0.0476 0.0462 0.0506 0.0642 0.067 0.0812 0.0828 0.0772 0.1018 
0 0 0 0 0 0 0 0 0 0 0 0 0 0 0 0 0 0.0036 0.0268 0.1194 0.2856 0.5302 0.7478 0.8412 0.8728 0.8082 0.7356 0.5914 0.5092 0.3932 0.3422 0.2442 0.1876 0.1388 0.1182 0.1116 0.0832 0.0652 0.057 0.0562 0.0494 0.0706 0.102 0.1472 0.2026 0.3234 0.3424 0.3766 0.4324 0.4492 0.4512 0.4448 0.3878 0.3618 0.2984 0.281 0.232 0.1914 0.1654 0.15 0.117 0.0914 0.0758 0.0676 0.0936 0.0866 0.0966 0.0904 0.1194 0.1466 0.1906 0.2116 0.2212 0.234 0.239 0.2514 0.24 0.2368 0.186 0.173 0.1682 0.1542 0.146 0.1498 0.1296 0.1216 0.09 0.0862 0.0684 0.0628 0.0748 0.0606 0.0642 0.0824 0.0784 0.0844 0.0912 0.0948 0.0948 0.1006 
0 0 0 0 0 0 0 0 0 0 0 0 0 0 0 0 0 0.0014 0.0238 0.0966 0.2676 0.4652 0.664 0.8174 0.8806 0.8284 0.7656 0.6254 0.5286 0.423 0.3336 0.2816 0.2348 0.171 0.151 0.1012 0.0866 0.0624 0.045 0.0544 0.0394 0.0408 0.0688 0.1234 0.182 0.2338 0.2882 0.3456 0.4098 0.4844 0.4704 0.4144 0.4038 0.3976 0.3308 0.2886 0.2488 0.2202 0.1922 0.1606 0.138 0.1194 0.096 0.0784 0.0628 0.0626 0.078 0.0982 0.1076 0.1154 0.133 0.165 0.1884 0.2206 0.2678 0.2696 0.2748 0.2434 0.223 0.193 0.1802 0.1692 0.1586 0.1476 0.1298 0.1136 0.0972 0.111 0.081 0.0712 0.0852 0.061 0.0534 0.0494 0.0652 0.075 0.0672 0.0786 0.0932 0.1134 
0 0 0 0 0 0 0 0 0 0 0 0 0 0 0 0 0 0.003 0.03 0.101 0.2718 0.4676 0.7388 0.8128 0.8658 0.8266 0.7102 0.594 0.5038 0.4096 0.3362 0.2934 0.2276 0.173 0.148 0.0994 0.0836 0.063 0.052 0.053 0.0558 0.057 0.0912 0.156 0.193 0.2602 0.31 0.363 0.3846 0.4004 0.413 0.412 0.424 0.3726 0.3184 0.305 0.2826 0.2092 0.1904 0.1696 0.1304 0.1358 0.1112 0.0856 0.0812 0.077 0.0856 0.0902 0.0958 0.1398 0.1432 0.1886 0.1846 0.2108 0.22 0.2102 0.217 0.2196 0.212 0.206 0.2378 0.2146 0.1862 0.1594 0.1394 0.1212 0.0938 0.0906 0.0814 0.0652 0.062 0.0734 0.0688 0.075 0.075 0.0828 0.0736 0.0648 0.064 0.0858 
0 0 0 0 0 0 0 0 0 0 0 0 0 0 0 0 0 0.0014 0.0192 0.0994 0.264 0.516 0.735 0.851 0.942 0.8862 0.7392 0.627 0.4906 0.3728 0.3206 0.2662 0.2032 0.1618 0.1048 0.0926 0.063 0.0494 0.0438 0.0442 0.0508 0.0516 0.075 0.1296 0.1876 0.2566 0.3556 0.4082 0.4158 0.4162 0.4392 0.4606 0.4502 0.43 0.3528 0.2786 0.2682 0.238 0.1704 0.1334 0.1036 0.0852 0.0672 0.0636 0.0646 0.06 0.0746 0.0826 0.088 0.1412 0.155 0.1754 0.194 0.2244 0.237 0.2486 0.2442 0.2544 0.2562 0.2312 0.2338 0.2114 0.1688 0.1482 0.1142 0.1084 0.0876 0.0708 0.066 0.0668 0.0458 0.0396 0.0398 0.0526 0.0744 0.0782 0.0864 0.087 0.0996 0.0896 
0 0 0 0 0 0 0 0 0 0 0 0 0 0 0 0 0 0.0018 0.0142 0.1042 0.2732 0.4736 0.7146 0.8074 0.8218 0.7706 0.7442 0.6302 0.5214 0.3932 0.3378 0.2652 0.2226 0.1734 0.1452 0.0974 0.0752 0.073 0.0784 0.0608 0.0614 0.0662 0.1008 0.142 0.1948 0.2362 0.3042 0.3474 0.3838 0.4354 0.4254 0.4392 0.4038 0.3474 0.3468 0.2936 0.2382 0.2316 0.1978 0.1676 0.1302 0.1222 0.1064 0.0906 0.0824 0.073 0.0914 0.1166 0.1046 0.1212 0.1392 0.1606 0.2068 0.2238 0.2088 0.203 0.2426 0.227 0.2232 0.209 0.201 0.1724 0.1834 0.162 0.1298 0.123 0.107 0.0906 0.103 0.0872 0.0806 0.0794 0.068 0.0602 0.0742 0.0586 0.066 0.071 0.0742 0.0854 
0 0 0 0 0 0 0 0 0 0 0 0 0 0 0 0 0 0.0018 0.0264 0.1092 0.2776 0.4542 0.7324 0.829 0.8342 0.8508 0.7872 0.6574 0.5048 0.4192 0.316 0.2794 0.2156 0.1526 0.1324 0.1114 0.084 0.0534 0.0478 0.0358 0.0418 0.0468 0.0796 0.1286 0.1764 0.2448 0.3062 0.3916 0.4456 0.4558 0.4646 0.4392 0.3836 0.3908 0.3546 0.2824 0.2574 0.214 0.184 0.1622 0.1472 0.1138 0.0786 0.0874 0.0712 0.0604 0.0636 0.0826 0.0872 0.127 0.1518 0.1738 0.1952 0.213 0.2322 0.2536 0.2518 0.2294 0.2102 0.2362 0.2096 0.1994 0.1728 0.1522 0.1286 0.1204 0.106 0.0958 0.0722 0.0818 0.0762 0.0658 0.057 0.0546 0.0484 0.0582 0.0696 0.0788 0.0862 0.0846 
0 0 0 0 0 0 0 0 0 0 0 0 0 0 0 0 0 0.0022 0.0162 0.0876 0.2588 0.4906 0.704 0.7806 0.8584 0.8108 0.7044 0.5868 0.5058 0.463 0.3482 0.2922 0.2354 0.1652 0.1336 0.1148 0.095 0.0664 0.058 0.0442 0.0432 0.0564 0.0776 0.1352 0.1862 0.2698 0.317 0.3558 0.413 0.4114 0.4114 0.4072 0.4026 0.3654 0.3342 0.2986 0.2336 0.2232 0.212 0.1702 0.1224 0.106 0.0982 0.0972 0.0852 0.0788 0.0898 0.1084 0.1338 0.1422 0.1618 0.1756 0.1858 0.211 0.2028 0.2238 0.2164 0.2306 0.2324 0.2072 0.1796 0.1608 0.1586 0.1398 0.1458 0.1274 0.105 0.1076 0.0936 0.0954 0.0808 0.069 0.073 0.07 0.096 0.0888 0.0926 0.0862 0.0716 0.0878 
0 0 0 0 0 0 0 0 0 0 0 0 0 0 0 0 0.0006 0.0026 0.0218 0.1192 0.2844 0.4974 0.7298 0.8466 0.8912 0.7764 0.694 0.5912 0.5016 0.4046 0.302 0.2726 0.2304 0.1844 0.1402 0.1016 0.0824 0.0686 0.0474 0.0394 0.0588 0.0708 0.106 0.1548 0.19 0.2486 0.3438 0.384 0.4404 0.4474 0.4386 0.4088 0.3542 0.3152 0.3086 0.2812 0.2322 0.2064 0.198 0.1742 0.13 0.1088 0.106 0.0958 0.0706 0.0714 0.0752 0.099 0.1234 0.1616 0.1978 0.1986 0.2168 0.2208 0.2218 0.2332 0.2228 0.2076 0.2198 0.2098 0.1838 0.1614 0.1574 0.1468 0.1322 0.1054 0.0928 0.1052 0.0732 0.0738 0.07 0.0612 0.0732 0.0654 0.0746 0.0756 0.0834 0.09 0.0878 0.095 
0 0 0 0 0 0 0 0 0 0 0 0 0 0 0 0 0 0.0032 0.0248 0.1028 0.2872 0.5026 0.752 0.8638 0.8598 0.7728 0.707 0.582 0.5236 0.4126 0.317 0.2646 0.2064 0.1844 0.1424 0.1048 0.0912 0.077 0.0584 0.0426 0.0536 0.0666 0.0876 0.1368 0.217 0.2666 0.347 0.368 0.4014 0.424 0.4156 0.4478 0.4022 0.3582 0.331 0.3064 0.2568 0.2256 0.1758 0.1464 0.14 0.1214 0.1014 0.0726 0.0618 0.068 0.0772 0.1046 0.1056 0.1234 0.1382 0.1696 0.2028 0.2174 0.269 0.2328 0.2374 0.2244 0.2164 0.2022 0.1982 0.2038 0.1638 0.1596 0.1408 0.1206 0.121 0.0912 0.0734 0.0664 0.0528 0.0614 0.0644 0.0676 0.0654 0.063 0.0668 0.065 0.0832 0.0998 
0 0 0 0 0 0 0 0 0 0 0 0 0 0 0 0 0.0002 0.0008 0.0236 0.1134 0.3154 0.5246 0.6896 0.7928 0.802 0.7924 0.7296 0.6148 0.5452 0.4712 0.3458 0.2918 0.2314 0.1812 0.1244 0.1104 0.0798 0.0526 0.0326 0.0352 0.0388 0.0606 0.098 0.1808 0.2376 0.2692 0.2994 0.352 0.356 0.4138 0.408 0.369 0.3552 0.3732 0.3636 0.3212 0.2498 0.2348 0.213 0.1706 0.1324 0.1262 0.1028 0.0906 0.0898 0.0948 0.1114 0.1254 0.1132 0.1214 0.1634 0.172 0.1912 0.1828 0.2056 0.2002 0.1892 0.2006 0.2148 0.2126 0.1976 0.179 0.1642 0.1634 0.1498 0.1266 0.1144 0.1158 0.1 0.1056 0.0902 0.066 0.0708 0.084 0.0724 0.0722 0.0682 0.0616 0.057 0.0772 
0 0 0 0 0 0 0 0 0 0 0 0 0 0 0 0 0 0.0026 0.0236 0.0946 0.256 0.4648 0.704 0.8072 0.8286 0.8036 0.7392 0.616 0.5174 0.4384 0.3286 0.2822 0.253 0.2116 0.135 0.1046 0.0792 0.0678 0.0624 0.0416 0.0492 0.0584 0.091 0.12 0.1888 0.2542 0.341 0.36 0.3914 0.3958 0.3994 0.4016 0.3694 0.3738 0.3476 0.3234 0.263 0.2344 0.2072 0.1804 0.151 0.1066 0.1078 0.1032 0.0928 0.0908 0.081 0.0958 0.1006 0.1088 0.1432 0.1464 0.1792 0.1806 0.2064 0.2498 0.2436 0.2624 0.212 0.2046 0.1946 0.1768 0.177 0.1484 0.1348 0.1492 0.1406 0.1138 0.0894 0.0678 0.0796 0.0692 0.0612 0.057 0.0562 0.068 0.0706 0.0622 0.0698 0.0808 
0 0 0 0 0 0 0 0 0 0 0 0 0 0 0 0 0 0.0006 0.0152 0.0972 0.2592 0.491 0.6832 0.7826 0.8258 0.7812 0.7312 0.649 0.5734 0.4424 0.3672 0.3004 0.2438 0.1762 0.1356 0.0944 0.0728 0.0518 0.0452 0.0434 0.047 0.0598 0.0924 0.1232 0.1684 0.237 0.2716 0.3052 0.3792 0.39 0.4082 0.3998 0.4082 0.4068 0.3726 0.324 0.2836 0.2402 0.2088 0.1834 0.152 0.126 0.1148 0.106 0.0764 0.0784 0.0724 0.1042 0.1088 0.1044 0.1482 0.1684 0.1564 0.195 0.207 0.2154 0.22 0.1984 0.2248 0.2066 0.2244 0.1992 0.1948 0.1482 0.151 0.1588 0.1206 0.101 0.0914 0.077 0.0684 0.0714 0.066 0.0556 0.0616 0.068 0.0746 0.0828 0.075 0.0898 
0 0 0 0 0 0 0 0 0 0 0 0 0 0 0 0 0 0.002 0.0224 0.1074 0.3058 0.5264 0.7658 0.933 0.9372 0.8456 0.7684 0.6076 0.496 0.3736 0.2994 0.2188 0.1928 0.15 0.109 0.076 0.0522 0.0444 0.0244 0.0184 0.0286 0.0538 0.1022 0.1444 0.2022 0.2862 0.3696 0.4418 0.454 0.4862 0.4816 0.4516 0.438 0.383 0.3468 0.2806 0.2228 0.1598 0.1394 0.1296 0.0942 0.0962 0.0728 0.0624 0.0648 0.0514 0.0748 0.0854 0.1034 0.1556 0.1794 0.2018 0.2224 0.2238 0.249 0.2926 0.26 0.2438 0.2282 0.2386 0.2186 0.1702 0.1506 0.1202 0.1154 0.109 0.078 0.058 0.054 0.0576 0.0598 0.0562 0.0606 0.0452 0.0504 0.0784 0.0858 0.0834 0.0908 0.0878 
0 0 0 0 0 0 0 0 0 0 0 0 0 0 0 0 0.0004 0.0024 0.0244 0.1304 0.3226 0.5724 0.7632 0.8556 0.834 0.7634 0.6916 0.5634 0.496 0.4034 0.3354 0.2926 0.2108 0.1582 0.1348 0.0972 0.0764 0.0662 0.0462 0.048 0.0578 0.0748 0.1218 0.18 0.2462 0.281 0.323 0.3676 0.4256 0.4088 0.3974 0.4098 0.3972 0.3564 0.2828 0.2402 0.239 0.237 0.1872 0.1668 0.1272 0.1162 0.1076 0.0944 0.0854 0.1064 0.0948 0.0986 0.1182 0.1466 0.163 0.199 0.221 0.2336 0.2154 0.22 0.2036 0.1932 0.21 0.1988 0.188 0.1884 0.1586 0.1342 0.1246 0.1092 0.1048 0.0976 0.0922 0.0854 0.0826 0.0614 0.057 0.0566 0.0648 0.0836 0.0852 0.0924 0.0812 0.0846 
0 0 0 0 0 0 0 0 0 0 0 0 0 0 0 0 0 0.0044 0.033 0.1276 0.2934 0.5464 0.7716 0.8766 0.8284 0.7672 0.7308 0.6278 0.5398 0.4404 0.3472 0.2732 0.215 0.1364 0.0912 0.063 0.0476 0.046 0.0414 0.033 0.0506 0.07 0.0952 0.1474 0.214 0.28 0.347 0.3632 0.432 0.44 0.4486 0.4502 0.4448 0.359 0.3344 0.32 0.2652 0.2064 0.165 0.1294 0.1124 0.0808 0.071 0.0572 0.0584 0.069 0.0876 0.1006 0.1222 0.1344 0.1678 0.1968 0.2118 0.2254 0.2494 0.2354 0.22 0.245 0.2246 0.2234 0.2192 0.1842 0.1606 0.1412 0.133 0.108 0.0852 0.0794 0.0624 0.0496 0.0552 0.048 0.053 0.0684 0.0708 0.0804 0.0842 0.097 0.0814 0.091 
0 0 0 0 0 0 0 0 0 0 0 0 0 0 0 0 0 0.0024 0.0272 0.1264 0.2804 0.514 0.7038 0.7936 0.7906 0.8064 0.726 0.6242 0.53 0.4486 0.3548 0.2668 0.1888 0.1546 0.116 0.1086 0.0816 0.0666 0.0688 0.0514 0.0602 0.0726 0.1222 0.1706 0.2028 0.2658 0.3278 0.3482 0.3834 0.3924 0.3824 0.4318 0.374 0.3704 0.348 0.2928 0.274 0.2364 0.2046 0.1602 0.1254 0.1046 0.101 0.0798 0.0832 0.0874 0.1114 0.1164 0.1258 0.1502 0.156 0.1544 0.1862 0.1888 0.2208 0.2284 0.2264 0.2102 0.2144 0.2 0.2018 0.1766 0.1676 0.1356 0.139 0.1198 0.106 0.1016 0.1064 0.0726 0.0688 0.072 0.064 0.0736 0.0768 0.071 0.0746 0.0822 0.0952 0.0938 
0 0 0 0 0 0 0 0 0 0 0 0 0 0 0 0 0 0.0012 0.0182 0.0996 0.2812 0.5194 0.731 0.8346 0.8796 0.8732 0.7216 0.6544 0.4952 0.3834 0.323 0.2572 0.2008 0.1688 0.1298 0.091 0.0848 0.072 0.063 0.038 0.0332 0.051 0.0816 0.137 0.2122 0.2646 0.3148 0.3636 0.417 0.4772 0.457 0.4188 0.3842 0.3728 0.3426 0.2888 0.248 0.2174 0.1848 0.1458 0.1268 0.1014 0.1022 0.072 0.0668 0.0936 0.0928 0.0936 0.1236 0.1278 0.1578 0.1726 0.196 0.2158 0.192 0.2174 0.2154 0.2458 0.2508 0.2096 0.2102 0.1998 0.162 0.148 0.1372 0.1136 0.118 0.1074 0.0854 0.0798 0.0662 0.0568 0.0606 0.059 0.0614 0.0606 0.0708 0.0696 0.0768 0.0828 
0 0 0 0 0 0 0 0 0 0 0 0 0 0 0 0 0 0.0008 0.0222 0.0982 0.2228 0.4484 0.6492 0.777 0.8552 0.8208 0.741 0.647 0.5204 0.4288 0.3892 0.2714 0.2302 0.1906 0.1554 0.105 0.0838 0.0732 0.0606 0.0562 0.05 0.0542 0.0772 0.1108 0.1542 0.1824 0.2728 0.3136 0.3556 0.4088 0.4614 0.4228 0.4224 0.3904 0.3662 0.309 0.2888 0.274 0.2194 0.188 0.1488 0.1216 0.108 0.1048 0.0754 0.0772 0.0742 0.091 0.0892 0.1058 0.121 0.1268 0.1502 0.1744 0.1836 0.2408 0.233 0.2312 0.2242 0.2244 0.2318 0.208 0.1978 0.1868 0.1722 0.1344 0.1206 0.1134 0.0962 0.0888 0.0866 0.0728 0.0592 0.0608 0.0478 0.068 0.0696 0.0608 0.063 0.0746 
0 0 0 0 0 0 0 0 0 0 0 0 0 0 0 0 0 0.0022 0.0282 0.1078 0.2366 0.4516 0.6712 0.7708 0.8578 0.8094 0.7342 0.6554 0.5474 0.464 0.3728 0.2726 0.2182 0.1666 0.129 0.099 0.0912 0.0736 0.0566 0.0352 0.0302 0.041 0.0852 0.1434 0.1876 0.2396 0.3086 0.3174 0.4006 0.42 0.4198 0.4182 0.4204 0.403 0.3414 0.3386 0.3002 0.2112 0.178 0.1702 0.142 0.1118 0.1 0.0774 0.0802 0.0692 0.0644 0.0776 0.1128 0.1386 0.1322 0.1498 0.1848 0.188 0.2266 0.228 0.2486 0.25 0.238 0.2488 0.2148 0.1714 0.1532 0.1416 0.1426 0.1302 0.1296 0.1138 0.0794 0.0632 0.0662 0.0666 0.055 0.0596 0.051 0.0666 0.08 0.0954 0.0952 0.0902 
0 0 0 0 0 0 0 0 0 0 0 0 0 0 0 0 0 0.0032 0.0228 0.1062 0.2568 0.498 0.6944 0.819 0.9112 0.837 0.7518 0.653 0.506 0.4138 0.3722 0.2666 0.209 0.168 0.1324 0.0966 0.0806 0.0586 0.0372 0.0476 0.0418 0.0594 0.0876 0.1264 0.1732 0.2242 0.3064 0.3978 0.4298 0.44 0.4116 0.4224 0.4122 0.3634 0.352 0.3026 0.2544 0.2296 0.2034 0.1678 0.1514 0.1312 0.0946 0.0846 0.066 0.0694 0.074 0.0736 0.0822 0.1066 0.1352 0.1766 0.1988 0.2058 0.233 0.2448 0.2296 0.256 0.2522 0.2144 0.2044 0.198 0.158 0.1624 0.1522 0.1352 0.1196 0.0888 0.0652 0.0612 0.0592 0.0482 0.0544 0.0704 0.0564 0.0586 0.0722 0.091 0.0768 0.0804 
