Grr
295.178
297.12
299.059
300.995
302.927
304.857
306.783
308.707
310.627
312.544
314.459
316.37
318.278
320.182
322.084
323.983
325.878
327.77
329.66
331.546
333.428
335.308
337.184
339.058
340.928
342.795
344.658
346.519
348.376
350.23
352.081
353.929
355.774
357.615
359.454
361.289
363.12
364.949
366.774
368.596
370.415
372.231
374.043
375.852
377.658
379.461
381.26
383.056
384.849
386.639
388.425
390.208
391.988
393.764
395.538
397.307
399.074
400.837
402.597
404.354
406.107
407.857
409.604
411.347
413.088
414.824
416.558
418.288
420.015
421.738
423.458
425.175
426.888
428.598
430.305
432.008
433.708
435.404
437.097
438.787
440.473
442.156
443.836
445.512
447.185
448.854
450.52
452.183
453.843
455.499
457.151
458.8
460.446
462.089
463.728
465.363
466.996
468.624
470.25
471.872
473.49
475.106
476.717
478.325
479.93
481.532
483.13
484.724
486.315
487.903
489.487
491.068
492.645
494.219
495.789
497.356
498.92
500.48
502.036
503.589
505.139
506.685
508.227
509.766
511.302
512.834
514.362
515.887
517.409
518.927
520.442
521.953
523.461
524.965
526.466
527.964
529.458
530.948
532.435
533.918
535.398
536.874
538.347
539.816
541.282
542.744
544.203
545.658
547.11
548.558
550.003
551.444
552.881
554.315
555.745
557.172
558.596
560.016
561.432
562.845
564.254
565.659
567.061
568.46
569.855
571.246
572.634
574.018
575.399
576.776
578.149
579.519
580.886
582.248
583.608
584.963
586.315
587.664
589.009
590.35
591.688
593.023
594.353
595.68
597.004
598.324
599.64
600.953
602.261
603.567
604.869
606.167
607.462
608.753
610.04
611.324
612.605
613.881
615.154
616.424
617.69
618.952
620.211
621.466
622.717
623.965
625.209
626.45
627.687
628.92
630.15
631.377
632.599
633.818
635.033
636.245
637.453
638.658
639.859
641.056
642.25
643.44
644.626
645.809
646.988
648.163
649.335
650.503
651.668
652.829
653.986
655.14
656.29
657.437
658.58
659.719
660.854
661.986
663.115
664.239
665.36
666.478
667.592
668.702
669.809
670.912
672.011
673.106
674.198
675.286
676.371
677.452
678.529
679.603
680.673
681.739
682.802
683.861
684.916
685.968
687.016
688.061
689.101
690.139
691.172
692.202
693.228
694.251
695.27
696.285
697.297
698.305
699.309
700.31
701.307
702.3
703.29
704.276
705.258
706.237
707.212
708.184
709.151
710.116
711.076
712.033
712.987
713.936
714.882
715.825
716.763
717.698
718.63
719.557
720.481
721.402
722.318
723.231
724.141
725.046
725.949
726.847
727.742
728.633
729.521
730.405
731.285
732.162
733.035
733.904
734.77
735.632
736.49
737.345
738.196
739.044
739.888
740.728
741.565
742.398
743.227
744.053
744.875
745.694
746.509
747.32
748.128
748.932
749.732
750.529
751.322
752.112
752.898
753.68
754.459
755.234
756.006
756.774
757.538
758.298
759.055
759.809
760.559
761.305
762.047
762.786
763.522
764.254
764.982
765.707
766.428
767.145
767.859
768.569
769.276
769.979
770.679
771.375
772.067
772.756
773.441
774.123
774.801
775.476
776.147
776.814
777.478
778.138
778.795
779.448
780.098
780.744
781.386
782.025
782.66
783.292
783.92
784.545
785.166
785.783
786.398
787.008
787.615
788.219
788.819
789.415
790.008
790.598
791.183
791.766
792.345
792.92
793.492
794.06
794.625
795.186
795.743
796.297
796.848
797.395
797.938
798.478
799.015
799.548
800.077
800.604
801.126
801.645
802.161
802.673
803.181
803.686
804.188
804.686
805.18
805.671
806.159
806.643
807.123
807.6
808.074
808.544
809.01
809.473
809.933
810.389
810.842
811.291
811.737
812.179
812.618
813.054
813.486
813.914
814.339
814.761
815.179
815.594
816.005
816.413
816.818
817.219
817.616
818.011
818.401
818.789
819.173
819.553
819.93
820.304
820.674
821.041
821.405
821.765
822.121
822.474
822.824
823.17
823.513
823.853
824.189
824.521
824.851
825.177
825.499
825.818
826.134
826.447
826.756
827.061
827.364
827.663
827.958
828.25
828.539
828.825
829.107
829.386
829.661
829.933
830.202
830.468
830.73
830.989
831.244
831.496
831.745
831.991
832.233
832.472
832.708
832.94
833.169
833.395
833.617
833.837
834.052
834.265
834.474
834.68
834.883
835.083
835.279
835.472
835.661
835.848
836.031
836.211
836.388
836.561
836.731
836.898
837.061
837.222
837.379
837.532
837.683
837.83
837.975
838.115
838.253
838.387
838.519
838.646
838.771
838.893
839.011
839.126
839.238
839.347
839.452
839.555
839.654
839.75
839.843
839.933
840.02
840.103
840.183
840.261
840.335
840.406
840.473
840.538
840.599
840.658
840.713
840.765
840.814
840.86
840.903
840.943
840.98
841.013
841.044
841.071
841.095
841.116
841.134
841.149
841.161
841.17
841.175
841.178
841.178
841.174
841.168
841.158
841.145
841.13
841.111
841.089
841.065
841.037
841.006
840.972
840.935
840.895
840.852
840.807
840.758
840.706
840.651
840.593
840.533
840.469
840.402
840.332
840.259
840.184
840.105
840.023
839.938
839.851
839.76
839.666
839.569
839.47
839.367
839.262
839.154
839.042
838.928
838.811
838.691
838.568
838.442
838.313
838.182
838.047
837.909
837.769
837.625
837.479
837.33
837.178
837.023
836.865
836.705
836.541
836.375
836.206
836.034
835.859
835.682
835.501
835.318
835.132
834.943
834.751
834.557
834.36
834.159
833.957
833.751
833.542
833.331
833.116
832.899
832.68
832.457
832.232
832.004
831.773
831.539
831.302
831.063
830.821
830.577
830.329
830.079
829.826
829.571
829.313
829.052
828.788
828.522
828.253
827.981
827.707
827.43
827.15
826.867
826.582
826.294
826.004
825.71
825.414
825.116
824.815
824.511
824.204
823.895
823.583
823.269
822.952
822.632
822.31
821.985
821.657
821.327
820.995
820.659
820.321
819.981
819.638
819.292
818.944
818.593
818.24
817.884
817.525
817.164
816.8
816.434
816.065
815.694
815.32
814.944
814.565
814.184
813.8
813.414
813.025
812.634
812.24
811.844
811.445
811.044
810.64
810.234
809.826
809.415
809.001
808.585
808.167
807.746
807.323
806.898
806.47
806.039
805.607
805.171
804.734
804.294
803.851
803.406
802.959
802.509
802.057
801.603
801.146
800.687
800.226
799.762
799.296
798.828
798.357
797.884
797.408
796.93
796.45
795.968
795.483
794.996
794.507
794.016
793.522
793.026
792.528
792.027
791.524
791.019
790.511
790.002
789.49
788.976
788.459
787.941
787.42
786.897
786.372
785.844
785.314
784.783
784.249
783.712
783.174
782.633
782.09
781.545
780.998
780.449
779.897
779.344
778.788
778.23
777.67
777.108
776.544
775.978
775.409
774.839
774.266
773.692
773.115
772.536
771.955
771.372
770.786
770.199
769.61
769.018
768.425
767.83
767.232
766.632
766.031
765.427
764.821
764.214
763.604
762.993
762.379
761.763
761.146
760.526
759.905
759.281
758.656
758.028
757.399
756.768
756.134
755.499
754.862
754.222
753.581
752.938
752.293
751.646
750.997
750.346
749.693
749.038
748.382
747.723
747.063
746.401
745.737
745.071
744.403
743.733
743.062
742.388
741.713
741.036
740.357
739.676
738.994
738.31
737.624
736.936
736.246
735.555
734.862
734.167
733.47
732.771
732.071
731.369
730.665
729.959
729.252
728.543
727.832
727.119
726.405
725.689
724.971
724.251
723.53
722.807
722.082
721.356
720.628
719.898
719.167
718.434
717.699
716.962
716.224
715.485
714.743
714
713.256
712.509
711.761
711.012
710.26
709.507
708.753
707.997
707.239
706.48
705.719
704.956
704.192
703.426
702.659
701.891
701.12
700.348
699.575
698.8
698.024
697.246
696.466
695.685
694.903
694.119
693.334
692.547
691.758
690.969
690.177
689.384
688.59
687.794
686.997
686.198
685.398
684.596
683.793
682.989
682.183
681.376
680.567
679.757
678.946
678.133
677.319
676.503
675.686
674.868
674.048
673.227
672.405
671.581
670.756
669.929
669.101
668.272
667.442
666.61
665.777
664.943
664.107
663.27
662.431
661.591
660.75
659.908
659.064
658.22
657.373
656.526
655.677
654.827
653.976
653.123
652.269
651.414
650.558
649.7
648.841
647.981
647.119
646.257
645.393
644.528
643.662
642.795
641.926
641.056
640.185
639.313
638.44
637.566
636.69
635.813
634.935
634.056
633.176
632.295
631.413
630.529
629.645
628.759
627.872
626.984
626.095
625.205
624.314
623.422
622.529
621.635
620.739
619.843
618.945
618.047
617.147
616.246
615.345
614.442
613.538
612.633
611.728
610.821
609.913
609.004
608.095
607.184
606.273
605.361
604.447
603.533
602.618
601.701
600.784
599.866
598.947
598.027
597.106
596.184
595.261
594.337
593.413
592.487
591.561
590.633
589.705
588.776
587.846
586.915
585.984
585.051
584.118
583.184
582.249
581.313
580.377
579.439
578.501
577.562
576.623
575.682
574.741
573.799
572.856
571.912
570.967
570.022
569.076
568.129
567.181
566.233
565.284
564.334
563.383
562.432
561.48
560.527
559.573
558.619
557.664
556.708
555.751
554.794
553.837
552.878
551.919
550.959
549.999
549.038
548.076
547.114
546.151
545.188
544.224
543.259
542.293
541.327
540.361
539.393
538.425
537.457
536.488
535.518
534.548
533.577
532.605
531.633
530.661
529.688
528.714
527.74
526.765
525.79
524.814
523.838
522.861
521.884
520.906
519.928
518.949
517.969
516.989
516.009
515.028
514.047
513.065
512.083
511.1
510.117
509.133
508.149
507.165
506.18
505.194
504.208
503.222
502.235
501.248
500.261
499.273
498.284
497.295
496.306
495.317
494.327
493.337
492.346
491.355
490.363
489.372
488.379
487.387
486.394
485.401
484.407
483.414
482.42
481.425
480.431
479.436
478.44
477.445
476.449
475.452
474.456
473.459
472.462
471.464
470.467
469.469
468.471
467.472
466.474
465.475
464.476
463.476
462.477
461.477
460.477
459.477
458.476
457.475
456.475
455.474
454.473
453.471
452.47
451.468
450.466
449.464
448.462
447.459
446.457
445.454
444.451
443.448
442.445
441.441
440.438
439.434
438.43
437.427
436.423
435.419
434.414
433.41
432.406
431.402
430.397
429.393
428.388
427.384
426.379
425.374
424.369
423.364
422.359
421.354
420.349
419.344
418.339
417.334
416.328
415.323
414.318
413.313
412.307
411.302
410.297
409.292
408.287
407.281
406.276
405.271
404.266
403.261
402.256
401.251
400.246
399.241
398.236
397.231
396.226
395.221
394.217
393.212
392.208
391.203
390.199
389.194
388.19
387.186
386.182
385.178
384.174
383.17
382.167
381.164
380.161
379.158
378.155
377.152
376.15
375.148
374.145
373.144
372.142
371.14
370.139
369.137
368.136
367.136
366.135
365.135
364.134
363.134
362.135
361.135
360.136
359.137
358.138
357.14
356.142
355.144
354.146
353.149
352.152
351.155
350.159
349.162
348.166
347.171
346.175
345.18
344.186
343.191
342.197
341.203
340.21
339.217
338.224
337.231
336.239
335.247
334.256
333.265
332.274
331.283
330.293
329.303
328.314
327.325
326.336
325.348
324.36
323.372
322.385
321.398
320.411
319.425
318.439
317.454
316.469
315.485
314.501
313.517
312.534
311.551
310.568
309.586
308.605
307.624
306.643
305.663
304.683
303.704
302.725
301.747
300.769
299.792
298.815
297.838
296.862
295.887
294.912
293.937
292.963
291.99
291.017
290.044
289.072
288.101
287.13
286.159
285.19
284.22
283.252
282.284
281.316
280.349
279.382
278.416
277.451
276.486
275.522
274.558
273.595
272.632
271.67
270.709
269.748
268.788
267.828
266.869
265.911
264.953
263.996
263.039
262.083
261.128
260.173
259.219
258.265
257.312
256.36
255.409
254.458
253.507
252.558
251.609
250.66
249.713
248.766
247.82
246.874
245.929
244.985
244.041
243.099
242.157
241.215
240.274
239.334
238.395
237.456
236.518
235.581
234.645
233.709
232.774
231.84
230.906
229.974
229.042
228.11
227.18
226.25
225.321
224.393
223.465
222.539
221.613
220.687
219.763
218.839
217.916
216.994
216.073
215.153
214.233
213.314
212.396
211.479
210.562
209.646
208.731
207.817
206.903
205.991
205.079
204.168
203.258
202.348
201.44
200.532
199.625
198.72
197.814
196.91
196.007
195.105
194.203
193.303
192.403
191.504
190.606
189.709
188.812
187.917
187.022
186.129
185.236
184.344
183.453
182.563
181.674
180.786
179.899
179.012
178.127
177.242
176.358
175.476
174.594
173.713
172.833
171.954
171.076
170.199
169.323
168.448
167.573
166.7
165.828
164.957
164.086
163.217
162.349
161.481
160.615
159.749
158.885
158.021
157.159
156.297
155.437
154.577
153.719
152.861
152.005
151.149
150.295
149.441
148.589
147.738
146.887
146.038
145.19
144.342
143.496
142.651
141.806
140.963
140.121
139.279
138.439
137.6
136.762
135.925
135.089
134.254
133.42
132.587
131.755
130.925
130.095
129.266
128.439
127.612
126.787
125.963
125.139
124.317
123.496
122.676
121.857
121.039
120.223
119.407
118.593
117.779
116.967
116.156
115.346
114.537
113.729
112.923
112.117
111.312
110.509
109.707
108.905
108.105
107.306
106.509
105.712
104.917
104.122
103.329
102.537
101.746
100.957
100.168
99.3809
98.5947
97.8097
97.0258
96.2432
95.4616
94.6813
93.9022
93.1242
92.3475
91.5719
90.7974
90.0242
89.2521
88.4812
87.7116
86.9432
86.1759
85.4098
84.645
83.8813
83.1188
82.3575
81.5974
80.8386
80.0809
79.3244
78.5691
77.815
77.0622
76.3106
75.5601
74.8109
74.063
73.3163
72.5709
71.8267
71.0838
70.342
69.6016
68.8623
68.1243
67.3875
66.652
65.9177
65.1847
64.453
63.7224
62.9931
62.265
61.5382
60.8127
60.0883
59.3653
58.6435
57.923
57.2038
56.4858
55.769
55.0535
54.3393
53.6264
52.9147
52.2043
51.4952
50.7874
50.0809
49.3757
48.6718
47.9692
47.2679
46.5679
45.8692
45.1717
44.4756
43.7807
43.0873
42.3951
41.7042
41.0147
40.3265
39.6395
38.9538
38.2694
37.5863
36.9047
36.2243
35.5453
34.8676
34.1912
33.5161
32.8424
32.17
31.499
30.8294
30.1611
29.4942
28.8285
28.1642
27.5013
26.8397
26.1795
25.5207
24.8632
24.2071
23.5523
22.8989
22.2468
21.596
20.9466
20.2987
19.6522
18.9942
18.3377
17.6825
17.0287
16.3763
15.7253
15.0757
14.4275
13.7806
13.1352
12.4911
11.8484
11.2072
10.5673
9.92884
9.29174
8.65599
8.02166
7.38878
6.75726
6.12711
5.4984
4.87102
4.24505
3.62049
2.99734
2.37562
1.75536
1.13653
0.519059
0.0970099
0.711702
1.32498
1.93677
2.54719
3.15612
3.76365
4.3697
4.97436
5.57762
6.17944
6.7798
7.37881
7.9764
8.57251
9.16722
9.76049
10.3523
10.9428
11.5318
12.1193
12.7055
13.2901
13.8733
14.455
15.0353
15.6141
16.1915
16.7675
17.342
17.915
18.4865
19.0566
19.6252
20.1924
20.7582
21.3225
21.8854
22.4468
23.0068
23.5653
24.1224
24.678
25.2322
25.7848
26.336
26.8857
27.4339
27.9806
28.5258
29.0696
29.6119
30.1528
30.6922
31.2301
31.7665
32.3015
32.8349
33.3669
33.8974
34.4264
34.9539
35.4799
36.0044
36.5274
37.049
37.5692
38.0879
38.605
39.1208
39.635
40.1478
40.659
41.1688
41.6771
42.1839
42.6892
43.193
43.6953
44.1961
44.6955
45.1935
45.6899
46.1847
46.678
47.1698
47.6601
48.1489
48.6361
49.1218
49.606
50.0887
50.5698
51.0495
51.5276
52.0043
52.4794
52.9531
53.4252
53.8957
54.3647
54.8322
55.2982
55.7628
56.2259
56.6875
57.1476
57.6063
58.0634
58.5189
58.973
59.4256
59.8766
60.3262
60.7742
61.2208
61.6658
62.1093
62.5513
62.9918
63.4308
63.8682
64.3041
64.7386
65.1716
65.603
66.0329
66.4613
66.8882
67.3135
67.7373
68.1596
68.5803
68.9995
69.4171
69.8333
70.248
70.6611
71.0727
71.4827
71.8912
72.2982
72.7036
73.1076
73.5101
73.9111
74.3105
74.7084
75.1048
75.4997
75.893
76.2848
76.675
77.0638
77.4509
77.8365
78.2206
78.6033
78.9844
79.364
79.7422
80.1188
80.4939
80.8676
81.2397
81.6103
81.9794
82.347
82.7132
83.0778
83.4409
83.8025
84.1627
84.5213
84.8784
85.2339
85.588
85.9405
86.2916
86.6411
86.989
87.3355
87.6804
88.0238
88.3657
88.706
89.0448
89.3821
89.7179
90.0521
90.3849
90.716
91.0457
91.3738
91.7004
92.0254
92.349
92.6711
92.9916
93.3107
93.6282
93.9443
94.259
94.5722
94.8838
95.1939
95.5025
95.8096
96.1152
96.4193
96.7219
97.0229
97.3224
97.6203
97.9168
98.2117
98.5053
98.7972
99.0876
99.3766
99.6639
99.9498
100.234
100.517
100.798
101.078
101.357
101.634
101.909
102.183
102.455
102.726
102.995
103.263
103.53
103.795
104.058
104.32
104.581
104.84
105.097
105.353
105.608
105.861
106.112
106.362
106.611
106.858
107.104
107.348
107.59
107.831
108.071
108.309
108.546
108.781
109.015
109.247
109.478
109.707
109.935
110.161
110.386
110.609
110.831
111.051
111.27
111.488
111.704
111.918
112.132
112.343
112.553
112.762
112.969
113.175
113.379
113.582
113.783
113.983
114.181
114.378
114.574
114.767
114.96
115.151
115.34
115.528
115.715
115.9
116.084
116.266
116.447
116.626
116.804
116.981
117.156
117.329
117.501
117.672
117.841
118.009
118.176
118.34
118.504
118.666
118.827
118.986
119.144
119.3
119.455
119.608
119.76
119.91
120.059
120.207
120.353
120.497
120.641
120.783
120.923
121.062
121.199
121.335
121.47
121.603
121.735
121.865
121.994
122.121
122.247
122.372
122.495
122.616
122.736
122.855
122.972
123.088
123.203
123.316
123.427
123.537
123.646
123.753
123.859
123.964
124.067
124.168
124.268
124.367
124.464
124.56
124.655
124.748
124.84
124.93
125.019
125.106
125.193
125.277
125.361
125.443
125.523
125.602
125.68
125.757
125.832
125.905
125.978
126.049
126.118
126.186
126.253
126.318
126.382
126.445
126.506
126.566
126.624
126.681
126.737
126.791
126.844
126.896
126.946
126.995
127.042
127.088
127.133
127.176
127.218
127.259
127.298
127.336
127.372
127.407
127.441
127.474
127.505
127.535
127.563
127.59
127.616
127.64
127.663
127.684
127.705
127.724
127.741
127.757
127.772
127.786
127.798
127.809
127.818
127.826
127.833
127.839
127.843
127.846
127.847
127.847
127.846
127.844
127.84
127.835
127.829
127.821
127.812
127.802
127.79
127.777
127.763
127.748
127.731
127.713
127.693
127.673
127.651
127.627
127.603
127.576
127.549
127.521
127.491
127.46
127.427
127.393
127.358
127.322
127.285
127.246
127.206
127.165
127.122
127.078
127.033
126.987
126.939
126.89
126.84
126.788
126.735
126.681
126.626
126.57
126.512
126.453
126.392
126.331
126.268
126.204
126.139
126.072
126.005
125.936
125.866
125.794
125.722
125.648
125.573
125.497
125.42
125.341
125.261
125.18
125.098
125.014
124.929
124.843
124.756
124.668
124.578
124.487
124.395
124.302
124.207
124.112
124.015
123.917
123.817
123.717
123.615
123.512
123.408
123.303
123.196
123.089
122.98
122.87
122.759
122.647
122.533
122.419
122.303
122.186
122.068
121.948
121.828
121.706
121.583
121.459
121.334
121.207
121.08
120.951
120.821
120.691
120.558
120.425
120.291
120.155
120.019
119.881
119.742
119.602
119.461
119.319
119.176
119.031
118.886
118.739
118.592
118.443
118.293
118.142
117.99
117.836
117.682
117.527
117.37
117.213
117.054
116.894
116.733
116.571
116.408
116.244
116.079
115.913
115.745
115.577
115.408
115.238
115.066
114.894
114.72
114.546
114.37
114.193
114.015
113.836
113.657
113.475
113.293
113.11
112.926
112.741
112.554
112.367
112.179
111.989
111.799
111.607
111.415
111.221
111.026
110.831
110.634
110.436
110.238
110.038
109.837
109.636
109.433
109.229
109.024
108.818
108.611
108.403
108.194
107.984
107.774
107.562
107.349
107.135
106.92
106.705
106.488
106.27
106.051
105.831
105.61
105.389
105.166
104.942
104.718
104.492
104.266
104.038
103.81
103.58
103.35
103.119
102.887
102.654
102.42
102.185
101.95
101.713
101.475
101.237
100.997
100.757
100.515
100.273
100.03
99.7857
99.5407
99.2947
99.0478
98.8
98.5513
98.3017
98.0512
97.7997
97.5474
97.2941
97.0399
96.7848
96.5287
96.2718
96.014
95.7554
95.4959
95.2354
94.9741
94.712
94.449
94.1851
93.9203
93.6547
93.3882
93.1209
92.8527
92.5838
92.314
92.0434
91.772
91.4998
91.2268
90.9529
90.6782
90.4026
90.1262
89.8489
89.5708
89.2919
89.0121
88.7314
88.4499
88.1675
87.8844
87.6004
87.3156
87.03
86.7435
86.4563
86.1683
85.8794
85.5898
85.2994
85.0081
84.7161
84.4233
84.1297
83.8353
83.5401
83.2442
82.9476
82.6501
82.352
82.053
81.7533
81.4528
81.1515
80.8496
80.5468
80.2433
79.9391
79.634
79.3282
79.0217
78.7144
78.4064
78.0976
77.7881
77.4779
77.1669
76.8551
76.5426
76.2293
75.9152
75.6003
75.2848
74.9686
74.6516
74.334
74.0157
73.6966
73.3767
73.0562
72.735
72.413
72.0903
71.767
71.4429
71.1182
70.7927
70.4666
70.1398
69.8123
69.484
69.1551
68.8255
68.4952
68.1642
67.8325
67.5002
67.1673
66.8336
66.4993
66.1644
65.8288
65.4925
65.1556
64.818
64.4798
64.141
63.8016
63.4616
63.1209
62.7796
62.4376
62.095
61.7517
61.4078
61.0633
60.7182
60.3725
60.0261
59.6791
59.3314
58.9832
58.6343
58.2849
57.9349
57.5843
57.2331
56.8812
56.5288
56.1756
55.8219
55.4676
55.1126
54.7571
54.4011
54.0444
53.6872
53.3295
52.9711
52.6122
52.2528
51.8929
51.5323
51.1712
50.8096
50.4475
50.0848
49.7216
49.3578
48.9934
48.6285
48.263
47.897
47.5304
47.1634
46.7958
46.4277
46.0591
45.69
45.3203
44.9502
44.5796
44.2084
43.8367
43.4644
43.0917
42.7185
42.3447
41.9705
41.5958
41.2205
40.8448
40.4686
40.0919
39.7147
39.337
38.9589
38.5802
38.201
37.8214
37.4414
37.061
36.6801
36.2988
35.917
35.5349
35.1522
34.7691
34.3855
34.0015
33.617
33.232
32.8466
32.4608
32.0746
31.688
31.301
30.9135
30.5257
30.1375
29.7489
29.3598
28.9703
28.5803
28.1899
27.8039
27.4174
27.0305
26.6432
26.2555
25.8673
25.4788
25.0898
24.7004
24.3107
23.9206
23.5301
23.1391
22.7477
22.356
21.9639
21.5713
21.1785
20.7852
20.3916
19.9977
19.6033
19.2087
18.8138
18.4184
18.0227
17.6267
17.2303
16.8335
16.4362
16.0387
15.6408
15.2425
14.844
14.445
14.0456
13.6459
13.2459
12.8455
12.4448
12.0437
11.6423
11.2406
10.8386
10.4364
10.0338
9.63086
9.22759
8.82397
8.42002
8.01581
7.6113
7.20637
6.80117
6.3957
5.98991
5.58386
5.17748
4.77076
4.36377
3.95646
3.54892
3.14115
2.73303
2.32461
1.91595
1.50707
1.09789
0.68848
0.278765
0.131241
0.541512
0.952064
1.36294
1.77407
2.1854
2.59696
3.00877
3.42085
3.83318
4.2457
4.65854
5.07169
5.48506
5.89858
6.31243
6.72655
7.14087
7.55541
7.9702
8.38525
8.80049
9.21601
9.63175
10.0477
10.4638
10.8802
11.2967
11.7134
12.1304
12.5476
12.965
13.3825
13.8002
14.2182
14.6363
15.0547
15.4733
15.8921
16.3111
16.7303
17.1497
17.5692
17.9888
18.4087
18.8287
19.2489
19.6693
20.0898
20.5106
20.9315
21.3525
21.7737
22.195
22.6165
23.0381
23.4599
23.8818
24.3038
24.7259
25.1482
25.5706
25.9931
26.4156
26.8383
27.2611
27.684
28.107
28.5301
28.9534
29.3769
29.8005
30.2242
30.648
31.0721
31.4962
31.9205
32.3448
32.7691
33.1936
33.6182
34.0429
34.4677
34.8925
35.3174
35.7424
36.1676
36.5927
37.018
37.4433
37.8687
38.2942
38.7198
39.1455
39.5713
39.9971
40.423
40.8489
41.2749
41.701
42.1271
42.5533
42.9796
43.406
43.8325
44.2589
44.6854
45.1119
45.5384
45.965
46.3916
46.8182
47.2448
47.6714
48.098
48.5246
48.9512
49.3778
49.8044
50.2309
50.6575
51.0841
51.5106
51.9372
52.3639
52.7906
53.2172
53.6438
54.0704
54.497
54.9236
55.3502
55.7767
56.2034
56.6299
57.0564
57.4829
57.9094
58.3358
58.7621
59.1882
59.6143
60.0403
60.4663
60.8923
61.3183
61.7442
62.1701
62.5959
63.0217
63.4473
63.8728
64.2983
64.7237
65.149
65.5742
65.9994
66.4244
66.8495
67.2744
67.6993
68.1241
68.5488
68.9734
69.398
69.8224
70.2468
70.671
71.0951
71.5192
71.9431
72.367
72.7907
73.2143
73.6379
74.0612
74.4845
74.9076
75.3306
75.7535
76.1762
76.5988
77.0213
77.4436
77.8659
78.288
78.71
79.1319
79.5537
79.9753
80.3968
80.8181
81.2393
81.6603
82.0811
82.5018
82.9223
83.3426
83.7627
84.1827
84.6026
85.0223
85.4418
85.8612
86.2804
86.6993
87.1181
87.5366
87.955
88.3732
88.7914
89.2093
89.6271
90.0448
90.4623
90.8796
91.2968
91.7138
92.1307
92.5474
92.9639
93.3801
93.7961
94.2118
94.6273
95.0426
95.4576
95.8725
96.2871
96.7015
97.1159
97.53
97.9439
98.3576
98.7711
99.1844
99.5974
100.01
100.423
100.835
101.247
101.659
102.07
102.482
102.893
103.304
103.714
104.125
104.535
104.945
105.355
105.764
106.174
106.583
106.992
107.4
107.808
108.216
108.624
109.032
109.439
109.846
110.252
110.659
111.065
111.471
111.877
112.282
112.687
113.092
113.497
113.901
114.305
114.708
115.112
115.515
115.917
116.32
116.722
117.124
117.526
117.927
118.328
118.729
119.129
119.53
119.929
120.329
120.728
121.127
121.526
121.924
122.322
122.72
123.118
123.516
123.913
124.31
124.707
125.103
125.499
125.894
126.29
126.685
127.079
127.474
127.868
128.261
128.655
129.048
129.44
129.832
130.224
130.616
131.007
131.398
131.788
132.179
132.568
132.958
133.347
133.735
134.124
134.512
134.9
135.287
135.674
136.061
136.447
136.833
137.218
137.604
137.989
138.373
138.757
139.141
139.525
139.908
140.29
140.673
141.054
141.436
141.817
142.197
142.578
142.957
143.337
143.716
144.094
144.472
144.85
145.227
145.604
145.98
146.356
146.731
147.106
147.481
147.855
148.229
148.602
148.975
149.348
149.72
150.092
150.463
150.834
151.204
151.574
151.944
152.313
152.682
153.05
153.418
153.786
154.153
154.52
154.886
155.252
155.617
155.982
156.347
156.711
157.074
157.437
157.8
158.162
158.524
158.885
159.246
159.606
159.966
160.326
160.685
161.043
161.401
161.759
162.116
162.472
162.829
163.184
163.539
163.894
164.248
164.602
164.955
165.308
165.66
166.012
166.364
166.714
167.065
167.414
167.764
168.113
168.461
168.809
169.153
169.496
169.839
170.181
170.523
170.864
171.205
171.545
171.884
172.224
172.562
172.9
173.238
173.575
173.911
174.247
174.583
174.918
175.252
175.586
175.919
176.252
176.584
176.916
177.247
177.578
177.908
178.237
178.566
178.895
179.223
179.551
179.878
180.204
180.53
180.855
181.18
181.505
181.829
182.152
182.475
182.797
183.119
183.44
183.761
184.081
184.4
184.719
185.038
185.355
185.673
185.99
186.306
186.622
186.937
187.251
187.565
187.879
188.192
188.504
188.816
189.127
189.438
189.748
190.058
190.367
190.675
190.983
191.291
191.598
191.904
192.21
192.515
192.82
193.124
193.427
193.73
194.032
194.334
194.635
194.935
195.235
195.535
195.834
196.132
196.43
196.727
197.023
197.319
197.614
197.909
198.203
198.497
198.79
199.082
199.374
199.665
199.955
200.245
200.534
200.823
201.111
201.399
201.686
201.972
202.257
202.543
202.827
203.111
203.394
203.677
203.959
204.24
204.521
204.801
205.081
205.36
205.639
205.916
206.194
206.47
206.747
207.022
207.297
207.571
207.844
208.117
208.39
208.661
208.932
209.202
209.472
209.741
210.01
210.278
210.545
210.812
211.078
211.342
211.605
211.868
212.13
212.391
212.652
212.912
213.172
213.431
213.689
213.947
214.204
214.461
214.717
214.972
215.227
215.481
215.735
215.988
216.24
216.491
216.742
216.993
217.242
217.491
217.74
217.987
218.234
218.481
218.727
218.972
219.216
219.46
219.703
219.945
220.187
220.428
220.669
220.909
221.148
221.387
221.625
221.862
222.099
222.335
222.571
222.805
223.04
223.273
223.506
223.738
223.969
224.2
224.43
224.659
224.888
225.116
225.343
225.57
225.796
226.022
226.247
226.471
226.694
226.917
227.139
227.36
227.58
227.8
228.02
228.238
228.456
228.673
228.89
229.106
229.321
229.536
229.75
229.963
230.176
230.388
230.599
230.81
231.02
231.229
231.438
231.645
231.853
232.059
232.265
232.471
232.675
232.879
233.083
233.285
233.487
233.688
233.889
234.089
234.288
234.487
234.685
234.882
235.079
235.275
235.47
235.664
235.858
236.051
236.244
236.436
236.627
236.817
237.007
237.196
237.384
237.572
237.759
237.945
238.131
238.316
238.5
238.683
238.866
239.048
239.23
239.411
239.591
239.771
239.95
240.128
240.305
240.482
240.658
240.834
241.008
241.182
241.356
241.528
241.7
241.871
242.042
242.212
242.381
242.549
242.717
242.884
243.051
243.217
243.382
243.546
243.71
243.873
244.036
244.197
244.358
244.519
244.678
244.837
244.995
245.153
245.31
245.466
245.621
245.776
245.93
246.083
246.236
246.388
246.54
246.69
246.84
246.989
247.138
247.286
247.433
247.58
247.726
247.871
248.016
248.159
248.302
248.445
248.586
248.727
248.867
249.007
249.146
249.284
249.421
249.558
249.694
249.829
249.963
250.097
250.23
250.363
250.495
250.626
250.756
250.886
251.015
251.143
251.27
251.397
251.523
251.649
251.774
251.898
252.021
252.143
252.265
252.386
252.507
252.626
252.745
252.864
252.981
253.098
253.214
253.33
253.445
253.559
253.673
253.785
253.898
254.009
254.12
254.23
254.339
254.447
254.555
254.662
254.768
254.874
254.979
255.083
255.187
255.289
255.391
255.493
255.593
255.693
255.793
255.891
255.989
256.086
256.183
256.278
256.373
256.468
256.561
256.654
256.746
256.838
256.928
257.018
257.108
257.196
257.284
257.371
257.458
257.544
257.629
257.713
257.797
257.881
257.963
258.045
258.126
258.207
258.287
258.366
258.444
258.522
258.599
258.675
258.751
258.826
258.9
258.974
259.046
259.119
259.19
259.261
259.331
259.4
259.468
259.536
259.603
259.67
259.735
259.8
259.864
259.928
259.991
260.053
260.115
260.176
260.236
260.295
260.354
260.412
260.469
260.526
260.582
260.637
260.692
260.746
260.799
260.851
260.903
260.954
261.004
261.054
261.103
261.151
261.198
261.245
261.291
261.337
261.382
261.426
261.47
261.512
261.555
261.596
261.637
261.677
261.717
261.755
261.793
261.831
261.868
261.904
261.939
261.974
262.008
262.042
262.075
262.107
262.138
262.169
262.199
262.229
262.257
262.286
262.313
262.34
262.366
262.391
262.416
262.44
262.464
262.486
262.508
262.53
262.551
262.571
262.59
262.609
262.627
262.644
262.661
262.677
262.692
262.707
262.721
262.734
262.747
262.759
262.77
262.781
262.791
262.8
262.809
262.817
262.824
262.831
262.837
262.843
262.848
262.852
262.855
262.858
262.86
262.862
262.863
262.863
262.862
262.861
262.859
262.857
262.853
262.849
262.845
262.84
262.834
262.827
262.82
262.813
262.804
262.795
262.786
262.775
262.765
262.753
262.741
262.728
262.715
262.701
262.686
262.67
262.654
262.638
262.62
262.602
262.584
262.564
262.545
262.524
262.503
262.481
262.459
262.436
262.412
262.388
262.363
262.338
262.311
262.285
262.257
262.229
262.201
262.171
262.141
262.111
262.08
262.048
262.016
261.982
261.949
261.914
261.879
261.844
261.807
261.77
261.733
261.694
261.656
261.616
261.576
261.535
261.494
261.451
261.409
261.365
261.321
261.277
261.232
261.186
261.139
261.092
261.044
260.996
260.947
260.897
260.847
260.796
260.744
260.692
260.639
260.586
260.532
260.477
260.422
260.366
260.309
260.252
260.195
260.136
260.077
260.018
259.958
259.897
259.836
259.774
259.712
259.649
259.585
259.521
259.456
259.391
259.325
259.258
259.191
259.124
259.055
258.987
258.917
258.847
258.777
258.705
258.634
258.561
258.488
258.415
258.341
258.266
258.191
258.116
258.039
257.962
257.885
257.807
257.728
257.649
257.569
257.489
257.408
257.327
257.245
257.163
257.079
256.996
256.912
256.827
256.742
256.656
256.569
256.482
256.394
256.306
256.217
256.128
256.038
255.948
255.857
255.765
255.673
255.58
255.487
255.394
255.299
255.204
255.109
255.013
254.917
254.82
254.722
254.624
254.525
254.426
254.326
254.226
254.125
254.024
253.922
253.819
253.716
253.612
253.507
253.402
253.297
253.191
253.084
252.977
252.869
252.761
252.652
252.543
252.433
252.322
252.211
252.1
251.988
251.875
251.762
251.648
251.534
251.419
251.304
251.188
251.072
250.955
250.837
250.719
250.601
250.482
250.362
250.242
250.122
250
249.879
249.757
249.634
249.511
249.387
249.263
249.138
249.012
248.887
248.76
248.633
248.506
248.378
248.249
248.12
247.991
247.861
247.73
247.599
247.468
247.336
247.204
247.071
246.937
246.803
246.669
246.534
246.398
246.263
246.126
245.989
245.852
245.714
245.576
245.437
245.297
245.157
245.017
244.876
244.735
244.593
244.45
244.307
244.164
244.02
243.876
243.731
243.586
243.44
243.294
243.147
243
242.853
242.704
242.556
242.407
242.257
242.107
241.957
241.806
241.654
241.502
241.35
241.197
241.043
240.89
240.735
240.581
240.425
240.27
240.114
239.957
239.8
239.642
239.484
239.326
239.167
239.008
238.848
238.688
238.527
238.366
238.205
238.043
237.881
237.718
237.555
237.391
237.227
237.063
236.898
236.732
236.567
236.4
236.234
236.066
235.899
235.731
235.562
235.393
235.224
235.054
234.884
234.714
234.543
234.372
234.2
234.028
233.855
233.682
233.508
233.335
233.161
232.986
232.811
232.636
232.46
232.284
232.107
231.93
231.752
231.574
231.396
231.218
231.038
230.859
230.679
230.499
230.318
230.137
229.955
229.774
229.591
229.409
229.226
229.042
228.859
228.675
228.49
228.305
228.12
227.934
227.748
227.562
227.375
227.188
227
226.813
226.624
226.436
226.247
226.058
225.868
225.678
225.488
225.297
225.106
224.914
224.723
224.53
224.338
224.145
223.952
223.758
223.564
223.37
223.175
222.98
222.785
222.589
222.393
222.197
222
221.803
221.605
221.408
221.209
221.011
220.812
220.613
220.414
220.214
220.014
219.813
219.612
219.411
219.209
219.007
218.805
218.602
218.399
218.196
217.992
217.788
217.584
217.379
217.174
216.969
216.764
216.558
216.352
216.146
215.939
215.732
215.525
215.318
215.11
214.902
214.693
214.484
214.275
214.066
213.856
213.646
213.436
213.225
213.015
212.804
212.592
212.38
212.168
211.956
211.744
211.531
211.317
211.104
210.89
210.675
210.461
210.246
210.031
209.815
209.6
209.384
209.167
208.951
208.734
208.517
208.3
208.082
207.864
207.646
207.427
207.209
206.99
206.77
206.551
206.331
206.111
205.891
205.67
205.449
205.228
205.007
204.785
204.563
204.341
204.118
203.895
203.672
203.449
203.225
203.001
202.777
202.553
202.328
202.103
201.878
201.652
201.427
201.201
200.975
200.748
200.522
200.295
200.068
199.841
199.613
199.386
199.158
198.93
198.701
198.473
198.244
198.015
197.786
197.556
197.326
197.096
196.866
196.636
196.405
196.174
195.943
195.711
195.48
195.248
195.016
194.783
194.551
194.318
194.085
193.852
193.619
193.386
193.152
192.918
192.684
192.45
192.215
191.98
191.745
191.51
191.275
191.039
190.803
190.567
190.331
190.095
189.858
189.621
189.384
189.147
188.909
188.671
188.434
188.195
187.957
187.719
187.48
187.241
187.002
186.763
186.524
186.284
186.044
185.805
185.566
185.326
185.086
184.846
184.606
184.366
184.125
183.884
183.643
183.402
183.161
182.92
182.678
182.437
182.195
181.953
181.711
181.469
181.226
180.983
180.741
180.498
180.255
180.012
179.768
179.525
179.281
179.037
178.794
178.55
178.306
178.062
177.818
177.573
177.329
177.084
176.839
176.594
176.349
176.104
175.858
175.613
175.367
175.121
174.875
174.628
174.382
174.135
173.889
173.642
173.395
173.148
172.9
172.653
172.406
172.158
171.91
171.662
171.414
171.166
170.918
170.67
170.421
170.173
169.924
169.676
169.427
169.178
168.929
168.68
168.431
168.181
167.932
167.682
167.433
167.183
166.933
166.683
166.433
166.183
165.933
165.683
165.433
165.182
164.932
164.681
164.431
164.18
163.93
163.679
163.428
163.177
162.926
162.675
162.423
162.172
161.92
161.669
161.417
161.165
160.913
160.661
160.409
160.156
159.904
159.651
159.398
159.145
158.892
158.639
158.386
158.132
157.879
157.626
157.373
157.119
156.866
156.612
156.358
156.105
155.851
155.597
155.344
155.09
154.836
154.582
154.328
154.074
153.82
153.565
153.311
153.057
152.803
152.548
152.294
152.04
151.785
151.531
151.276
151.022
150.768
150.513
150.259
150.004
149.749
149.494
149.24
148.985
148.73
148.475
148.22
147.965
147.711
147.456
147.201
146.946
146.691
146.436
146.181
145.926
145.67
145.415
145.16
144.905
144.65
144.394
144.139
143.884
143.628
143.373
143.118
142.863
142.607
142.352
142.097
141.842
141.586
141.331
141.076
140.821
140.566
140.311
140.056
139.801
139.545
139.29
139.035
138.78
138.525
138.27
138.015
137.76
137.506
137.251
136.996
136.74
136.484
136.229
135.973
135.717
135.462
135.206
134.95
134.695
134.439
134.184
133.929
133.673
133.418
133.163
132.907
132.652
132.397
132.142
131.887
131.632
131.377
131.122
130.867
130.613
130.358
130.103
129.848
129.594
129.339
129.084
128.83
128.575
128.321
128.066
127.812
127.557
127.303
127.049
126.795
126.54
126.286
126.032
125.778
125.524
125.27
125.016
124.762
124.508
124.254
124.001
123.747
123.493
123.24
122.986
122.733
122.479
122.226
121.973
121.72
121.467
121.214
120.961
120.708
120.455
120.202
119.95
119.697
119.445
119.192
118.94
118.688
118.436
118.184
117.932
117.68
117.428
117.176
116.924
116.673
116.421
116.17
115.919
115.667
115.416
115.165
114.914
114.663
114.413
114.162
113.911
113.661
113.41
113.16
112.91
112.66
112.41
112.16
111.91
111.66
111.41
111.161
110.869
110.578
110.286
109.995
109.704
109.413
109.122
108.831
108.541
108.25
107.96
107.671
107.381
107.091
106.802
106.513
106.224
105.935
105.647
105.359
105.07
104.782
104.495
104.207
103.919
103.632
103.345
103.058
102.771
102.484
102.198
101.912
101.626
101.34
101.054
100.769
100.484
100.199
99.9137
99.629
99.3446
99.0603
98.7762
98.4923
98.2085
97.9248
97.6414
97.3581
97.0749
96.7919
96.5093
96.2268
95.9445
95.6625
95.3806
95.099
94.8174
94.5361
94.2549
93.9739
93.6931
93.4125
93.1322
92.8521
92.5722
92.2925
92.0131
91.7338
91.4547
91.1759
90.8973
90.619
90.3408
90.0628
89.7851
89.5075
89.2302
88.953
88.6762
88.3995
88.123
87.8467
87.5705
87.2947
87.019
86.7436
86.4685
86.1935
85.9189
85.6445
85.3703
85.0963
84.8224
84.5489
84.2756
84.0025
83.7296
83.4571
83.1847
82.9126
82.6408
82.3692
82.0978
81.8267
81.5559
81.2853
81.015
80.7449
80.4751
80.2055
79.9361
79.6669
79.3978
79.129
78.8604
78.5921
78.324
78.0563
77.7888
77.5215
77.2546
76.9879
76.7215
76.4553
76.1895
75.9239
75.6586
75.3935
75.1288
74.8643
74.6001
74.3361
74.0724
73.809
73.5458
73.2829
73.0203
72.7579
72.4957
72.2339
71.9722
71.7109
71.4499
71.1892
70.9289
70.6688
70.409
70.1495
69.8904
69.6315
69.3729
69.1146
68.8566
68.5989
68.3415
68.0844
67.8276
67.5712
67.3151
67.0592
66.8037
66.5485
66.2935
66.0388
65.7844
65.5303
65.2765
65.0229
64.7697
64.5168
64.2642
64.0119
63.7598
63.508
63.2566
63.0054
62.7545
62.5039
62.2536
62.0035
61.7537
61.5042
61.255
61.0061
60.7576
60.5093
60.2614
60.0138
59.7665
59.5195
59.2729
59.0266
58.7806
58.5349
58.2895
58.0444
57.7995
57.5551
57.3109
57.0671
56.8236
56.5805
56.3377
56.0952
55.8531
55.6113
55.3697
55.1285
54.8876
54.647
54.4067
54.1668
53.9272
53.688
53.4491
53.2105
52.9722
52.7342
52.4965
52.2592
52.0222
51.7855
51.5492
51.3132
51.0775
50.8422
50.6073
50.3726
50.1383
49.9044
49.6707
49.4374
49.2043
48.9716
48.7392
48.5073
48.2756
48.0443
47.8134
47.5828
47.3525
47.1224
46.8929
46.6636
46.4347
46.2062
45.978
45.7501
45.5226
45.2955
45.0687
44.8422
44.6161
44.3904
44.1649
43.9397
43.715
43.4906
43.2666
43.0429
42.8197
42.5968
42.3743
41.9512
41.5287
41.1066
40.6851
40.2642
39.8438
39.424
39.0048
38.5862
38.1681
37.7502
37.3329
36.9162
36.5
36.0843
35.6692
35.2547
34.8409
34.4275
34.0148
33.6025
33.1909
32.7798
32.3693
31.9594
31.5501
31.1415
30.7333
30.3258
29.9188
29.5124
29.1066
28.7013
28.2967
27.8925
27.4891
27.0862
26.6839
26.2822
25.8811
25.4805
25.0807
24.6814
24.2827
23.8847
23.4872
23.0903
22.694
22.2984
21.9033
21.5089
21.115
20.7218
20.3293
19.9374
19.5462
19.1555
18.7655
18.3761
17.9874
17.5992
17.2117
16.8248
16.4385
16.0528
15.6678
15.2834
14.8996
14.5165
14.134
13.7521
13.3708
12.9902
12.6102
12.2307
11.8519
11.4738
11.0963
10.7194
10.3432
9.9676
9.59267
9.21839
8.84476
8.47176
8.09943
7.7277
7.35661
6.98619
6.61634
6.24719
5.87792
5.50929
5.14135
4.77408
4.40749
4.04152
3.67615
3.31142
2.94732
2.58385
2.22106
1.85892
1.49745
1.1367
0.776579
0.417099
0.0583396
0.299821
0.657276
1.01408
1.37023
1.72567
2.08048
2.43465
2.78808
3.14085
3.49295
3.84432
4.19497
4.54494
4.89421
5.24281
5.59074
5.93801
6.28467
6.63063
6.97594
7.32058
7.66455
8.0078
8.35039
8.6923
9.03354
9.37409
9.71395
10.0531
10.3916
10.7294
11.0665
11.4029
11.7386
12.0737
12.4079
12.7415
13.0744
13.4066
13.7381
14.069
14.399
14.7284
15.0571
15.3851
15.7124
16.0389
16.3647
16.6899
17.0145
17.3383
17.6615
17.984
18.3057
18.6267
18.947
19.2667
19.5856
19.9038
20.2213
20.538
20.854
21.1693
21.484
21.7981
22.1114
22.424
22.736
23.0472
23.3578
23.6675
23.9766
24.2849
24.5925
24.8994
25.2056
25.511
25.8157
26.1197
26.423
26.7255
27.0272
27.3283
27.6288
27.9284
28.2274
28.5257
28.8233
29.1201
29.4163
29.7118
30.0065
30.3005
30.5938
30.8864
31.1783
31.4694
31.7598
32.0495
32.3385
32.6268
32.9143
33.2012
33.4873
33.7728
34.0575
34.3416
34.6249
34.9075
35.1894
35.4705
35.751
36.0307
36.3097
36.5879
36.8654
37.1421
37.4182
37.6935
37.9681
38.2419
38.5149
38.7873
39.0589
39.3297
39.5998
39.869
40.1376
40.4055
40.6725
40.9388
41.2044
41.4692
41.7334
41.9968
42.2595
42.5215
42.7827
43.0431
43.3029
43.5618
43.8199
44.0773
44.3339
44.5896
44.8447
45.0989
45.3524
45.6051
45.8571
46.1082
46.3585
46.6082
46.8571
47.1053
47.3527
47.5994
47.8454
48.0906
48.3352
48.579
48.8221
49.0643
49.3059
49.5467
49.7868
50.0262
50.2648
50.5026
50.7396
50.9759
51.2114
51.4462
51.6802
51.9135
52.146
52.3778
52.6088
52.8391
53.0685
53.2972
53.5252
53.7525
53.979
54.2048
54.4299
54.6543
54.878
55.101
55.3233
55.5448
55.7655
55.9854
56.2046
56.4231
56.6408
56.8577
57.0739
57.2894
57.504
57.718
57.9312
58.1436
58.3553
58.5662
58.7764
58.9859
59.1945
59.4025
59.6096
59.816
60.0216
60.2265
60.4305
60.6339
60.8364
61.0382
61.2392
61.4395
61.6391
61.8379
62.036
62.2333
62.4299
62.6257
62.8209
63.0153
63.2089
63.4019
63.594
63.7854
63.9761
64.1661
64.3553
64.5437
64.7314
64.9183
65.1045
65.29
65.4746
65.6584
65.8416
66.024
66.2056
66.3865
66.5666
66.7459
66.9246
67.1024
67.2796
67.456
67.6316
67.8065
67.9807
68.1542
68.3269
68.4989
68.6703
68.8409
69.0108
69.1799
69.3483
69.5159
69.6828
69.8489
70.0143
70.179
70.343
70.5062
70.6686
70.8302
70.9911
71.1513
71.3107
71.4693
71.6273
71.7844
71.9408
72.0965
72.2513
72.4054
72.5587
72.7112
72.8629
73.0139
73.1641
73.3135
73.4622
73.61
73.7571
73.9034
74.049
74.1939
74.338
74.4814
74.6241
74.766
74.9072
75.0478
75.1876
75.3267
75.4651
75.6028
75.7397
75.8759
76.0113
76.1459
76.2799
76.4131
76.5455
76.6771
76.808
76.9381
77.0676
77.1963
77.3244
77.4517
77.5783
77.7042
77.8293
77.9538
78.0774
78.2004
78.3227
78.4443
78.5651
78.6852
78.8046
78.9233
79.0411
79.1584
79.2749
79.3907
79.5057
79.6199
79.7335
79.8463
79.9584
80.0698
80.1804
80.2903
80.3994
80.5078
80.6156
80.7226
80.8288
80.9344
81.0393
81.1435
81.247
81.3497
81.4517
81.5531
81.6538
81.7536
81.8528
81.9511
82.0488
82.1457
82.242
82.3374
82.4322
82.5262
82.6195
82.712
82.8039
82.895
82.9854
83.0751
83.1641
83.2524
83.3399
83.4267
83.5129
83.5983
83.683
83.767
83.8504
83.933
84.0148
84.0959
84.1764
84.256
84.335
84.4132
84.4908
84.5677
84.6439
84.7194
84.7943
84.8685
84.9419
85.0147
85.0868
85.1582
85.2288
85.2987
85.368
85.4365
85.5043
85.5714
85.6378
85.7035
85.7685
85.8329
85.8966
85.9597
86.022
86.0837
86.1446
86.2049
86.2644
86.3231
86.3813
86.4386
86.4954
86.5514
86.6067
86.6613
86.7152
86.7685
86.821
86.8728
86.9239
86.9744
87.0241
87.0732
87.1216
87.1693
87.2162
87.2625
87.3081
87.3531
87.3974
87.4409
87.4838
87.526
87.5675
87.6083
87.6485
87.6879
87.7267
87.7647
87.8022
87.8389
87.8751
87.9105
87.9452
87.9793
88.0128
88.0456
88.0778
88.1093
88.1402
88.1704
88.1998
88.2286
88.2567
88.2843
88.3112
88.3374
88.363
88.3878
88.412
88.4355
88.4583
88.4805
88.502
88.5229
88.5431
88.5626
88.5814
88.5996
88.6171
88.6339
88.65
88.6654
88.6802
88.6944
88.7079
88.7207
88.733
88.7446
88.7555
88.7659
88.7755
88.7846
88.7929
88.8008
88.8079
88.8144
88.8203
88.8256
88.8304
88.8344
88.8378
88.8405
88.8426
88.8439
88.8446
88.8447
88.8441
88.8429
88.841
88.8385
88.8354
88.8318
88.8275
88.8225
88.8169
88.8107
88.8038
88.7963
88.7881
88.7792
88.7698
88.7598
88.749
88.7376
88.7256
88.7129
88.6995
88.6856
88.6709
88.6557
88.6397
88.6232
88.6061
88.5883
88.5699
88.5508
88.5312
88.5109
88.49
88.4685
88.4464
88.4237
88.4004
88.3764
88.3519
88.3267
88.3008
88.2744
88.2473
88.2196
88.1913
88.1625
88.133
88.1029
88.0723
88.041
88.009
87.9765
87.9435
87.9099
87.8757
87.8409
87.8055
87.7695
87.7329
87.6957
87.6579
87.6195
87.5806
87.5411
87.501
87.4604
87.4191
87.3773
87.3348
87.2917
87.248
87.2038
87.159
87.1135
87.0675
87.0209
86.9736
86.9258
86.8773
86.8283
86.7787
86.7285
86.6778
86.6265
86.5747
86.5224
86.4696
86.4162
86.3623
86.3077
86.2526
86.1969
86.1407
86.0839
86.0266
85.9687
85.9103
85.8515
85.7921
85.7322
85.6718
85.6108
85.5493
85.4873
85.4248
85.3618
85.2983
85.2343
85.1698
85.1048
85.0393
84.9732
84.9066
84.8395
84.7718
84.7036
84.6348
84.5655
84.4956
84.4251
84.3542
84.2827
84.2106
84.138
84.065
83.9913
83.9172
83.8425
83.7673
83.6916
83.6153
83.5384
83.4611
83.3833
83.3049
83.2261
83.1468
83.0668
82.9864
82.9053
82.8238
82.7417
82.6592
82.5761
82.4925
82.4085
82.324
82.2389
82.1533
82.0673
81.9808
81.8938
81.8062
81.7182
81.6297
81.5406
81.451
81.3609
81.2702
81.1791
81.0874
80.9952
80.9026
80.8094
80.7157
80.6216
80.5269
80.4317
80.336
80.2398
80.1431
80.0458
79.9481
79.8498
79.751
79.6516
79.5518
79.4516
79.3508
79.2495
79.1478
79.0455
78.9427
78.8395
78.7357
78.6314
78.5267
78.4215
78.3157
78.2095
78.1028
77.9956
77.888
77.7798
77.6713
77.5622
77.4527
77.3427
77.2323
77.1214
77.0101
76.8982
76.7858
76.6731
76.5598
76.446
76.3318
76.2171
76.102
75.9864
75.8703
75.7537
75.6367
75.5191
75.4012
75.2829
75.164
75.0447
74.9251
74.805
74.6844
74.5633
74.4418
74.3199
74.1975
74.0747
73.9514
73.8278
73.7036
73.579
73.454
73.3286
73.2026
73.0762
72.9494
72.8223
72.6948
72.5668
72.4384
72.3095
72.1802
72.0504
71.9203
71.7897
71.6587
71.5273
71.3956
71.2634
71.1308
70.9978
70.8644
70.7307
70.5967
70.4623
70.3274
70.1922
70.0566
69.9206
69.7842
69.6474
69.5102
69.3727
69.2347
69.0964
68.9578
68.8187
68.6792
68.5392
68.3989
68.2582
68.1171
67.9756
67.8337
67.6914
67.5487
67.4056
67.2622
67.1184
66.9741
66.8295
66.6845
66.5392
66.3934
66.2473
66.1008
65.9538
65.8064
65.6587
65.5106
65.3622
65.2133
65.064
64.9144
64.7644
64.614
64.4632
64.3121
64.1606
64.0087
63.8565
63.7039
63.551
63.3977
63.2441
63.0902
62.9359
62.7812
62.6261
62.4707
62.3149
62.1587
62.0022
61.8452
61.688
61.5304
61.3725
61.2143
61.0557
60.8968
60.7374
60.5778
60.4178
60.2576
60.097
59.936
59.7747
59.6132
59.4513
59.2891
59.1267
58.9638
58.8007
58.6371
58.4732
58.309
58.1443
57.9794
57.8141
57.6485
57.4826
57.3164
57.1497
56.9829
56.8157
56.6482
56.4803
56.3122
56.1437
55.9749
55.8057
55.6362
55.4664
55.2964
55.1261
54.9554
54.7843
54.613
54.4414
54.2695
54.0973
53.9248
53.7521
53.5791
53.4058
53.2322
53.0582
52.884
52.7094
52.5346
52.3595
52.1841
52.0085
51.8325
51.6563
51.4798
51.3031
51.1261
50.9489
50.7713
50.5935
50.4154
50.2371
50.0585
49.8797
49.7006
49.5213
49.3417
49.1619
48.9817
48.8014
48.6207
48.4398
48.2586
48.0772
47.8955
47.7136
47.5313
47.3488
47.1661
46.9832
46.8
46.6165
46.4328
46.2489
46.0647
45.8803
45.6956
45.5107
45.3255
45.1402
44.9546
44.7689
44.583
44.3968
44.2103
44.0237
43.8367
43.6496
43.4622
43.2747
43.0869
42.8988
42.7106
42.5222
42.3335
42.1446
41.9554
41.7662
41.5767
41.387
41.1972
41.0071
40.8168
40.6262
40.4354
40.2444
40.0533
39.8619
39.6703
39.4786
39.2867
39.0946
38.9023
38.7097
38.5169
38.3237
38.1304
37.9369
37.7433
37.5494
37.3554
37.161
36.9664
36.7716
36.5766
36.3815
36.1861
35.9906
35.795
35.5992
35.4032
35.207
35.0106
34.8141
34.6174
34.4205
34.2234
34.0261
33.8287
33.6311
33.4333
33.2352
33.037
32.8385
32.64
32.4412
32.2422
32.0431
31.8439
31.6445
31.4449
31.2451
31.0452
30.8451
30.6448
30.4444
30.2438
30.0431
29.8423
29.6412
29.44
29.2386
29.0372
28.8355
28.6337
28.4318
28.2297
28.0273
27.8249
27.6224
27.4197
27.2169
27.014
26.811
26.6079
26.4046
26.2011
25.9975
25.7937
25.5898
25.3857
25.1814
24.977
24.7725
24.5678
24.3631
24.1583
23.9533
23.7482
23.5429
23.3375
23.1321
22.9265
22.7208
22.5149
22.3089
22.1028
21.8966
21.6902
21.4837
21.2771
21.0704
20.8636
20.6566
20.4496
20.2425
20.0354
19.828
19.6206
19.4131
19.2055
18.9978
18.79
18.5821
18.374
18.1659
17.9577
17.7493
17.5408
17.3323
17.1238
16.9151
16.7064
16.4977
16.2888
16.0799
15.8708
15.6618
15.4526
15.2433
15.0341
14.8248
14.6153
14.4059
14.1963
13.9867
13.7771
13.5674
13.3576
13.1478
12.9378
12.7278
12.5177
12.3076
12.0975
11.8873
11.677
11.4667
11.2563
11.0458
10.8352
10.6246
10.4139
10.2031
9.99234
9.7815
9.57065
9.35973
9.14868
8.93759
8.7265
8.5154
8.30425
8.09316
7.882
7.67079
7.4595
7.24812
7.03669
6.82529
6.61382
6.40227
6.19064
5.97904
5.76743
5.55578
5.34408
5.13236
4.92061
4.70883
4.49703
4.28524
4.07338
3.8615
3.64954
3.43753
3.22547
3.01344
2.80139
2.58929
2.37714
2.16502
1.95289
1.74069
1.52851
1.31631
1.10409
0.891869
0.679622
0.467337
0.255046
0.0427811
0.169487
0.381751
0.594074
0.806408
1.01878
1.23113
1.44349
1.6558
1.86813
2.08048
2.29285
2.50515
2.71741
2.92964
3.14188
3.35411
3.56625
3.7784
3.99048
4.20252
4.41455
4.62655
4.83857
5.05051
5.26243
5.4742
5.68592
5.89763
6.10926
6.32079
6.53236
6.74386
6.9553
7.16677
7.37817
7.58956
7.80097
8.0123
8.22359
8.43487
8.6461
8.85729
9.06801
9.27863
9.48926
9.69993
9.91051
10.121
10.3315
10.5419
10.7523
10.9624
11.1723
11.3822
11.592
11.8018
12.0115
12.7812
13.5503
14.3188
15.0866
15.8539
16.6204
17.3864
18.1517
18.9164
19.6805
20.4439
21.2068
21.9689
22.7304
23.4912
24.2513
25.0107
25.7694
26.5275
27.285
28.0418
28.7979
29.5534
30.3082
31.0626
31.8164
32.5695
33.3219
34.0737
34.8248
35.5752
36.3248
37.0739
37.8223
38.5699
39.3169
40.063
40.8085
41.5531
42.297
43.0403
43.7827
44.5245
45.2656
46.0059
46.7455
47.4843
48.2224
48.9597
49.6963
50.4321
51.1671
51.9013
52.6348
53.368
54.1005
54.8323
55.5633
56.2934
57.0227
57.7513
58.479
59.206
59.9322
60.6577
61.3824
62.1063
62.8295
63.5518
64.2735
64.9882
65.7021
66.4152
67.1274
67.8389
68.5495
69.2594
69.9686
70.6769
71.3844
72.0911
72.7968
73.5017
74.2058
74.9091
75.6115
76.3131
77.014
77.714
78.4132
79.1115
79.809
80.5056
81.2014
81.8964
82.5906
83.284
83.9764
84.668
85.3587
86.0485
86.7373
87.4254
88.1126
88.799
89.4845
90.169
90.8527
91.5355
92.2174
92.8984
93.5786
94.2578
94.936
95.6132
96.2896
96.9651
97.6397
98.3134
98.9862
99.6581
100.329
100.999
101.668
102.336
103.004
103.67
104.335
105
105.664
106.326
106.988
107.649
108.309
108.968
109.626
110.283
110.939
111.594
112.249
112.902
113.554
114.205
114.856
115.505
116.154
116.801
117.448
118.094
118.738
119.382
120.025
120.667
121.308
121.947
122.586
123.224
123.861
124.497
125.132
125.766
126.399
127.031
127.662
128.292
128.921
129.549
130.177
130.803
131.428
132.052
132.675
133.297
133.918
134.538
135.157
135.775
136.392
137.009
137.624
138.238
138.851
139.463
140.073
140.683
141.292
141.9
142.507
143.113
143.718
144.321
144.924
145.526
146.126
146.726
147.324
147.922
148.518
149.113
149.707
150.301
150.893
151.484
152.074
152.662
153.25
153.837
154.423
155.007
155.591
156.173
156.755
157.335
157.915
158.493
159.07
159.646
160.221
160.795
161.368
161.94
162.511
163.08
163.649
164.216
164.783
165.348
165.913
166.476
167.038
167.599
168.159
168.717
169.275
169.831
170.386
170.941
171.494
172.046
172.597
173.147
173.695
174.243
174.789
175.335
175.879
176.422
176.964
177.505
178.045
178.583
179.121
179.657
180.193
180.727
181.26
181.792
182.322
182.852
183.38
183.907
184.433
184.958
185.482
186.005
186.526
187.046
187.566
188.084
188.601
189.116
189.631
190.144
190.657
191.168
191.678
192.186
192.694
193.2
193.705
194.209
194.712
195.214
195.715
196.214
196.712
197.209
197.705
198.2
198.694
199.186
199.677
200.168
200.657
201.144
201.631
202.117
202.601
203.084
203.566
204.047
204.526
205.004
205.482
205.958
206.432
206.906
207.378
207.85
208.32
208.789
209.257
209.723
210.189
210.653
211.116
211.578
212.038
212.497
212.956
213.412
213.868
214.323
214.776
215.228
215.679
216.128
216.577
217.024
217.47
217.915
218.358
218.8
219.242
219.681
220.12
220.557
220.994
221.429
221.862
222.295
222.726
223.156
223.585
224.013
224.439
224.864
225.288
225.711
226.132
226.553
226.972
227.389
227.806
228.221
228.635
229.048
229.46
229.87
230.279
230.687
231.094
231.499
231.904
232.307
232.709
233.109
233.509
233.907
234.304
234.699
235.094
235.487
235.879
236.269
236.659
237.047
237.434
237.819
238.203
238.587
238.968
239.349
239.728
240.107
240.483
240.859
241.234
241.607
241.979
242.349
242.719
243.087
243.454
243.82
244.184
244.547
244.91
245.27
245.63
245.988
246.345
246.701
247.056
247.409
247.761
248.111
248.461
248.809
249.156
249.502
249.846
250.19
250.532
250.872
251.212
251.55
251.887
252.223
252.557
252.89
253.222
253.552
253.881
254.209
254.536
254.862
255.186
255.509
255.83
256.151
256.47
256.788
257.104
257.42
257.734
258.047
258.358
258.668
258.977
259.285
259.591
259.897
260.2
260.503
260.804
261.104
261.403
261.701
261.997
262.292
262.586
262.878
263.17
263.46
263.748
264.036
264.322
264.607
264.89
265.173
265.454
265.733
266.012
266.289
266.565
266.839
267.112
267.384
267.655
267.925
268.193
268.46
268.725
268.989
269.252
269.514
269.775
270.034
270.292
270.548
270.804
271.058
271.311
271.563
271.813
272.062
272.31
272.557
272.802
273.046
273.289
273.53
273.771
274.009
274.247
274.483
274.718
274.952
275.184
275.416
275.646
275.874
276.102
276.328
276.553
276.777
276.999
277.22
277.44
277.659
277.877
278.093
278.308
278.521
278.734
278.945
279.155
279.364
279.571
279.778
279.983
280.187
280.389
280.591
280.791
280.99
281.187
281.384
281.579
281.773
281.965
282.157
282.347
282.536
282.724
282.91
283.095
283.279
283.462
283.643
283.823
284.002
284.18
284.356
284.531
284.705
284.878
285.049
285.22
285.389
285.557
285.723
285.888
286.053
286.215
286.377
286.537
286.696
286.854
287.011
287.166
287.32
287.473
287.625
287.776
287.925
288.073
288.22
288.365
288.51
288.653
288.795
288.936
289.075
289.213
289.35
289.486
289.621
289.754
289.886
290.018
290.147
290.276
290.403
290.529
290.654
290.778
290.9
291.022
291.142
291.26
291.378
291.494
291.61
291.724
291.837
291.948
292.058
292.168
292.276
292.383
292.488
292.592
292.696
292.798
292.898
292.998
293.096
293.193
293.289
293.384
293.478
293.57
293.661
293.751
293.839
293.926
294.012
294.097
294.181
294.263
294.345
294.425
294.503
294.581
294.658
294.733
294.807
294.88
294.951
295.022
295.091
295.159
295.226
295.292
295.356
295.419
295.481
295.542
295.602
295.66
295.718
295.774
295.829
295.883
295.935
295.987
296.038
296.087
296.135
296.182
296.228
296.272
296.316
296.358
296.399
296.439
296.478
296.515
296.551
296.586
296.62
296.653
296.685
296.716
296.745
296.773
296.8
296.826
296.851
296.875
296.897
296.919
296.939
296.958
296.975
296.992
297.008
297.022
297.035
297.048
297.059
297.068
297.077
297.085
297.091
297.097
297.101
297.104
297.106
297.107
297.106
297.105
297.102
297.099
297.094
297.088
297.081
297.073
297.064
297.053
297.042
297.03
297.016
297.001
296.985
296.968
296.95
296.93
296.91
296.888
296.866
296.842
296.817
296.791
296.764
296.736
296.706
296.676
296.645
296.612
296.579
296.544
296.509
296.472
296.434
296.395
296.355
296.313
296.271
296.228
296.183
296.138
296.091
296.044
295.995
295.945
295.894
295.842
295.789
295.735
295.68
295.624
295.567
295.508
295.449
295.389
295.327
295.264
295.201
295.136
295.07
295.003
294.936
294.867
294.797
294.726
294.654
294.58
294.506
294.431
294.354
294.277
294.198
294.118
294.038
293.956
293.873
293.789
293.704
293.618
293.531
293.443
293.354
293.264
293.173
293.081
292.987
292.893
292.798
292.701
292.604
292.506
292.406
292.306
292.204
292.102
291.998
291.894
291.789
291.682
291.575
291.466
291.357
291.246
291.135
291.022
290.909
290.794
290.679
290.562
290.445
290.326
290.207
290.087
289.965
289.843
289.719
289.595
289.47
289.344
289.216
289.088
288.959
288.828
288.697
288.565
288.432
288.298
288.163
288.027
287.89
287.752
287.613
287.473
287.332
287.19
287.048
286.904
286.759
286.614
286.467
286.32
286.171
286.022
285.872
285.721
285.568
285.415
285.261
285.106
284.95
284.794
284.636
284.477
284.318
284.157
283.996
283.834
283.67
283.506
283.341
283.175
283.009
282.841
282.672
282.503
282.332
282.161
281.989
281.816
281.641
281.466
281.29
281.113
280.935
280.757
280.577
280.397
280.215
280.033
279.85
279.666
279.481
279.295
279.109
278.921
278.733
278.544
278.353
278.162
277.971
277.778
277.584
277.39
277.194
276.998
276.801
276.603
276.404
276.204
276.004
275.802
275.6
275.397
275.193
274.988
274.782
274.576
274.369
274.161
273.952
273.742
273.531
273.319
273.107
272.894
272.68
272.465
272.249
272.033
271.815
271.597
271.378
271.158
270.938
270.716
270.494
270.271
270.047
269.823
269.597
269.371
269.144
268.916
268.688
268.458
268.228
267.997
267.765
267.533
267.3
267.065
266.831
266.595
266.359
266.121
265.883
265.645
265.405
265.165
264.924
264.682
264.44
264.197
263.953
263.708
263.462
263.216
262.968
262.721
262.472
262.222
261.972
261.721
261.47
261.217
260.964
260.711
260.456
260.201
259.944
259.688
259.43
259.172
258.913
258.654
258.393
258.132
257.87
257.608
257.344
257.08
256.816
256.55
256.284
256.018
255.75
255.482
255.213
254.944
254.673
254.402
254.131
253.858
253.585
253.311
253.037
252.762
252.486
252.209
251.932
251.654
251.376
251.096
250.817
250.536
250.255
249.973
249.691
249.408
249.124
248.84
248.554
248.269
247.982
247.695
247.408
247.119
246.83
246.541
246.25
245.959
245.668
245.376
245.083
244.789
244.495
244.201
243.905
243.609
243.313
243.016
242.718
242.42
242.121
241.821
241.521
241.22
240.919
240.617
240.315
240.012
239.708
239.404
239.099
238.794
238.488
238.181
237.874
237.567
237.258
236.949
236.64
236.33
236.019
235.708
235.396
235.083
234.77
234.457
234.143
233.828
233.513
233.197
232.881
232.564
232.246
231.928
231.61
231.291
230.971
230.651
230.33
230.009
229.687
229.365
229.042
228.718
228.394
228.07
227.745
227.419
227.093
226.767
226.439
226.112
225.784
225.455
225.126
224.796
224.466
224.136
223.805
223.473
223.141
222.809
222.475
222.142
221.808
221.473
221.138
220.802
220.466
220.13
219.793
219.455
219.118
218.779
218.44
218.101
217.761
217.42
217.08
216.738
216.397
216.055
215.712
215.369
215.025
214.681
214.336
213.991
213.646
213.3
212.953
212.606
212.259
211.911
211.563
211.215
210.866
210.516
210.166
209.816
209.465
209.114
208.762
208.41
208.058
207.705
207.352
206.998
206.644
206.289
205.934
205.579
205.223
204.867
204.51
204.153
203.796
203.438
203.08
202.721
202.362
202.003
201.643
201.283
200.923
200.562
200.201
199.84
199.478
199.116
198.753
198.391
198.027
197.664
197.3
196.936
196.571
196.206
195.84
195.474
195.108
194.742
194.375
194.008
193.64
193.273
192.905
192.536
192.167
191.798
191.429
191.059
190.689
190.319
189.948
189.577
189.205
188.834
188.461
188.089
187.716
187.343
186.97
186.596
186.222
185.848
185.473
185.098
184.723
184.348
183.972
183.596
183.219
182.843
182.466
182.089
181.711
181.334
180.956
180.578
180.199
179.82
179.442
179.062
178.683
178.303
177.924
177.544
177.163
176.783
176.402
176.022
175.64
175.259
174.877
174.495
174.113
173.73
173.348
172.965
172.581
172.198
171.814
171.43
171.046
170.662
170.277
169.893
169.508
169.123
168.738
168.352
167.966
167.581
167.195
166.809
166.422
166.036
165.649
165.262
164.875
164.488
164.101
163.713
163.325
162.937
162.549
162.161
161.772
161.383
160.995
160.605
160.216
159.826
159.437
159.047
158.657
158.267
157.876
157.486
157.095
156.704
156.313
155.922
155.531
155.14
154.748
154.356
153.964
153.572
153.18
152.788
152.395
152.003
151.61
151.217
150.824
150.43
150.037
149.644
149.25
148.856
148.463
148.069
147.675
147.281
146.886
146.492
146.098
145.703
145.308
144.914
144.519
144.124
143.729
143.334
142.939
142.544
142.149
141.754
141.358
140.963
140.567
140.172
139.776
139.38
138.985
138.589
138.193
137.797
137.401
137.005
136.609
136.212
135.816
135.42
135.024
134.627
134.231
133.834
133.438
133.041
132.644
132.247
131.851
131.454
131.057
130.66
130.263
129.866
129.469
129.071
128.674
128.277
127.88
127.482
127.085
126.688
126.29
125.893
125.495
125.098
124.701
124.303
123.906
123.508
123.111
122.713
122.316
121.918
121.521
121.123
120.726
120.328
119.931
119.534
119.136
118.739
118.341
117.944
117.547
117.149
116.752
116.355
115.957
115.56
115.163
114.766
114.369
113.971
113.574
113.176
112.778
112.38
111.982
111.584
111.186
110.788
110.39
109.993
109.595
109.197
108.8
108.402
108.005
107.608
107.211
106.813
106.416
106.019
105.622
105.225
104.828
104.431
104.035
103.638
103.241
102.845
102.448
102.052
101.656
101.259
100.863
100.467
100.071
99.6755
99.2798
98.8842
98.4887
98.0932
97.6979
97.3027
96.9076
96.5126
96.1178
95.723
95.3285
94.934
94.5397
94.1454
93.7513
93.3574
92.9635
92.5698
92.1762
91.7827
91.3893
90.996
90.6029
90.2098
89.8168
89.424
89.0314
88.6388
88.2463
87.854
87.4618
87.0697
86.6778
86.286
85.8943
85.5128
85.1315
84.7503
84.3692
83.9882
83.6074
83.2266
82.846
82.4655
82.0852
81.7051
81.325
80.9451
80.5654
80.1857
79.8063
79.4271
79.048
78.6691
78.2904
77.9118
77.5333
77.1551
76.7769
76.399
76.0213
75.6437
75.2663
74.8891
74.512
74.135
73.7583
73.3818
73.0054
72.6293
72.2534
71.8777
71.5021
71.1267
70.7515
70.3764
70.0016
69.627
69.2525
68.8782
68.5042
68.1304
67.7568
67.3833
67.0101
66.6371
66.2643
65.8917
65.5193
65.1472
64.7752
64.4035
64.0319
63.6606
63.2895
62.9185
62.5479
62.1775
61.8074
61.4375
61.0678
60.6983
60.3291
59.9601
59.5913
59.2227
58.8545
58.4865
58.1187
57.7512
57.3839
57.0169
56.6502
56.2837
55.9176
55.5517
55.1861
54.8209
54.4559
54.0912
53.7275
53.364
53.0009
52.638
52.2754
51.913
51.5508
51.189
50.8274
50.4661
50.1051
49.7443
49.3838
49.0236
48.6635
48.3038
47.9443
47.585
47.2261
46.8674
46.5091
46.1509
45.793
45.4354
45.0781
44.7212
44.3645
44.0081
43.652
43.2963
42.9408
42.5856
42.2307
41.876
41.5215
41.1674
40.8135
40.46
40.1068
39.7539
39.4012
39.0489
38.6968
38.3449
37.9934
37.6422
37.2913
36.9406
36.5902
36.2401
35.8904
35.541
35.192
34.8434
34.495
34.147
33.7994
33.4522
33.1051
32.7584
32.412
32.0661
31.7204
31.375
31.03
30.6853
30.341
29.9971
29.6535
29.3103
28.9674
28.6248
28.2826
27.9408
27.5993
27.2582
26.9174
26.577
26.2369
25.8971
25.5578
25.2187
24.8801
24.5418
24.2039
23.8663
23.529
23.1922
22.8557
22.5197
22.1841
21.8488
21.5139
21.1793
20.8451
20.5113
20.1779
19.8448
19.512
19.1796
18.8506
18.5221
18.194
17.8662
17.5388
17.2117
16.8851
16.5588
16.233
15.9075
15.5824
15.2576
14.9332
14.6093
14.2857
13.9625
13.6396
13.3171
12.995
12.6733
12.3519
12.0309
11.7103
11.3901
11.0703
10.7509
10.4318
10.1132
9.79498
9.47716
9.15975
8.84268
8.52597
8.20967
7.89379
7.57838
7.26308
6.94815
6.63367
6.31956
6.00584
5.69255
5.3797
5.06726
4.75524
4.44372
4.13258
3.82185
3.51154
3.20168
2.89229
2.58336
2.2748
1.96666
1.65892
1.35163
1.04484
0.738485
0.432596
0.127117
0.17792
0.48254
0.786769
1.09056
1.3939
1.69679
1.99927
2.30131
2.60289
2.90411
3.20486
3.5052
3.80513
4.1046
4.40359
4.70216
5.00026
5.29783
5.59496
5.89162
6.18783
6.48361
6.77893
7.07382
7.36828
7.6623
7.95583
8.24895
8.54161
8.83384
9.12559
9.41696
9.70783
9.99827
10.2883
10.5779
10.8671
11.1559
11.4441
11.7319
12.0192
12.3061
12.5924
12.8784
13.1638
13.4489
13.7335
14.0176
14.3013
14.5843
14.8668
15.1486
15.43
15.711
15.9953
16.2792
16.5626
16.8454
17.1278
17.4098
17.6912
17.9722
18.2528
18.5328
18.8122
19.0912
19.3696
19.6476
19.9251
20.2022
20.4788
20.7549
21.0306
21.3057
21.5815
21.8568
22.1317
22.406
22.6797
22.9531
23.2259
23.4981
23.7699
24.0412
24.312
24.5823
24.8521
25.1215
25.3904
25.6587
25.9265
26.1938
26.4607
26.727
26.9928
27.258
27.5226
27.7867
28.0504
28.3134
28.5759
28.838
29.0995
29.3605
29.6209
29.8808
30.1402
30.399
30.6574
30.9152
31.1726
31.4294
31.6857
31.9414
32.1966
32.4513
32.7055
32.9592
33.2124
33.4651
33.7172
33.9688
34.22
34.4706
34.7206
34.9701
35.2192
35.4677
35.7158
35.9633
36.2103
36.4567
36.8021
37.1469
37.491
37.8345
38.1773
38.5195
38.8611
39.202
39.5423
39.882
40.2211
40.5596
40.8975
41.2347
41.5713
41.9072
42.2426
42.5773
42.9113
43.2447
43.5775
43.9097
44.2412
44.5721
44.9022
45.2316
45.5603
45.8884
46.2159
46.5426
46.8688
47.1944
47.5193
47.8434
48.1668
48.4896
48.8116
49.133
49.4537
49.7737
50.0931
50.4118
50.7299
51.0473
51.364
51.68
51.9954
52.3101
52.6242
52.9377
53.2505
53.5627
53.8741
54.1849
54.4951
54.8046
55.1134
55.4215
55.729
56.0358
56.3419
56.6473
56.952
57.2561
57.5596
57.8624
58.1645
58.466
58.7667
59.0667
59.366
59.6646
59.9625
60.2598
60.5563
60.8521
61.1472
61.4417
61.7355
62.0286
62.321
62.6127
62.9037
63.1939
63.4835
63.7722
64.0602
64.3476
64.6343
64.9202
65.2055
65.4901
65.7739
66.057
66.3395
66.6212
66.9024
67.1828
67.4625
67.7415
68.0198
68.2974
68.5743
68.8505
69.1261
69.4009
69.6752
69.9487
70.2214
70.4935
70.7649
71.0355
71.3054
71.5747
71.8432
72.111
72.3782
72.6446
72.9104
73.1754
73.4398
73.7035
73.9663
74.2286
74.4901
74.7509
75.0109
75.2703
75.5289
75.7868
76.044
76.3004
76.5561
76.8111
77.0653
77.3188
77.5715
77.8235
78.0748
78.3255
78.5754
78.8246
79.0731
79.3208
79.5679
79.8142
80.0598
80.3048
80.549
80.7924
81.0352
81.2772
81.5185
81.7591
81.999
82.2382
82.4767
82.7144
82.9513
83.1875
83.4229
83.6576
83.8916
84.1249
84.3574
84.5893
84.8204
85.0508
85.2806
85.5096
85.7379
85.9655
86.1924
86.4186
86.6441
86.8688
87.0929
87.3162
87.5388
87.7605
87.9816
88.202
88.4216
88.6406
88.8588
89.0763
89.293
89.509
89.7242
89.9386
90.1524
90.3654
90.5777
90.7892
91
91.21
91.4193
91.6278
91.8356
92.0427
92.2491
92.4547
92.6595
92.8637
93.0671
93.2698
93.4718
93.673
93.8735
94.0733
94.2723
94.4705
94.668
94.8647
95.0607
95.2558
95.4504
95.6441
95.8371
96.0294
96.2209
96.4118
96.602
96.7915
96.9802
97.1682
97.3554
97.542
97.7278
97.9129
98.0972
98.2809
98.4638
98.646
98.8274
99.0081
99.1881
99.3673
99.5457
99.7233
99.9003
100.076
100.252
100.427
100.6
100.774
100.946
101.118
101.289
101.459
101.629
101.797
101.965
102.133
102.299
102.465
102.63
102.795
102.958
103.122
103.284
103.445
103.606
103.766
103.925
104.084
104.241
104.398
104.554
104.71
104.864
105.018
105.172
105.324
105.476
105.627
105.777
105.926
106.075
106.223
106.371
106.517
106.663
106.808
106.953
107.097
107.24
107.382
107.524
107.664
107.805
107.944
108.083
108.221
108.358
108.495
108.631
108.766
108.9
109.034
109.167
109.299
109.431
109.561
109.691
109.82
109.949
110.077
110.204
110.33
110.456
110.58
110.704
110.828
110.95
111.072
111.193
111.314
111.434
111.553
111.671
111.788
111.905
112.021
112.136
112.251
112.365
112.478
112.59
112.701
112.812
112.922
113.032
113.14
113.248
113.356
113.462
113.568
113.674
113.778
113.882
113.985
114.088
114.189
114.29
114.39
114.49
114.589
114.687
114.784
114.88
114.976
115.071
115.165
115.259
115.352
115.444
115.536
115.626
115.716
115.806
115.894
115.982
116.07
116.156
116.242
116.327
116.411
116.498
116.583
116.668
116.752
116.835
116.918
117
117.081
117.162
117.242
117.321
117.399
117.477
117.554
117.63
117.705
117.78
117.854
117.927
118
118.072
118.143
118.213
118.283
118.352
118.421
118.488
118.555
118.622
118.687
118.752
118.816
118.879
118.942
119.004
119.065
119.126
119.186
119.245
119.303
119.361
119.418
119.474
119.53
119.585
119.64
119.693
119.746
119.798
119.85
119.901
119.951
120.001
120.049
120.097
120.145
120.191
120.237
120.282
120.327
120.371
120.414
120.456
120.498
120.539
120.58
120.619
120.658
120.697
120.734
120.771
120.807
120.843
120.878
120.912
120.945
120.978
121.01
121.041
121.072
121.102
121.131
121.16
121.188
121.215
121.241
121.267
121.293
121.317
121.341
121.365
121.387
121.409
121.431
121.452
121.472
121.491
121.51
121.528
121.545
121.561
121.577
121.593
121.607
121.621
121.635
121.647
121.659
121.671
121.681
121.691
121.701
121.709
121.717
121.725
121.731
121.737
121.743
121.747
121.751
121.754
121.757
121.759
121.76
121.761
121.761
121.761
121.759
121.757
121.755
121.752
121.748
121.744
121.739
121.733
121.727
121.72
121.712
121.704
121.695
121.685
121.675
121.664
121.653
121.64
121.628
121.614
121.6
121.585
121.57
121.554
121.538
121.52
121.503
121.484
121.465
121.445
121.425
121.404
121.382
121.36
121.337
121.314
121.29
121.265
121.24
121.214
121.187
121.16
121.132
121.104
121.075
121.046
121.015
120.985
120.953
120.921
120.889
120.855
120.822
120.787
120.752
120.716
120.68
120.643
120.606
120.568
120.529
120.49
120.45
120.409
120.368
120.327
120.285
120.242
120.199
120.155
120.11
120.065
120.02
119.973
119.926
119.879
119.831
119.782
119.733
119.683
119.632
119.581
119.529
119.477
119.424
119.37
119.316
119.261
119.206
119.15
119.094
119.036
118.979
118.92
118.861
118.802
118.742
118.681
118.62
118.558
118.495
118.432
118.368
118.304
118.24
118.174
118.108
118.042
117.975
117.908
117.839
117.771
117.702
117.632
117.562
117.491
117.419
117.347
117.275
117.201
117.128
117.053
116.978
116.903
116.827
116.751
116.674
116.596
116.518
116.439
116.36
116.28
116.199
116.118
116.037
115.955
115.872
115.789
115.705
115.62
115.536
115.45
115.364
115.278
115.191
115.104
115.016
114.927
114.838
114.749
114.659
114.568
114.477
114.385
114.293
114.2
114.107
114.013
113.919
113.824
113.729
113.633
113.537
113.44
113.343
113.245
113.147
113.048
112.949
112.849
112.748
112.647
112.546
112.444
112.342
112.239
112.135
112.031
111.927
111.822
111.717
111.611
111.504
111.397
111.29
111.182
111.074
110.965
110.856
110.746
110.636
110.525
110.414
110.303
110.19
110.078
109.965
109.851
109.737
109.623
109.508
109.393
109.277
109.161
109.044
108.927
108.81
108.692
108.574
108.455
108.336
108.216
108.096
107.975
107.854
107.733
107.611
107.488
107.366
107.242
107.119
106.994
106.87
106.745
106.619
106.493
106.367
106.24
106.112
105.984
105.856
105.727
105.598
105.468
105.338
105.207
105.076
104.944
104.812
104.68
104.546
104.413
104.279
104.145
104.01
103.874
103.739
103.602
103.466
103.329
103.191
103.053
102.915
102.776
102.636
102.497
102.357
102.216
102.075
101.934
101.792
101.65
101.507
101.364
101.22
101.076
100.932
100.787
100.642
100.496
100.35
100.203
100.056
99.9089
99.7611
99.6129
99.4644
99.3154
99.1661
99.0165
98.8665
98.7161
98.5652
98.414
98.2623
98.1091
97.9555
97.8015
97.6472
97.4925
97.3375
97.182
97.0261
96.8698
96.7131
96.556
96.3985
96.2407
96.0825
95.924
95.7651
95.6059
95.4462
95.2861
95.1256
94.9647
94.8034
94.6417
94.4797
94.3173
94.1546
93.9913
93.8278
93.6639
93.4996
93.335
93.1701
93.0047
92.8391
92.673
92.5066
92.3398
92.1727
92.0052
91.8373
91.6691
91.5006
91.3317
91.1624
90.9928
90.8228
90.6525
90.4818
90.3108
90.1394
89.9677
89.7955
89.623
89.4502
89.2771
89.1037
88.93
88.7559
88.5815
88.4067
88.2316
88.0562
87.8805
87.7045
87.5281
87.3514
87.1743
86.997
86.8193
86.6412
86.4629
86.2843
86.1054
85.9263
85.7469
85.5672
85.3872
85.2068
85.0262
84.8454
84.6642
84.4828
84.3011
84.1191
83.9368
83.7542
83.5713
83.3882
83.2048
83.0211
82.8371
82.6527
82.468
82.2829
82.0976
81.9119
81.726
81.5397
81.3531
81.1664
80.9793
80.7919
80.6043
80.4163
80.2282
80.0397
79.8509
79.6619
79.4726
79.2831
79.0933
78.9032
78.7129
78.5223
78.3315
78.1405
77.9492
77.7577
77.5658
77.3737
77.1813
76.9887
76.7958
76.6026
76.4092
76.2156
76.0217
75.8275
75.633
75.4381
75.2429
75.0475
74.8518
74.6559
74.4597
74.2632
74.0665
73.8695
73.6723
73.4749
73.2771
73.079
72.8807
72.6822
72.4834
72.2843
72.085
71.8853
71.6854
71.4852
71.2848
71.0842
70.8834
70.6824
70.4812
70.2798
70.0781
69.8762
69.6742
69.472
69.2694
69.0667
68.8637
68.6605
68.4571
68.2534
68.0494
67.8453
67.6409
67.4364
67.2317
67.0268
66.8217
66.6164
66.4109
66.2052
65.9993
65.7933
65.5871
65.3806
65.174
64.9671
64.7601
64.5528
64.3453
64.1377
63.9299
63.7218
63.5136
63.3051
63.0965
62.8877
62.6787
62.4696
62.2603
62.0508
61.841
61.6311
61.4209
61.2107
61.0003
60.7897
60.5789
60.3679
60.1568
59.9454
59.7338
59.5221
59.3102
59.0981
58.8859
58.6735
58.461
58.2483
58.0354
57.8224
57.6093
57.396
57.1826
56.969
56.7553
56.5415
56.3274
56.1133
55.899
55.6846
55.47
55.2553
55.0404
54.8254
54.6102
54.3949
54.1795
53.964
53.7483
53.5325
53.3167
53.1007
52.8845
52.6683
52.4519
52.2354
52.0187
51.8018
51.5848
51.3677
51.1505
50.9331
50.7156
50.498
50.2803
50.0624
49.8444
49.6263
49.4082
49.1899
48.9715
48.7529
48.5343
48.3156
48.0967
47.8778
47.6587
47.4395
47.2202
47.0007
46.7812
46.5615
46.3418
46.1219
45.9018
45.6817
45.4616
45.2413
45.021
44.8007
44.5803
44.3597
44.1391
43.9183
43.6975
43.4765
43.2555
43.0344
42.8131
42.5919
42.3707
42.1493
41.9277
41.7061
41.4845
41.2628
41.0411
40.8192
40.5973
40.3753
40.1532
39.9311
39.7088
39.4865
39.2641
39.0417
38.8194
38.5971
38.3746
38.1521
37.9296
37.707
37.4845
37.2619
37.0393
36.8165
36.5936
36.3707
36.1477
35.9246
35.7015
35.4782
35.2549
35.0316
34.8082
34.5848
34.3613
34.1378
33.9143
33.6907
33.467
33.2434
33.0196
32.7958
32.5719
32.348
32.1239
31.8999
31.6757
31.4516
31.2275
31.0034
30.7792
30.5551
30.3309
30.1067
29.8824
29.6581
29.4337
29.2094
28.985
28.7608
28.5365
28.3122
28.088
27.8637
27.6393
27.415
27.1906
26.9663
26.7421
26.5178
26.2935
26.0692
25.8448
25.6205
25.3961
25.1718
24.9475
24.7232
24.4988
24.2745
24.0502
23.8259
23.6016
23.3773
23.153
22.9287
22.7043
22.48
22.2555
22.0261
21.7967
21.5674
21.338
21.1087
20.8794
20.6501
20.4208
20.1916
19.9623
19.7331
19.5038
19.2746
19.0455
18.8164
18.5872
18.3582
18.1292
17.9003
17.6713
17.4422
17.2132
16.9842
16.7553
16.5264
16.2976
16.0688
15.8401
15.6115
15.3829
15.1543
14.9258
14.6974
14.4689
14.2405
14.0122
13.784
13.5558
13.3276
13.0995
12.8714
12.6433
12.4153
12.1872
11.9593
11.7314
11.5036
11.2759
11.0482
10.8205
10.5928
10.3652
10.1377
9.91023
9.68287
9.45561
9.22839
9.00121
8.77406
8.54694
8.31987
8.09287
7.86597
7.63913
7.4124
7.18576
6.95916
6.73267
6.50628
6.27991
6.0536
5.82738
5.60123
5.37516
5.14917
4.92323
4.69735
4.47154
4.24579
4.02014
3.79458
3.56909
3.3437
3.1184
2.89319
2.66809
2.44314
2.21824
1.99349
1.76875
1.54415
1.31958
1.09507
0.870819
0.646677
0.422646
0.198473
0.0255982
0.249614
0.473526
0.697309
0.920988
1.14457
1.36806
1.59137
1.81451
2.03751
2.26041
2.48314
2.70581
2.92838
3.15082
3.37314
3.59536
3.81742
4.03914
4.26077
4.48225
4.70365
4.92492
5.14608
5.36711
5.58802
5.80878
6.02938
6.24985
6.47017
6.69035
6.91044
7.13042
7.35021
7.56983
7.78934
8.00873
8.22798
8.44707
8.66599
8.88475
9.10334
9.32178
9.54014
9.75838
9.9765
10.1946
10.4125
10.6302
10.8478
11.0653
11.2826
11.4998
11.7169
11.9338
12.1505
12.3672
12.5836
12.8001
13.0163
13.2324
13.4483
13.6641
13.8797
14.095
14.3102
14.5253
14.7402
14.9549
15.1693
15.3836
15.5977
15.8116
16.0254
16.239
16.4524
16.6651
16.8775
17.0898
17.3019
17.5138
17.7255
17.937
18.1482
18.3594
18.5704
18.7812
18.9919
19.2023
19.4126
19.6227
19.8326
20.0424
20.252
20.4615
20.6707
20.8798
21.0886
21.2972
21.5057
21.7139
21.9218
22.1296
22.3373
22.5448
22.7521
22.9592
23.1662
23.373
23.5797
23.7862
23.9926
24.1988
24.4048
24.6104
24.8159
25.0211
25.2262
25.4311
25.6358
25.8403
26.0447
26.2489
26.4529
26.6567
26.8603
27.0638
27.2671
27.4611
27.6549
27.8485
28.0399
28.231
28.4219
28.6127
28.8032
28.9935
29.1836
29.3736
29.5633
29.7529
29.9422
30.1313
30.3201
30.5088
30.6972
30.8855
31.0736
31.2615
31.4492
31.6367
31.824
32.0111
32.198
32.3847
32.5712
32.7575
32.9437
33.1296
33.3153
33.5007
33.686
33.8712
34.056
34.2407
34.4251
34.6093
34.7934
34.9771
35.1607
35.344
35.527
35.7098
35.8923
36.0744
36.2561
36.4376
36.6189
36.8
36.9808
37.1614
37.3417
37.5218
37.7017
37.8813
38.0608
38.24
38.4191
38.5979
38.7765
38.9548
39.133
39.3109
39.4886
39.6659
39.8431
40.02
40.1967
40.3732
40.5495
40.7255
40.9013
41.0769
41.2523
41.4275
41.6024
41.7771
41.9516
42.1257
42.2996
42.4731
42.6465
42.8196
42.9925
43.1652
43.3377
43.5098
43.6816
43.8533
44.0247
44.1959
44.3668
44.5376
44.708
44.8783
45.0483
45.218
45.3875
45.5566
45.7254
45.894
46.0624
46.2306
46.3985
46.5661
46.7337
46.9011
47.0683
47.2351
47.4017
47.568
47.7342
47.9001
48.0658
48.2312
48.3964
48.5613
48.7258
48.8902
49.0542
49.218
49.3815
49.5448
49.7093
49.8735
50.0374
50.201
50.3643
50.5274
50.6903
50.8529
51.0152
51.1772
51.3389
51.5003
51.6615
51.8224
51.9831
52.1436
52.3038
52.4637
52.6234
52.7828
52.9419
53.1008
53.2594
53.4177
53.5757
53.7335
53.891
54.0482
54.2051
54.3617
54.518
54.674
54.8297
54.9851
55.1403
55.2952
55.4498
55.6042
55.7583
55.912
56.0655
56.2188
56.3718
56.5245
56.6768
56.8288
56.9806
57.132
57.2832
57.4341
57.5848
57.7351
57.8851
58.0349
58.1844
58.3335
58.4824
58.631
58.7793
58.9273
59.0749
59.2223
59.3694
59.5162
59.6627
59.809
59.9549
60.1005
60.2458
60.3908
60.5355
60.6798
60.8239
60.9676
61.111
61.2541
61.3969
61.5394
61.6815
61.8235
61.9651
62.1064
62.2473
62.388
62.5283
62.6684
62.8081
62.9474
63.0865
63.2253
63.3639
63.5021
63.64
63.7777
63.9151
64.0521
64.1888
64.3251
64.4612
64.597
64.7325
64.8677
65.0027
65.1373
65.2716
65.4057
65.5395
65.6731
65.8064
65.9394
66.0721
66.2045
66.3366
66.4684
66.5999
66.7311
66.8619
66.9925
67.1226
67.2525
67.3822
67.5115
67.6406
67.7694
67.8978
68.0259
68.1536
68.281
68.4081
68.5349
68.6615
68.7876
68.9134
69.0389
69.1641
69.289
69.4136
69.5379
69.6618
69.7855
69.9089
70.0321
70.1549
70.2775
70.3997
70.5217
70.6435
70.7649
70.886
71.0068
71.1273
71.2476
71.3674
71.487
71.6063
71.7253
71.844
71.9624
72.0804
72.1981
72.3156
72.4328
72.5497
72.6663
72.7824
72.8983
73.0137
73.129
73.2439
73.3584
73.4726
73.5865
73.6999
73.8132
73.926
74.0386
74.1508
74.2628
74.3744
74.4856
74.5966
74.7073
74.8177
74.9278
75.0375
75.1469
75.2561
75.3649
75.4735
75.5818
75.6898
75.7975
75.9049
76.0119
76.1187
76.2251
76.3312
76.437
76.5424
76.6476
76.7525
76.8571
76.9613
77.0651
77.1686
77.2718
77.3746
77.4771
77.5792
77.681
77.7825
77.8837
77.9844
78.0848
78.1848
78.2846
78.3841
78.4832
78.5821
78.6807
78.779
78.8769
78.9744
79.0717
79.1685
79.2651
79.3613
79.4571
79.5526
79.6479
79.7427
79.8373
79.9314
80.0253
80.1188
80.212
80.3049
80.3974
80.4896
80.5814
80.6729
80.7641
80.8549
80.9454
81.0356
81.1255
81.2149
81.304
81.3928
81.4813
81.5693
81.6571
81.7445
81.8316
81.9183
82.0047
82.0907
82.1764
82.2619
82.347
82.4318
82.5163
82.6004
82.6843
82.7677
82.8508
82.9336
83.016
83.0982
83.1799
83.2614
83.3425
83.4234
83.5039
83.5841
83.6639
83.7434
83.8226
83.9014
83.98
84.0582
84.1362
84.2137
84.2909
84.3678
84.4444
84.5205
84.5963
84.6718
84.747
84.8219
84.8964
84.9706
85.0445
85.1181
85.1912
85.264
85.3365
85.4086
85.4804
85.5519
85.6231
85.6939
85.7644
85.8346
85.9045
85.974
86.0433
86.1123
86.1809
86.2492
86.3171
86.3846
86.4519
86.5189
86.5856
86.6519
86.718
86.7837
86.8491
86.9142
86.9789
87.0432
87.1073
87.171
87.2344
87.2975
87.3603
87.4227
87.4847
87.5464
87.6078
87.6689
87.7295
87.7899
87.85
87.9097
87.9691
88.0282
88.0869
88.1453
88.2034
88.2611
88.3185
88.3756
88.4322
88.4884
88.5444
88.6
88.6553
88.7101
88.7647
88.8189
88.8729
88.9265
88.9798
89.0328
89.0854
89.1378
89.1897
89.2413
89.2927
89.3437
89.3944
89.4447
89.4946
89.5443
89.5937
89.6428
89.6916
89.74
89.7882
89.836
89.8835
89.9307
89.9776
90.0242
90.0704
90.1163
90.162
90.2072
90.2521
90.2968
90.3411
90.3851
90.4289
90.4723
90.5155
90.5583
90.6008
90.6428
90.6846
90.7261
90.7672
90.8081
90.8485
90.8887
90.9284
90.9679
91.007
91.0458
91.0843
91.1224
91.1602
91.1976
91.2347
91.2714
91.3078
91.3439
91.3797
91.4152
91.4504
91.4852
91.5198
91.5541
91.588
91.6216
91.6549
91.6879
91.7206
91.7529
91.785
91.8168
91.8482
91.8793
91.91
91.9404
91.9705
92.0003
92.0298
92.0589
92.0877
92.1162
92.1444
92.1724
92.2
92.2273
92.2543
92.281
92.3073
92.3333
92.359
92.3843
92.4094
92.4341
92.4585
92.4826
92.5064
92.5298
92.553
92.5759
92.5985
92.6209
92.6428
92.6644
92.6858
92.7067
92.7275
92.7479
92.768
92.7877
92.807
92.8261
92.8448
92.8631
92.8812
92.8989
92.9163
92.9334
92.9503
92.9668
92.983
92.999
93.0147
93.03
93.0451
93.0598
93.0742
93.0884
93.1022
93.1157
93.129
93.1418
93.1544
93.1667
93.1786
93.1903
93.2017
93.2127
93.2234
93.2337
93.2438
93.2535
93.2629
93.272
93.2808
93.2894
93.2976
93.3056
93.3132
93.3206
93.3277
93.3345
93.3411
93.3473
93.3533
93.359
93.3644
93.3695
93.3744
93.3789
93.3832
93.3871
93.3906
93.3939
93.3969
93.3996
93.402
93.4041
93.406
93.4075
93.4086
93.4096
93.4101
93.4104
93.4103
93.41
93.4094
93.4085
93.4073
93.4058
93.404
93.4019
93.3995
93.397
93.3942
93.391
93.3876
93.3839
93.3799
93.3755
93.3708
93.3659
93.3607
93.3551
93.3493
93.3432
93.3367
93.33
93.323
93.3157
93.3082
93.3004
93.2924
93.2842
93.2756
93.2667
93.2576
93.2482
93.2385
93.2285
93.2183
93.2077
93.1969
93.1857
93.1744
93.1627
93.1508
93.1387
93.1262
93.1134
93.1004
93.087
93.0734
93.0596
93.0456
93.0312
93.0166
93.0017
92.9866
92.9713
92.9556
92.9397
92.9235
92.907
92.8903
92.8733
92.8561
92.8387
92.821
92.8031
92.7848
92.7663
92.7476
92.7284
92.709
92.6894
92.6695
92.6495
92.6291
92.6084
92.5874
92.5662
92.5446
92.5226
92.5005
92.478
92.4553
92.4322
92.4088
92.3852
92.3614
92.3373
92.3128
92.2882
92.2632
92.2379
92.2124
92.1867
92.1606
92.1342
92.1075
92.0807
92.0536
92.0262
91.9985
91.9706
91.9424
91.9141
91.8856
91.8568
91.8278
91.7985
91.769
91.7392
91.7093
91.6791
91.6486
91.6178
91.5868
91.5555
91.5239
91.492
91.4598
91.4273
91.3946
91.3617
91.3286
91.2952
91.2616
91.2278
91.1937
91.1594
91.1248
91.0901
91.055
91.0198
90.9842
90.9483
90.9122
90.8758
90.8392
90.8023
90.7652
90.7279
90.6902
90.6522
90.614
90.5755
90.5367
90.4977
90.4584
90.419
90.3792
90.3392
90.299
90.2586
90.2179
90.177
90.1359
90.0945
90.053
90.0112
89.9692
89.9268
89.8843
89.8415
89.7984
89.7552
89.7117
89.6679
89.6238
89.5795
89.535
89.4902
89.4452
89.4
89.3545
89.3088
89.2629
89.2166
89.1702
89.1235
89.0765
89.0293
88.9819
88.9341
88.8862
88.838
88.7895
88.7408
88.6917
88.6424
88.5929
88.5431
88.4931
88.4428
88.3923
