0.03 0.09 0.15 0.21 0.27 0.33 0.39 0.45 0.51 0.57 0.63 0.69 0.75 0.81 0.87 0.93 0.99 1.05 1.11 1.17 1.23 1.29 1.35 1.41 1.47 1.53 1.59 1.65 1.71 1.77 1.83 1.89 1.95 2.01 2.07 2.13 2.19 2.25 2.31 2.37 2.43 2.49 2.55 2.61 2.67 2.73 2.79 2.85 2.91 2.97 3.03 3.09 3.15 3.21 3.27 3.33 3.39 3.45 3.51 3.57 3.63 3.69 3.75 3.81 3.87 3.93 3.99 4.05 4.11 4.17 4.23 4.29 4.35 4.41 4.47 4.53 4.59 4.65 4.71 4.77 4.83 4.89 4.95 5.01 5.07 5.13 5.19 5.25 5.31 5.37 5.43 5.49 5.55 5.61 5.67 5.73 5.79 5.85 5.91 5.97 
0 0 0 0 0 0 0 0 0 0 0 0 0 0 0 0 0 0 0.0414 0.3604 1.2196 2.369 2.437 1.9168 1.6708 0.9802 0.5946 0.4932 0.2528 0.126 0.0594 0.0472 0.0192 0.0082 0.0032 0.0024 0 0 0.0032 0.0504 0.2346 0.5434 0.84 1.2348 1.7306 1.4778 1.1862 1.0002 0.6852 0.5884 0.3886 0.2574 0.1752 0.1508 0.1168 0.0828 0.0224 0.004 0.0042 0.0128 0.046 0.1552 0.263 0.3678 0.5292 0.8302 1.0312 1.1242 1.1334 0.996 0.6944 0.5058 0.3808 0.2622 0.1674 0.2238 0.1144 0.086 0.041 0.003 0.0132 0.037 0.0632 0.0976 0.1954 0.2238 0.4558 0.4182 0.6678 0.7714 0.7546 0.818 0.659 0.684 0.384 0.291 0.2036 0.1956 0.1562 0.048 
0 0 0 0 0 0 0 0 0 0 0 0 0 0 0 0 0 0 0.016 0.2516 1.2256 2.2756 2.6586 2.5306 1.7758 1.4546 0.9064 0.3954 0.2072 0.1618 0.0422 0.0264 0.0264 0.0458 0 0 0 0 0 0.0086 0.222 0.482 0.8438 1.2176 1.4022 1.6214 1.5188 1.317 1.199 0.7814 0.5148 0.3772 0.2114 0.117 0.1044 0.03 0.0212 0.0102 0 0 0.034 0.0902 0.2728 0.3074 0.4534 0.796 0.9376 1.0926 1.0642 1.2 0.99 0.8162 0.5742 0.5258 0.3234 0.2684 0.1296 0.0792 0.0418 0.0032 0.006 0.0192 0.0648 0.1396 0.1328 0.1498 0.3262 0.3994 0.5274 0.7158 0.79 0.8092 0.8676 0.7696 0.6584 0.4738 0.4264 0.2804 0.2656 0.1156 
0 0 0 0 0 0 0 0 0 0 0 0 0 0 0 0 0 0 0.0138 0.3124 1.2798 2.3968 2.8482 2.5248 1.776 1.141 0.7186 0.3434 0.2398 0.1434 0.0658 0.083 0.084 0.0208 0.0084 0 0 0 0 0.0306 0.148 0.434 0.8496 1.457 1.6164 1.7552 1.6588 1.3384 0.8436 0.5838 0.4578 0.354 0.1354 0.0594 0.1224 0.0626 0.0586 0.0206 0.0138 0 0 0.0558 0.1836 0.393 0.5168 0.9154 1.044 1.2516 1.2264 1.111 0.9822 0.744 0.542 0.2934 0.2336 0.1408 0.1274 0.0996 0.054 0.0364 0.037 0.012 0 0.0324 0.0922 0.2594 0.4342 0.4694 0.7074 0.8122 0.7904 0.9118 0.9844 0.7296 0.4788 0.4258 0.3144 0.2004 0.1496 0.0608 
0 0 0 0 0 0 0 0 0 0 0 0 0 0 0 0 0 0 0.0224 0.247 1.37 2.5428 2.8228 2.3268 1.8408 1.2612 0.6454 0.2656 0.245 0.2402 0.0708 0.0538 0.0386 0.0068 0 0 0 0 0.0122 0.0498 0.1664 0.458 0.8778 1.2936 1.648 1.9304 1.6236 1.2306 0.8084 0.5674 0.3068 0.3196 0.3124 0.2252 0.0896 0.0436 0.0366 0 0.0084 0.0132 0.0378 0.052 0.1142 0.348 0.6262 0.8282 1.2006 1.2242 1.1456 1.1276 0.9744 0.5992 0.4686 0.3756 0.227 0.1716 0.1834 0.1734 0.0498 0.051 0.0236 0.008 0.019 0.054 0.149 0.1726 0.3784 0.563 0.6948 0.5866 0.8386 0.9774 0.989 0.706 0.4304 0.3794 0.3642 0.2144 0.2036 0.1312 
0 0 0 0 0 0 0 0 0 0 0 0 0 0 0 0 0 0.004 0.0514 0.3698 1.3738 2.5026 2.6542 2.2668 1.7594 0.941 0.7408 0.6292 0.3012 0.183 0.1224 0.0568 0.017 0.0078 0.0088 0.01 0 0.0118 0.0124 0.0848 0.2974 0.4628 0.9592 1.3542 1.5994 1.4892 1.3792 1.155 0.9706 0.7596 0.4204 0.363 0.2992 0.1878 0.0844 0.056 0.0222 0.0182 0.0236 0.0216 0.038 0.1388 0.2476 0.5048 0.536 0.888 1.0112 1.1498 1.057 0.9206 0.746 0.747 0.6712 0.4356 0.3146 0.227 0.1312 0.0826 0.0464 0.018 0.0094 0.0454 0.1002 0.1532 0.2094 0.2342 0.4448 0.4418 0.5138 0.894 0.8518 0.7512 0.651 0.7476 0.3928 0.4592 0.396 0.2844 0.2054 0.1044 
0 0 0 0 0 0 0 0 0 0 0 0 0 0 0 0 0 0 0.0302 0.408 1.153 2.2616 2.9554 2.3216 1.698 1.2332 0.7818 0.4662 0.2496 0.1332 0.0894 0.0706 0.06 0.02 0.034 0.026 0.0082 0 0.0104 0.0474 0.163 0.4666 0.8242 1.3364 1.6782 1.6888 1.4648 1.1588 0.9004 0.7408 0.5632 0.3518 0.1978 0.1334 0.0846 0.035 0.0362 0.0606 0.0468 0.0236 0.0206 0.07 0.1438 0.3668 0.6534 0.8336 1.0206 1.1432 1.1002 1.0676 0.986 0.731 0.6104 0.4246 0.2416 0.1864 0.1152 0.0866 0.0802 0.0636 0.025 0.0294 0.022 0.0618 0.084 0.204 0.3756 0.5434 0.6408 0.8982 0.8252 0.7986 0.7312 0.7426 0.585 0.3584 0.329 0.2332 0.2144 0.1726 
0 0 0 0 0 0 0 0 0 0 0 0 0 0 0 0 0 0 0.0212 0.341 1.1864 2.496 2.7612 2.2914 1.8292 1.283 0.688 0.3462 0.2834 0.2082 0.1076 0.1182 0.039 0 0 0 0 0 0.004 0.0534 0.15 0.4748 0.8956 1.296 1.756 1.6666 1.3252 1.13 1.0092 0.7938 0.5242 0.3332 0.1458 0.1618 0.147 0.0462 0.0446 0.0178 0.0078 0.0202 0.0382 0.0864 0.0922 0.3606 0.6426 0.991 1.042 1.0458 1.2482 1.018 0.8008 0.7712 0.613 0.3906 0.2854 0.1794 0.108 0.0942 0.0658 0.0414 0.0512 0.0264 0.0504 0.0488 0.0944 0.1594 0.38 0.618 0.7734 0.9 0.8404 0.8134 0.6854 0.5724 0.4656 0.4656 0.4644 0.2344 0.0994 0.0782 
0 0 0 0 0 0 0 0 0 0 0 0 0 0 0 0 0 0 0.0214 0.2894 1.2002 2.3396 2.776 2.5452 1.7128 1.026 0.77 0.4848 0.2812 0.2008 0.1202 0.078 0.0772 0.0438 0.0334 0 0 0 0 0.026 0.1642 0.4668 0.6832 1.4282 1.5408 1.6392 1.4946 1.2764 0.9924 0.562 0.4874 0.3946 0.3108 0.2184 0.1136 0.0774 0.0648 0.0322 0.0076 0.0194 0.0084 0.0592 0.1844 0.3644 0.4524 0.945 0.9228 1.2134 1.0318 0.828 0.93 0.9054 0.648 0.4096 0.3598 0.3524 0.1662 0.1016 0.064 0.0204 0.0122 0.0206 0.023 0.0578 0.1274 0.2234 0.3548 0.505 0.5844 0.6848 0.7346 0.7344 0.741 0.6924 0.558 0.6316 0.5112 0.2908 0.283 0.1312 
0 0 0 0 0 0 0 0 0 0 0 0 0 0 0 0 0 0 0.0302 0.5034 1.614 2.5638 2.5606 2.3086 1.488 1.019 0.6282 0.4732 0.3004 0.2646 0.1204 0.0596 0.0246 0.022 0.0118 0.0076 0 0 0.0142 0.077 0.2928 0.8144 1.1226 1.4362 1.5018 1.3504 1.308 1.037 0.7964 0.6486 0.5646 0.3812 0.3166 0.1606 0.0502 0.0868 0.02 0.0206 0 0.0272 0.053 0.1 0.3484 0.598 0.8228 1.0244 1.0174 0.9852 0.9616 0.7656 0.7558 0.593 0.5326 0.4092 0.383 0.231 0.1036 0.16 0.1058 0.0224 0 0.0248 0.0866 0.1492 0.222 0.4056 0.56 0.6538 0.6198 0.672 0.7878 0.6872 0.5462 0.5592 0.404 0.3532 0.3588 0.2858 0.3102 0.1196 
0 0 0 0 0 0 0 0 0 0 0 0 0 0 0 0 0 0 0.0296 0.3482 1.17 2.4572 2.9584 2.1932 1.7354 1.0732 0.7304 0.588 0.2906 0.1808 0.098 0.0456 0.017 0.0154 0.0098 0.0088 0.0124 0.0102 0.0122 0.0466 0.1376 0.4826 0.817 1.301 1.8476 1.59 1.4452 1.2918 0.9272 0.6806 0.4548 0.4316 0.2176 0.1388 0.0602 0.016 0.0156 0.0062 0.007 0.0114 0.0334 0.0524 0.1882 0.3236 0.511 0.8046 1.3398 1.157 1.1686 1.2798 0.8694 0.54 0.4796 0.4202 0.355 0.2264 0.118 0.0638 0.031 0.0092 0.0112 0.0074 0.0292 0.1036 0.1236 0.1798 0.364 0.4652 0.7336 0.8204 0.8434 0.8994 0.7876 0.6874 0.6072 0.4672 0.4194 0.2092 0.1148 0.0862 
0 0 0 0 0 0 0 0 0 0 0 0 0 0 0 0 0 0 0.0288 0.3944 1.4174 2.4592 2.79 2.4336 1.7914 1.155 0.6318 0.3998 0.279 0.1208 0.0732 0.0232 0.0024 0 0 0 0 0 0.004 0.0858 0.278 0.6026 1.0442 1.2452 1.5154 1.573 1.5544 1.3678 0.911 0.6956 0.4274 0.2776 0.2396 0.1414 0.0282 0.0088 0 0 0 0.0212 0.059 0.1506 0.3156 0.4242 0.6696 0.7372 0.9966 1.1656 1.2366 1.0946 0.9372 0.5878 0.5284 0.4484 0.312 0.1388 0.0536 0.0498 0.0462 0.027 0 0.0566 0.0578 0.1236 0.1622 0.275 0.4324 0.5904 0.7404 0.7438 0.7266 0.7512 0.7454 0.7846 0.6096 0.463 0.246 0.2106 0.1126 0.0594 
0 0 0 0 0 0 0 0 0 0 0 0 0 0 0 0 0 0 0.0098 0.1974 0.9492 2.3884 2.7612 2.6162 1.8784 1.3252 0.7198 0.3874 0.2166 0.2236 0.1596 0.1056 0.0452 0.0164 0 0 0 0 0.007 0.0126 0.0728 0.2196 0.7444 1.266 1.6184 1.7246 1.5576 1.1578 1.054 0.8474 0.6356 0.3384 0.23 0.2158 0.1822 0.081 0.0074 0.0146 0.0128 0 0.003 0.0142 0.0858 0.1188 0.339 0.7846 0.99 1.4274 1.0322 1.1948 1.0946 0.7154 0.579 0.3666 0.3774 0.3914 0.2704 0.0816 0.072 0.0298 0.0236 0.0084 0.0014 0.0256 0.063 0.0634 0.1614 0.228 0.5058 0.7322 0.9296 1.2858 0.8626 0.6918 0.5756 0.4332 0.3918 0.3836 0.24 0.1962 
0 0 0 0 0 0 0 0 0 0 0 0 0 0 0 0 0 0 0.0136 0.25 0.8906 2.1736 2.6274 2.4544 1.9406 1.3066 0.8522 0.6364 0.3414 0.2052 0.1462 0.0664 0.0446 0.033 0.0178 0 0 0 0 0.0276 0.136 0.3534 0.6454 1.063 1.3676 1.3592 1.5286 1.4474 1.1866 0.8544 0.6788 0.4616 0.3802 0.2506 0.1016 0.0676 0.0368 0.0124 0.0076 0.0178 0.0252 0.043 0.1176 0.232 0.472 0.7204 0.7488 0.784 0.9796 1.112 1.0006 1.0238 0.8336 0.5622 0.4578 0.421 0.1776 0.083 0.0536 0.032 0.0332 0.033 0.0558 0.0518 0.088 0.1348 0.261 0.3994 0.4752 0.5002 0.5332 0.7786 0.8466 0.8456 0.6806 0.545 0.4996 0.4838 0.3646 0.1944 
0 0 0 0 0 0 0 0 0 0 0 0 0 0 0 0 0 0 0.0524 0.3294 1.362 2.3802 2.8886 2.406 1.9614 1.0098 0.7246 0.474 0.2162 0.0772 0.0242 0.0172 0.0094 0.012 0.0096 0.0102 0.0178 0.0116 0.0372 0.0492 0.189 0.4328 0.8844 1.49 1.8444 1.6274 1.4186 1.1842 0.9804 0.8332 0.4702 0.2332 0.1548 0.0432 0.0636 0.0066 0.0064 0.0072 0.0072 0.0226 0.0504 0.0648 0.2358 0.3594 0.768 1.016 1.059 1.1384 0.9526 1.0356 0.8504 0.9228 0.707 0.3716 0.2128 0.118 0.0546 0.036 0.0124 0.009 0.0066 0.0186 0.0178 0.0724 0.1858 0.261 0.4424 0.8322 0.7172 0.6568 0.6836 0.6542 0.9578 0.74 0.5428 0.5048 0.3262 0.1548 0.1264 0.0388 
0 0 0 0 0 0 0 0 0 0 0 0 0 0 0 0 0 0 0.062 0.4262 1.6882 2.5686 2.8256 2.4324 1.7436 1.2016 0.6098 0.2246 0.078 0.0892 0.0128 0.0106 0.0166 0.0102 0 0 0 0.002 0.0346 0.111 0.3278 0.6158 1.2072 1.546 1.6206 1.658 1.652 1.1772 0.8136 0.5072 0.2878 0.1604 0.1346 0.0572 0.0438 0.0074 0.0358 0 0 0.0428 0.1088 0.1866 0.2928 0.4994 0.8646 0.912 1.2462 1.211 1.2806 1.047 0.7916 0.5446 0.3286 0.245 0.1998 0.0848 0.0322 0.0318 0.0224 0.0206 0.0258 0.0792 0.1184 0.1292 0.1918 0.298 0.6494 0.682 0.8008 0.7844 1.0562 0.8512 0.648 0.6044 0.3842 0.2592 0.2082 0.069 0.0662 0.0278 
0 0 0 0 0 0 0 0 0 0 0 0 0 0 0 0 0 0 0.0058 0.2478 1.2104 2.4164 2.7904 2.51 1.7982 1.3116 0.703 0.3778 0.1808 0.1914 0.1082 0.043 0.028 0.0298 0.0056 0.0072 0.0106 0.015 0.009 0.0312 0.1272 0.3342 0.8296 1.2528 1.6576 1.9074 1.714 1.3018 0.9 0.6124 0.4648 0.2614 0.1632 0.1136 0.1142 0.0704 0.0508 0.0452 0.0126 0.0112 0.0236 0.0498 0.131 0.2834 0.451 0.7468 1.0626 1.343 1.4232 1.2256 0.8676 0.7604 0.4408 0.2666 0.2376 0.1868 0.1594 0.1522 0.1108 0.0416 0.0178 0.0312 0.0116 0.0364 0.0626 0.1346 0.2498 0.4778 0.7136 0.8326 1.0664 0.9522 0.8536 0.6878 0.4924 0.3186 0.2444 0.2488 0.2156 0.1372 
0 0 0 0 0 0 0 0 0 0 0 0 0 0 0 0 0 0.0068 0.0316 0.3258 1.1072 2.264 2.8904 2.509 1.8338 1.171 0.6292 0.4566 0.3174 0.2656 0.1296 0.0456 0.0164 0 0 0 0 0.002 0.0278 0.0438 0.1958 0.3966 0.76 1.0622 1.6984 1.817 1.5058 1.2906 0.9666 0.6706 0.5164 0.3074 0.303 0.1966 0.0678 0.066 0.0354 0.0434 0.032 0.0204 0.0262 0.07 0.1682 0.296 0.4922 0.7064 0.9624 1.0836 1.261 1.134 1.0616 0.903 0.4994 0.4724 0.2672 0.1838 0.1282 0.0772 0.074 0.0406 0.0692 0.015 0.0174 0.0494 0.1056 0.171 0.2832 0.4572 0.5404 0.6236 0.7796 0.9186 1.0462 0.8988 0.6934 0.3526 0.343 0.2332 0.1578 0.1286 
0 0 0 0 0 0 0 0 0 0 0 0 0 0 0 0 0 0.0042 0.0716 0.4714 1.6422 2.6962 2.6694 2.1078 1.4648 1.0288 0.5824 0.487 0.3642 0.2488 0.1132 0.0154 0.0082 0.0174 0.007 0 0 0 0 0.0782 0.2768 0.8258 1.3316 1.6308 1.775 1.3274 1.0864 0.8802 0.6352 0.6386 0.5128 0.412 0.2326 0.2096 0.07 0.023 0.0196 0.0344 0 0.0036 0.0292 0.1168 0.3386 0.8294 0.891 1.106 1.203 1.0528 0.844 0.7436 0.649 0.5224 0.477 0.4328 0.2988 0.1812 0.1198 0.1232 0.0134 0.007 0.0062 0.0098 0.0404 0.1232 0.3032 0.5156 0.5962 0.699 0.824 0.8152 0.712 0.6752 0.6424 0.5482 0.4932 0.293 0.2676 0.174 0.1268 0.0634 
0 0 0 0 0 0 0 0 0 0 0 0 0 0 0 0 0 0 0.0666 0.3932 1.3792 2.4988 2.5874 2.464 1.7626 1.2498 0.6822 0.367 0.2628 0.1622 0.0366 0.0288 0.031 0.0278 0 0 0 0 0.0084 0.119 0.1972 0.521 0.9282 1.3228 1.5308 1.6864 1.6388 1.3662 0.8206 0.7834 0.427 0.232 0.1836 0.0924 0.047 0.0282 0.0184 0.0258 0.0228 0 0.0478 0.1124 0.2138 0.4008 0.5764 0.9124 1.0294 1.252 1.3362 1.041 0.8318 0.659 0.536 0.4462 0.2524 0.1406 0.0578 0.0286 0.0272 0.0574 0.0446 0.0168 0.031 0.0852 0.1482 0.2668 0.4174 0.5328 0.6688 0.8536 0.8992 0.8852 0.669 0.6782 0.558 0.4934 0.3022 0.2244 0.1388 0.044 
0 0 0 0 0 0 0 0 0 0 0 0 0 0 0 0 0 0 0.043 0.4494 1.478 2.5264 2.8296 2.2434 1.6288 1.1596 0.7578 0.4262 0.2684 0.1384 0.0472 0.0038 0 0 0 0 0 0 0.014 0.0594 0.24 0.7118 1.041 1.3862 1.6892 1.5178 1.3338 1.3686 0.8786 0.6496 0.5068 0.2718 0.1648 0.1076 0.0454 0.0136 0 0 0 0 0.0236 0.041 0.2948 0.4984 0.76 1.0964 1.203 1.0366 1.119 1.0808 0.852 0.7098 0.3824 0.2866 0.2446 0.2102 0.0786 0.0566 0.0176 0.008 0 0.0024 0.01 0.0562 0.1554 0.315 0.5396 0.719 0.8666 0.9356 0.7592 0.8078 0.7696 0.5734 0.4396 0.336 0.2126 0.2088 0.1158 0.0642 
0 0 0 0 0 0 0 0 0 0 0 0 0 0 0 0 0 0.0056 0.051 0.4164 1.5688 2.782 2.9336 2.0928 1.493 0.9552 0.6266 0.4176 0.2482 0.1556 0.0984 0.0784 0.0214 0.0242 0.0268 0.0044 0 0 0.0142 0.1024 0.399 0.5958 1.1108 1.454 1.795 1.7448 1.2512 1.0032 0.9132 0.5452 0.3284 0.2144 0.1234 0.158 0.073 0.0704 0.0324 0.0262 0.025 0.0528 0.0896 0.1664 0.3784 0.511 0.606 1.008 1.2832 1.2976 1.2114 0.9116 0.7652 0.51 0.4292 0.2484 0.1354 0.0684 0.1 0.0806 0.0796 0.0278 0.035 0.088 0.138 0.0988 0.205 0.38 0.401 0.6306 0.7892 1.144 0.947 0.858 0.6718 0.3906 0.4068 0.2984 0.1386 0.0806 0.133 0.0854 
0 0 0 0 0 0 0 0 0 0 0 0 0 0 0 0 0 0 0.026 0.423 1.3316 2.4724 2.9756 2.4938 1.5388 1.126 0.666 0.4102 0.2002 0.1224 0.1366 0.0682 0.0092 0 0 0 0 0 0.0066 0.0528 0.177 0.5398 0.8728 1.442 1.8144 1.9806 1.4666 1.0432 0.8208 0.6596 0.4714 0.226 0.108 0.1518 0.0856 0.0506 0.0124 0.018 0 0 0.0098 0.0608 0.1534 0.3284 0.537 1.1344 1.2802 1.544 1.2172 0.963 0.8034 0.6194 0.4512 0.3372 0.1808 0.1652 0.096 0.05 0.0192 0.0204 0.0206 0.0084 0.0048 0.0116 0.0886 0.193 0.376 0.5442 0.9338 1.139 1.0622 0.952 0.7468 0.579 0.4034 0.3252 0.197 0.197 0.1038 0.0462 
0 0 0 0 0 0 0 0 0 0 0 0 0 0 0 0 0 0 0.0418 0.4518 1.5722 2.5344 2.818 2.0894 1.4998 1.2886 0.7436 0.441 0.2624 0.136 0.065 0.049 0.007 0 0 0 0 0 0.0278 0.0536 0.2758 0.72 1.2234 1.4266 1.6384 1.4448 1.2756 1.1076 0.7864 0.7 0.4974 0.3468 0.2374 0.1044 0.1092 0.0248 0 0 0.0236 0.0218 0.0272 0.0532 0.3082 0.6132 0.9476 0.9122 1.1446 1.0782 1.0392 0.8708 0.703 0.6458 0.5058 0.4032 0.349 0.1734 0.0944 0.0762 0.0214 0.0058 0.0062 0.0254 0.0548 0.0818 0.1592 0.3444 0.5606 0.6776 0.6722 0.9316 0.9124 0.7572 0.7502 0.5212 0.4228 0.3552 0.2986 0.264 0.1052 0.0436 
0 0 0 0 0 0 0 0 0 0 0 0 0 0 0 0 0 0 0.0068 0.307 1.2666 2.323 2.6272 2.2544 1.7696 1.1438 0.773 0.5566 0.4082 0.221 0.149 0.1182 0.0342 0.016 0.0094 0.0132 0.0028 0 0.0028 0.034 0.139 0.3954 0.9176 1.4364 1.5658 1.4318 1.2242 1.105 1.064 0.742 0.4598 0.4086 0.33 0.3104 0.1922 0.1176 0.037 0.0472 0.0196 0.0196 0.0102 0.0676 0.1622 0.3126 0.52 0.877 0.9842 1.0544 1.1322 0.9238 0.7926 0.7916 0.5602 0.6344 0.3294 0.2298 0.1798 0.168 0.1422 0.0926 0.0126 0.0124 0.0314 0.046 0.0922 0.1626 0.2706 0.5764 0.581 0.7648 0.9166 0.6784 0.5766 0.684 0.7416 0.4888 0.311 0.286 0.2486 0.2098 
0 0 0 0 0 0 0 0 0 0 0 0 0 0 0 0 0 0 0.0378 0.2824 1.2658 2.5964 2.9956 2.4808 1.546 0.952 0.571 0.4024 0.222 0.1848 0.1752 0.0814 0.0334 0.0868 0.0394 0.0164 0.0282 0.0022 0.0142 0.066 0.1866 0.5078 0.9378 1.4362 1.644 1.818 1.4202 1.2632 0.6948 0.4498 0.3674 0.3288 0.2514 0.199 0.1248 0.1004 0.0668 0.0292 0.0516 0.0626 0.029 0.0728 0.2748 0.4866 0.567 0.7966 1.2036 1.208 1.1382 0.997 0.7498 0.6142 0.5044 0.3252 0.2136 0.1904 0.1898 0.1188 0.0808 0.0808 0.1032 0.0556 0.0506 0.0948 0.1432 0.3754 0.4672 0.4822 0.579 0.83 0.942 0.8284 0.5062 0.49 0.5412 0.5102 0.2538 0.2618 0.1604 0.1252 
0 0 0 0 0 0 0 0 0 0 0 0 0 0 0 0 0 0 0.0812 0.5676 1.531 2.4868 2.8094 2.4538 1.637 0.9986 0.6368 0.3094 0.2408 0.1788 0.0564 0.0124 0 0 0 0 0 0 0.0112 0.1448 0.4178 0.5988 1.097 1.5912 1.7778 1.597 1.3454 1.0216 0.9062 0.5948 0.3184 0.1872 0.236 0.1016 0.035 0.0182 0 0 0.0058 0.0282 0.0826 0.14 0.3088 0.5632 0.7998 1.1634 1.3874 1.228 0.964 0.8472 0.7466 0.5572 0.4204 0.3668 0.1634 0.0732 0.0488 0.0516 0.0502 0.0036 0.0174 0.0292 0.07 0.1192 0.1252 0.398 0.6308 0.8154 0.8992 0.9108 0.825 0.8876 0.756 0.4304 0.2692 0.3142 0.142 0.1078 0.0718 0.0564 
0 0 0 0 0 0 0 0 0 0 0 0 0 0 0 0 0 0 0.0246 0.3666 1.2726 2.3312 2.6034 2.6172 1.9188 1.2266 0.7344 0.4866 0.2626 0.1108 0.0372 0.0074 0 0 0 0 0 0 0 0.0134 0.1712 0.4584 0.8602 1.2204 1.8346 1.7506 1.518 1.2662 0.9338 0.739 0.497 0.3654 0.213 0.073 0.0428 0.0106 0.0092 0.0098 0.0134 0 0.0102 0.057 0.1632 0.327 0.5798 0.8656 1.0534 1.2468 1.3704 0.9288 1.0634 0.7866 0.465 0.4666 0.254 0.159 0.0644 0.0724 0.043 0.021 0.0024 0.008 0.021 0.0128 0.1034 0.1888 0.3082 0.526 0.7944 0.7968 0.95 0.8812 0.8326 0.7878 0.6242 0.4286 0.27 0.1414 0.0932 0.116 
0 0 0 0 0 0 0 0 0 0 0 0 0 0 0 0 0 0 0.0202 0.2714 1.2798 2.245 2.6018 2.3304 1.6718 1.2186 1.0244 0.6022 0.309 0.187 0.1252 0.077 0.0284 0.0078 0 0 0 0 0 0.0168 0.1502 0.4718 0.9914 1.2516 1.4806 1.4658 1.0932 1.3186 1.0698 0.7324 0.6502 0.4696 0.3208 0.2322 0.1094 0.0914 0.0782 0.006 0 0 0.0136 0.0592 0.221 0.4086 0.6342 0.8302 0.921 0.8402 1.0024 0.9658 0.789 0.5996 0.5834 0.6446 0.5316 0.3432 0.3016 0.1658 0.0792 0.0574 0.0084 0 0.0198 0.0916 0.1092 0.2216 0.4034 0.5906 0.6818 0.5832 0.6554 0.5966 0.6182 0.478 0.5396 0.5682 0.5344 0.365 0.2364 0.2144 
0 0 0 0 0 0 0 0 0 0 0 0 0 0 0 0 0 0 0.0364 0.4928 1.5418 2.6842 2.8036 2.0136 1.4466 0.9508 0.7804 0.5706 0.2662 0.167 0.0964 0.0954 0.0338 0.0064 0.008 0.006 0 0.0026 0.014 0.1214 0.3446 0.6978 1.1574 1.3408 1.642 1.4892 1.38 1.0694 0.7028 0.568 0.364 0.3334 0.331 0.176 0.1002 0.0718 0.068 0.0256 0 0.0188 0.1084 0.1978 0.2896 0.4438 0.8234 1.0332 1.1692 1.0778 1.0504 0.9334 0.6882 0.525 0.394 0.3238 0.2488 0.2024 0.2004 0.1298 0.1018 0.0326 0.0274 0.0624 0.0838 0.1272 0.1814 0.307 0.4654 0.7394 0.835 0.9104 0.7712 0.7402 0.5546 0.4644 0.4258 0.3814 0.2614 0.2592 0.138 0.1038 
0 0 0 0 0 0 0 0 0 0 0 0 0 0 0 0 0 0 0.0234 0.2618 1.0816 1.9854 2.8838 2.4178 1.8854 1.3998 0.9696 0.6628 0.2146 0.121 0.0676 0.008 0.0174 0 0 0 0 0 0 0.0094 0.0884 0.326 0.7738 1.2318 1.3286 1.5778 1.5898 1.402 1.036 0.84 0.738 0.5018 0.2974 0.1928 0.0506 0.0112 0.0046 0 0 0 0.0104 0.0064 0.087 0.2962 0.3642 0.7236 0.9192 1.057 1.1206 1.0876 1.0898 0.9662 0.6756 0.62 0.3838 0.3196 0.1238 0.0634 0.0472 0.0224 0.016 0 0 0.0018 0.1112 0.1322 0.1892 0.3826 0.4366 0.605 0.8878 0.7898 0.8558 0.8858 0.8572 0.5714 0.3926 0.2816 0.3316 0.178 
0 0 0 0 0 0 0 0 0 0 0 0 0 0 0 0 0 0.0046 0.0536 0.4184 1.5852 2.1282 2.527 2.2998 1.7496 1.222 0.6728 0.6054 0.2308 0.1162 0.162 0.0904 0.0402 0.0304 0.0252 0.009 0.0216 0.0076 0 0.0676 0.2774 0.6106 0.931 1.272 1.4824 1.6394 1.4276 1.0876 1.07 0.5492 0.4414 0.4188 0.165 0.1542 0.1134 0.0768 0.1054 0.0218 0.0132 0.0322 0.0418 0.1816 0.2862 0.414 0.5552 0.8442 0.9692 1.2018 1.043 1.0752 0.8918 0.7422 0.5212 0.3626 0.1924 0.1922 0.1516 0.1474 0.0872 0.0332 0.0074 0.0192 0.0976 0.1246 0.1566 0.2914 0.4004 0.456 0.6624 0.8214 0.8464 0.801 0.696 0.6582 0.5918 0.3184 0.2358 0.236 0.1758 0.2224 
0 0 0 0 0 0 0 0 0 0 0 0 0 0 0 0 0 0 0.0152 0.4446 1.6574 2.8634 2.6924 2.2708 1.5312 0.9378 0.4092 0.417 0.3202 0.243 0.133 0.055 0.0098 0 0 0 0 0 0.0004 0.0448 0.2818 0.6488 1.2976 1.6514 1.9244 1.6222 1.2654 0.9134 0.5832 0.457 0.421 0.3714 0.1992 0.1036 0.0862 0.0676 0.0468 0.0138 0 0 0.0302 0.0484 0.278 0.5666 0.9724 1.3782 1.3658 1.1312 1.1608 0.76 0.491 0.503 0.3496 0.358 0.1724 0.1376 0.146 0.1106 0.034 0.0062 0 0 0.0076 0.057 0.1864 0.4386 0.5758 1.0166 0.9042 1.0398 0.7934 0.6768 0.6026 0.4874 0.4152 0.2948 0.2172 0.123 0.0728 0.0628 
0 0 0 0 0 0 0 0 0 0 0 0 0 0 0 0 0 0 0.0602 0.2808 1.1162 2.4442 2.7374 2.412 1.8116 1.2956 0.9116 0.4672 0.3538 0.0664 0.0104 0.0326 0 0 0 0 0 0 0.0028 0.0406 0.1476 0.3044 0.8716 1.3388 1.6604 1.7366 1.491 1.1852 1.1126 0.8 0.5262 0.3758 0.2076 0.0942 0.08 0.0246 0 0 0 0 0.034 0.0458 0.094 0.371 0.5368 0.7132 0.9562 1.237 1.3644 1.044 0.9668 0.9138 0.6542 0.41 0.287 0.166 0.0666 0.0682 0.0648 0.0062 0 0.0122 0.0194 0.0486 0.1012 0.207 0.2658 0.396 0.642 0.7614 0.8152 0.9102 0.8686 0.8646 0.7028 0.5826 0.3278 0.1736 0.085 0.1308 
0 0 0 0 0 0 0 0 0 0 0 0 0 0 0 0 0 0.0042 0.0198 0.4054 1.174 2.3952 2.9232 2.5866 1.6358 1.1324 0.6596 0.4232 0.2948 0.2222 0.0542 0.0644 0.005 0 0 0 0 0 0.0024 0.0916 0.1868 0.4806 0.8516 1.2912 1.7582 1.8142 1.5452 1.193 0.9892 0.6068 0.388 0.3184 0.206 0.1088 0.0728 0.0596 0.028 0.0076 0 0.006 0.023 0.0526 0.2628 0.3844 0.5508 0.9186 1.0496 1.2384 1.3748 1.1302 0.8018 0.7242 0.5666 0.3674 0.1874 0.1586 0.0898 0.0282 0.0238 0.044 0.014 0.003 0.0224 0.0544 0.098 0.2752 0.3584 0.518 0.6748 0.822 1.0992 1.1036 0.8072 0.787 0.4754 0.2904 0.2692 0.149 0.069 0.0388 
0 0 0 0 0 0 0 0 0 0 0 0 0 0 0 0 0 0 0.031 0.2592 1.0246 2.2072 2.7278 2.3844 1.7086 1.3836 0.807 0.6062 0.4266 0.285 0.1036 0.03 0.0152 0 0 0 0 0 0.0056 0.0136 0.1734 0.2666 0.6962 1.1974 1.4406 1.6944 1.5634 1.1414 1.11 0.8412 0.6252 0.5276 0.3436 0.1758 0.1164 0.0542 0.0134 0 0 0 0.014 0.0756 0.126 0.1596 0.3028 0.6358 1.1708 1.2414 1.0614 1.105 0.9132 0.882 0.6224 0.5424 0.434 0.2366 0.1868 0.1202 0.0758 0.0478 0.033 0.0194 0.0298 0.0912 0.0454 0.047 0.1608 0.2932 0.7384 0.727 0.7984 0.7472 0.7172 0.885 0.738 0.5752 0.4722 0.336 0.176 0.138 
0 0 0 0 0 0 0 0 0 0 0 0 0 0 0 0 0 0 0.0538 0.436 1.58 2.5842 2.6472 2.2302 1.744 1.1168 0.6986 0.4706 0.193 0.1494 0.0846 0.0116 0 0 0 0 0 0 0 0.1088 0.2582 0.6006 1.3008 1.4636 1.8392 1.2548 1.2614 1.1992 0.772 0.6528 0.5582 0.3676 0.2036 0.1078 0.0514 0 0 0 0 0.0052 0.0722 0.1652 0.3174 0.4734 0.81 0.9802 1.0216 1.1728 1.1806 0.9608 0.8216 0.6454 0.5296 0.2822 0.1928 0.1486 0.0954 0.0486 0.0578 0.0172 0.0096 0.0212 0.0706 0.1896 0.2734 0.3298 0.4754 0.5738 0.6064 0.838 0.8598 0.7864 0.8136 0.6416 0.6384 0.3168 0.1944 0.1138 0.093 0.041 
0 0 0 0 0 0 0 0 0 0 0 0 0 0 0 0 0 0 0.0288 0.2432 1.3024 2.4138 2.6196 2.6206 1.7682 1.075 0.6934 0.4338 0.2896 0.1832 0.1448 0.0886 0.054 0.041 0 0 0 0 0 0.0162 0.1122 0.4122 0.776 1.2642 1.6458 1.7098 1.7422 1.297 1.0436 0.6594 0.428 0.2182 0.1854 0.1812 0.1508 0.0986 0.04 0.0134 0.0058 0.0072 0.0102 0.0148 0.1542 0.1948 0.3954 0.82 1.1606 1.2556 1.3436 1.2206 1.0026 0.6854 0.4796 0.4094 0.2594 0.188 0.1562 0.1058 0.0812 0.0486 0.0068 0.0094 0.0118 0.0428 0.0798 0.077 0.1812 0.3884 0.6708 0.8552 1.1484 1.008 0.9064 0.6838 0.4794 0.3778 0.3476 0.236 0.1904 0.151 
0 0 0 0 0 0 0 0 0 0 0 0 0 0 0 0 0 0 0.035 0.463 1.381 2.3828 2.7256 2.0168 1.6914 1.1596 0.8404 0.4906 0.3424 0.1834 0.1242 0.0786 0.0364 0.0102 0.02 0.0118 0.0068 0 0 0.055 0.3186 0.6222 0.9306 1.29 1.6026 1.4124 1.4616 1.1074 0.8586 0.6696 0.5602 0.2812 0.2862 0.2022 0.1058 0.0602 0.0618 0.0594 0.0488 0.0056 0.0284 0.1294 0.2778 0.5078 0.6386 0.8906 1.0018 1.0016 1.0428 0.8258 0.9052 0.7724 0.5562 0.4292 0.237 0.1922 0.1822 0.097 0.0818 0.0694 0.045 0.0324 0.0416 0.1418 0.2534 0.3526 0.4552 0.4494 0.742 0.7656 0.6094 0.5788 0.7602 0.6974 0.5042 0.5762 0.344 0.2578 0.1266 0.068 
0 0 0 0 0 0 0 0 0 0 0 0 0 0 0 0 0 0 0.0176 0.4394 1.4454 2.4322 2.5986 2.5152 1.966 1.2006 0.706 0.2664 0.1942 0.0942 0.0504 0.033 0.0092 0.0104 0.0212 0 0 0 0.004 0.0792 0.2224 0.496 0.9322 1.5184 1.6422 1.6908 1.3848 1.2256 1.1324 0.6808 0.3874 0.2824 0.144 0.0404 0.0274 0.0512 0.0458 0.0126 0 0.0132 0.0458 0.1188 0.2004 0.4414 0.6608 0.9316 1.0472 1.2882 1.25 1.0206 0.7086 0.7468 0.5782 0.3952 0.1492 0.1546 0.0784 0.0556 0.073 0.031 0.0114 0.0244 0.0636 0.0598 0.15 0.333 0.4028 0.5976 0.7214 0.8544 0.7828 0.9446 0.7218 0.631 0.6422 0.431 0.1924 0.129 0.098 0.096 
0 0 0 0 0 0 0 0 0 0 0 0 0 0 0 0 0 0 0.0538 0.4432 1.371 2.5872 2.8422 2.249 1.747 0.9738 0.6416 0.4372 0.4026 0.1672 0.0596 0.0246 0 0 0 0 0 0 0.034 0.0872 0.251 0.5558 1.0232 1.4812 1.7838 1.7378 1.1236 1.1018 0.9164 0.7386 0.436 0.2904 0.2106 0.169 0.0376 0.022 0 0 0 0 0.052 0.1318 0.2552 0.5244 0.7026 0.9974 1.1414 1.2424 1.1032 0.9786 0.9172 0.6172 0.4078 0.3124 0.2384 0.2772 0.0802 0.0206 0 0 0 0.0134 0.0296 0.0486 0.1944 0.3112 0.4154 0.6756 0.86 0.954 0.9758 0.9648 0.7428 0.4716 0.361 0.3406 0.2934 0.2078 0.0982 0.0332 
0 0 0 0 0 0 0 0 0 0 0 0 0 0 0 0 0 0 0.026 0.3274 1.208 2.3804 2.9588 2.6278 1.9682 0.9708 0.6966 0.4258 0.1662 0.0574 0.0964 0.0228 0.0128 0.013 0.0142 0.0128 0.0146 0 0.0104 0.0208 0.171 0.426 0.8532 1.355 1.6772 2.0176 1.6946 1.2358 0.9406 0.6172 0.3176 0.2248 0.1484 0.1142 0.0718 0.0202 0.0512 0.0122 0.0146 0.0056 0 0.0788 0.2096 0.296 0.4994 0.8572 1.0974 1.3774 1.4684 1.242 0.8776 0.6788 0.452 0.3636 0.2 0.0932 0.0508 0.0318 0.0266 0.0364 0.0098 0.0362 0.0374 0.0288 0.0664 0.2432 0.3324 0.5574 0.6726 0.9834 0.962 0.9374 0.826 0.8466 0.544 0.3818 0.2112 0.1844 0.0646 0.0166 
0 0 0 0 0 0 0 0 0 0 0 0 0 0 0 0 0 0 0.063 0.5968 1.75 2.5278 2.675 2.166 1.4474 1.0654 0.7096 0.3892 0.216 0.129 0.1372 0.072 0.0378 0.0178 0 0 0 0 0.0336 0.118 0.3252 0.9102 1.1962 1.4372 1.7346 1.539 1.1286 0.886 0.8202 0.5132 0.4554 0.3198 0.1774 0.1584 0.0882 0.0514 0.0412 0.0382 0.0156 0.0496 0.066 0.1562 0.3988 0.5472 0.9652 1.0588 1.2322 1.1922 0.8878 0.761 0.6914 0.48 0.4572 0.3544 0.223 0.1552 0.124 0.069 0.0386 0.024 0.0248 0.0856 0.0794 0.1308 0.21 0.4032 0.6182 0.76 0.8352 0.9622 0.8128 0.6716 0.558 0.5146 0.3942 0.3456 0.1644 0.1516 0.151 0.1008 
0 0 0 0 0 0 0 0 0 0 0 0 0 0 0 0 0 0 0.0136 0.2958 1.1262 2.4982 2.8148 2.454 1.6104 1.2998 0.7962 0.4982 0.2776 0.164 0.1136 0.0318 0.0058 0 0 0 0 0 0 0.0344 0.0876 0.3326 0.96 1.5556 1.6186 1.637 1.475 1.152 0.8404 0.8038 0.4848 0.3652 0.2936 0.2362 0.07 0.0392 0.014 0 0 0 0 0.0248 0.1492 0.3574 0.4894 0.915 1.0736 1.268 1.259 1.1324 0.8016 0.5916 0.516 0.4356 0.4376 0.296 0.1134 0.0836 0.0394 0.0122 0.0042 0 0 0.0332 0.0758 0.2116 0.3906 0.4484 0.7002 0.705 0.9484 0.9712 0.7268 0.6798 0.6256 0.4158 0.4022 0.2756 0.1386 0.0868 
0 0 0 0 0 0 0 0 0 0 0 0 0 0 0 0 0 0 0.0668 0.3582 1.3826 2.3422 2.8754 2.5162 1.743 1.0966 0.6734 0.3504 0.1552 0.1482 0.1066 0.0522 0.038 0.0466 0.0242 0.0242 0 0 0.0108 0.0632 0.18 0.4988 0.9394 1.5518 1.6268 1.5364 1.5404 1.0948 0.9198 0.7016 0.4764 0.2648 0.1344 0.1082 0.0818 0.1246 0.0816 0.0402 0.0096 0.0316 0.0344 0.0638 0.1778 0.4016 0.753 0.8758 1.1738 1.1456 1.0308 1.017 1.059 0.6802 0.4594 0.3148 0.193 0.157 0.0732 0.1362 0.0986 0.0868 0.0512 0.0112 0.009 0.0698 0.1256 0.258 0.4648 0.6612 0.7228 0.712 0.864 0.8228 0.9852 0.6666 0.4276 0.2472 0.1914 0.2242 0.188 0.1732 
0 0 0 0 0 0 0 0 0 0 0 0 0 0 0 0 0 0 0.059 0.4354 1.5002 2.2552 2.6668 2.5478 1.9182 1.055 0.656 0.3626 0.2798 0.1256 0.0508 0.0504 0.0074 0.0064 0.0064 0.0104 0.0066 0 0.019 0.0866 0.2788 0.5434 1.011 1.373 1.605 1.7188 1.253 1.3228 0.9292 0.5678 0.488 0.3576 0.1706 0.123 0.0558 0.0314 0.0214 0.0116 0.0322 0.0102 0.0552 0.0834 0.2868 0.4546 0.6926 0.9812 1.0776 1.1438 1.0992 0.968 0.8554 0.6076 0.542 0.4216 0.2594 0.143 0.135 0.0854 0.0336 0.0264 0.0228 0.0152 0.0272 0.0666 0.1956 0.405 0.5126 0.5496 0.67 0.875 0.9298 0.8288 0.6682 0.5446 0.4794 0.3702 0.2142 0.1414 0.204 0.1252 
0 0 0 0 0 0 0 0 0 0 0 0 0 0 0 0 0 0 0.0042 0.2814 1.3482 2.393 2.8618 2.371 1.6296 1.0836 0.7306 0.4792 0.37 0.1594 0.0884 0.0584 0.0598 0.0166 0.0362 0.0286 0 0 0 0 0.1014 0.519 1.048 1.5004 1.576 1.582 1.4534 1.2102 0.8704 0.6022 0.4126 0.2932 0.2104 0.1968 0.144 0.091 0.0764 0.0298 0.0568 0.0226 0.0034 0.0218 0.1792 0.344 0.7024 0.8986 1.1748 1.2508 1.1452 1.0204 0.8872 0.5634 0.5092 0.3044 0.2228 0.2084 0.1526 0.1544 0.0986 0.0848 0.0368 0.035 0.0052 0.0344 0.1324 0.2436 0.3332 0.572 0.747 0.8298 0.9718 0.9186 0.646 0.703 0.4988 0.2772 0.2148 0.227 0.1632 0.1266 
0 0 0 0 0 0 0 0 0 0 0 0 0 0 0 0 0 0 0.0264 0.3274 1.2164 2.2306 2.6766 2.7706 1.8814 1.1812 0.6744 0.5124 0.2358 0.1576 0.0644 0.026 0.0166 0.0022 0 0 0 0 0.0174 0.0444 0.1764 0.3272 0.8756 1.227 1.5392 1.77 1.7006 1.2822 0.95 0.739 0.4744 0.3458 0.2008 0.1128 0.1164 0.0778 0.023 0 0 0.0028 0.0466 0.046 0.134 0.3314 0.5004 0.7064 1.1528 1.3624 1.1474 1.0578 0.9022 0.7014 0.615 0.3684 0.3118 0.2272 0.1818 0.089 0.0504 0.0086 0.0286 0.0296 0.0174 0.0744 0.0998 0.1988 0.318 0.454 0.6028 0.79 0.941 0.9654 0.8302 0.6084 0.4576 0.4684 0.4462 0.2592 0.2568 0.0392 
0 0 0 0 0 0 0 0 0 0 0 0 0 0 0 0 0 0 0.0372 0.3286 1.1968 2.0734 2.7372 2.4774 1.7926 1.37 0.846 0.4522 0.3628 0.2286 0.0504 0.0468 0 0 0 0 0 0 0.0202 0.0284 0.2052 0.3934 0.6652 1.1484 1.6388 1.6084 1.5632 1.2914 1.1018 0.8218 0.533 0.3606 0.2952 0.1356 0.0858 0.08 0.0222 0.0014 0 0.0056 0.0366 0.0876 0.1506 0.2318 0.4642 0.705 0.9326 1.3366 1.1608 1.1088 0.94 0.6886 0.6924 0.5274 0.344 0.2668 0.156 0.0818 0.054 0.0144 0.0068 0.027 0.0226 0.026 0.076 0.1804 0.2106 0.3986 0.5914 0.9962 0.7158 0.926 0.8366 0.731 0.7184 0.342 0.3818 0.2802 0.258 0.1558 
0 0 0 0 0 0 0 0 0 0 0 0 0 0 0 0 0 0 0.0278 0.2728 1.0346 2.3678 2.8388 2.4056 1.4844 1.096 0.7874 0.5656 0.3974 0.269 0.1916 0.0974 0.0812 0.052 0.0148 0.0158 0 0 0 0.0386 0.1218 0.4344 0.8332 1.1602 1.5972 1.5968 1.3184 1.1246 0.8146 0.6692 0.6118 0.5418 0.4432 0.2232 0.1926 0.1196 0.0704 0.0578 0.0306 0 0.0144 0.0472 0.1616 0.2982 0.6544 0.7208 0.867 1.121 1.063 1.03 0.7868 0.4996 0.6382 0.517 0.391 0.3816 0.2588 0.1074 0.1266 0.0608 0.118 0.0678 0.0452 0.0702 0.0798 0.1986 0.3718 0.5334 0.5616 0.7444 0.7318 0.6834 0.7022 0.6056 0.5368 0.429 0.4092 0.2828 0.1792 0.178 
0 0 0 0 0 0 0 0 0 0 0 0 0 0 0 0 0 0 0.0798 0.395 1.3112 2.3568 3.0618 2.456 1.7942 1.1642 0.6554 0.3468 0.2396 0.0876 0.0338 0.0178 0 0 0 0 0 0.0094 0.0344 0.0788 0.2106 0.5308 0.9032 1.2628 1.7378 1.7194 1.6158 1.1784 1.066 0.6618 0.4782 0.2544 0.165 0.0622 0.031 0 0 0 0 0.0326 0.0968 0.144 0.1908 0.3054 0.5718 0.9024 1.1282 1.2184 1.2906 1.0572 0.881 0.7766 0.6612 0.3948 0.2018 0.0612 0.0384 0.0468 0 0 0.0216 0.049 0.073 0.0886 0.1344 0.1996 0.2522 0.517 0.7972 0.9022 0.998 0.8224 0.7834 0.7856 0.7582 0.443 0.2678 0.0888 0.0142 0.0038 
0 0 0 0 0 0 0 0 0 0 0 0 0 0 0 0 0 0.0052 0.0152 0.2326 1.0074 2.2772 2.9304 2.3408 1.5254 1.2472 0.9734 0.533 0.319 0.1606 0.1318 0.1044 0.0756 0.0548 0.0316 0.0272 0.0072 0 0 0.0154 0.115 0.3084 0.7248 1.1446 1.727 1.6904 1.3858 1.2146 1.0694 0.7992 0.6398 0.3898 0.268 0.1512 0.1186 0.1008 0.0382 0.0282 0.0388 0.0102 0.0218 0.0434 0.0776 0.2184 0.4078 0.7032 0.9786 1.2086 1.1178 1.1264 1.0548 0.8656 0.5388 0.4836 0.3742 0.2598 0.2188 0.1324 0.0684 0.043 0.0092 0.0212 0.0154 0.0276 0.056 0.1172 0.2184 0.4274 0.5604 0.8148 0.7862 0.7574 0.7668 0.8134 0.7432 0.522 0.4208 0.3592 0.2284 0.2032 
0 0 0 0 0 0 0 0 0 0 0 0 0 0 0 0 0 0 0.0198 0.3028 1.405 2.348 2.5622 2.5956 1.9086 1.2536 0.7174 0.475 0.246 0.11 0.0258 0.0302 0 0 0 0 0 0 0 0.0408 0.1652 0.4538 0.915 1.4066 1.6064 1.6468 1.4984 1.344 1.0652 0.6968 0.4722 0.2958 0.138 0.1276 0.0786 0.0404 0.0084 0 0 0.0038 0.0094 0.0538 0.1662 0.344 0.5434 0.8148 1.1656 1.341 1.1484 1.2024 1.0122 0.716 0.5558 0.363 0.2202 0.1466 0.1028 0.028 0.022 0.0252 0.0154 0 0.003 0.0478 0.0488 0.1082 0.339 0.7064 0.7892 0.8092 0.9828 0.9488 0.9432 0.5872 0.596 0.3688 0.2278 0.189 0.0798 0.1232 
0 0 0 0 0 0 0 0 0 0 0 0 0 0 0 0 0 0 0.005 0.3052 1.3818 2.3692 2.893 2.2108 1.7166 1.2032 0.8258 0.406 0.3456 0.1868 0.0626 0.0588 0.0162 0.0134 0 0 0 0 0 0.0142 0.1716 0.4988 0.9804 1.4852 1.453 1.5324 1.4272 1.483 0.993 0.6342 0.4068 0.2952 0.2496 0.1352 0.0548 0.0606 0.0544 0.0484 0.0106 0.0146 0.019 0.0764 0.1934 0.3174 0.6508 0.935 1.0474 1.1472 1.225 0.9994 0.8478 0.6928 0.6854 0.417 0.238 0.196 0.144 0.0594 0.0298 0.0224 0.0334 0.0198 0.0286 0.0608 0.116 0.2588 0.4012 0.4678 0.6984 0.8164 1.0402 0.6934 0.5826 0.8332 0.584 0.383 0.422 0.244 0.1464 0.0892 
0 0 0 0 0 0 0 0 0 0 0 0 0 0 0 0 0 0 0.0118 0.3904 1.2988 2.4138 2.851 2.1776 1.6712 1.0444 0.733 0.6356 0.3164 0.1852 0.1128 0.0306 0.0436 0.0066 0.007 0.0264 0.0348 0.009 0 0.0564 0.2252 0.4966 1.01 1.3536 1.6256 1.6606 1.3272 1.1664 0.852 0.6246 0.4686 0.3874 0.2434 0.1818 0.1382 0.0438 0.0412 0.0308 0.0362 0.0198 0.0376 0.054 0.225 0.4976 0.6938 0.8146 1.0148 1.3494 1.0788 0.7962 0.7696 0.6378 0.656 0.4634 0.235 0.2796 0.148 0.113 0.0506 0.0224 0.053 0.044 0.025 0.0802 0.1532 0.2414 0.4282 0.4902 0.8882 0.8678 0.7154 0.6124 0.657 0.6272 0.6304 0.3888 0.3704 0.2436 0.2134 0.1454 
0 0 0 0 0 0 0 0 0 0 0 0 0 0 0 0 0 0 0.0268 0.462 1.5872 2.7738 2.4924 1.9274 1.524 1.2012 0.7598 0.5534 0.3594 0.2108 0.066 0.043 0.0128 0 0 0 0 0 0.0024 0.1018 0.2066 0.578 1.1592 1.592 1.7542 1.6276 1.2482 0.7994 0.7982 0.607 0.527 0.3924 0.2214 0.21 0.0644 0.0396 0.052 0.0128 0.0058 0.004 0.068 0.0736 0.1798 0.4874 0.7302 1.1434 1.261 1.2438 1.1838 0.7774 0.6532 0.6308 0.4502 0.351 0.1984 0.1818 0.212 0.0898 0.0646 0.008 0.0094 0.012 0.0444 0.1158 0.174 0.1978 0.4158 0.6514 0.812 1.047 0.9032 0.9176 0.6722 0.5056 0.4116 0.3364 0.276 0.1594 0.1804 0.1014 
0 0 0 0 0 0 0 0 0 0 0 0 0 0 0 0 0 0 0.0264 0.321 1.344 2.3448 2.8958 2.501 1.8116 1.1612 0.644 0.3968 0.245 0.1234 0.0904 0.0696 0.025 0 0 0 0 0 0 0.0472 0.1244 0.5268 0.9644 1.3022 1.5238 1.6508 1.5266 1.344 0.8896 0.7816 0.663 0.3084 0.1608 0.0986 0.0878 0 0 0 0 0 0.0142 0.0576 0.2366 0.3798 0.5994 0.9716 0.9758 0.929 1.1006 1.113 0.8528 0.7794 0.7498 0.6154 0.2912 0.215 0.0742 0.0446 0 0 0 0 0 0.0708 0.165 0.2952 0.368 0.6446 0.5252 0.6664 0.8202 0.765 0.75 0.735 0.622 0.5398 0.3386 0.2726 0.255 0.1164 
0 0 0 0 0 0 0 0 0 0 0 0 0 0 0 0 0 0 0.0338 0.4188 1.3134 2.3066 2.8968 2.2952 1.6852 1.2066 0.7148 0.4706 0.3368 0.1664 0.0966 0.0398 0.009 0.0096 0 0 0 0.0038 0.0086 0.0706 0.1632 0.4548 1.083 1.343 1.739 1.7048 1.4088 1.1276 0.8486 0.59 0.412 0.342 0.2638 0.188 0.1368 0.1116 0 0 0 0.0152 0.0156 0.0678 0.2334 0.3704 0.7374 0.86 1.0968 1.2196 1.2472 1.0998 0.675 0.7474 0.4304 0.4312 0.217 0.1318 0.1912 0.1286 0.0392 0.045 0 0 0.023 0.0542 0.2116 0.2144 0.3954 0.5894 0.8024 0.81 0.8012 0.826 0.791 0.6696 0.5232 0.4374 0.3266 0.1616 0.1722 0.1174 
0 0 0 0 0 0 0 0 0 0 0 0 0 0 0 0 0 0.0024 0.0102 0.2496 1.089 1.8222 2.5114 2.3686 2.0288 1.3774 0.9488 0.686 0.4506 0.189 0.1264 0.0642 0.0424 0.033 0 0 0 0 0.0102 0.0332 0.1008 0.3428 0.6336 0.868 1.3486 1.3996 1.5902 1.422 1.0062 0.8874 0.7732 0.5376 0.4712 0.3818 0.0692 0.0316 0.0234 0.014 0.018 0.0244 0.031 0.028 0.0378 0.23 0.4634 0.5784 0.603 0.8694 1.0112 0.9956 1.147 1.066 0.8702 0.653 0.4928 0.3118 0.2386 0.151 0.1152 0.0756 0.0214 0.0168 0.0058 0.02 0.0094 0.1046 0.2184 0.314 0.3732 0.4602 0.6856 0.7646 0.825 0.7512 0.7534 0.7132 0.6582 0.4472 0.2566 0.2422 
0 0 0 0 0 0 0 0 0 0 0 0 0 0 0 0 0 0 0.0758 0.6514 1.696 2.6532 2.67 2.078 1.6394 1.186 0.6292 0.4344 0.1748 0.0558 0.037 0.0128 0.0062 0 0 0 0 0.0014 0.0394 0.156 0.4256 0.8192 1.2206 1.5304 1.6392 1.3932 1.3206 0.9278 0.954 0.561 0.3284 0.229 0.2028 0.1528 0.0626 0.0166 0.0194 0 0.006 0.027 0.117 0.2302 0.4754 0.6216 0.9684 1.1678 0.9568 0.9998 0.9466 0.9454 0.7678 0.5042 0.3584 0.3232 0.213 0.106 0.0782 0.1186 0.0364 0.0322 0.0326 0.0554 0.083 0.1956 0.4406 0.5186 0.7054 0.543 0.6998 0.8478 0.756 0.6868 0.4886 0.4084 0.4344 0.394 0.2804 0.1496 0.1002 0.0766 
0 0 0 0 0 0 0 0 0 0 0 0 0 0 0 0 0 0.0046 0.0076 0.3532 1.5118 2.5412 2.871 2.1512 1.69 1.026 0.6662 0.45 0.2926 0.1928 0.1036 0.0748 0.0168 0.022 0.0214 0.0032 0 0 0 0.0246 0.2318 0.4736 1.0364 1.437 1.8914 1.6498 1.3828 1.082 0.7688 0.6176 0.4782 0.3382 0.1966 0.1308 0.094 0.0892 0.0456 0.0148 0.0168 0.003 0.012 0.1238 0.1892 0.3126 0.635 0.9154 1.2064 1.39 1.191 0.8776 0.8714 0.7 0.4656 0.3146 0.2318 0.1514 0.141 0.1128 0.056 0.042 0.024 0.0518 0.027 0.0498 0.132 0.1828 0.4036 0.6654 0.8388 0.9402 0.7588 0.7332 0.768 0.561 0.5516 0.3612 0.3748 0.2312 0.1172 0.0898 
0 0 0 0 0 0 0 0 0 0 0 0 0 0 0 0 0 0 0.034 0.4648 1.6652 2.4962 2.7336 2.3338 1.666 1.0986 0.7182 0.3558 0.2004 0.0534 0.0274 0.0512 0.008 0.0098 0.0098 0.0148 0.021 0.0236 0.031 0.098 0.2994 0.6322 1.0068 1.4732 1.7968 1.6132 1.3582 1.2562 0.8702 0.6148 0.3976 0.2122 0.0942 0.066 0.028 0.0516 0.0268 0.0242 0.0326 0.024 0.0434 0.11 0.3716 0.5232 0.8544 0.964 1.0764 1.1314 1.1286 0.986 0.8258 0.5776 0.4604 0.3214 0.2214 0.1412 0.0904 0.0336 0.0142 0.0088 0.0446 0.0472 0.0962 0.1238 0.2706 0.4822 0.4846 0.6678 0.7424 0.6646 0.7508 0.795 0.7188 0.6122 0.4728 0.3668 0.2392 0.2008 0.1054 0.0378 
0 0 0 0 0 0 0 0 0 0 0 0 0 0 0 0 0 0 0.0322 0.4364 1.428 2.288 2.5898 2.3728 1.7108 1.2052 0.7564 0.5208 0.3024 0.1502 0.1404 0.0562 0.0104 0 0 0 0 0.0012 0.0236 0.0814 0.2662 0.5458 1.0518 1.2276 1.4332 1.4912 1.4122 1.2036 1.0012 0.6674 0.5204 0.3498 0.2598 0.2312 0.169 0.0452 0.0182 0 0 0.003 0.0456 0.201 0.2726 0.3732 0.5924 0.8012 1.0172 1.1308 1.0328 0.9506 0.8182 0.6754 0.5616 0.4584 0.4318 0.2496 0.165 0.088 0.1112 0.019 0.0014 0.0134 0.0314 0.1436 0.2174 0.2972 0.389 0.5406 0.729 0.6722 0.6764 0.6608 0.7538 0.6174 0.5484 0.3816 0.4958 0.3356 0.1684 0.1074 
0 0 0 0 0 0 0 0 0 0 0 0 0 0 0 0 0 0 0.0452 0.3156 1.3428 2.6408 2.789 2.4382 1.582 1.1138 0.7902 0.4852 0.2324 0.1282 0.0648 0.0318 0 0 0 0 0 0 0 0.0782 0.1302 0.5036 0.9256 1.496 1.76 1.898 1.3328 1.2022 0.8684 0.5574 0.4198 0.3758 0.1838 0.1442 0.0764 0.026 0.0152 0.0064 0 0 0.016 0.0664 0.2286 0.3716 0.5984 0.885 1.3238 1.254 1.1482 1.1816 0.7682 0.6724 0.5294 0.4596 0.2218 0.1468 0.0396 0.0316 0.0258 0.0312 0 0.0064 0.0096 0.0516 0.132 0.219 0.3748 0.6064 0.8528 0.7776 0.9268 0.9006 0.8138 0.6748 0.5534 0.4698 0.3736 0.1178 0.056 0.0218 
0 0 0 0 0 0 0 0 0 0 0 0 0 0 0 0 0 0.0036 0.0344 0.3822 1.3078 2.3644 2.7116 2.2394 1.7128 1.0644 0.7678 0.4372 0.2364 0.2876 0.1824 0.0916 0.0836 0.0578 0.035 0 0 0.0102 0.0112 0.0388 0.2146 0.515 1.086 1.271 1.438 1.521 1.431 1.2238 0.8994 0.6598 0.4458 0.3804 0.3374 0.1896 0.103 0.094 0.0694 0.0446 0.016 0.009 0.0348 0.0846 0.1996 0.4478 0.5966 0.9402 1.121 0.991 1.123 0.9604 0.7656 0.6576 0.4414 0.5268 0.3828 0.297 0.165 0.0684 0.0866 0.0458 0.022 0.033 0.0238 0.0726 0.1586 0.274 0.3976 0.5228 0.684 0.8266 0.863 0.7132 0.6334 0.5052 0.6358 0.5398 0.307 0.3344 0.1824 0.1192 
0 0 0 0 0 0 0 0 0 0 0 0 0 0 0 0 0 0 0.0272 0.397 1.5942 2.6232 2.8932 2.4502 1.6312 1.051 0.6692 0.2572 0.1748 0.1228 0.0408 0.0548 0.0132 0 0 0 0 0 0.006 0.0442 0.2904 0.6122 1.1164 1.5514 1.7796 1.7928 1.584 1.132 0.703 0.5322 0.3198 0.2728 0.1444 0.0916 0.0094 0.0092 0.0086 0 0 0.0018 0.0478 0.0934 0.367 0.4144 0.9226 0.8874 1.229 1.331 1.319 1.0994 0.8368 0.5168 0.4178 0.2744 0.1254 0.069 0.0108 0.0266 0.0096 0 0 0 0.0436 0.122 0.2204 0.3648 0.5278 0.5348 0.784 1.1508 1.1216 0.8428 0.7474 0.5808 0.4472 0.2686 0.1062 0.0746 0.0446 0.018 
0 0 0 0 0 0 0 0 0 0 0 0 0 0 0 0 0 0.0028 0.058 0.4332 1.4676 2.7914 3.0822 2.2866 1.5292 0.9754 0.4756 0.3082 0.2822 0.155 0.0754 0.0672 0.01 0 0 0 0 0.0032 0.022 0.044 0.1896 0.683 1.3594 1.73 1.5842 1.695 1.4312 1.1018 0.7784 0.5634 0.2898 0.1634 0.1298 0.0742 0.0738 0.0428 0.0138 0.0114 0.0158 0.0114 0.0128 0.072 0.2888 0.6018 1.1452 1.1082 1.1178 1.2644 1.0876 0.9142 0.6936 0.644 0.4678 0.1878 0.115 0.124 0.0668 0.0318 0.0168 0.0172 0.011 0 0.028 0.0846 0.2206 0.38 0.7012 0.8328 0.9138 1.0144 0.9058 0.6628 0.5928 0.4558 0.4162 0.2844 0.201 0.1324 0.0694 0.0566 
0 0 0 0 0 0 0 0 0 0 0 0 0 0 0 0 0 0.0062 0.0434 0.336 1.2684 2.5882 2.9268 2.2566 1.6848 0.985 0.65 0.4652 0.2368 0.229 0.1168 0.1046 0.0442 0.045 0.0084 0.0046 0 0 0.003 0.0262 0.1302 0.4842 0.983 1.6394 1.9506 1.5026 1.2096 1.0054 0.893 0.6654 0.4418 0.3572 0.3118 0.199 0.073 0.0394 0.016 0.0586 0.0106 0.0054 0.01 0.0384 0.1312 0.362 0.7976 1.177 1.2888 0.9928 0.9674 0.839 0.8972 0.833 0.5214 0.4464 0.255 0.1256 0.1088 0.0692 0.0424 0.0276 0.0292 0.0234 0.0202 0.052 0.0912 0.18 0.4504 0.6126 0.9354 0.808 0.8778 0.82 0.8066 0.6482 0.4566 0.4448 0.2846 0.2116 0.091 0.116 
0 0 0 0 0 0 0 0 0 0 0 0 0 0 0 0 0 0 0.059 0.3424 1.3198 2.5478 2.5918 2.1776 1.721 1.1314 0.6512 0.4308 0.3394 0.2522 0.1634 0.1322 0.081 0.0204 0.019 0.0196 0 0 0.0028 0.0584 0.1744 0.4558 0.9732 1.4536 1.6636 1.5464 1.5222 1.0332 0.7898 0.5752 0.4586 0.3596 0.2984 0.2076 0.1524 0.1466 0.0558 0.04 0.0244 0.008 0.0076 0.0502 0.1682 0.3396 0.7868 0.8554 1.06 1.258 1.2264 1.0244 0.7718 0.6244 0.3982 0.3788 0.2734 0.1872 0.1996 0.1494 0.0838 0.0712 0.0754 0.0102 0.0114 0.0564 0.1248 0.1598 0.3578 0.5118 0.774 0.9586 0.9558 0.8032 0.7704 0.6954 0.3694 0.313 0.333 0.291 0.1554 0.1318 
0 0 0 0 0 0 0 0 0 0 0 0 0 0 0 0 0 0 0.0424 0.4744 1.498 2.6514 2.7252 2.456 1.5268 0.9484 0.7418 0.3718 0.2 0.1384 0.066 0.0646 0.065 0.0298 0 0 0 0 0.0048 0.076 0.2056 0.6216 1.2104 1.822 1.4706 1.2998 1.6538 1.0308 1.0076 0.558 0.3898 0.2064 0.1374 0.1124 0.0466 0.0982 0.031 0.0172 0 0.015 0.0272 0.1198 0.3124 0.4686 0.7574 1.2116 1.2154 1.2198 1.0634 0.846 0.9046 0.4802 0.3316 0.3268 0.2922 0.1202 0.1116 0.0892 0.0624 0.0246 0 0.0184 0.0646 0.0836 0.1756 0.431 0.5014 0.6386 0.9758 0.816 0.92 0.8122 0.6462 0.4566 0.3362 0.321 0.2006 0.1834 0.1696 0.1398 
0 0 0 0 0 0 0 0 0 0 0 0 0 0 0 0 0 0 0.0294 0.3336 1.2744 2.4416 2.619 2.2908 1.9032 1.3478 0.7566 0.519 0.2656 0.137 0.0388 0.0072 0.0078 0.0076 0.0086 0.012 0 0 0.0042 0.0198 0.116 0.425 0.967 1.3902 1.6548 1.5824 1.4274 1.2834 0.9566 0.7868 0.6294 0.2862 0.2128 0.115 0.0472 0.026 0.0316 0.0248 0.0134 0 0 0.0234 0.1398 0.2886 0.6128 1.082 1.1058 1.1216 1.0798 0.9564 1.0098 0.8584 0.5776 0.488 0.2404 0.1198 0.096 0.0696 0.0404 0.0662 0.0218 0.0018 0.011 0.025 0.0808 0.2154 0.2436 0.593 0.7626 0.7926 0.9604 0.7554 0.8194 0.8292 0.6732 0.502 0.2478 0.157 0.1508 0.0638 
0 0 0 0 0 0 0 0 0 0 0 0 0 0 0 0 0 0 0.029 0.3714 1.4406 2.5292 2.8116 2.4332 1.3838 1.0052 0.5274 0.4964 0.2944 0.1554 0.0962 0.0818 0.1156 0.0488 0.0674 0.0702 0.0084 0.0116 0.0322 0.0506 0.1964 0.7032 1.0238 1.5592 1.712 1.3722 1.3972 1.1374 0.75 0.4736 0.4546 0.3198 0.1542 0.1106 0.1244 0.1332 0.0554 0.0442 0.0914 0.0454 0.0418 0.1212 0.3572 0.5162 0.7948 1.0802 1.0246 1.0766 0.9606 0.8874 0.6814 0.6554 0.48 0.3642 0.2586 0.1534 0.1298 0.1394 0.0726 0.0502 0.0888 0.046 0.1102 0.0798 0.1794 0.3644 0.6246 0.6196 0.8026 0.8572 0.8088 0.5936 0.5588 0.4976 0.4402 0.3132 0.399 0.1664 0.131 0.1088 
0 0 0 0 0 0 0 0 0 0 0 0 0 0 0 0 0 0 0.0198 0.2874 1.457 2.3704 2.6284 2.4396 1.5704 1.2312 0.9456 0.4652 0.244 0.1524 0.0724 0.0428 0.0562 0.0172 0 0 0 0 0 0.0086 0.147 0.6604 1.0532 1.3418 1.4814 1.7306 1.3072 0.8926 0.9592 0.8326 0.5576 0.4838 0.2924 0.1004 0.0732 0.0674 0.0106 0 0 0 0.0176 0.0398 0.2126 0.4832 0.7346 1.0152 1.0256 0.951 1.0182 0.98 0.7678 0.785 0.5534 0.5528 0.3884 0.2172 0.1034 0.0656 0.0302 0.0346 0.0238 0 0.0196 0.0626 0.13 0.2428 0.4534 0.6224 0.7696 0.7866 0.7612 0.8446 0.744 0.5702 0.4786 0.442 0.3102 0.2142 0.2114 0.1412 
0 0 0 0 0 0 0 0 0 0 0 0 0 0 0 0 0 0 0.0148 0.2024 1.1398 2.0976 2.8354 2.5462 1.8118 1.0942 0.8208 0.5572 0.3822 0.2344 0.0836 0.0428 0.0178 0.038 0.0092 0.0092 0.0186 0.0398 0.0042 0.006 0.105 0.2148 0.6632 1.2824 1.7882 1.816 1.3364 1.2644 0.857 0.785 0.5648 0.5344 0.358 0.139 0.0872 0.0596 0.0392 0.0078 0.0086 0.0088 0.0084 0.0398 0.087 0.1734 0.3502 0.698 1.1236 1.229 1.3066 1.1382 0.934 0.8304 0.6608 0.4698 0.2592 0.2624 0.223 0.0916 0.037 0.0492 0.017 0.0132 0.0102 0.0128 0.035 0.1154 0.1406 0.3666 0.5572 0.8218 1.036 0.9406 0.833 0.8194 0.6132 0.393 0.4422 0.4274 0.1614 0.1144 
0 0 0 0 0 0 0 0 0 0 0 0 0 0 0 0 0 0 0.0132 0.4258 1.4842 2.6564 2.7248 2.3396 1.5032 0.8652 0.635 0.536 0.3674 0.1432 0.096 0.0668 0.0424 0.024 0.016 0.0214 0.0148 0.0076 0.0112 0.0638 0.2546 0.6942 1.0774 1.6118 1.6842 1.5674 1.344 0.904 0.708 0.6204 0.429 0.3174 0.2446 0.1628 0.1098 0.0612 0.0584 0.0228 0.0286 0.0262 0.0504 0.1446 0.235 0.5596 0.767 1.1574 1.2836 1.1 0.9704 0.8586 0.6024 0.6106 0.4918 0.4252 0.2106 0.1768 0.1388 0.0668 0.0808 0.0356 0.0236 0.0058 0.0512 0.1114 0.1664 0.3208 0.6238 0.7154 0.808 0.8752 0.792 0.665 0.7382 0.564 0.4928 0.2702 0.2904 0.1596 0.122 0.0974 
0 0 0 0 0 0 0 0 0 0 0 0 0 0 0 0 0 0 0.0366 0.4838 1.6714 2.7374 2.793 2.139 1.5258 1.1114 0.5014 0.3846 0.312 0.1756 0.0638 0.0586 0.0056 0 0 0 0 0 0.0044 0.088 0.2812 0.7516 1.254 1.4782 1.5788 1.806 1.4296 0.9564 0.755 0.6952 0.4122 0.1714 0.1434 0.091 0.049 0.0424 0.0122 0 0 0 0.0394 0.1492 0.3016 0.5788 0.782 1.0668 1.3576 1.301 1.0376 0.922 0.7562 0.6014 0.3786 0.2166 0.1802 0.1568 0.1044 0.0498 0.02 0 0 0.0218 0.0528 0.0678 0.2278 0.4116 0.5076 0.844 0.7386 1.012 0.9002 0.8002 0.7546 0.4804 0.3838 0.2928 0.2178 0.0888 0.083 0.0842 
0 0 0 0 0 0 0 0 0 0 0 0 0 0 0 0 0 0 0.022 0.284 1.3352 2.7212 2.6078 2.2586 1.6222 1.0972 0.755 0.4998 0.4508 0.1938 0.1112 0.0248 0.0164 0 0 0 0 0 0 0.0242 0.1404 0.524 1.1048 1.4182 1.6746 1.6146 1.4864 0.8844 0.8906 0.5752 0.4662 0.4796 0.2916 0.2476 0.1338 0.0438 0 0 0 0 0.016 0.0296 0.1716 0.3664 0.6648 1.1136 1.1618 1.227 1.0774 1.0458 0.7504 0.6064 0.6256 0.3186 0.2722 0.2662 0.153 0.0924 0.0212 0.018 0.002 0 0 0.0188 0.0644 0.23 0.4356 0.6986 0.7578 0.9344 0.96 0.7958 0.7014 0.6046 0.5292 0.4606 0.2808 0.2472 0.1514 0.0776 
0 0 0 0 0 0 0 0 0 0 0 0 0 0 0 0 0 0 0.078 0.522 1.6922 2.515 2.7412 2.1892 1.6736 1.005 0.5848 0.345 0.2524 0.1828 0.1092 0.0298 0.0254 0.0074 0.0074 0.007 0.0278 0.0048 0.008 0.0934 0.336 0.695 1.2962 1.537 1.5732 1.5782 1.4042 0.9172 0.6918 0.6034 0.4634 0.2604 0.2026 0.1008 0.0976 0.0418 0.0246 0.0148 0.0166 0.0276 0.0538 0.1152 0.3198 0.653 1.0572 1.0412 1.0878 1.1554 0.9102 0.9568 0.6426 0.4804 0.4434 0.353 0.3458 0.1392 0.0808 0.0422 0.018 0.0496 0.0346 0.0364 0.0544 0.1354 0.2834 0.473 0.5626 0.794 0.7462 0.8 0.6924 0.7804 0.5826 0.467 0.4854 0.3424 0.245 0.2004 0.1388 0.077 
0 0 0 0 0 0 0 0 0 0 0 0 0 0 0 0 0 0 0.0282 0.249 1.027 2.3266 2.8732 2.5562 2.0194 0.9752 0.5562 0.5334 0.3504 0.2478 0.084 0.0538 0.0476 0.0326 0.0086 0.0086 0.0152 0.007 0.0028 0.0236 0.114 0.328 0.7962 1.2356 1.681 1.8832 1.6572 1.2048 0.823 0.6524 0.4438 0.386 0.251 0.1288 0.1516 0.0766 0.0598 0.0368 0.0166 0.0142 0.0094 0.0652 0.101 0.2746 0.4948 0.7496 1.1324 1.2952 1.2376 1.1186 0.8876 0.6856 0.6042 0.4582 0.291 0.1728 0.1304 0.087 0.112 0.0342 0.024 0.0308 0.0316 0.0068 0.0858 0.1282 0.2376 0.4944 0.7394 0.889 0.8762 0.9122 0.7668 0.6438 0.5286 0.4998 0.4002 0.292 0.2014 0.0844 
0 0 0 0 0 0 0 0 0 0 0 0 0 0 0 0 0 0 0.0308 0.407 1.5192 2.5946 3.0644 2.4834 1.817 0.8762 0.4714 0.3804 0.1756 0.1456 0.0302 0.0042 0 0 0 0 0 0 0.0128 0.0568 0.2442 0.6154 1.0066 1.5476 1.709 1.9884 1.6132 1.1234 0.678 0.4938 0.3232 0.3154 0.125 0.0832 0.0384 0.0132 0.0124 0 0 0.0098 0.0584 0.1328 0.2504 0.4328 0.7604 1.225 1.0736 1.1116 1.2074 1.129 0.7962 0.5772 0.4322 0.3138 0.2412 0.139 0.0406 0.0232 0.0346 0.0108 0.003 0.0546 0.0486 0.1014 0.1712 0.4018 0.5908 0.6694 0.7072 0.8582 0.8502 0.6932 0.6202 0.629 0.4858 0.398 0.312 0.1808 0.1032 0.095 
0 0 0 0 0 0 0 0 0 0 0 0 0 0 0 0 0 0.0022 0.0232 0.402 1.4842 2.5006 2.8606 2.3332 1.8674 1.0684 0.5052 0.4234 0.2386 0.1468 0.0412 0.0412 0.0344 0.0198 0.0076 0 0 0 0 0.0498 0.2126 0.6112 1.0334 1.4982 1.7606 1.7148 1.346 1.0366 0.9178 0.6032 0.5102 0.3384 0.1852 0.1058 0.0398 0.023 0.0066 0.0068 0 0.0038 0.022 0.0774 0.2606 0.4616 0.7698 1.0358 1.1886 1.1324 1.0246 1.0102 0.825 0.736 0.5466 0.336 0.2634 0.1208 0.0838 0.0656 0.013 0.0106 0.018 0.0066 0.0068 0.0812 0.1528 0.2924 0.4578 0.6688 0.78 0.8842 0.9172 0.7586 0.7228 0.6592 0.7216 0.3178 0.2734 0.1264 0.0632 0.0226 
0 0 0 0 0 0 0 0 0 0 0 0 0 0 0 0 0 0 0.009 0.1944 0.8224 2.243 3.0824 2.498 1.7006 1.3286 0.8008 0.5386 0.3218 0.1926 0.1274 0.0986 0.0232 0.0186 0 0 0 0 0 0.0102 0.049 0.3094 0.6986 1.0612 1.552 1.9224 1.548 1.3062 0.9524 0.87 0.675 0.4326 0.2482 0.1354 0.105 0.0842 0.0272 0.013 0 0 0 0 0.019 0.1856 0.4774 0.8558 0.8708 1.0618 1.24 1.1568 1.1034 0.8496 0.6138 0.505 0.4896 0.2704 0.136 0.0512 0.048 0.0412 0.0246 0 0 0 0.0042 0.1456 0.1978 0.433 0.5196 0.6814 0.778 1.0156 0.7858 0.723 0.7542 0.6152 0.5678 0.4156 0.1686 0.0822 
0 0 0 0 0 0 0 0 0 0 0 0 0 0 0 0 0 0.0044 0.0606 0.3426 1.4544 2.587 2.8966 2.2478 1.5944 1.3486 0.5794 0.331 0.347 0.1702 0.036 0 0 0 0 0 0 0 0.0048 0.0402 0.1256 0.5904 1.2176 1.5282 1.7258 1.8042 1.3598 0.9854 0.617 0.7168 0.5556 0.3116 0.2114 0.1328 0.0636 0.0092 0 0 0 0.0052 0.0096 0.026 0.2254 0.5088 0.706 0.9224 1.5274 1.301 1.2476 0.7754 0.636 0.651 0.4338 0.3282 0.2332 0.1858 0.1348 0.0618 0.0326 0.04 0.008 0 0.0144 0.0712 0.1294 0.2638 0.4442 0.7778 0.9622 0.9202 0.9196 0.7772 0.5658 0.6208 0.4122 0.4482 0.2214 0.1358 0.0946 0.0746 
0 0 0 0 0 0 0 0 0 0 0 0 0 0 0 0 0 0 0.0316 0.4658 1.431 2.4666 2.6404 2.4832 1.6392 1.0198 0.6852 0.425 0.2344 0.1878 0.0994 0.0862 0.0306 0.03 0.0438 0 0 0 0.0088 0.0784 0.23 0.659 1.1222 1.4578 1.6686 1.4434 1.351 1.0064 0.9494 0.592 0.4358 0.3328 0.1928 0.1558 0.0874 0.0604 0.0494 0.0436 0.052 0.0246 0.0276 0.125 0.366 0.5696 0.729 0.9258 1.0122 1.299 0.9874 0.9752 0.6562 0.4886 0.5214 0.3508 0.273 0.172 0.1258 0.0806 0.0788 0.0836 0.0926 0.0514 0.0948 0.1358 0.2454 0.3072 0.5512 0.6232 0.7758 0.8378 0.7226 0.6868 0.621 0.5122 0.4464 0.3202 0.2866 0.1832 0.192 0.0868 
0 0 0 0 0 0 0 0 0 0 0 0 0 0 0 0 0 0 0.0268 0.203 1.385 2.329 2.8022 2.3956 1.4812 1.0974 0.8106 0.5456 0.309 0.2346 0.1406 0.0658 0.0774 0.0566 0.0276 0.012 0 0 0 0.0212 0.107 0.4226 0.8584 1.4028 1.8524 1.5754 1.1784 1.218 0.8602 0.7366 0.5132 0.4332 0.2362 0.1694 0.1142 0.0876 0.1044 0.0366 0.0508 0.0176 0.0126 0.0436 0.1412 0.2708 0.5336 0.9352 1.3182 1.0108 1.1046 0.8996 0.9 0.7002 0.5268 0.4742 0.405 0.2228 0.144 0.0698 0.085 0.0706 0.0664 0.0468 0.0296 0.022 0.075 0.26 0.3604 0.5588 0.6188 0.7666 0.7506 0.7914 0.8858 0.6378 0.494 0.395 0.4064 0.3164 0.1844 0.1174 
0 0 0 0 0 0 0 0 0 0 0 0 0 0 0 0 0 0 0.0268 0.3096 1.259 2.5872 2.9644 2.3288 1.5884 1.1736 0.7488 0.4432 0.239 0.153 0.126 0.0396 0.0126 0 0 0 0 0 0.0016 0.022 0.161 0.3572 1.0708 1.5286 1.6108 1.6362 1.5978 1.2332 0.8574 0.595 0.4772 0.2894 0.1918 0.2458 0.0944 0.0298 0 0 0 0 0.012 0.0398 0.0898 0.3792 0.6536 0.9792 1.0208 1.3944 1.2456 1.09 0.9224 0.562 0.3752 0.3334 0.3708 0.222 0.1372 0.1132 0.0594 0 0 0 0 0.0152 0.0914 0.1648 0.3538 0.5912 0.7322 0.9628 1.2 0.8728 0.6722 0.4832 0.457 0.419 0.2934 0.2022 0.2116 0.1504 
0 0 0 0 0 0 0 0 0 0 0 0 0 0 0 0 0 0.0042 0.0402 0.4428 1.6918 2.513 2.9702 2.2502 1.699 1.0744 0.6038 0.3146 0.1472 0.0924 0.0516 0.0494 0.0348 0.0132 0.0072 0 0 0 0.0066 0.04 0.2678 0.7898 1.294 1.5138 1.546 1.631 1.5832 1.0994 0.8036 0.4964 0.3368 0.1756 0.1104 0.1042 0.0852 0.0434 0.0658 0.007 0 0.0144 0.0236 0.1758 0.3596 0.5794 0.8098 1.1344 1.0626 1.2476 1.18 0.9716 0.7306 0.5488 0.3188 0.2084 0.202 0.175 0.1162 0.0862 0.0552 0 0 0.0342 0.0714 0.1294 0.2632 0.437 0.4022 0.6626 0.7734 0.9724 0.9896 0.7446 0.7634 0.6078 0.353 0.1904 0.2234 0.1344 0.0822 0.1068 
0 0 0 0 0 0 0 0 0 0 0 0 0 0 0 0 0 0 0.0426 0.404 1.772 2.9026 2.7242 2.2496 1.4746 0.8476 0.5768 0.4608 0.2506 0.1328 0.072 0.0722 0.0176 0 0 0 0 0 0.0178 0.0636 0.358 0.7332 1.3404 1.6338 1.7142 1.6534 1.197 1.0842 0.737 0.5188 0.2594 0.2272 0.175 0.1088 0.0764 0.0208 0.0058 0.006 0.0078 0.0116 0.107 0.2424 0.4126 0.5972 0.7798 1.0578 1.3224 1.242 1.1538 0.8876 0.7024 0.5088 0.2838 0.2316 0.2392 0.1472 0.034 0.0154 0.0072 0.0094 0.0066 0.0516 0.1362 0.2444 0.1836 0.3276 0.5938 0.718 0.8936 1.0252 0.961 0.833 0.6782 0.4082 0.2432 0.293 0.1932 0.1474 0.0408 0.008 
0 0 0 0 0 0 0 0 0 0 0 0 0 0 0 0 0 0 0.0614 0.4472 1.484 2.5034 2.6592 2.2298 1.69 1.0608 0.6094 0.4944 0.2968 0.2044 0.0838 0.092 0.0326 0.0222 0.019 0.0096 0 0 0.017 0.0624 0.2434 0.6382 1.1824 1.4116 1.5702 1.4784 1.2682 1.0584 0.9396 0.6084 0.4526 0.409 0.2448 0.1826 0.0554 0.0668 0.0276 0.0458 0.0336 0.0058 0.039 0.1 0.2342 0.4898 0.8528 0.9504 1.156 1.0722 1.1676 0.7794 0.7696 0.6602 0.5524 0.4086 0.279 0.1174 0.1304 0.1106 0.0724 0.0558 0 0.0178 0.032 0.0848 0.1764 0.252 0.4618 0.6944 0.8174 0.8724 0.8308 0.7166 0.6422 0.6732 0.45 0.4206 0.2752 0.1722 0.1668 0.12 
0 0 0 0 0 0 0 0 0 0 0 0 0 0 0 0 0 0 0.0322 0.4096 1.3152 2.2356 2.7268 2.633 1.868 1.1368 0.6774 0.4924 0.3392 0.0892 0.0326 0.012 0 0 0 0 0 0 0.0062 0.051 0.2952 0.457 0.9108 1.4538 1.6716 1.5462 1.3858 1.2322 0.9696 0.7076 0.57 0.421 0.2232 0.0794 0.0194 0 0 0 0 0.016 0.0402 0.0988 0.2414 0.3888 0.7106 0.969 1.0814 1.0434 1.0454 1.0046 1.034 0.8314 0.4354 0.4012 0.2602 0.1836 0.164 0.0506 0 0 0 0.0092 0.089 0.0718 0.1116 0.3212 0.4668 0.527 0.7516 0.6662 0.8318 0.8164 0.8942 0.7064 0.543 0.432 0.3476 0.2236 0.0892 0.0698 
0 0 0 0 0 0 0 0 0 0 0 0 0 0 0 0 0 0 0.0028 0.258 1.3102 2.2634 2.8802 2.3346 1.6494 1.274 0.7466 0.4728 0.3046 0.2298 0.1294 0.0508 0.022 0.0294 0.0226 0.0078 0.0116 0 0 0.0434 0.0994 0.3284 0.9202 1.365 1.4506 1.7172 1.6178 1.2512 0.942 0.5842 0.4144 0.333 0.3734 0.2336 0.1514 0.0528 0.081 0.0312 0.0098 0.007 0.0176 0.0246 0.0746 0.239 0.5024 1.0126 1.0826 1.144 1.2134 0.9856 1.0472 0.7062 0.478 0.3472 0.3434 0.2844 0.1992 0.0976 0.0564 0.0774 0.0314 0.0198 0.0084 0 0.0776 0.1326 0.2514 0.4586 0.7332 0.8018 0.9112 0.9236 0.8546 0.757 0.5252 0.4166 0.3698 0.2466 0.1936 0.132 
0 0 0 0 0 0 0 0 0 0 0 0 0 0 0 0 0 0 0.0398 0.4112 1.4872 2.4118 2.9352 2.4912 1.5244 1.2918 0.724 0.3738 0.143 0.0934 0.0296 0.042 0.0016 0 0 0 0 0.0016 0.0098 0.0428 0.3032 0.5152 0.854 1.5644 1.7486 1.7288 1.52 1.305 0.9114 0.6394 0.42 0.2382 0.1218 0.053 0.0228 0 0 0 0 0 0.0332 0.1026 0.2642 0.4852 0.652 0.8694 1.011 1.3226 1.3374 1.1516 0.965 0.7852 0.4056 0.2722 0.1964 0.1068 0.0362 0.0034 0 0 0 0.0144 0.0112 0.0872 0.1954 0.2364 0.5356 0.58 0.786 0.686 0.9452 1.0344 0.8888 0.6392 0.5804 0.2802 0.2052 0.1226 0.1202 0.0454 
0 0 0 0 0 0 0 0 0 0 0 0 0 0 0 0 0 0 0.0172 0.3846 1.4872 2.4062 2.8448 2.3218 1.783 1.0014 0.7204 0.4102 0.307 0.111 0.0664 0.022 0.0354 0.0372 0.0238 0.0204 0 0 0 0.0214 0.2204 0.5566 0.8834 1.4062 1.8212 1.5876 1.4506 1.4178 0.8294 0.6772 0.4086 0.2576 0.1448 0.138 0.0868 0.0408 0.0446 0.007 0 0 0.0238 0.052 0.2008 0.4374 0.6036 0.9104 0.9896 1.2642 1.4122 1.084 0.8796 0.7734 0.4254 0.3082 0.2322 0.125 0.123 0.0646 0.0404 0.0366 0.0136 0.0038 0.0194 0.0908 0.1542 0.236 0.31 0.5632 0.711 0.8204 0.9388 1.0156 0.9244 0.6246 0.5328 0.3 0.2562 0.1794 0.1252 0.0524 
0 0 0 0 0 0 0 0 0 0 0 0 0 0 0 0 0 0 0.0134 0.611 1.7766 2.5354 2.6452 2.3664 1.479 1.1532 0.7108 0.362 0.1776 0.1 0.0224 0.0254 0.0174 0.0042 0 0 0 0 0.0202 0.1038 0.4132 0.8108 1.1694 1.7258 1.5424 1.512 1.0368 1.2044 1.0032 0.6278 0.3402 0.1912 0.1838 0.0852 0.0298 0 0 0 0 0.0334 0.0798 0.1756 0.4184 0.7444 0.9244 1.0378 1.2056 0.947 0.9294 0.874 0.8294 0.693 0.3752 0.3154 0.2092 0.119 0.067 0.022 0 0 0.0062 0.0496 0.085 0.1414 0.301 0.3942 0.7296 0.8778 0.9684 0.812 0.5774 0.6032 0.6768 0.5182 0.4504 0.2606 0.2476 0.1566 0.0534 0.049 
0 0 0 0 0 0 0 0 0 0 0 0 0 0 0 0 0 0.003 0.0576 0.5084 1.6766 2.8042 2.7658 2.0738 1.5466 1.031 0.6106 0.4202 0.243 0.1646 0.0524 0.0422 0 0 0 0 0 0 0.0192 0.0706 0.2666 0.7416 1.2784 1.8796 1.7948 1.455 1.1782 0.9244 0.7498 0.6958 0.4114 0.2576 0.1412 0.08 0.0322 0.0236 0 0 0 0.0276 0.049 0.093 0.2744 0.6248 1.0612 1.2388 1.2152 1.2828 0.9444 0.8846 0.7876 0.5294 0.3164 0.3002 0.1554 0.1172 0.0658 0.0322 0 0 0.0102 0.0122 0.0104 0.0774 0.3446 0.4316 0.6074 0.962 0.816 0.8862 0.9046 0.8104 0.6446 0.4546 0.4058 0.266 0.1548 0.1 0.0482 0.0218 
0 0 0 0 0 0 0 0 0 0 0 0 0 0 0 0 0 0 0.0628 0.4692 1.559 2.6938 2.86 2.3452 1.6042 1.0614 0.513 0.2976 0.2056 0.1224 0.1252 0.0492 0.0314 0 0 0 0 0 0.006 0.0886 0.2444 0.5802 1.1352 1.7084 1.9426 1.6918 1.3608 0.988 0.8428 0.5474 0.2656 0.2024 0.1864 0.0914 0.0536 0.055 0.0094 0 0 0 0.021 0.0826 0.1842 0.6206 0.9066 1.2092 1.3146 1.2176 1.2582 0.809 0.683 0.6324 0.3876 0.2576 0.115 0.1496 0.0478 0.0708 0.0326 0 0 0.0118 0.007 0.0994 0.1732 0.3064 0.6634 0.7592 0.8748 0.9968 0.9938 0.7876 0.7466 0.4772 0.403 0.2222 0.1484 0.135 0.1218 0.058 
0 0 0 0 0 0 0 0 0 0 0 0 0 0 0 0 0 0 0.0192 0.3286 1.33 2.3782 2.8436 2.369 1.7532 1.1576 0.7466 0.4656 0.2808 0.1696 0.0934 0.0646 0 0 0 0 0 0 0 0.0306 0.1834 0.4656 1.0116 1.2508 1.6358 1.8354 1.4166 1.1612 0.9448 0.7868 0.5268 0.2698 0.1662 0.1378 0.081 0.0178 0.0362 0.012 0.0194 0.0104 0.014 0.0922 0.1814 0.4078 0.579 0.7482 1.062 1.398 1.0022 1.0054 1.1592 0.7336 0.5744 0.4172 0.2604 0.1272 0.0646 0.056 0.0342 0.0484 0.0228 0.0118 0.0254 0.0472 0.1294 0.2232 0.3612 0.4908 0.7038 0.6706 0.8722 0.8768 0.8962 0.851 0.5794 0.4624 0.3486 0.1836 0.1054 0.0734 
0 0 0 0 0 0 0 0 0 0 0 0 0 0 0 0 0 0 0.0218 0.3362 1.1344 2.2498 2.8662 2.2832 1.8808 1.0658 0.6476 0.4764 0.4054 0.2562 0.1394 0.1506 0.052 0.0058 0.007 0.0098 0.0116 0 0 0.0342 0.1346 0.4016 0.791 1.356 1.5148 1.5298 1.5898 1.3822 0.9202 0.7418 0.4146 0.3268 0.2862 0.225 0.1644 0.0936 0.0448 0.0486 0 0 0.0224 0.0392 0.1314 0.3182 0.5672 0.7372 0.968 1.0742 1.124 1.189 1.0536 0.7422 0.5516 0.4376 0.3212 0.194 0.1846 0.1182 0.1088 0.104 0.0134 0 0.0194 0.0488 0.0588 0.1848 0.3268 0.4904 0.5626 0.6348 0.7108 0.9538 0.8682 0.8272 0.613 0.5172 0.3398 0.2768 0.1846 0.134 
0 0 0 0 0 0 0 0 0 0 0 0 0 0 0 0 0 0 0.044 0.4536 1.4396 2.2844 2.421 2.0494 1.7444 1.2624 0.7926 0.634 0.323 0.2596 0.1282 0.088 0.0366 0.0072 0.0062 0.0056 0.0084 0.0118 0.0082 0.1008 0.267 0.575 0.8604 1.2226 1.5568 1.3248 1.2804 1.197 1.0936 0.7516 0.4482 0.401 0.2962 0.199 0.1292 0.1516 0.0684 0.064 0.0042 0.0126 0.0448 0.0988 0.235 0.3314 0.5922 0.7754 1.1684 0.9726 0.9556 0.9842 0.8958 0.6762 0.5696 0.4882 0.2942 0.2626 0.2456 0.1352 0.1328 0.108 0.0208 0 0.0148 0.0912 0.1092 0.2122 0.2876 0.5538 0.6576 0.6736 0.7074 0.8976 0.7946 0.6652 0.549 0.471 0.3638 0.291 0.2186 0.1404 
0 0 0 0 0 0 0 0 0 0 0 0 0 0 0 0 0 0 0.0414 0.4264 1.6062 2.6558 2.833 2.145 1.4576 0.9854 0.7122 0.3944 0.2178 0.1864 0.0984 0.05 0.0568 0.0526 0.027 0.034 0.0196 0 0 0.0456 0.2278 0.7374 1.0944 1.6198 1.8452 1.601 1.2244 0.9864 0.6766 0.617 0.3648 0.3042 0.2318 0.1114 0.132 0.0544 0.0412 0.0518 0.0078 0.0158 0.013 0.1492 0.199 0.6492 0.8182 1.151 1.2506 1.0944 1.0714 0.7848 0.603 0.6216 0.4632 0.3026 0.2514 0.1922 0.1394 0.0818 0.0724 0.0426 0.0252 0.0184 0.0496 0.132 0.2032 0.3254 0.6044 0.7976 0.815 0.7654 0.6326 0.8422 0.7112 0.4708 0.4488 0.336 0.278 0.2696 0.0866 0.0608 
0 0 0 0 0 0 0 0 0 0 0 0 0 0 0 0 0 0 0.0298 0.3422 1.3166 2.3186 2.7344 2.2868 1.8796 1.1614 0.718 0.4614 0.3526 0.2292 0.0422 0.0282 0.0482 0.0366 0.0096 0.0046 0 0 0 0.0334 0.1304 0.386 0.843 1.6014 1.822 1.4814 1.2988 1.0836 0.91 0.907 0.5736 0.344 0.2084 0.1566 0.0696 0.0666 0.0252 0.059 0 0 0.0072 0.0254 0.1394 0.3248 0.5906 0.851 1.192 1.2522 1.1684 1.0286 0.8974 0.7016 0.5466 0.3328 0.423 0.1946 0.0856 0.0898 0.061 0.0138 0.013 0.0164 0.0356 0.0794 0.0838 0.1596 0.2374 0.4568 0.7108 0.94 0.885 0.908 1.0046 0.6908 0.5306 0.3638 0.3326 0.2074 0.1782 0.0978 
