0.03 0.09 0.15 0.21 0.27 0.33 0.39 0.45 0.51 0.57 0.63 0.69 0.75 0.81 0.87 0.93 0.99 1.05 1.11 1.17 1.23 1.29 1.35 1.41 1.47 1.53 1.59 1.65 1.71 1.77 1.83 1.89 1.95 2.01 2.07 2.13 2.19 2.25 2.31 2.37 2.43 2.49 2.55 2.61 2.67 2.73 2.79 2.85 2.91 2.97 3.03 3.09 3.15 3.21 3.27 3.33 3.39 3.45 3.51 3.57 3.63 3.69 3.75 3.81 3.87 3.93 3.99 4.05 4.11 4.17 4.23 4.29 4.35 4.41 4.47 4.53 4.59 4.65 4.71 4.77 4.83 4.89 4.95 5.01 5.07 5.13 5.19 5.25 5.31 5.37 5.43 5.49 5.55 5.61 5.67 5.73 5.79 5.85 5.91 5.97 
0 0 0 0 0 0 0 0 0 0 0 0 0 0 0 0 0.051 0.2388 0.317 0.2848 0.2308 0.195 0.1502 0.0734 0.0492 0.0402 0.0264 0.0342 0.036 0.0292 0.006 0.001 0.0006 0.0008 0.0008 0.001 0.0012 0.0012 0.0012 0.0014 0.0012 0.0008 0.0012 0.001 0.001 0.001 0.001 0.001 0.001 0.0012 0.0008 0.0014 0.0012 0.0014 0.0014 0.0014 0.0016 0.0016 0.002 0.0054 0.0002 0 0 0 0 0 0 0 0 0 0 0 0 0 0 0 0 0 0 0 0 0 0 0 0 0 0 0 0 0 0 0 0 0 0 0 0 0 0 0 
0 0 0 0 0 0 0 0 0 0 0 0 0 0 0 0 0.0464 0.2392 0.3718 0.312 0.2494 0.1806 0.144 0.1096 0.0634 0.0474 0.044 0.0414 0.0268 0.0154 0.0054 0.0052 0.0056 0.0052 0.0052 0.0048 0.0046 0.0046 0.0046 0.005 0.0106 0.0112 0.0054 0.004 0.0052 0.0052 0.0014 0.0016 0.002 0.0024 0.0024 0.0026 0.0044 0 0 0 0 0 0 0 0 0 0 0 0 0 0 0 0 0 0 0 0 0 0 0 0 0 0 0 0 0 0 0 0 0 0 0 0 0 0 0 0 0 0 0 0 0 0 0 
0 0 0 0 0 0 0 0 0 0 0 0 0 0 0 0.0014 0.06 0.1946 0.311 0.3122 0.181 0.1214 0.0952 0.0912 0.0852 0.0578 0.0636 0.0548 0.0352 0.0382 0.0364 0.0314 0.0206 0.0154 0.019 0.0296 0.0528 0.0186 0.01 0.0068 0.0066 0.0072 0.0084 0.0036 0.0048 0.007 0.0086 0.0064 0.004 0 0 0 0 0 0 0 0 0 0 0 0 0 0 0 0 0 0 0 0 0 0 0 0 0 0 0 0 0 0 0 0 0 0 0 0 0 0 0 0 0 0 0 0 0 0 0 0 0 0 0 
0 0 0 0 0 0 0 0 0 0 0 0 0 0 0 0 0.0484 0.2612 0.4302 0.3656 0.2168 0.1456 0.113 0.0958 0.0864 0.0672 0.0678 0.0356 0.0398 0.0082 0.0046 0.011 0.0028 0 0 0 0 0 0 0 0 0 0 0 0 0 0 0 0 0 0 0 0 0 0 0 0 0 0 0 0 0 0 0 0 0 0 0 0 0 0 0 0 0 0 0 0 0 0 0 0 0 0 0 0 0 0 0 0 0 0 0 0 0 0 0 0 0 0 0 
0 0 0 0 0 0 0 0 0 0 0 0 0 0 0 0 0.041 0.2456 0.3908 0.3632 0.2428 0.1514 0.1186 0.0774 0.0642 0.0534 0.0444 0.0264 0.0248 0.019 0.0254 0.023 0.0092 0.007 0.008 0.0092 0.0088 0.0068 0.0064 0.0046 0.0042 0.0048 0.0056 0.0022 0.0046 0.0072 0 0 0 0 0 0 0 0 0 0 0 0 0 0 0 0 0 0 0 0 0 0 0 0 0 0 0 0 0 0 0 0 0 0 0 0 0 0 0 0 0 0 0 0 0 0 0 0 0 0 0 0 0 0 
0 0 0 0 0 0 0 0 0 0 0 0 0 0 0 0 0.0446 0.24 0.3806 0.309 0.2134 0.171 0.1504 0.0996 0.0896 0.0782 0.041 0.0324 0.0362 0.033 0.0152 0.0192 0.009 0.0014 0.0016 0.0014 0.0016 0.0022 0.0016 0.0018 0.0018 0.0024 0.003 0.004 0.006 0.0088 0 0 0 0 0 0 0 0 0 0 0 0 0 0 0 0 0 0 0 0 0 0 0 0 0 0 0 0 0 0 0 0 0 0 0 0 0 0 0 0 0 0 0 0 0 0 0 0 0 0 0 0 0 0 
0 0 0 0 0 0 0 0 0 0 0 0 0 0 0 0.0024 0.0398 0.2402 0.3284 0.2974 0.231 0.1284 0.0974 0.0712 0.0718 0.0536 0.046 0.0494 0.0292 0.023 0.0194 0.0322 0.0202 0.0316 0.0166 0.0274 0.0174 0.012 0.0128 0.0106 0.0152 0.0102 0.0028 0.003 0.003 0.0036 0.0042 0.007 0.0082 0.0056 0.0018 0.0016 0.0016 0.002 0.0034 0.0032 0.0054 0.0088 0 0 0 0 0 0 0 0 0 0 0 0 0 0 0 0 0 0 0 0 0 0 0 0 0 0 0 0 0 0 0 0 0 0 0 0 0 0 0 0 0 0 
0 0 0 0 0 0 0 0 0 0 0 0 0 0 0 0.001 0.056 0.224 0.2942 0.283 0.1966 0.1632 0.1368 0.0992 0.0872 0.0754 0.0528 0.0544 0.0496 0.0358 0.0296 0.0294 0.0248 0.0172 0.0114 0.0046 0.0058 0.0062 0.008 0.0178 0.0182 0.0012 0.0014 0.0014 0.0016 0.0018 0.0018 0.004 0.0046 0 0 0 0 0 0 0 0 0 0 0 0 0 0 0 0 0 0 0 0 0 0 0 0 0 0 0 0 0 0 0 0 0 0 0 0 0 0 0 0 0 0 0 0 0 0 0 0 0 0 0 
0 0 0 0 0 0 0 0 0 0 0 0 0 0 0 0.0006 0.044 0.248 0.4174 0.3282 0.198 0.1834 0.1316 0.0646 0.0562 0.0564 0.0442 0.0352 0.031 0.0216 0.023 0.0146 0.013 0.01 0.004 0.0068 0.0056 0.0018 0.0022 0.0022 0.0028 0.0026 0.0028 0.0026 0.0032 0.0036 0.0046 0.0008 0.0014 0.001 0.0012 0.0012 0.0012 0.0014 0.0016 0.0014 0.0016 0.0016 0.0014 0.0014 0.0018 0.0018 0.0026 0.0032 0.004 0.0036 0 0 0 0 0 0 0 0 0 0 0 0 0 0 0 0 0 0 0 0 0 0 0 0 0 0 0 0 0 0 0 0 0 0 
0 0 0 0 0 0 0 0 0 0 0 0 0 0 0 0 0.0456 0.2368 0.3734 0.3334 0.259 0.1612 0.1174 0.096 0.0786 0.063 0.0384 0.036 0.039 0.0266 0.0136 0.0082 0.009 0.0078 0.0066 0.0108 0.0038 0.0032 0.0038 0.0034 0.0072 0.0066 0.004 0.0076 0 0 0 0 0 0 0 0 0 0 0 0 0 0 0 0 0 0 0 0 0 0 0 0 0 0 0 0 0 0 0 0 0 0 0 0 0 0 0 0 0 0 0 0 0 0 0 0 0 0 0 0 0 0 0 0 
0 0 0 0 0 0 0 0 0 0 0 0 0 0 0 0 0.0378 0.2442 0.4874 0.3538 0.215 0.1412 0.1272 0.0632 0.054 0.0464 0.0494 0.0332 0.0316 0.0324 0.0228 0.014 0.0124 0.0068 0.0044 0.004 0.0014 0.0018 0.003 0.0032 0.0026 0.0028 0.004 0 0 0 0 0 0 0 0 0 0 0 0 0 0 0 0 0 0 0 0 0 0 0 0 0 0 0 0 0 0 0 0 0 0 0 0 0 0 0 0 0 0 0 0 0 0 0 0 0 0 0 0 0 0 0 0 0 
0 0 0 0 0 0 0 0 0 0 0 0 0 0 0 0.0006 0.0546 0.2274 0.2906 0.2478 0.2262 0.187 0.1548 0.096 0.0832 0.0614 0.0586 0.0574 0.0356 0.0226 0.017 0.0196 0.0192 0.0148 0.0094 0.0096 0.0118 0.0116 0.0134 0.0384 0.01 0.0028 0.0048 0.0134 0.0004 0 0 0 0 0 0 0 0 0 0 0 0 0 0 0 0 0 0 0 0 0 0 0 0 0 0 0 0 0 0 0 0 0 0 0 0 0 0 0 0 0 0 0 0 0 0 0 0 0 0 0 0 0 0 0 
0 0 0 0 0 0 0 0 0 0 0 0 0 0 0 0.0008 0.0352 0.2662 0.4276 0.3824 0.2554 0.156 0.1044 0.0656 0.0486 0.0384 0.0346 0.0278 0.0194 0.0106 0.018 0.0228 0.0164 0.0156 0.0106 0.0062 0.0088 0.0084 0.0036 0.0014 0.0014 0.0016 0.002 0.0024 0.0032 0.0046 0 0 0 0 0 0 0 0 0 0 0 0 0 0 0 0 0 0 0 0 0 0 0 0 0 0 0 0 0 0 0 0 0 0 0 0 0 0 0 0 0 0 0 0 0 0 0 0 0 0 0 0 0 0 
0 0 0 0 0 0 0 0 0 0 0 0 0 0 0 0 0.0292 0.2528 0.4962 0.381 0.2434 0.1528 0.0806 0.068 0.0526 0.0364 0.0274 0.015 0.014 0.0196 0.024 0.0192 0.0146 0.0064 0.0024 0.0024 0.0024 0.0024 0.0028 0.0048 0.0038 0.0038 0.0036 0.0052 0.0128 0.0062 0.0142 0 0 0 0 0 0 0 0 0 0 0 0 0 0 0 0 0 0 0 0 0 0 0 0 0 0 0 0 0 0 0 0 0 0 0 0 0 0 0 0 0 0 0 0 0 0 0 0 0 0 0 0 0 
0 0 0 0 0 0 0 0 0 0 0 0 0 0 0 0 0.057 0.2126 0.2632 0.2564 0.2354 0.1772 0.1292 0.0984 0.0846 0.07 0.057 0.064 0.0426 0.0352 0.0338 0.0222 0.036 0.0252 0.02 0.0178 0.0144 0.0152 0.0206 0.0098 0.0022 0 0 0 0 0 0 0 0 0 0 0 0 0 0 0 0 0 0 0 0 0 0 0 0 0 0 0 0 0 0 0 0 0 0 0 0 0 0 0 0 0 0 0 0 0 0 0 0 0 0 0 0 0 0 0 0 0 0 0 
0 0 0 0 0 0 0 0 0 0 0 0 0 0 0 0 0.0512 0.2232 0.4152 0.3036 0.2106 0.1594 0.1148 0.0754 0.0426 0.0458 0.0544 0.0506 0.0486 0.0258 0.0164 0.0096 0.0084 0.0098 0.0102 0.0116 0.0134 0.0162 0.0216 0.0158 0.0214 0.0134 0.0028 0.0026 0.0056 0 0 0 0 0 0 0 0 0 0 0 0 0 0 0 0 0 0 0 0 0 0 0 0 0 0 0 0 0 0 0 0 0 0 0 0 0 0 0 0 0 0 0 0 0 0 0 0 0 0 0 0 0 0 0 
0 0 0 0 0 0 0 0 0 0 0 0 0 0 0 0.0002 0.0346 0.2698 0.4636 0.3628 0.2148 0.1634 0.1024 0.0598 0.0482 0.0392 0.0376 0.0338 0.044 0.0356 0.0342 0.0282 0.0148 0.0112 0.0018 0 0 0 0 0 0 0 0 0 0 0 0 0 0 0 0 0 0 0 0 0 0 0 0 0 0 0 0 0 0 0 0 0 0 0 0 0 0 0 0 0 0 0 0 0 0 0 0 0 0 0 0 0 0 0 0 0 0 0 0 0 0 0 0 0 
0 0 0 0 0 0 0 0 0 0 0 0 0 0 0 0.0008 0.042 0.2202 0.3218 0.2694 0.1804 0.1388 0.097 0.0796 0.0688 0.054 0.0674 0.0472 0.0554 0.0376 0.0374 0.0356 0.0584 0.0514 0.0374 0.0318 0.029 0.0076 0.0046 0.0054 0.004 0.002 0.002 0.0022 0.0018 0.0084 0.0006 0 0 0 0 0 0 0 0 0 0 0 0 0 0 0 0 0 0 0 0 0 0 0 0 0 0 0 0 0 0 0 0 0 0 0 0 0 0 0 0 0 0 0 0 0 0 0 0 0 0 0 0 0 
0 0 0 0 0 0 0 0 0 0 0 0 0 0 0 0 0.059 0.2432 0.3172 0.3218 0.228 0.164 0.137 0.1076 0.069 0.071 0.0572 0.0348 0.0382 0.039 0.0306 0.021 0.0204 0.0128 0.006 0.0046 0.0064 0.0088 0.0024 0 0 0 0 0 0 0 0 0 0 0 0 0 0 0 0 0 0 0 0 0 0 0 0 0 0 0 0 0 0 0 0 0 0 0 0 0 0 0 0 0 0 0 0 0 0 0 0 0 0 0 0 0 0 0 0 0 0 0 0 0 
0 0 0 0 0 0 0 0 0 0 0 0 0 0 0 0.0002 0.0392 0.2742 0.414 0.3688 0.2416 0.1306 0.1128 0.1022 0.0662 0.0372 0.03 0.0374 0.0488 0.0186 0.0162 0.0132 0.0192 0.0164 0.0064 0.002 0.0048 0 0 0 0 0 0 0 0 0 0 0 0 0 0 0 0 0 0 0 0 0 0 0 0 0 0 0 0 0 0 0 0 0 0 0 0 0 0 0 0 0 0 0 0 0 0 0 0 0 0 0 0 0 0 0 0 0 0 0 0 0 0 0 
0 0 0 0 0 0 0 0 0 0 0 0 0 0 0 0.0008 0.036 0.232 0.4026 0.3466 0.205 0.1306 0.0894 0.0612 0.0632 0.059 0.049 0.0382 0.0346 0.0394 0.032 0.0268 0.0212 0.0132 0.016 0.0316 0.0208 0.0152 0.0032 0.0032 0.0042 0.0056 0.0012 0.001 0.0012 0.001 0.0014 0.0012 0.0016 0.0016 0.002 0.0026 0.0036 0.001 0 0 0 0 0 0 0 0 0 0 0 0 0 0 0 0 0 0 0 0 0 0 0 0 0 0 0 0 0 0 0 0 0 0 0 0 0 0 0 0 0 0 0 0 0 0 
0 0 0 0 0 0 0 0 0 0 0 0 0 0 0 0 0.055 0.226 0.3546 0.3388 0.2154 0.169 0.11 0.0896 0.0698 0.0658 0.066 0.0424 0.03 0.0232 0.0168 0.023 0.0202 0.0186 0.019 0.0118 0.0064 0.0062 0.0072 0.0094 0.0042 0.0016 0 0 0 0 0 0 0 0 0 0 0 0 0 0 0 0 0 0 0 0 0 0 0 0 0 0 0 0 0 0 0 0 0 0 0 0 0 0 0 0 0 0 0 0 0 0 0 0 0 0 0 0 0 0 0 0 0 0 
0 0 0 0 0 0 0 0 0 0 0 0 0 0 0 0 0.0408 0.2636 0.3842 0.3472 0.2462 0.2142 0.1594 0.0924 0.0558 0.0254 0.0284 0.0184 0.0152 0.0176 0.0224 0.016 0.0192 0.0264 0.0022 0.0044 0.0006 0 0 0 0 0 0 0 0 0 0 0 0 0 0 0 0 0 0 0 0 0 0 0 0 0 0 0 0 0 0 0 0 0 0 0 0 0 0 0 0 0 0 0 0 0 0 0 0 0 0 0 0 0 0 0 0 0 0 0 0 0 0 0 
0 0 0 0 0 0 0 0 0 0 0 0 0 0 0 0.0006 0.032 0.267 0.412 0.3936 0.268 0.1452 0.0768 0.0494 0.0566 0.0378 0.041 0.023 0.0124 0.0146 0.0226 0.0226 0.0092 0.0114 0.0222 0.0196 0.0094 0.003 0.0028 0.0034 0.004 0.0048 0.0052 0.0048 0.0052 0.0086 0.0032 0.002 0.0028 0.0032 0 0 0 0 0 0 0 0 0 0 0 0 0 0 0 0 0 0 0 0 0 0 0 0 0 0 0 0 0 0 0 0 0 0 0 0 0 0 0 0 0 0 0 0 0 0 0 0 0 0 
0 0 0 0 0 0 0 0 0 0 0 0 0 0 0 0 0.043 0.2598 0.3916 0.356 0.228 0.1796 0.1452 0.1206 0.0514 0.0392 0.0122 0.0254 0.0244 0.0166 0.011 0.0156 0.0088 0.0072 0.0038 0.0032 0.0028 0.0034 0.0052 0.0098 0.0012 0.0016 0.0016 0.0018 0.0018 0.0024 0.0022 0.0022 0.0026 0.0032 0.0022 0.0034 0.01 0 0 0 0 0 0 0 0 0 0 0 0 0 0 0 0 0 0 0 0 0 0 0 0 0 0 0 0 0 0 0 0 0 0 0 0 0 0 0 0 0 0 0 0 0 0 0 
0 0 0 0 0 0 0 0 0 0 0 0 0 0 0 0.0006 0.0522 0.2154 0.348 0.2938 0.1922 0.1784 0.1148 0.0748 0.0542 0.048 0.048 0.0466 0.0484 0.038 0.0304 0.0228 0.0366 0.03 0.026 0.0264 0.029 0.0102 0.0038 0.0048 0.0028 0.0014 0.0008 0.001 0.0012 0.0012 0.001 0.0012 0.001 0.0014 0.0012 0.0014 0.0014 0.0016 0.0022 0.0052 0.0006 0 0 0 0 0 0 0 0 0 0 0 0 0 0 0 0 0 0 0 0 0 0 0 0 0 0 0 0 0 0 0 0 0 0 0 0 0 0 0 0 0 0 0 
0 0 0 0 0 0 0 0 0 0 0 0 0 0 0 0.0002 0.0518 0.2012 0.2484 0.2494 0.2002 0.1404 0.1218 0.1126 0.0796 0.0664 0.029 0.0304 0.0404 0.03 0.0316 0.0358 0.0278 0.02 0.021 0.023 0.024 0.0318 0.0286 0.0382 0.0202 0.0104 0.0172 0.0192 0.011 0.0028 0.0032 0.004 0.0046 0.0048 0.0058 0.0064 0.0068 0 0 0 0 0 0 0 0 0 0 0 0 0 0 0 0 0 0 0 0 0 0 0 0 0 0 0 0 0 0 0 0 0 0 0 0 0 0 0 0 0 0 0 0 0 0 0 
0 0 0 0 0 0 0 0 0 0 0 0 0 0 0 0.0004 0.0478 0.261 0.3284 0.2932 0.2412 0.1626 0.1204 0.112 0.0736 0.0716 0.0434 0.0442 0.0368 0.031 0.0186 0.0114 0.0134 0.016 0.016 0.0164 0.0126 0.0078 0.0058 0.0144 0 0 0 0 0 0 0 0 0 0 0 0 0 0 0 0 0 0 0 0 0 0 0 0 0 0 0 0 0 0 0 0 0 0 0 0 0 0 0 0 0 0 0 0 0 0 0 0 0 0 0 0 0 0 0 0 0 0 0 0 
0 0 0 0 0 0 0 0 0 0 0 0 0 0 0 0.0008 0.0454 0.2648 0.3412 0.3522 0.2332 0.2082 0.1162 0.0926 0.071 0.0542 0.0488 0.028 0.0176 0.0186 0.0204 0.011 0.0084 0.0136 0.0092 0.0054 0.0024 0.0022 0.003 0.0026 0.0016 0.0018 0.0022 0.002 0.0018 0.0014 0.0016 0.0014 0.0016 0.0016 0.0018 0.0022 0.003 0.005 0 0 0 0 0 0 0 0 0 0 0 0 0 0 0 0 0 0 0 0 0 0 0 0 0 0 0 0 0 0 0 0 0 0 0 0 0 0 0 0 0 0 0 0 0 0 
0 0 0 0 0 0 0 0 0 0 0 0 0 0 0 0.0004 0.0508 0.2322 0.2918 0.309 0.237 0.1722 0.1506 0.0954 0.0752 0.0484 0.0552 0.0538 0.035 0.0274 0.0336 0.0172 0.0126 0.013 0.0218 0.0184 0.0148 0.012 0.0056 0.0024 0.0068 0.0074 0 0 0 0 0 0 0 0 0 0 0 0 0 0 0 0 0 0 0 0 0 0 0 0 0 0 0 0 0 0 0 0 0 0 0 0 0 0 0 0 0 0 0 0 0 0 0 0 0 0 0 0 0 0 0 0 0 0 
0 0 0 0 0 0 0 0 0 0 0 0 0 0 0 0.0006 0.0388 0.2308 0.3948 0.3368 0.2192 0.1662 0.1 0.085 0.0582 0.0498 0.0458 0.0332 0.0242 0.0238 0.0286 0.0154 0.0152 0.0132 0.0162 0.0104 0.0094 0.01 0.011 0.0074 0.0072 0.0108 0.0096 0.0126 0.0058 0.0038 0.0062 0 0 0 0 0 0 0 0 0 0 0 0 0 0 0 0 0 0 0 0 0 0 0 0 0 0 0 0 0 0 0 0 0 0 0 0 0 0 0 0 0 0 0 0 0 0 0 0 0 0 0 0 0 
0 0 0 0 0 0 0 0 0 0 0 0 0 0 0 0.0012 0.0364 0.2528 0.4602 0.3624 0.2544 0.1292 0.1034 0.091 0.058 0.0278 0.0206 0.0224 0.0214 0.0172 0.0144 0.0094 0.011 0.0266 0.0178 0.0238 0.0148 0.0116 0.0032 0.003 0.006 0 0 0 0 0 0 0 0 0 0 0 0 0 0 0 0 0 0 0 0 0 0 0 0 0 0 0 0 0 0 0 0 0 0 0 0 0 0 0 0 0 0 0 0 0 0 0 0 0 0 0 0 0 0 0 0 0 0 0 
0 0 0 0 0 0 0 0 0 0 0 0 0 0 0 0.0004 0.0456 0.2316 0.3444 0.311 0.2084 0.1844 0.117 0.09 0.081 0.0658 0.0572 0.0422 0.0524 0.0454 0.0116 0.0138 0.0082 0.0116 0.0062 0.0034 0.0032 0.0032 0.0032 0.004 0.0098 0.0052 0.0118 0.01 0.0054 0.0042 0.005 0.0034 0 0 0 0 0 0 0 0 0 0 0 0 0 0 0 0 0 0 0 0 0 0 0 0 0 0 0 0 0 0 0 0 0 0 0 0 0 0 0 0 0 0 0 0 0 0 0 0 0 0 0 0 
0 0 0 0 0 0 0 0 0 0 0 0 0 0 0 0 0.0258 0.329 0.5492 0.4382 0.215 0.1216 0.0908 0.0552 0.0476 0.0366 0.0254 0.0172 0.0172 0.0178 0.01 0.0034 0 0 0 0 0 0 0 0 0 0 0 0 0 0 0 0 0 0 0 0 0 0 0 0 0 0 0 0 0 0 0 0 0 0 0 0 0 0 0 0 0 0 0 0 0 0 0 0 0 0 0 0 0 0 0 0 0 0 0 0 0 0 0 0 0 0 0 0 
0 0 0 0 0 0 0 0 0 0 0 0 0 0 0 0.0012 0.0474 0.213 0.368 0.2936 0.184 0.1394 0.1032 0.0688 0.0598 0.0588 0.0398 0.0462 0.0318 0.0232 0.0264 0.0366 0.0274 0.024 0.0318 0.028 0.0132 0.014 0.0126 0.014 0.0166 0.0168 0.0112 0.0094 0.0034 0.0056 0.0036 0.0032 0.0042 0.005 0.0062 0.0086 0 0 0 0 0 0 0 0 0 0 0 0 0 0 0 0 0 0 0 0 0 0 0 0 0 0 0 0 0 0 0 0 0 0 0 0 0 0 0 0 0 0 0 0 0 0 0 0 
0 0 0 0 0 0 0 0 0 0 0 0 0 0 0 0 0.0404 0.291 0.399 0.346 0.2918 0.194 0.1124 0.0822 0.0456 0.0488 0.0264 0.0226 0.0164 0.0168 0.0156 0.0116 0.0104 0.0056 0.0046 0.0058 0.0068 0.0044 0.0018 0 0 0 0 0 0 0 0 0 0 0 0 0 0 0 0 0 0 0 0 0 0 0 0 0 0 0 0 0 0 0 0 0 0 0 0 0 0 0 0 0 0 0 0 0 0 0 0 0 0 0 0 0 0 0 0 0 0 0 0 0 
0 0 0 0 0 0 0 0 0 0 0 0 0 0 0 0.0008 0.0472 0.2552 0.3732 0.3296 0.2316 0.1638 0.1296 0.0924 0.0766 0.0446 0.0304 0.041 0.0204 0.0224 0.0218 0.0232 0.029 0.013 0.0074 0.0088 0.0082 0.0044 0.005 0.0018 0.0014 0.0018 0.0018 0.0024 0.0028 0.0034 0.0042 0.0008 0 0 0 0 0 0 0 0 0 0 0 0 0 0 0 0 0 0 0 0 0 0 0 0 0 0 0 0 0 0 0 0 0 0 0 0 0 0 0 0 0 0 0 0 0 0 0 0 0 0 0 0 
0 0 0 0 0 0 0 0 0 0 0 0 0 0 0 0.0004 0.0608 0.2216 0.253 0.2588 0.236 0.2084 0.144 0.1242 0.083 0.0638 0.0484 0.0484 0.0386 0.038 0.0252 0.026 0.0238 0.0112 0.0108 0.0216 0.0112 0.0088 0.0038 0.0052 0.001 0.001 0.0012 0.001 0.0012 0.0012 0.0014 0.002 0.0022 0.0028 0.0024 0.0026 0.005 0 0 0 0 0 0 0 0 0 0 0 0 0 0 0 0 0 0 0 0 0 0 0 0 0 0 0 0 0 0 0 0 0 0 0 0 0 0 0 0 0 0 0 0 0 0 0 
0 0 0 0 0 0 0 0 0 0 0 0 0 0 0 0.0004 0.0494 0.26 0.3026 0.3156 0.261 0.196 0.1434 0.0884 0.0732 0.0438 0.0336 0.0342 0.0402 0.0348 0.0254 0.0108 0.0078 0.0054 0.006 0.007 0.008 0.0084 0.0074 0.004 0.0046 0.007 0.0134 0.0026 0.0024 0.0032 0 0 0 0 0 0 0 0 0 0 0 0 0 0 0 0 0 0 0 0 0 0 0 0 0 0 0 0 0 0 0 0 0 0 0 0 0 0 0 0 0 0 0 0 0 0 0 0 0 0 0 0 0 0 
0 0 0 0 0 0 0 0 0 0 0 0 0 0 0 0.001 0.0444 0.2478 0.3962 0.3682 0.247 0.152 0.1134 0.066 0.0702 0.0646 0.0424 0.029 0.0184 0.0164 0.0128 0.01 0.016 0.012 0.0086 0.0196 0.0082 0.0062 0.0038 0.0034 0.005 0.0068 0.0106 0 0 0 0 0 0 0 0 0 0 0 0 0 0 0 0 0 0 0 0 0 0 0 0 0 0 0 0 0 0 0 0 0 0 0 0 0 0 0 0 0 0 0 0 0 0 0 0 0 0 0 0 0 0 0 0 0 
0 0 0 0 0 0 0 0 0 0 0 0 0 0 0 0.0002 0.0426 0.2448 0.3934 0.3318 0.2398 0.1542 0.1252 0.0824 0.0606 0.0418 0.0406 0.0342 0.0386 0.0228 0.0348 0.03 0.0114 0.0132 0.008 0.004 0.004 0.0038 0.0054 0.0044 0.0054 0.013 0.0016 0.0018 0.0038 0.0024 0 0 0 0 0 0 0 0 0 0 0 0 0 0 0 0 0 0 0 0 0 0 0 0 0 0 0 0 0 0 0 0 0 0 0 0 0 0 0 0 0 0 0 0 0 0 0 0 0 0 0 0 0 0 
0 0 0 0 0 0 0 0 0 0 0 0 0 0 0 0.001 0.0474 0.2388 0.374 0.3522 0.203 0.1632 0.1228 0.0964 0.0602 0.0494 0.046 0.0324 0.0298 0.022 0.0182 0.021 0.0294 0.0258 0.011 0.0138 0.009 0.0088 0.0062 0.0058 0.0026 0.007 0.0028 0 0 0 0 0 0 0 0 0 0 0 0 0 0 0 0 0 0 0 0 0 0 0 0 0 0 0 0 0 0 0 0 0 0 0 0 0 0 0 0 0 0 0 0 0 0 0 0 0 0 0 0 0 0 0 0 0 
0 0 0 0 0 0 0 0 0 0 0 0 0 0 0 0 0.0454 0.221 0.4116 0.3242 0.193 0.1352 0.1048 0.094 0.0884 0.0672 0.0762 0.0536 0.0564 0.0354 0.0204 0.0204 0.0162 0.0064 0.0082 0.008 0.003 0.011 0 0 0 0 0 0 0 0 0 0 0 0 0 0 0 0 0 0 0 0 0 0 0 0 0 0 0 0 0 0 0 0 0 0 0 0 0 0 0 0 0 0 0 0 0 0 0 0 0 0 0 0 0 0 0 0 0 0 0 0 0 0 
0 0 0 0 0 0 0 0 0 0 0 0 0 0 0 0.0004 0.0422 0.2162 0.3586 0.3092 0.2068 0.1318 0.1058 0.0946 0.092 0.0468 0.055 0.0536 0.047 0.0318 0.0326 0.0264 0.0136 0.0136 0.0144 0.0112 0.0152 0.0158 0.0184 0.019 0.0054 0.0022 0.0026 0.0038 0.0048 0.0022 0.003 0.004 0 0 0 0 0 0 0 0 0 0 0 0 0 0 0 0 0 0 0 0 0 0 0 0 0 0 0 0 0 0 0 0 0 0 0 0 0 0 0 0 0 0 0 0 0 0 0 0 0 0 0 0 
0 0 0 0 0 0 0 0 0 0 0 0 0 0 0 0.0004 0.048 0.2324 0.3844 0.2982 0.214 0.196 0.1334 0.0916 0.0672 0.0604 0.054 0.0398 0.0226 0.0194 0.0128 0.0146 0.0136 0.0056 0.002 0.002 0.002 0.007 0.0072 0.0058 0.005 0.0056 0.0058 0.0116 0.0092 0.0018 0.0026 0.003 0.002 0.0022 0.0036 0.0058 0.0074 0 0 0 0 0 0 0 0 0 0 0 0 0 0 0 0 0 0 0 0 0 0 0 0 0 0 0 0 0 0 0 0 0 0 0 0 0 0 0 0 0 0 0 0 0 0 0 
0 0 0 0 0 0 0 0 0 0 0 0 0 0 0 0.0006 0.0524 0.2316 0.3022 0.2974 0.2054 0.1736 0.1378 0.0942 0.0818 0.054 0.04 0.0326 0.0386 0.0492 0.0496 0.0436 0.024 0.0204 0.0154 0.0152 0.0232 0.0122 0.005 0 0 0 0 0 0 0 0 0 0 0 0 0 0 0 0 0 0 0 0 0 0 0 0 0 0 0 0 0 0 0 0 0 0 0 0 0 0 0 0 0 0 0 0 0 0 0 0 0 0 0 0 0 0 0 0 0 0 0 0 0 
0 0 0 0 0 0 0 0 0 0 0 0 0 0 0 0.0006 0.0466 0.2328 0.365 0.311 0.259 0.1344 0.1088 0.0682 0.0612 0.0498 0.0378 0.0376 0.0342 0.0146 0.0218 0.016 0.0116 0.0134 0.0138 0.0148 0.0146 0.0174 0.0114 0.0184 0.0062 0.0104 0.0146 0.009 0.008 0.0032 0.003 0.0038 0.0036 0.004 0.0086 0.006 0.0048 0 0 0 0 0 0 0 0 0 0 0 0 0 0 0 0 0 0 0 0 0 0 0 0 0 0 0 0 0 0 0 0 0 0 0 0 0 0 0 0 0 0 0 0 0 0 0 
0 0 0 0 0 0 0 0 0 0 0 0 0 0 0 0.0006 0.0346 0.301 0.4694 0.4304 0.2454 0.1698 0.1304 0.0852 0.0428 0.019 0.0178 0.018 0.0152 0.0134 0.0022 0.0042 0.0006 0 0 0 0 0 0 0 0 0 0 0 0 0 0 0 0 0 0 0 0 0 0 0 0 0 0 0 0 0 0 0 0 0 0 0 0 0 0 0 0 0 0 0 0 0 0 0 0 0 0 0 0 0 0 0 0 0 0 0 0 0 0 0 0 0 0 0 
0 0 0 0 0 0 0 0 0 0 0 0 0 0 0 0 0.0366 0.2946 0.4562 0.3866 0.2692 0.1702 0.1056 0.0722 0.0444 0.0266 0.0308 0.0248 0.0316 0.0234 0.0096 0.0084 0.0092 0 0 0 0 0 0 0 0 0 0 0 0 0 0 0 0 0 0 0 0 0 0 0 0 0 0 0 0 0 0 0 0 0 0 0 0 0 0 0 0 0 0 0 0 0 0 0 0 0 0 0 0 0 0 0 0 0 0 0 0 0 0 0 0 0 0 0 
0 0 0 0 0 0 0 0 0 0 0 0 0 0 0 0 0.0296 0.2858 0.5052 0.37 0.2792 0.1628 0.1126 0.0818 0.0292 0.0294 0.012 0.0112 0.01 0.0104 0.0178 0.0066 0.0036 0.0074 0.0152 0.0014 0.0028 0.0022 0.0022 0.002 0.0026 0.003 0.004 0 0 0 0 0 0 0 0 0 0 0 0 0 0 0 0 0 0 0 0 0 0 0 0 0 0 0 0 0 0 0 0 0 0 0 0 0 0 0 0 0 0 0 0 0 0 0 0 0 0 0 0 0 0 0 0 0 
0 0 0 0 0 0 0 0 0 0 0 0 0 0 0 0 0.0446 0.2466 0.3912 0.312 0.2404 0.1564 0.1348 0.103 0.0686 0.0412 0.0392 0.0332 0.034 0.0274 0.0276 0.0158 0.015 0.0128 0.0082 0.0094 0.0086 0.0054 0.008 0.005 0.0084 0.0032 0 0 0 0 0 0 0 0 0 0 0 0 0 0 0 0 0 0 0 0 0 0 0 0 0 0 0 0 0 0 0 0 0 0 0 0 0 0 0 0 0 0 0 0 0 0 0 0 0 0 0 0 0 0 0 0 0 0 
0 0 0 0 0 0 0 0 0 0 0 0 0 0 0 0 0.0492 0.2188 0.3618 0.3054 0.2024 0.1188 0.0768 0.0596 0.0652 0.0622 0.0552 0.056 0.0514 0.0302 0.0296 0.0286 0.0328 0.0238 0.0324 0.0364 0.0236 0.0136 0.0204 0.0064 0.0094 0.0114 0.0052 0.0022 0.0038 0.0054 0.002 0 0 0 0 0 0 0 0 0 0 0 0 0 0 0 0 0 0 0 0 0 0 0 0 0 0 0 0 0 0 0 0 0 0 0 0 0 0 0 0 0 0 0 0 0 0 0 0 0 0 0 0 0 
0 0 0 0 0 0 0 0 0 0 0 0 0 0 0 0 0.048 0.2662 0.3408 0.3092 0.2722 0.2068 0.1622 0.0998 0.0542 0.0438 0.0444 0.0204 0.0168 0.0198 0.016 0.0232 0.0084 0.0084 0.0088 0.0128 0.0062 0.0028 0.003 0.0058 0 0 0 0 0 0 0 0 0 0 0 0 0 0 0 0 0 0 0 0 0 0 0 0 0 0 0 0 0 0 0 0 0 0 0 0 0 0 0 0 0 0 0 0 0 0 0 0 0 0 0 0 0 0 0 0 0 0 0 0 
0 0 0 0 0 0 0 0 0 0 0 0 0 0 0 0.0002 0.0644 0.2316 0.3164 0.2818 0.2386 0.1816 0.1486 0.112 0.0694 0.0776 0.0588 0.043 0.03 0.0182 0.0224 0.0198 0.0204 0.0108 0.0102 0.0042 0.0056 0.0046 0.0054 0.0012 0.0012 0.0012 0.0018 0.0046 0.009 0.0054 0 0 0 0 0 0 0 0 0 0 0 0 0 0 0 0 0 0 0 0 0 0 0 0 0 0 0 0 0 0 0 0 0 0 0 0 0 0 0 0 0 0 0 0 0 0 0 0 0 0 0 0 0 0 
0 0 0 0 0 0 0 0 0 0 0 0 0 0 0 0.0002 0.039 0.253 0.3718 0.322 0.2346 0.1536 0.1212 0.0876 0.0752 0.0746 0.0394 0.0284 0.0238 0.0292 0.028 0.0288 0.0162 0.0128 0.012 0.0112 0.017 0.0028 0.0026 0.0042 0.0046 0.0062 0 0 0 0 0 0 0 0 0 0 0 0 0 0 0 0 0 0 0 0 0 0 0 0 0 0 0 0 0 0 0 0 0 0 0 0 0 0 0 0 0 0 0 0 0 0 0 0 0 0 0 0 0 0 0 0 0 0 
0 0 0 0 0 0 0 0 0 0 0 0 0 0 0 0.0006 0.0514 0.24 0.3056 0.2854 0.2488 0.1854 0.142 0.118 0.0788 0.0506 0.0454 0.0302 0.0384 0.024 0.0286 0.0188 0.0198 0.0128 0.0102 0.0118 0.0112 0.0124 0.0036 0.0028 0.0012 0.0012 0.001 0.0012 0.0012 0.001 0.0012 0.0012 0.0012 0.0014 0.002 0.003 0.0042 0.0024 0 0 0 0 0 0 0 0 0 0 0 0 0 0 0 0 0 0 0 0 0 0 0 0 0 0 0 0 0 0 0 0 0 0 0 0 0 0 0 0 0 0 0 0 0 0 
0 0 0 0 0 0 0 0 0 0 0 0 0 0 0 0.0016 0.0468 0.2276 0.3472 0.3394 0.1948 0.1594 0.1118 0.068 0.0552 0.0458 0.0418 0.0398 0.0246 0.0188 0.0302 0.0352 0.0316 0.0196 0.0124 0.0106 0.0124 0.0188 0.0174 0.0052 0.0052 0.0056 0.0142 0.0154 0.002 0.001 0.001 0.0012 0.0012 0.001 0.0012 0.0014 0.001 0.0012 0.0012 0.0014 0.0014 0.0018 0.0016 0.002 0.002 0.0018 0.0018 0.0022 0.0022 0.0034 0.0032 0.0054 0 0 0 0 0 0 0 0 0 0 0 0 0 0 0 0 0 0 0 0 0 0 0 0 0 0 0 0 0 0 0 0 
0 0 0 0 0 0 0 0 0 0 0 0 0 0 0 0.0006 0.0376 0.2538 0.4064 0.3662 0.2018 0.1438 0.1098 0.089 0.0396 0.0444 0.0532 0.0346 0.025 0.0276 0.0222 0.0126 0.0138 0.0076 0.0106 0.0114 0.0032 0.0028 0.0032 0.0038 0.0042 0.0068 0.0042 0.004 0.0042 0.004 0.0046 0.0046 0.005 0.0044 0.0058 0.001 0.001 0.0012 0.001 0.0012 0.0012 0.001 0.0014 0.0014 0.0014 0.0018 0.0024 0.0026 0.0036 0.0014 0 0 0 0 0 0 0 0 0 0 0 0 0 0 0 0 0 0 0 0 0 0 0 0 0 0 0 0 0 0 0 0 0 0 
0 0 0 0 0 0 0 0 0 0 0 0 0 0 0 0.0002 0.0436 0.2324 0.36 0.3314 0.2388 0.1694 0.107 0.0784 0.0754 0.0578 0.0496 0.0438 0.0296 0.0186 0.0168 0.0136 0.0156 0.0192 0.0216 0.0138 0.0096 0.0184 0.0064 0.0062 0.0048 0.0018 0.002 0.0018 0.0028 0.0046 0.005 0 0 0 0 0 0 0 0 0 0 0 0 0 0 0 0 0 0 0 0 0 0 0 0 0 0 0 0 0 0 0 0 0 0 0 0 0 0 0 0 0 0 0 0 0 0 0 0 0 0 0 0 0 
0 0 0 0 0 0 0 0 0 0 0 0 0 0 0 0.0004 0.0428 0.2626 0.3596 0.3556 0.258 0.1742 0.103 0.0836 0.0436 0.0346 0.0366 0.0366 0.0424 0.019 0.0164 0.0198 0.0138 0.0142 0.0092 0.0082 0.0094 0.0096 0.0132 0.0058 0.0016 0.0016 0.0014 0.0016 0.0014 0.0016 0.0024 0.0034 0.0026 0.003 0.0036 0.0036 0 0 0 0 0 0 0 0 0 0 0 0 0 0 0 0 0 0 0 0 0 0 0 0 0 0 0 0 0 0 0 0 0 0 0 0 0 0 0 0 0 0 0 0 0 0 0 0 
0 0 0 0 0 0 0 0 0 0 0 0 0 0 0 0.0024 0.0654 0.2032 0.3128 0.2628 0.193 0.138 0.104 0.0946 0.072 0.0688 0.0466 0.0534 0.0462 0.0372 0.0486 0.0434 0.0462 0.0248 0.0236 0.0146 0.012 0.0114 0.0184 0.0116 0.009 0.0096 0.0046 0.0052 0.0062 0.0104 0 0 0 0 0 0 0 0 0 0 0 0 0 0 0 0 0 0 0 0 0 0 0 0 0 0 0 0 0 0 0 0 0 0 0 0 0 0 0 0 0 0 0 0 0 0 0 0 0 0 0 0 0 0 
0 0 0 0 0 0 0 0 0 0 0 0 0 0 0 0 0.041 0.249 0.4134 0.374 0.2324 0.1446 0.0926 0.088 0.0658 0.0522 0.0298 0.0312 0.0338 0.0436 0.0208 0.0218 0.0234 0.0146 0.0128 0.0052 0.0032 0.0044 0.0024 0 0 0 0 0 0 0 0 0 0 0 0 0 0 0 0 0 0 0 0 0 0 0 0 0 0 0 0 0 0 0 0 0 0 0 0 0 0 0 0 0 0 0 0 0 0 0 0 0 0 0 0 0 0 0 0 0 0 0 0 0 
0 0 0 0 0 0 0 0 0 0 0 0 0 0 0 0.0006 0.0372 0.2616 0.4642 0.4142 0.191 0.1304 0.1006 0.0954 0.0766 0.0818 0.0376 0.0188 0.0158 0.0138 0.012 0.0082 0.0136 0.006 0.0046 0.0064 0.0046 0.005 0 0 0 0 0 0 0 0 0 0 0 0 0 0 0 0 0 0 0 0 0 0 0 0 0 0 0 0 0 0 0 0 0 0 0 0 0 0 0 0 0 0 0 0 0 0 0 0 0 0 0 0 0 0 0 0 0 0 0 0 0 0 
0 0 0 0 0 0 0 0 0 0 0 0 0 0 0 0.0006 0.0396 0.2922 0.3972 0.3506 0.2566 0.1504 0.104 0.0806 0.072 0.0526 0.0256 0.0302 0.0272 0.0248 0.0184 0.0228 0.0124 0.0096 0.0126 0.0026 0.0014 0.0014 0.0014 0.0018 0.0032 0.0028 0.0036 0.0018 0 0 0 0 0 0 0 0 0 0 0 0 0 0 0 0 0 0 0 0 0 0 0 0 0 0 0 0 0 0 0 0 0 0 0 0 0 0 0 0 0 0 0 0 0 0 0 0 0 0 0 0 0 0 0 0 
0 0 0 0 0 0 0 0 0 0 0 0 0 0 0 0.0006 0.0436 0.2392 0.384 0.3174 0.2248 0.1724 0.144 0.101 0.0752 0.056 0.038 0.0266 0.0214 0.0256 0.011 0.0096 0.0106 0.0112 0.0054 0.0056 0.006 0.0104 0.0076 0.0074 0.0134 0.0058 0.0086 0.0018 0.0022 0.0024 0.0046 0.0066 0 0 0 0 0 0 0 0 0 0 0 0 0 0 0 0 0 0 0 0 0 0 0 0 0 0 0 0 0 0 0 0 0 0 0 0 0 0 0 0 0 0 0 0 0 0 0 0 0 0 0 0 
0 0 0 0 0 0 0 0 0 0 0 0 0 0 0 0.001 0.0486 0.2378 0.3718 0.3138 0.2124 0.1616 0.108 0.084 0.08 0.0612 0.0468 0.0316 0.0366 0.0328 0.039 0.029 0.0222 0.021 0.0082 0.0152 0.0054 0.003 0.0024 0.0022 0.0018 0.002 0.0016 0.0014 0.002 0.0024 0.0022 0.0056 0.0054 0 0 0 0 0 0 0 0 0 0 0 0 0 0 0 0 0 0 0 0 0 0 0 0 0 0 0 0 0 0 0 0 0 0 0 0 0 0 0 0 0 0 0 0 0 0 0 0 0 0 0 
0 0 0 0 0 0 0 0 0 0 0 0 0 0 0 0 0.032 0.2946 0.5478 0.4464 0.2796 0.1764 0.097 0.0374 0.0288 0.0118 0.0032 0.0044 0.0024 0.0028 0.0026 0.0022 0.0022 0.0024 0.0028 0.003 0.0026 0.0028 0.0078 0.0046 0.0024 0 0 0 0 0 0 0 0 0 0 0 0 0 0 0 0 0 0 0 0 0 0 0 0 0 0 0 0 0 0 0 0 0 0 0 0 0 0 0 0 0 0 0 0 0 0 0 0 0 0 0 0 0 0 0 0 0 0 0 
0 0 0 0 0 0 0 0 0 0 0 0 0 0 0 0.0006 0.06 0.2146 0.276 0.2678 0.1998 0.1658 0.1408 0.109 0.1056 0.0784 0.0684 0.0468 0.0516 0.0314 0.0408 0.0326 0.022 0.0152 0.0212 0.0136 0.0074 0.0046 0.0052 0.0062 0.0022 0.0038 0.0086 0 0 0 0 0 0 0 0 0 0 0 0 0 0 0 0 0 0 0 0 0 0 0 0 0 0 0 0 0 0 0 0 0 0 0 0 0 0 0 0 0 0 0 0 0 0 0 0 0 0 0 0 0 0 0 0 0 
0 0 0 0 0 0 0 0 0 0 0 0 0 0 0 0.0018 0.0442 0.222 0.3148 0.2744 0.2094 0.1302 0.1004 0.1008 0.081 0.0464 0.0348 0.0374 0.049 0.0448 0.037 0.0288 0.0336 0.0236 0.0244 0.0134 0.0156 0.022 0.019 0.0148 0.0154 0.0122 0.0094 0.013 0.0038 0.0018 0.0022 0.0024 0.0032 0.0118 0.0012 0 0 0 0 0 0 0 0 0 0 0 0 0 0 0 0 0 0 0 0 0 0 0 0 0 0 0 0 0 0 0 0 0 0 0 0 0 0 0 0 0 0 0 0 0 0 0 0 0 
0 0 0 0 0 0 0 0 0 0 0 0 0 0 0 0.0014 0.0436 0.2484 0.3336 0.3162 0.2272 0.1752 0.1384 0.0776 0.0672 0.0634 0.0598 0.0434 0.032 0.0238 0.0198 0.0202 0.0172 0.0218 0.0154 0.0204 0.0138 0.0092 0.0074 0.0036 0 0 0 0 0 0 0 0 0 0 0 0 0 0 0 0 0 0 0 0 0 0 0 0 0 0 0 0 0 0 0 0 0 0 0 0 0 0 0 0 0 0 0 0 0 0 0 0 0 0 0 0 0 0 0 0 0 0 0 0 
0 0 0 0 0 0 0 0 0 0 0 0 0 0 0 0.0002 0.0314 0.2546 0.4212 0.3194 0.2788 0.1432 0.1036 0.0658 0.0336 0.0328 0.0386 0.0244 0.0242 0.0256 0.0224 0.0178 0.0138 0.017 0.0172 0.0128 0.0156 0.0104 0.0124 0.009 0.0098 0.0072 0.0052 0.0064 0.0096 0.0036 0.0028 0.0044 0.0052 0 0 0 0 0 0 0 0 0 0 0 0 0 0 0 0 0 0 0 0 0 0 0 0 0 0 0 0 0 0 0 0 0 0 0 0 0 0 0 0 0 0 0 0 0 0 0 0 0 0 0 
0 0 0 0 0 0 0 0 0 0 0 0 0 0 0 0.0004 0.0414 0.2678 0.4008 0.3512 0.241 0.1434 0.1046 0.0808 0.042 0.039 0.0298 0.0236 0.0278 0.0398 0.0228 0.0206 0.0296 0.0264 0.0198 0.0182 0.0218 0.0074 0 0 0 0 0 0 0 0 0 0 0 0 0 0 0 0 0 0 0 0 0 0 0 0 0 0 0 0 0 0 0 0 0 0 0 0 0 0 0 0 0 0 0 0 0 0 0 0 0 0 0 0 0 0 0 0 0 0 0 0 0 0 
0 0 0 0 0 0 0 0 0 0 0 0 0 0 0 0 0.0478 0.2156 0.3094 0.275 0.2036 0.1726 0.1246 0.1148 0.0768 0.0584 0.0576 0.0582 0.0378 0.0262 0.0274 0.0398 0.0254 0.017 0.012 0.0082 0.0146 0.0152 0.0044 0.0028 0.0032 0.0028 0.0026 0.003 0.0034 0.0054 0.005 0.0056 0.0054 0.0048 0.0088 0.0048 0 0 0 0 0 0 0 0 0 0 0 0 0 0 0 0 0 0 0 0 0 0 0 0 0 0 0 0 0 0 0 0 0 0 0 0 0 0 0 0 0 0 0 0 0 0 0 0 
0 0 0 0 0 0 0 0 0 0 0 0 0 0 0 0 0.0446 0.2562 0.4062 0.3582 0.242 0.1926 0.135 0.0862 0.0566 0.0658 0.0632 0.0386 0.0094 0.0108 0.0082 0.0048 0.011 0.0106 0 0 0 0 0 0 0 0 0 0 0 0 0 0 0 0 0 0 0 0 0 0 0 0 0 0 0 0 0 0 0 0 0 0 0 0 0 0 0 0 0 0 0 0 0 0 0 0 0 0 0 0 0 0 0 0 0 0 0 0 0 0 0 0 0 0 
0 0 0 0 0 0 0 0 0 0 0 0 0 0 0 0.0018 0.0664 0.1808 0.2284 0.2262 0.1672 0.1248 0.125 0.1024 0.1156 0.0876 0.0636 0.0578 0.0688 0.0558 0.0454 0.0334 0.0236 0.0232 0.024 0.0282 0.0234 0.0224 0.0208 0.0196 0.0066 0.0066 0.0118 0.0042 0.0012 0.0014 0.0012 0.0018 0.0016 0.0016 0.0018 0.0016 0.002 0.0108 0.0034 0.005 0.0012 0 0 0 0 0 0 0 0 0 0 0 0 0 0 0 0 0 0 0 0 0 0 0 0 0 0 0 0 0 0 0 0 0 0 0 0 0 0 0 0 0 0 0 
0 0 0 0 0 0 0 0 0 0 0 0 0 0 0 0.0006 0.0384 0.229 0.3868 0.3612 0.2388 0.122 0.0886 0.0828 0.0538 0.0338 0.031 0.0202 0.024 0.0328 0.0168 0.016 0.0136 0.017 0.0158 0.019 0.0132 0.0212 0.0232 0.0144 0.0096 0.0088 0.0108 0.0056 0.0066 0.0056 0.0042 0.0034 0.005 0.0058 0.0064 0.0034 0.0016 0.0018 0.002 0.0054 0 0 0 0 0 0 0 0 0 0 0 0 0 0 0 0 0 0 0 0 0 0 0 0 0 0 0 0 0 0 0 0 0 0 0 0 0 0 0 0 0 0 0 0 
0 0 0 0 0 0 0 0 0 0 0 0 0 0 0 0.0006 0.0424 0.2484 0.387 0.3346 0.2366 0.1796 0.1214 0.0724 0.054 0.0398 0.0306 0.0204 0.0206 0.0244 0.0214 0.012 0.0136 0.0156 0.0214 0.0178 0.013 0.0084 0.0112 0.007 0.0112 0.0198 0.0148 0 0 0 0 0 0 0 0 0 0 0 0 0 0 0 0 0 0 0 0 0 0 0 0 0 0 0 0 0 0 0 0 0 0 0 0 0 0 0 0 0 0 0 0 0 0 0 0 0 0 0 0 0 0 0 0 0 
0 0 0 0 0 0 0 0 0 0 0 0 0 0 0 0.001 0.0506 0.2474 0.3748 0.3514 0.2418 0.1834 0.1196 0.0924 0.0546 0.034 0.028 0.0234 0.026 0.0262 0.033 0.0248 0.0174 0.0172 0.0188 0.0074 0.0088 0.0128 0.0052 0 0 0 0 0 0 0 0 0 0 0 0 0 0 0 0 0 0 0 0 0 0 0 0 0 0 0 0 0 0 0 0 0 0 0 0 0 0 0 0 0 0 0 0 0 0 0 0 0 0 0 0 0 0 0 0 0 0 0 0 0 
0 0 0 0 0 0 0 0 0 0 0 0 0 0 0 0.0008 0.0468 0.2128 0.3226 0.3062 0.2 0.132 0.126 0.1028 0.0808 0.0684 0.0612 0.0438 0.0386 0.025 0.0268 0.029 0.0248 0.0114 0.0128 0.0156 0.0124 0.0094 0.009 0.0144 0.01 0.0158 0.0168 0.0168 0.0072 0 0 0 0 0 0 0 0 0 0 0 0 0 0 0 0 0 0 0 0 0 0 0 0 0 0 0 0 0 0 0 0 0 0 0 0 0 0 0 0 0 0 0 0 0 0 0 0 0 0 0 0 0 0 0 
0 0 0 0 0 0 0 0 0 0 0 0 0 0 0 0.001 0.042 0.2308 0.376 0.3108 0.1962 0.1692 0.1226 0.0922 0.063 0.0682 0.0568 0.0452 0.0342 0.0272 0.0204 0.016 0.0208 0.0128 0.009 0.0068 0.0064 0.0042 0.004 0.01 0.0062 0.0052 0.0014 0.0014 0.0012 0.0016 0.002 0.002 0.0144 0.012 0.0068 0 0 0 0 0 0 0 0 0 0 0 0 0 0 0 0 0 0 0 0 0 0 0 0 0 0 0 0 0 0 0 0 0 0 0 0 0 0 0 0 0 0 0 0 0 0 0 0 0 
0 0 0 0 0 0 0 0 0 0 0 0 0 0 0 0.0004 0.0536 0.2326 0.3444 0.2814 0.2018 0.1468 0.114 0.1012 0.0864 0.0626 0.062 0.059 0.0538 0.0408 0.0292 0.0168 0.0246 0.011 0.0152 0.0148 0.0122 0.0068 0.0108 0.0062 0.0028 0.0036 0.0052 0 0 0 0 0 0 0 0 0 0 0 0 0 0 0 0 0 0 0 0 0 0 0 0 0 0 0 0 0 0 0 0 0 0 0 0 0 0 0 0 0 0 0 0 0 0 0 0 0 0 0 0 0 0 0 0 0 
0 0 0 0 0 0 0 0 0 0 0 0 0 0 0 0.0008 0.0422 0.273 0.4066 0.3324 0.205 0.14 0.1196 0.0954 0.075 0.053 0.048 0.0318 0.0278 0.022 0.0182 0.023 0.0172 0.0148 0.0064 0.003 0.003 0.0028 0.003 0.0038 0.004 0.0064 0.0058 0.0096 0.0028 0.0036 0 0 0 0 0 0 0 0 0 0 0 0 0 0 0 0 0 0 0 0 0 0 0 0 0 0 0 0 0 0 0 0 0 0 0 0 0 0 0 0 0 0 0 0 0 0 0 0 0 0 0 0 0 0 
0 0 0 0 0 0 0 0 0 0 0 0 0 0 0 0.001 0.059 0.2304 0.304 0.281 0.2212 0.178 0.1456 0.0932 0.089 0.0712 0.0542 0.047 0.0388 0.0248 0.035 0.0136 0.0098 0.0096 0.012 0.024 0.017 0.014 0.004 0.007 0.0072 0.0028 0.0056 0 0 0 0 0 0 0 0 0 0 0 0 0 0 0 0 0 0 0 0 0 0 0 0 0 0 0 0 0 0 0 0 0 0 0 0 0 0 0 0 0 0 0 0 0 0 0 0 0 0 0 0 0 0 0 0 0 
0 0 0 0 0 0 0 0 0 0 0 0 0 0 0 0 0.0402 0.2864 0.4258 0.4078 0.2786 0.1822 0.0834 0.0726 0.0392 0.029 0.0192 0.0228 0.0268 0.0168 0.0038 0.0034 0.003 0.0026 0.0026 0.0032 0.003 0.0038 0.012 0.0122 0.0076 0.0058 0.0034 0.0028 0 0 0 0 0 0 0 0 0 0 0 0 0 0 0 0 0 0 0 0 0 0 0 0 0 0 0 0 0 0 0 0 0 0 0 0 0 0 0 0 0 0 0 0 0 0 0 0 0 0 0 0 0 0 0 0 
0 0 0 0 0 0 0 0 0 0 0 0 0 0 0 0.0006 0.0536 0.2248 0.286 0.2592 0.2164 0.1716 0.1166 0.0932 0.0736 0.0738 0.0732 0.0572 0.0434 0.0374 0.0294 0.0304 0.0208 0.023 0.014 0.0118 0.0094 0.0116 0.015 0.0072 0.0092 0.004 0.0028 0.0024 0.0028 0.0034 0.0114 0.0108 0 0 0 0 0 0 0 0 0 0 0 0 0 0 0 0 0 0 0 0 0 0 0 0 0 0 0 0 0 0 0 0 0 0 0 0 0 0 0 0 0 0 0 0 0 0 0 0 0 0 0 0 
0 0 0 0 0 0 0 0 0 0 0 0 0 0 0 0.0004 0.0278 0.303 0.392 0.3674 0.2888 0.1784 0.104 0.0566 0.0392 0.036 0.0226 0.0202 0.0162 0.0242 0.0102 0.0108 0.0046 0.0052 0.012 0.008 0.008 0.007 0.0046 0.002 0.0016 0.0018 0.0024 0.0018 0.0012 0.0014 0.0018 0.0016 0.0012 0.0016 0.0014 0.0016 0.0016 0.0016 0.0018 0.002 0.0018 0.002 0.0026 0.003 0.0026 0.0044 0.0054 0.0026 0 0 0 0 0 0 0 0 0 0 0 0 0 0 0 0 0 0 0 0 0 0 0 0 0 0 0 0 0 0 0 0 0 0 0 0 
0 0 0 0 0 0 0 0 0 0 0 0 0 0 0 0.0018 0.043 0.24 0.364 0.3294 0.2404 0.1692 0.1198 0.0786 0.0552 0.0416 0.03 0.0298 0.0218 0.0176 0.0158 0.0168 0.0134 0.0158 0.0118 0.0146 0.0212 0.0194 0.0188 0.0116 0.0064 0.0064 0.0098 0.0204 0.0048 0.006 0.0048 0 0 0 0 0 0 0 0 0 0 0 0 0 0 0 0 0 0 0 0 0 0 0 0 0 0 0 0 0 0 0 0 0 0 0 0 0 0 0 0 0 0 0 0 0 0 0 0 0 0 0 0 0 
0 0 0 0 0 0 0 0 0 0 0 0 0 0 0 0.0004 0.0422 0.2508 0.3132 0.3084 0.2556 0.1818 0.168 0.114 0.0754 0.0742 0.044 0.0334 0.0266 0.0082 0.0076 0.01 0.0076 0.008 0.0088 0.008 0.005 0.0064 0.0088 0.0104 0.0052 0.0018 0.0022 0.0018 0.0024 0.0034 0.0064 0 0 0 0 0 0 0 0 0 0 0 0 0 0 0 0 0 0 0 0 0 0 0 0 0 0 0 0 0 0 0 0 0 0 0 0 0 0 0 0 0 0 0 0 0 0 0 0 0 0 0 0 0 
0 0 0 0 0 0 0 0 0 0 0 0 0 0 0 0.0006 0.0494 0.2418 0.385 0.2984 0.2322 0.1906 0.1296 0.089 0.0788 0.0558 0.052 0.038 0.0272 0.0298 0.016 0.0244 0.0096 0.0112 0.0078 0.0094 0.0222 0.0012 0 0 0 0 0 0 0 0 0 0 0 0 0 0 0 0 0 0 0 0 0 0 0 0 0 0 0 0 0 0 0 0 0 0 0 0 0 0 0 0 0 0 0 0 0 0 0 0 0 0 0 0 0 0 0 0 0 0 0 0 0 0 
0 0 0 0 0 0 0 0 0 0 0 0 0 0 0 0.0002 0.0412 0.2448 0.4238 0.3604 0.2432 0.1416 0.0962 0.0964 0.0736 0.0272 0.0316 0.0334 0.0248 0.028 0.0184 0.0232 0.0228 0.0228 0.0074 0.0066 0.0064 0.0062 0.003 0.0068 0.0096 0.0004 0 0 0 0 0 0 0 0 0 0 0 0 0 0 0 0 0 0 0 0 0 0 0 0 0 0 0 0 0 0 0 0 0 0 0 0 0 0 0 0 0 0 0 0 0 0 0 0 0 0 0 0 0 0 0 0 0 0 
0 0 0 0 0 0 0 0 0 0 0 0 0 0 0 0.0008 0.0536 0.2232 0.3554 0.2878 0.2038 0.1804 0.1246 0.1066 0.0808 0.0616 0.062 0.04 0.0468 0.0162 0.0106 0.0188 0.0188 0.0102 0.0072 0.0078 0.0068 0.0112 0.0086 0.011 0.0094 0.0078 0.0056 0.007 0.0074 0.0082 0 0 0 0 0 0 0 0 0 0 0 0 0 0 0 0 0 0 0 0 0 0 0 0 0 0 0 0 0 0 0 0 0 0 0 0 0 0 0 0 0 0 0 0 0 0 0 0 0 0 0 0 0 0 
0 0 0 0 0 0 0 0 0 0 0 0 0 0 0 0.002 0.0512 0.2248 0.2866 0.2412 0.2254 0.1594 0.1222 0.1034 0.0716 0.0676 0.0482 0.061 0.0548 0.0484 0.0422 0.0328 0.0322 0.0294 0.0124 0.0092 0.0066 0.007 0.0058 0.0058 0.0072 0.0132 0.0136 0.0122 0.0026 0 0 0 0 0 0 0 0 0 0 0 0 0 0 0 0 0 0 0 0 0 0 0 0 0 0 0 0 0 0 0 0 0 0 0 0 0 0 0 0 0 0 0 0 0 0 0 0 0 0 0 0 0 0 0 
0 0 0 0 0 0 0 0 0 0 0 0 0 0 0 0 0.0482 0.2086 0.3188 0.2944 0.2178 0.1628 0.1102 0.0922 0.0922 0.057 0.0342 0.0232 0.0396 0.0624 0.0388 0.027 0.0298 0.0242 0.0384 0.0114 0.0112 0.0068 0.0028 0.004 0.0056 0.007 0.0056 0.0012 0.0012 0.0012 0.0014 0.002 0.0018 0.002 0.0024 0.003 0.0096 0 0 0 0 0 0 0 0 0 0 0 0 0 0 0 0 0 0 0 0 0 0 0 0 0 0 0 0 0 0 0 0 0 0 0 0 0 0 0 0 0 0 0 0 0 0 0 
0 0 0 0 0 0 0 0 0 0 0 0 0 0 0 0 0.0572 0.2332 0.3294 0.2832 0.228 0.19 0.1598 0.1224 0.0836 0.0848 0.0694 0.0342 0.0282 0.0304 0.0196 0.0136 0.0082 0.0088 0.0054 0.0024 0.0028 0.005 0.0004 0 0 0 0 0 0 0 0 0 0 0 0 0 0 0 0 0 0 0 0 0 0 0 0 0 0 0 0 0 0 0 0 0 0 0 0 0 0 0 0 0 0 0 0 0 0 0 0 0 0 0 0 0 0 0 0 0 0 0 0 0 
0 0 0 0 0 0 0 0 0 0 0 0 0 0 0 0 0.0468 0.2488 0.3354 0.2704 0.2558 0.2122 0.1492 0.1182 0.0978 0.069 0.055 0.0314 0.028 0.0282 0.006 0.0078 0.0066 0.007 0.0022 0.0036 0.003 0.0032 0.0028 0.0028 0.0024 0.0036 0.0028 0 0 0 0 0 0 0 0 0 0 0 0 0 0 0 0 0 0 0 0 0 0 0 0 0 0 0 0 0 0 0 0 0 0 0 0 0 0 0 0 0 0 0 0 0 0 0 0 0 0 0 0 0 0 0 0 0 
0 0 0 0 0 0 0 0 0 0 0 0 0 0 0 0.002 0.052 0.21 0.3298 0.3014 0.192 0.1168 0.0986 0.084 0.0748 0.077 0.0678 0.0662 0.0526 0.026 0.0174 0.0178 0.0204 0.02 0.0242 0.0178 0.0282 0.0222 0.0146 0.0144 0.0168 0.0114 0.0066 0.0048 0.0012 0.0014 0.0018 0.002 0.0028 0.0032 0 0 0 0 0 0 0 0 0 0 0 0 0 0 0 0 0 0 0 0 0 0 0 0 0 0 0 0 0 0 0 0 0 0 0 0 0 0 0 0 0 0 0 0 0 0 0 0 0 0 
0 0 0 0 0 0 0 0 0 0 0 0 0 0 0 0.0006 0.0402 0.2528 0.4338 0.368 0.2248 0.1766 0.11 0.0816 0.0542 0.054 0.029 0.0232 0.0332 0.0302 0.0284 0.0122 0.0194 0.018 0.003 0.0054 0.0014 0 0 0 0 0 0 0 0 0 0 0 0 0 0 0 0 0 0 0 0 0 0 0 0 0 0 0 0 0 0 0 0 0 0 0 0 0 0 0 0 0 0 0 0 0 0 0 0 0 0 0 0 0 0 0 0 0 0 0 0 0 0 0 
0 0 0 0 0 0 0 0 0 0 0 0 0 0 0 0 0.0404 0.2718 0.3902 0.3108 0.2552 0.1942 0.1364 0.0928 0.0708 0.056 0.0414 0.0344 0.0304 0.017 0.0066 0.0064 0.0062 0.003 0.0032 0.0032 0.0042 0.0082 0.0118 0.0054 0 0 0 0 0 0 0 0 0 0 0 0 0 0 0 0 0 0 0 0 0 0 0 0 0 0 0 0 0 0 0 0 0 0 0 0 0 0 0 0 0 0 0 0 0 0 0 0 0 0 0 0 0 0 0 0 0 0 0 0 
0 0 0 0 0 0 0 0 0 0 0 0 0 0 0 0 0.052 0.2664 0.335 0.3406 0.271 0.1876 0.1072 0.0832 0.0718 0.0358 0.0306 0.032 0.036 0.0312 0.0234 0.0092 0.0036 0.0036 0.004 0.0042 0.0042 0.0044 0.0052 0.0056 0.0076 0.0082 0.0032 0.0038 0.008 0.0056 0.001 0.0014 0.0014 0.0018 0.0018 0.0034 0.0032 0.0018 0 0 0 0 0 0 0 0 0 0 0 0 0 0 0 0 0 0 0 0 0 0 0 0 0 0 0 0 0 0 0 0 0 0 0 0 0 0 0 0 0 0 0 0 0 0 
0 0 0 0 0 0 0 0 0 0 0 0 0 0 0 0.0016 0.0554 0.2272 0.3168 0.3006 0.2244 0.1362 0.084 0.092 0.0734 0.0534 0.0576 0.0532 0.0326 0.028 0.0404 0.0382 0.0356 0.0258 0.022 0.0176 0.0166 0.0062 0.008 0.007 0.0012 0.001 0.0014 0.0014 0.0014 0.0016 0.0014 0.0012 0.0014 0.0016 0.0012 0.001 0.0014 0.001 0.0014 0.0012 0.0016 0.0018 0.0018 0.0022 0.0028 0.0024 0.0018 0.002 0.0028 0.0032 0.003 0 0 0 0 0 0 0 0 0 0 0 0 0 0 0 0 0 0 0 0 0 0 0 0 0 0 0 0 0 0 0 0 0 
