0.03 0.09 0.15 0.21 0.27 0.33 0.39 0.45 0.51 0.57 0.63 0.69 0.75 0.81 0.87 0.93 0.99 1.05 1.11 1.17 1.23 1.29 1.35 1.41 1.47 1.53 1.59 1.65 1.71 1.77 1.83 1.89 1.95 2.01 2.07 2.13 2.19 2.25 2.31 2.37 2.43 2.49 2.55 2.61 2.67 2.73 2.79 2.85 2.91 2.97 3.03 3.09 3.15 3.21 3.27 3.33 3.39 3.45 3.51 3.57 3.63 3.69 3.75 3.81 3.87 3.93 3.99 4.05 4.11 4.17 4.23 4.29 4.35 4.41 4.47 4.53 4.59 4.65 4.71 4.77 4.83 4.89 4.95 5.01 5.07 5.13 5.19 5.25 5.31 5.37 5.43 5.49 5.55 5.61 5.67 5.73 5.79 5.85 5.91 5.97 
0 0 0 0 0 0 0 0 0 0 0 0 0 0 0 0 0 0 0.0092 0.3118 1.6544 2.9566 2.9778 1.9706 1.1364 0.7862 0.4152 0.2542 0.065 0.0624 0.0016 0 0 0 0 0 0 0 0 0 0.1956 0.62 1.4242 1.955 2.0588 1.5842 1.1816 0.7772 0.4218 0.2756 0.1576 0.0672 0.0472 0.0352 0 0 0 0 0 0 0 0.0356 0.2742 0.5336 1.1076 1.4734 1.6562 1.3502 0.9036 0.7008 0.455 0.2352 0.1312 0.055 0.058 0.0314 0 0 0 0 0 0 0 0.0678 0.1892 0.3852 0.8346 1.1852 1.1696 1.0382 0.864 0.6474 0.3874 0.1978 0.1148 0.0668 0.0308 0.0156 0.0064 0 
0 0 0 0 0 0 0 0 0 0 0 0 0 0 0 0 0 0 0.019 0.4754 1.7974 2.93 3.0872 2.2692 1.284 0.8422 0.6148 0.3714 0.1878 0.0916 0.0226 0.0074 0 0 0 0 0 0 0.0084 0.033 0.328 0.9622 1.3686 1.7752 1.962 1.5568 1.326 0.8144 0.668 0.4998 0.3512 0.2298 0.0834 0.0332 0 0 0 0 0 0 0.069 0.132 0.405 0.6684 1.2082 1.3456 1.2812 1.143 1.0008 0.8356 0.6902 0.432 0.4132 0.2728 0.093 0.01 0 0 0 0 0 0.0104 0.0284 0.1272 0.302 0.5244 0.733 1.2044 0.908 0.7844 0.8288 0.711 0.7194 0.4398 0.3592 0.1922 0.0716 0.043 0.0128 0 
0 0 0 0 0 0 0 0 0 0 0 0 0 0 0 0 0 0 0.0404 0.419 1.667 3.3492 2.717 2.1172 1.453 0.7988 0.5776 0.3072 0.1634 0.1602 0.0924 0.0612 0.0286 0.027 0.0208 0 0 0 0.009 0.0612 0.2672 0.6978 1.4828 2.0468 1.9692 1.6 1.2242 0.7654 0.4732 0.456 0.3308 0.2554 0.1436 0.104 0.0606 0.0528 0 0 0 0.0034 0.0392 0.1414 0.2996 0.6084 1.1386 1.4142 1.5042 1.1488 1.1722 0.7776 0.4838 0.406 0.3524 0.2274 0.099 0.1132 0.0258 0.0096 0.0352 0 0 0 0.0324 0.097 0.2446 0.4648 0.8674 1.0714 1.0256 0.9674 0.7956 0.6662 0.5922 0.4412 0.314 0.173 0.0946 0.0514 0.0638 0.0174 
0 0 0 0 0 0 0 0 0 0 0 0 0 0 0 0 0 0 0.0188 0.3722 1.7168 2.841 3.011 2.5714 1.6516 0.8632 0.5292 0.1904 0.0662 0.0472 0.0556 0.0654 0 0 0 0 0 0 0 0.056 0.2806 0.7012 1.2946 1.6946 2.0122 1.8302 1.4192 1.1322 0.5702 0.4084 0.2414 0.1502 0.0716 0.0454 0.0576 0.0194 0.015 0 0 0 0.0116 0.1144 0.3482 0.5738 0.922 1.3762 1.3668 1.3874 1.3486 0.891 0.5132 0.4202 0.2298 0.142 0.1132 0.1142 0.0852 0.0422 0 0 0 0 0.0102 0.1184 0.254 0.4106 0.7438 0.841 0.91 1.1308 1.2336 0.7672 0.4972 0.3596 0.1806 0.1754 0.123 0.1148 0.0482 0.0428 
0 0 0 0 0 0 0 0 0 0 0 0 0 0 0 0 0 0 0.0328 0.4578 1.8954 2.8104 3.026 2.3142 1.2326 0.9734 0.7488 0.273 0.1634 0.0512 0.021 0 0 0 0 0 0 0 0 0.085 0.2896 0.9264 1.4354 1.8102 1.8688 1.643 1.2636 0.7896 0.672 0.4928 0.3486 0.2216 0.1474 0.006 0 0 0 0 0 0.0076 0.0102 0.1654 0.376 0.6248 1.2924 1.5078 1.4426 1.1538 0.7826 0.77 0.6184 0.4472 0.4854 0.1526 0.1142 0.0248 0.0176 0.0066 0 0 0 0.007 0.0468 0.137 0.2326 0.4882 0.8366 1.2564 1.085 0.796 0.7892 0.7478 0.5888 0.4574 0.3298 0.1196 0.0556 0.0236 0.0026 0 
0 0 0 0 0 0 0 0 0 0 0 0 0 0 0 0 0 0 0.0478 0.518 1.9918 3.316 2.9736 1.885 1.2752 0.8088 0.4864 0.2966 0.2168 0.0848 0.068 0.0312 0 0 0 0 0 0 0.0054 0.129 0.309 0.921 1.8148 2.0978 1.8528 1.5048 1.0168 0.8108 0.4792 0.4314 0.2288 0.1446 0.152 0.0952 0.0066 0 0 0 0 0 0.0004 0.2504 0.4186 0.9742 1.3232 1.6006 1.5578 0.9818 0.8052 0.7592 0.4058 0.2622 0.1522 0.2348 0.165 0.0638 0.0448 0 0 0 0 0.0248 0.0432 0.1322 0.3776 0.8106 1.0444 1.119 1.0516 0.9334 0.739 0.5 0.3582 0.2762 0.2646 0.1668 0.0918 0.0462 0.0128 0.0076 
0 0 0 0 0 0 0 0 0 0 0 0 0 0 0 0 0 0 0.0352 0.4516 1.9666 2.9576 3.1144 2.2704 1.517 0.8568 0.3326 0.2416 0.1518 0.0592 0.0452 0 0 0 0 0 0 0 0 0.0378 0.4408 0.9002 1.5402 1.8732 1.9548 1.5898 1.2226 0.8968 0.5888 0.4016 0.2646 0.1352 0.0836 0.046 0.0174 0.0066 0 0 0 0 0.0362 0.1422 0.4728 0.8336 1.1862 1.501 1.377 1.1798 1.0226 0.7844 0.497 0.3626 0.3072 0.2064 0.045 0.033 0.013 0 0 0 0 0.032 0.036 0.1214 0.366 0.5878 0.8454 1.0602 0.9586 1.1342 1.065 0.6682 0.4458 0.3036 0.1966 0.105 0.0392 0.035 0 0 
0 0 0 0 0 0 0 0 0 0 0 0 0 0 0 0 0 0 0.0328 0.492 1.6518 3.1308 2.8094 2.3292 1.3856 0.8518 0.6194 0.2626 0.1708 0.1246 0.0724 0.0554 0.0114 0 0 0 0 0.0098 0.0096 0.107 0.3952 0.7458 1.3822 1.757 1.8444 1.7822 1.175 0.8294 0.759 0.4992 0.3204 0.1764 0.0826 0.0908 0.0128 0.0088 0.0124 0 0.0164 0.0304 0.0608 0.1516 0.3742 0.699 0.928 1.2116 1.3568 1.3476 1.1402 0.8514 0.662 0.4282 0.3074 0.173 0.1182 0.098 0.0452 0 0 0.0134 0.0194 0.0162 0.0628 0.1402 0.2206 0.4998 0.7934 0.9388 0.9632 0.8942 0.8594 0.6692 0.6902 0.4254 0.2548 0.1884 0.1822 0.098 0.0626 0.0078 
0 0 0 0 0 0 0 0 0 0 0 0 0 0 0 0 0 0 0.0034 0.3572 1.6984 3 2.9128 2.224 1.5802 0.9688 0.6076 0.3336 0.1642 0.0744 0.0182 0.0096 0.0286 0.019 0 0 0 0 0 0.0326 0.1858 0.6906 1.2848 1.9752 1.8608 1.7604 1.3872 0.9444 0.7528 0.4216 0.2752 0.2196 0.122 0.025 0.0118 0.0174 0.0164 0.0164 0 0 0 0.077 0.2506 0.4708 0.963 1.6462 1.4452 1.3306 1.1016 0.9446 0.7278 0.4152 0.2404 0.1426 0.091 0.0794 0.0086 0.0072 0.04 0.0182 0 0 0.0144 0.02 0.1026 0.3648 0.791 0.9926 1.149 1.1302 1.0618 0.7962 0.6168 0.4208 0.2374 0.1132 0.0668 0.0444 0.0274 0.0484 
0 0 0 0 0 0 0 0 0 0 0 0 0 0 0 0 0 0 0.0272 0.2928 1.458 3.0274 3.197 2.1392 1.418 1.0274 0.7364 0.396 0.1352 0.0694 0.041 0.0086 0.0188 0.0076 0 0 0 0 0 0.0116 0.2222 0.6458 1.2168 1.8012 1.9754 1.7238 1.3132 1.1146 0.7684 0.4978 0.338 0.148 0.0642 0.0568 0.0566 0.0302 0.0154 0 0 0 0.02 0.0394 0.2972 0.5232 0.9156 1.131 1.4422 1.4822 1.251 0.9786 0.7158 0.4232 0.2702 0.2092 0.135 0.066 0.0628 0.0374 0 0 0 0 0.0052 0.051 0.2076 0.3658 0.6188 0.7108 0.9702 1.223 1.177 0.852 0.5734 0.4372 0.3226 0.1574 0.199 0.0696 0.0558 0.0036 
0 0 0 0 0 0 0 0 0 0 0 0 0 0 0 0 0 0 0.029 0.5754 1.861 2.9794 3.099 2.1434 1.552 0.7856 0.3664 0.3226 0.1186 0.0744 0.0556 0.008 0.0152 0.0144 0 0 0 0.0028 0.0212 0.178 0.3496 1.0444 1.392 1.7192 1.9096 1.712 1.2666 0.8924 0.5902 0.3842 0.1834 0.138 0.0872 0.0614 0.0346 0.0068 0.011 0.0154 0 0 0.0612 0.337 0.444 0.8754 1.0588 1.2426 1.6248 1.2446 0.8956 0.7824 0.512 0.3584 0.178 0.122 0.149 0.0546 0.0268 0.0328 0 0 0 0.009 0.0982 0.213 0.3306 0.6198 1.1106 0.9972 0.8852 1.0832 0.8602 0.5626 0.3828 0.2694 0.2476 0.176 0.0516 0.0562 0.0322 0.0146 
0 0 0 0 0 0 0 0 0 0 0 0 0 0 0 0 0 0 0.0172 0.3228 1.7538 3.2146 3.4294 2.3666 1.165 0.7592 0.4216 0.2808 0.1824 0.0832 0.0034 0 0 0 0 0 0 0 0 0.0474 0.2116 0.7292 1.579 2.139 2.1938 1.6822 1.259 0.7258 0.5598 0.3572 0.2002 0.2042 0.0756 0.036 0 0 0 0 0 0 0.029 0.067 0.2478 0.7438 1.3256 1.7336 1.344 1.3176 1.1374 0.7308 0.4938 0.3128 0.1602 0.1268 0.1298 0.0736 0.0264 0 0 0 0 0 0.0118 0.1 0.2094 0.5456 1.0098 1.0408 1.2264 1.081 0.9978 0.7618 0.4008 0.2064 0.1336 0.13 0.0864 0.0568 0.0016 0 
0 0 0 0 0 0 0 0 0 0 0 0 0 0 0 0 0 0 0.0378 0.6314 1.9214 3.325 3.0224 2.0308 1.1976 0.8124 0.5022 0.2372 0.1256 0.0634 0.0256 0.0158 0.0122 0.0248 0.0144 0 0 0 0.0082 0.132 0.3774 1.1006 1.7504 1.9808 1.8512 1.455 1.0632 0.8476 0.5898 0.357 0.2208 0.0916 0.0698 0.0318 0.0232 0.0112 0.0148 0.0086 0.0178 0.0454 0.0702 0.1142 0.5578 1.1364 1.2808 1.5568 1.465 1.0792 0.6248 0.5902 0.576 0.3988 0.2032 0.1346 0.061 0.0408 0.009 0.0312 0.0218 0.0216 0.0138 0.01 0.0736 0.2024 0.5028 0.726 1.0274 1.0718 1.0512 0.983 0.7106 0.5756 0.3636 0.2604 0.1584 0.1328 0.042 0.0134 0.0244 0.027 
0 0 0 0 0 0 0 0 0 0 0 0 0 0 0 0 0 0 0.0256 0.349 1.6666 3.1526 2.8356 2.2882 1.5284 1.0924 0.557 0.24 0.116 0.085 0.036 0.0276 0 0 0 0 0 0 0.0026 0.0578 0.2172 0.709 1.462 1.9744 1.7686 1.4796 1.4426 1.0136 0.6422 0.5228 0.3714 0.139 0.0434 0.0498 0.0364 0.065 0.0026 0 0 0 0.0138 0.1146 0.3258 0.6964 1.1072 1.3324 1.2496 1.1682 0.9948 1.0208 0.706 0.498 0.3122 0.118 0.0858 0.1016 0.0962 0.0548 0.0038 0 0 0 0.0158 0.0544 0.2126 0.5466 0.7422 0.917 1.0528 1.0446 0.7664 0.8048 0.579 0.5114 0.3052 0.139 0.1186 0.1018 0.0674 0.0168 
0 0 0 0 0 0 0 0 0 0 0 0 0 0 0 0 0 0 0.0188 0.364 1.6572 2.9044 2.9026 2.2932 1.591 1.0046 0.6384 0.269 0.2056 0.0952 0.0212 0.01 0.009 0.0158 0 0 0 0 0 0.0322 0.3024 0.7248 1.326 1.7988 1.594 1.6438 1.3262 1.1316 0.7364 0.583 0.4118 0.1912 0.0994 0.0568 0.015 0.0092 0.0144 0.003 0 0.004 0.0438 0.1324 0.2854 0.7294 0.923 1.0928 1.1984 1.2316 1.3418 0.8918 0.5764 0.5344 0.3542 0.2666 0.2166 0.0898 0.0342 0.0206 0.0328 0 0 0 0.0432 0.1608 0.3314 0.44 0.5404 0.7244 0.8976 0.8842 0.9406 0.833 0.7784 0.4448 0.3426 0.2626 0.1598 0.0928 0.0604 0.0226 
0 0 0 0 0 0 0 0 0 0 0 0 0 0 0 0 0 0 0.0382 0.3262 1.4004 3.0068 3.0918 2.427 1.6386 0.787 0.5414 0.3512 0.2442 0.1042 0.022 0.021 0 0 0 0 0 0 0.0046 0.0206 0.2122 0.5434 1.2616 1.8548 2.1268 1.8218 1.3144 0.8918 0.5436 0.5028 0.353 0.2738 0.1656 0.0716 0.021 0.0166 0 0 0 0 0 0.0466 0.1876 0.5328 0.9832 1.3676 1.6312 1.3986 0.979 0.7718 0.5374 0.5014 0.4916 0.2838 0.1928 0.0604 0.0342 0 0 0 0 0 0.0076 0.031 0.0814 0.3586 0.731 1.107 1.0906 0.8934 0.9348 0.6744 0.6394 0.6166 0.3508 0.2706 0.1328 0.0486 0.0138 0.0176 
0 0 0 0 0 0 0 0 0 0 0 0 0 0 0 0 0 0 0.0216 0.4782 1.7908 3.2406 2.979 1.9266 1.264 0.8376 0.5854 0.2742 0.2738 0.1056 0.0766 0.0622 0.0578 0.026 0 0 0 0 0 0.0316 0.3614 0.81 1.6742 2.1446 1.813 1.328 1.016 0.6624 0.7306 0.6242 0.2376 0.1636 0.1098 0.0688 0.06 0.0576 0.0652 0.0306 0.0108 0 0.0322 0.1328 0.4148 0.8556 1.217 1.5954 1.3332 1.0414 0.6942 0.68 0.5794 0.4104 0.3444 0.2476 0.109 0.0926 0.0474 0.0462 0.0372 0.0506 0.0306 0.008 0.0562 0.1848 0.3206 0.6548 0.9316 0.9828 0.9246 0.8464 0.8158 0.4342 0.407 0.3924 0.4002 0.2716 0.1166 0.0332 0.0484 0.0762 
0 0 0 0 0 0 0 0 0 0 0 0 0 0 0 0 0 0.0024 0.0524 0.533 2.0824 3.3732 2.9108 1.9172 1.4454 0.8182 0.3374 0.213 0.1372 0.0984 0.0658 0.0132 0 0 0 0 0 0 0 0.0692 0.4722 1.1464 1.712 2.0442 1.7798 1.446 1.2068 0.7824 0.4872 0.3432 0.2492 0.132 0.0538 0.0468 0.018 0.0108 0 0 0.0044 0.0072 0.0376 0.21 0.6164 1.1112 1.339 1.3652 1.4028 1.1592 0.7942 0.762 0.4384 0.3584 0.1804 0.1514 0.0122 0.0132 0.0254 0.0114 0 0 0.0078 0.0316 0.0874 0.1778 0.4784 0.7928 1.1434 1.1318 0.8596 0.9172 0.8972 0.522 0.3836 0.3418 0.1366 0.0512 0.0132 0.0094 0.0112 0.006 
0 0 0 0 0 0 0 0 0 0 0 0 0 0 0 0 0 0 0.0494 0.3384 1.393 2.531 2.72 2.568 1.8214 1.225 0.6062 0.316 0.1794 0.1486 0.0704 0.0086 0.0246 0 0 0 0 0.0054 0.0108 0.1052 0.1914 0.466 0.982 1.6106 1.5688 1.7568 1.4404 1.1962 1.045 0.7006 0.3556 0.2234 0.1584 0.1136 0.0268 0.0274 0.0134 0.0022 0.012 0.01 0.034 0.1342 0.2372 0.4046 0.7044 0.849 1.2068 1.1156 1.1564 1.022 0.9636 0.7954 0.5354 0.3894 0.209 0.1084 0.0334 0.021 0.0354 0.0216 0.0012 0.0108 0.0302 0.1008 0.1726 0.3488 0.4358 0.5448 0.7224 0.8908 0.832 0.6908 0.867 0.7042 0.5918 0.4288 0.2934 0.1094 0.0742 0.1042 
0 0 0 0 0 0 0 0 0 0 0 0 0 0 0 0 0 0.003 0.0324 0.4398 1.7262 2.9998 2.9208 2.3402 1.4892 0.9398 0.5138 0.2944 0.1406 0.0874 0.035 0.0284 0.0092 0 0 0 0 0 0.0022 0.0742 0.2864 0.8562 1.4814 1.8346 1.4722 1.8064 1.422 0.9968 0.5844 0.4546 0.2722 0.1394 0.1468 0.1302 0.0232 0.0092 0.0076 0 0 0 0.0102 0.0692 0.469 0.8006 1.1272 1.2904 1.1628 1.157 1.1516 0.9186 0.7104 0.3908 0.1914 0.2274 0.1928 0.0662 0.0338 0.0186 0.012 0 0 0 0.0218 0.119 0.3002 0.626 0.8144 0.8814 0.801 0.9776 0.9538 0.7818 0.5462 0.3744 0.2934 0.2642 0.1428 0.0496 0.0286 0.0102 
0 0 0 0 0 0 0 0 0 0 0 0 0 0 0 0 0 0 0.0212 0.5972 1.8328 3.1312 2.8846 2.2772 1.4122 0.7328 0.4796 0.2972 0.1204 0.1202 0.0778 0.0156 0 0 0 0 0 0 0 0.104 0.3926 1.048 1.615 1.847 1.5914 1.5258 1.2416 0.9046 0.6466 0.3506 0.4078 0.1156 0.0692 0.0714 0.0456 0.0232 0 0 0 0.0048 0.06 0.1862 0.495 1.0112 1.2772 1.4182 1.132 0.9806 0.9556 0.7094 0.5234 0.4154 0.334 0.2236 0.1304 0.0664 0.0426 0.01 0.0174 0.0066 0 0.0242 0.0838 0.1808 0.4158 0.68 0.931 1.1428 1.0238 0.8124 0.5594 0.5246 0.455 0.4192 0.296 0.143 0.122 0.0836 0.052 0.0402 
0 0 0 0 0 0 0 0 0 0 0 0 0 0 0 0 0 0.003 0.0172 0.4818 1.739 3.1448 3.0826 2.1332 1.5774 0.9542 0.4536 0.2294 0.1246 0.0444 0.0148 0 0 0 0 0 0 0 0.0074 0.061 0.3202 0.8692 1.381 1.932 2.0206 1.6494 1.2566 0.9348 0.715 0.3878 0.2322 0.1854 0.0474 0 0 0 0 0 0 0 0.0728 0.1282 0.3806 0.6678 1.0738 1.4134 1.5054 1.3198 1.1362 0.8736 0.5996 0.3836 0.2314 0.1174 0.052 0.0444 0 0 0 0 0 0.012 0.0326 0.1982 0.3342 0.4832 0.7802 0.926 0.9284 1.1832 1.0244 0.8626 0.4522 0.3842 0.2074 0.1294 0.0406 0.012 0.0092 0 
0 0 0 0 0 0 0 0 0 0 0 0 0 0 0 0 0 0 0.0294 0.3506 1.5612 3.0616 3.0102 2.3182 1.5408 0.7926 0.6428 0.282 0.193 0.087 0.0658 0.0518 0.013 0 0 0 0 0 0.0046 0.0432 0.2762 0.7022 1.2498 1.767 1.8982 1.7556 1.2838 0.988 0.8034 0.3328 0.2778 0.3326 0.1826 0.0636 0.0386 0 0 0 0 0.0048 0.0248 0.114 0.3266 0.802 0.8686 0.952 1.4158 1.3486 1.0516 1.0366 0.5228 0.4024 0.4014 0.2698 0.163 0.1484 0.0786 0.0552 0.013 0 0 0.0288 0.0726 0.0974 0.2888 0.5892 0.6594 0.6408 0.812 0.875 0.9912 0.901 0.5292 0.3786 0.262 0.266 0.159 0.1348 0.1118 0.0918 
0 0 0 0 0 0 0 0 0 0 0 0 0 0 0 0 0 0 0.0156 0.3396 1.6786 2.8354 3.1706 2.355 1.6034 0.898 0.4092 0.3532 0.1336 0.0774 0.0596 0.0556 0.0152 0 0 0 0 0 0 0.0242 0.2458 0.7672 1.3288 1.8178 1.907 1.6636 1.521 0.9226 0.73 0.3636 0.1892 0.1882 0.1464 0.0834 0.04 0.0406 0.0206 0 0 0 0.0048 0.0592 0.2766 0.6818 1.2928 1.1858 1.2628 1.339 1.042 0.8464 0.7678 0.3684 0.291 0.2028 0.1396 0.115 0.0498 0.0442 0.0116 0.0186 0 0 0.013 0.0672 0.2478 0.5718 0.718 0.9254 1.0598 0.9176 0.9006 0.5948 0.5974 0.401 0.2698 0.2726 0.187 0.1144 0.0822 0.0366 
0 0 0 0 0 0 0 0 0 0 0 0 0 0 0 0 0 0.0048 0.0482 0.4566 1.2502 2.9184 3.0884 2.376 1.4852 1.2556 0.5438 0.2348 0.1428 0.0934 0.051 0.012 0.0102 0.012 0.0166 0 0 0 0.0304 0.079 0.2396 0.6154 1.0512 1.4884 2.0756 2.0046 1.3878 1.0258 0.782 0.3914 0.3686 0.1802 0.0924 0.0448 0.0696 0.0716 0.0016 0 0 0.0144 0.1546 0.091 0.2618 0.4218 0.5722 1.1424 1.5504 1.395 1.2848 0.963 0.7638 0.6164 0.2834 0.164 0.1084 0.0486 0.069 0.0514 0.0296 0.0306 0.0428 0.0268 0.0878 0.098 0.1764 0.252 0.4436 0.7674 0.861 1.1522 1.1102 0.8752 0.6236 0.3822 0.372 0.2582 0.182 0.1094 0.0604 0.0476 
0 0 0 0 0 0 0 0 0 0 0 0 0 0 0 0 0 0.0024 0.0592 0.5856 1.8868 2.9956 2.9142 2.1618 1.4014 0.8954 0.5478 0.2194 0.199 0.036 0.0596 0.0152 0.011 0.0096 0 0 0 0 0.0264 0.1614 0.51 1.0056 1.284 1.779 1.8378 1.5654 1.2404 0.8818 0.5264 0.5318 0.3198 0.179 0.1018 0.0364 0.013 0 0 0 0.0026 0.0552 0.1014 0.3892 0.603 0.7636 0.9962 1.218 1.1812 1.1306 1.0008 0.789 0.5926 0.4184 0.3816 0.2574 0.0678 0.037 0.0144 0 0 0 0.022 0.0862 0.1592 0.2798 0.4902 0.6378 0.7516 0.849 0.832 0.7528 0.6506 0.651 0.6216 0.5484 0.3362 0.139 0.1134 0.0338 0.0354 0.01 
0 0 0 0 0 0 0 0 0 0 0 0 0 0 0 0 0 0 0.03 0.6124 1.7674 2.8466 2.8728 2.1268 1.4992 0.9256 0.5542 0.3888 0.234 0.1136 0.0286 0 0 0 0 0 0 0 0.034 0.1452 0.3362 0.838 1.5812 1.7318 1.7134 1.445 1.2522 0.9522 0.744 0.5464 0.3742 0.1132 0.0992 0.0938 0 0 0 0 0.0054 0.0466 0.1092 0.2396 0.422 0.6688 1.099 1.1996 1.2782 1.2502 1.1508 0.8262 0.6164 0.3672 0.363 0.1492 0.1426 0.047 0.019 0 0 0 0.0056 0.1086 0.1606 0.133 0.2586 0.5308 0.5986 0.8488 1.2066 1.2034 0.7678 0.6876 0.5738 0.2876 0.2302 0.202 0.1294 0.067 0 0 
0 0 0 0 0 0 0 0 0 0 0 0 0 0 0 0 0 0 0.04 0.503 1.8286 3.194 3.054 1.8094 1.331 0.8488 0.584 0.413 0.2762 0.067 0.01 0.0172 0.0238 0 0 0 0 0 0.0026 0.0984 0.338 0.811 1.5672 2.1716 1.8014 1.3484 1.0224 0.7726 0.7146 0.5452 0.4448 0.1986 0.0894 0.0378 0.036 0 0 0 0 0.0048 0.0734 0.1356 0.2772 0.9014 1.183 1.3668 1.4932 1.1098 1.0212 0.6494 0.5206 0.5198 0.2628 0.2402 0.1254 0.0938 0.0216 0 0 0 0 0.0206 0.0682 0.078 0.2376 0.5124 0.9882 1.251 1.0104 0.9112 0.627 0.7744 0.5682 0.3514 0.1918 0.1914 0.0888 0.0986 0.024 0.0068 
0 0 0 0 0 0 0 0 0 0 0 0 0 0 0 0 0 0 0.0194 0.4782 1.8002 2.961 2.6436 2.0922 1.4586 1.0616 0.7786 0.4468 0.1856 0.0478 0.0264 0 0 0 0 0 0 0 0.0066 0.0782 0.4096 0.9176 1.357 1.502 1.7438 1.4722 1.2992 0.8746 0.8248 0.6512 0.3552 0.2622 0.0956 0.092 0.0582 0 0 0 0 0 0.0472 0.2104 0.5824 0.7236 0.9382 0.9692 1.0764 1.1724 1.2156 0.9308 0.5422 0.5052 0.4732 0.2946 0.1194 0.0694 0.0376 0.0292 0.063 0 0 0.0116 0.0724 0.3118 0.442 0.4992 0.4886 0.5614 0.8408 1.0312 0.9168 0.7758 0.508 0.549 0.3168 0.2242 0.2088 0.0722 0.07 0.0272 
0 0 0 0 0 0 0 0 0 0 0 0 0 0 0 0 0 0 0.0398 0.463 1.6698 2.9624 2.8298 2.307 1.7112 1.0018 0.5578 0.2826 0.0674 0.0666 0.0286 0.0122 0 0 0 0 0 0 0.0362 0.1318 0.3088 0.6958 1.2458 1.729 1.9532 1.6282 1.3852 1.0746 0.7718 0.4208 0.2882 0.201 0.119 0.0106 0 0 0 0 0 0.0078 0.135 0.2088 0.3286 0.6202 1.0254 1.1558 1.2098 1.1188 1.219 1.0232 0.698 0.4402 0.3232 0.3006 0.1286 0.057 0 0 0 0 0.0128 0.0284 0.1172 0.1504 0.3584 0.5736 0.6478 0.7168 0.8146 0.924 0.8566 0.8312 0.6908 0.4542 0.3222 0.2456 0.161 0.0622 0.0304 0.0018 
0 0 0 0 0 0 0 0 0 0 0 0 0 0 0 0 0 0 0.0216 0.525 2.2158 3.4126 3.0388 1.78 1.2116 0.8298 0.4218 0.2714 0.158 0.0952 0.013 0.0054 0 0 0 0 0 0 0.0238 0.0942 0.3526 1.0238 1.9852 2.1098 1.779 1.4582 1.1178 0.7364 0.4684 0.4224 0.169 0.0832 0.1094 0.0586 0.0082 0 0 0 0 0.0192 0.0906 0.1694 0.4768 1.045 1.4728 1.56 1.4454 1.0514 0.788 0.5976 0.519 0.3106 0.168 0.112 0.0766 0.0778 0.0198 0 0 0 0.0032 0.0394 0.0692 0.2128 0.491 0.914 0.9482 1.1092 1.0494 0.884 0.7674 0.518 0.3164 0.2126 0.1308 0.147 0.0802 0.0574 0.0426 0.0072 
0 0 0 0 0 0 0 0 0 0 0 0 0 0 0 0 0 0 0.0202 0.3126 1.8576 3.0328 3.137 2.284 1.4588 0.8228 0.537 0.272 0.1314 0.063 0.0302 0.0184 0.0088 0.0134 0 0 0 0 0 0.0386 0.3014 0.7972 1.2988 1.828 1.7932 1.7048 1.6122 1.042 0.6806 0.3288 0.1936 0.1634 0.1178 0.0556 0.028 0.016 0 0 0 0 0.057 0.1692 0.3892 0.661 0.9042 1.211 1.1856 1.4292 1.2688 1.0196 0.7092 0.3162 0.2354 0.1932 0.145 0.084 0.0222 0 0 0 0 0.0096 0.0698 0.1818 0.2742 0.5074 0.6936 0.7604 0.6742 1.162 1.0798 1.0102 0.5218 0.4054 0.1758 0.1566 0.146 0.1266 0.0448 0 
0 0 0 0 0 0 0 0 0 0 0 0 0 0 0 0 0 0.003 0.053 0.6006 2.0392 2.9668 2.8564 2.0496 1.461 0.659 0.4944 0.3928 0.264 0.0948 0.0496 0.0158 0 0 0 0 0 0.0076 0.0462 0.1346 0.4886 1.0692 1.479 1.6912 1.8578 1.6664 1.0478 0.7216 0.5672 0.372 0.4018 0.2488 0.0706 0.0548 0.0408 0.034 0 0.0108 0.009 0.0352 0.1288 0.3788 0.5066 0.7672 1.0874 1.1884 1.497 1.162 0.9832 0.6676 0.4198 0.4098 0.3004 0.1528 0.1612 0.0772 0.0362 0.0128 0.0078 0.0042 0.06 0.086 0.2192 0.2486 0.3936 0.4392 0.7564 0.9288 1.0556 0.9898 0.8222 0.6532 0.4426 0.2982 0.1864 0.1734 0.0694 0.0868 0.0424 0.0394 
0 0 0 0 0 0 0 0 0 0 0 0 0 0 0 0 0 0 0.0416 0.4744 1.9366 2.9912 2.7106 2.0282 1.595 0.9442 0.5448 0.3478 0.1426 0.0692 0.0856 0.0882 0 0 0 0 0 0 0.014 0.0774 0.3598 0.8704 1.654 1.8686 1.686 1.501 1.12 0.865 0.6542 0.5762 0.3202 0.1622 0.1836 0.0518 0.0314 0.0042 0 0 0 0.0172 0.0796 0.1256 0.3364 0.783 1.08 1.5334 1.346 1.2286 1.0158 0.8066 0.5388 0.3186 0.3806 0.1466 0.1854 0.0578 0.0118 0.0082 0 0 0.009 0.0106 0.0338 0.1506 0.2224 0.5978 0.7372 0.9462 1.1408 1.2552 0.8774 0.6314 0.422 0.3772 0.2362 0.1656 0.1132 0.0334 0.0298 0.0102 
0 0 0 0 0 0 0 0 0 0 0 0 0 0 0 0 0 0.0028 0.0306 0.4194 1.5516 2.9068 2.8668 2.3194 1.4872 1.081 0.4474 0.31 0.2092 0.1656 0.0906 0.0656 0.0108 0.0084 0.0092 0.0176 0 0 0.0012 0.0458 0.2424 0.7222 1.4844 1.7958 1.7612 1.456 1.0946 0.9636 0.6408 0.6302 0.4868 0.2092 0.2666 0.0996 0.061 0.0188 0.0198 0 0 0.0096 0.0296 0.0496 0.3394 0.6982 1.2336 1.19 1.2634 1.125 0.853 0.777 0.5464 0.509 0.5398 0.334 0.234 0.1408 0.0612 0.0518 0.0146 0 0.005 0.0228 0.011 0.109 0.2124 0.5458 0.6234 0.9696 1.0746 0.8802 0.7058 0.5588 0.548 0.4504 0.4304 0.325 0.2292 0.1818 0.0948 0.022 
0 0 0 0 0 0 0 0 0 0 0 0 0 0 0 0 0 0 0.0104 0.2808 1.4534 2.7178 2.88 2.454 1.6564 0.7928 0.4906 0.4728 0.4266 0.2276 0.113 0.0238 0 0 0 0 0 0 0.006 0.0294 0.175 0.521 1.2458 1.6084 1.8108 1.6586 1.374 1.0006 0.7408 0.5948 0.3788 0.3836 0.1792 0.1238 0.0914 0.0734 0.0046 0 0 0 0.0346 0.0662 0.1792 0.4492 0.8064 1.0874 1.3458 1.2694 1.1312 1.0614 0.6914 0.5606 0.449 0.2716 0.1546 0.1832 0.1162 0.0532 0.0434 0.0368 0.0092 0.0012 0.0236 0.0582 0.1056 0.3508 0.4652 0.7596 0.7528 0.836 0.9246 0.968 0.8868 0.741 0.3814 0.181 0.1336 0.1282 0.1136 0.0748 
0 0 0 0 0 0 0 0 0 0 0 0 0 0 0 0 0 0 0.0096 0.3276 1.418 2.4526 2.7586 2.891 1.6292 1.0604 0.6378 0.4374 0.1636 0.11 0.0648 0.0298 0.0096 0 0 0 0 0 0 0.0232 0.2418 0.5398 1.2066 1.2646 1.6882 1.7084 1.47 1.4066 0.8614 0.5752 0.429 0.3254 0.176 0.059 0.0248 0 0 0 0 0 0 0.0726 0.3186 0.5136 0.6746 1.1166 1.2104 1.0146 1.0752 1.0938 0.9704 0.6574 0.4768 0.3688 0.1992 0.1402 0.0972 0 0 0 0 0.004 0.0432 0.061 0.139 0.3132 0.6062 0.7376 0.7278 0.7636 0.8998 0.8558 0.7012 0.695 0.451 0.4546 0.238 0.162 0.1204 0.0266 
0 0 0 0 0 0 0 0 0 0 0 0 0 0 0 0 0 0 0.0182 0.2904 1.1874 2.3982 3.0578 2.451 1.681 1.2904 0.7836 0.4072 0.2628 0.0894 0.0432 0.021 0.0184 0 0 0 0 0 0.0062 0.0472 0.2456 0.4628 0.8372 1.2674 1.5734 1.8332 1.645 1.4688 0.9448 0.6576 0.3628 0.2142 0.1844 0.0998 0.0854 0.0496 0.0146 0 0 0 0.0188 0.096 0.2956 0.3538 0.492 0.6556 1.1652 1.3358 1.3522 1.2504 0.991 0.6424 0.5074 0.339 0.171 0.1216 0.0928 0.0646 0.0406 0.0142 0 0.0108 0.0412 0.0596 0.225 0.1388 0.3036 0.4838 0.6496 0.87 1.111 0.9218 1.0026 0.5698 0.5242 0.3832 0.2624 0.1946 0.1256 0.0678 
0 0 0 0 0 0 0 0 0 0 0 0 0 0 0 0 0 0 0.03 0.6692 2.036 2.9882 2.5554 2.45 1.3282 0.8104 0.5794 0.3234 0.1304 0.0932 0.0062 0 0 0 0 0 0 0 0.029 0.1848 0.5262 1.0276 1.5104 1.6186 1.683 1.4824 1.3026 1.0494 0.7376 0.4262 0.1398 0.1916 0.0826 0.0082 0 0 0 0 0.004 0.078 0.1552 0.2632 0.668 0.6858 1.0436 1.3696 1.1624 0.9986 0.8474 1.0258 0.801 0.4474 0.2428 0.1164 0.0534 0.0336 0.0038 0 0 0.0112 0.0218 0.0906 0.142 0.211 0.4844 0.7848 0.732 0.8458 0.8116 0.8396 0.7504 0.667 0.6304 0.4868 0.2572 0.1452 0.053 0.0352 0 0 
0 0 0 0 0 0 0 0 0 0 0 0 0 0 0 0 0 0 0.0154 0.3266 1.32 2.6484 3.1972 2.465 1.6992 0.9562 0.6826 0.3744 0.1142 0.0788 0.0556 0.0548 0.0116 0 0 0 0 0 0 0.0348 0.1822 0.52 1.0734 1.7718 1.6672 1.881 1.5342 1.052 0.7732 0.5514 0.3572 0.2734 0.151 0.0686 0.0746 0.0146 0.0158 0.0036 0 0 0.0274 0.0622 0.2034 0.3338 0.8308 1.222 1.2696 1.3018 1.405 0.9724 0.6466 0.5686 0.4586 0.3436 0.1936 0.0646 0.0472 0.0488 0 0 0 0 0.0294 0.07 0.1292 0.1942 0.4372 0.6666 1.0526 1.0286 1.233 1.0494 0.5408 0.5444 0.367 0.272 0.2048 0.1046 0.027 0.035 
0 0 0 0 0 0 0 0 0 0 0 0 0 0 0 0 0 0 0.0336 0.3874 1.7112 2.9654 3.0862 2.2292 1.3438 0.894 0.581 0.3536 0.2326 0.1136 0.0438 0.0142 0.0104 0 0 0 0 0 0.0134 0.0562 0.2752 0.7268 1.3372 1.9476 1.8196 1.7366 1.302 0.9052 0.6692 0.5042 0.308 0.2396 0.0784 0.025 0.0418 0.014 0 0 0 0.0184 0.0388 0.147 0.3292 0.6962 0.9266 1.343 1.4284 1.2842 1.034 0.8292 0.6458 0.4026 0.36 0.3356 0.0944 0.0432 0.0434 0 0 0 0.0078 0.016 0.0496 0.1032 0.2848 0.5574 0.7252 0.9536 0.962 0.9476 0.874 0.574 0.558 0.4744 0.3674 0.2618 0.1396 0.1144 0.0292 0 
0 0 0 0 0 0 0 0 0 0 0 0 0 0 0 0 0 0 0.034 0.5188 1.828 3.0376 3.0078 1.9754 1.424 0.98 0.5038 0.2924 0.1862 0.1282 0.0312 0.0372 0.0154 0 0 0 0 0 0.0084 0.0942 0.3074 0.9732 1.6384 1.6892 1.808 1.6538 1.239 0.7512 0.5986 0.4998 0.3614 0.1946 0.1006 0.0586 0.013 0.0106 0 0 0 0.0116 0.0532 0.233 0.4182 0.9506 1.084 1.1992 1.4262 1.0568 0.9518 0.7718 0.6152 0.553 0.2612 0.2342 0.0922 0.06 0.0278 0 0 0.0022 0.0152 0.06 0.0924 0.1852 0.263 0.5124 0.9464 0.9676 0.9518 0.9208 0.8248 0.6862 0.4212 0.4134 0.2894 0.2642 0.119 0.0602 0.0046 0 
0 0 0 0 0 0 0 0 0 0 0 0 0 0 0 0 0 0 0.0426 0.4446 1.726 3.2424 2.8934 2.0834 1.3074 0.9046 0.63 0.3714 0.2052 0.1184 0.0306 0 0 0 0 0 0 0 0 0.0636 0.3802 0.8572 1.3586 1.9296 1.9338 1.4856 1.2416 0.9048 0.5982 0.5664 0.3728 0.2332 0.0744 0 0 0 0 0 0 0 0.0298 0.1874 0.3734 0.588 1.2016 1.4366 1.3376 1.324 0.9372 0.8426 0.6414 0.4282 0.3944 0.1416 0.0782 0.058 0 0 0 0 0 0 0.0398 0.114 0.2532 0.4984 0.8212 1.0354 1.0384 1.0452 0.918 0.7374 0.577 0.4192 0.1986 0.1688 0.1156 0.0198 0 0 
0 0 0 0 0 0 0 0 0 0 0 0 0 0 0 0 0 0 0.0178 0.2598 1.5586 2.9368 3.053 2.3856 1.6954 0.9896 0.513 0.2966 0.194 0.073 0.0268 0 0 0 0 0 0 0 0 0.0338 0.1546 0.5952 1.2512 1.731 1.961 1.8546 1.5034 0.9786 0.6116 0.4462 0.4006 0.2604 0.1342 0.0836 0 0 0 0 0 0 0.017 0.051 0.2542 0.4988 0.9012 1.0898 1.44 1.6038 1.1822 0.9082 0.6142 0.4878 0.3806 0.2566 0.1282 0.1002 0.061 0.0212 0.004 0 0 0 0 0.0404 0.154 0.413 0.7194 0.669 0.9268 1.1526 0.9158 0.938 0.715 0.4816 0.3222 0.1984 0.1728 0.1218 0.0414 0.0178 
0 0 0 0 0 0 0 0 0 0 0 0 0 0 0 0 0 0 0.0266 0.3106 1.2824 2.6456 3.0174 2.4364 1.623 0.908 0.5586 0.3684 0.4248 0.2084 0.1238 0.0586 0.0074 0 0 0 0 0 0.0116 0.0754 0.1548 0.386 1.083 1.5894 1.8334 1.792 1.4364 1.2832 0.7752 0.4122 0.3504 0.2496 0.2198 0.165 0.1194 0.0458 0.0174 0 0 0.0128 0.032 0.076 0.165 0.3086 0.702 1.0468 1.261 1.5136 1.5174 0.9936 0.6364 0.4362 0.3354 0.2526 0.2586 0.1256 0.1494 0.1148 0.0456 0.0166 0 0.0092 0.0222 0.0276 0.0788 0.231 0.3092 0.7198 0.9666 1.1352 1.2644 0.8578 0.5896 0.4902 0.4308 0.2164 0.2742 0.1522 0.1072 0.074 
0 0 0 0 0 0 0 0 0 0 0 0 0 0 0 0 0 0 0.0162 0.454 1.887 3.1502 2.9706 1.962 1.4228 0.9538 0.464 0.3268 0.2208 0.0816 0.0444 0.0114 0.0256 0.0088 0 0 0 0 0.002 0.0458 0.2924 1.0198 1.5916 2.0986 1.6152 1.3898 1.1024 0.9534 0.6746 0.4896 0.2598 0.2228 0.1286 0.0478 0.0288 0.037 0 0 0 0 0.0166 0.1272 0.4854 0.9764 1.2106 1.2466 1.2086 1.1262 1.0012 0.8252 0.6056 0.4238 0.2628 0.1658 0.1486 0.1012 0.0646 0.0036 0 0 0 0.0042 0.026 0.1332 0.3234 0.6058 1.0056 1.0776 0.9614 0.794 0.6896 0.627 0.5724 0.4802 0.3394 0.193 0.1278 0.0084 0.0086 0.0134 
0 0 0 0 0 0 0 0 0 0 0 0 0 0 0 0 0 0 0.0286 0.382 1.7134 2.9654 3.2334 2.0126 1.3162 1.0434 0.6976 0.3648 0.1704 0.0638 0.0084 0 0 0 0 0 0 0 0.0038 0.0692 0.2008 0.8138 1.4326 2.1986 1.5376 1.4886 1.206 0.945 0.8066 0.654 0.312 0.1784 0.079 0.074 0 0 0 0 0 0 0.0178 0.0542 0.3926 0.6688 1.196 1.4156 1.2788 1.179 0.9912 0.9034 0.7226 0.4552 0.3264 0.1628 0.1376 0.0452 0.0312 0.015 0.0066 0 0 0 0 0.09 0.2158 0.4926 0.7662 0.9978 1.1454 0.9336 0.8542 0.8776 0.5932 0.389 0.2286 0.1984 0.114 0.0334 0.015 0.0552 
0 0 0 0 0 0 0 0 0 0 0 0 0 0 0 0 0 0 0.0096 0.434 1.7626 3.0754 3.0338 2.1056 1.1188 0.9348 0.7756 0.4456 0.2218 0.0714 0.011 0 0 0 0 0 0 0 0 0.0664 0.3182 1.0166 1.3658 1.7478 1.8448 1.3728 1.0994 1.0482 0.729 0.6508 0.4196 0.2244 0.092 0.0042 0 0 0 0 0 0 0.051 0.1582 0.5302 0.9126 1.0718 0.9994 1.122 1.1734 0.9728 0.857 0.7046 0.664 0.4028 0.204 0.1326 0.0436 0 0 0 0 0 0 0.089 0.2246 0.3812 0.558 0.8014 0.8458 0.8618 0.6404 0.7756 0.6744 0.6846 0.6004 0.3802 0.2878 0.1484 0.0354 0.011 0 
0 0 0 0 0 0 0 0 0 0 0 0 0 0 0 0 0 0 0.0352 0.4446 2.1268 3.0744 2.9124 1.991 1.3008 1.0338 0.667 0.323 0.0802 0.0108 0 0 0 0 0 0 0 0 0.0142 0.0524 0.3144 1.0102 1.594 2.0068 1.8888 1.5322 0.9734 0.9944 0.7084 0.465 0.2568 0.1396 0.021 0.0284 0 0 0 0 0 0 0.0412 0.2272 0.4296 0.8622 1.134 1.401 1.4034 1.2162 0.8596 0.9122 0.603 0.423 0.2372 0.1908 0.0504 0.009 0 0 0 0 0 0.0168 0.0834 0.1788 0.3856 0.6218 0.9032 0.9032 1.0446 0.8228 0.8104 0.6266 0.7304 0.5024 0.2616 0.0496 0.0312 0.0276 0 0 
0 0 0 0 0 0 0 0 0 0 0 0 0 0 0 0 0 0 0 0.1556 1.442 2.5412 3.0928 2.7136 1.6866 1.037 0.6242 0.392 0.1194 0.1092 0.068 0.0132 0.0052 0 0 0 0 0 0 0 0.082 0.5046 1.0654 1.5408 1.9744 1.844 1.5038 1.2734 0.7012 0.7264 0.3898 0.1632 0.0922 0.0364 0.0388 0.0548 0.0088 0 0 0 0 0.0152 0.118 0.4796 0.7436 1.0846 1.2806 1.3946 1.4458 1.0908 0.7412 0.5384 0.3764 0.3632 0.1288 0.0668 0.0932 0.019 0.0202 0 0 0 0 0.0302 0.0972 0.3028 0.3734 0.6602 0.9128 1.2414 1.1314 0.9122 0.6738 0.477 0.3788 0.3728 0.2276 0.1256 0.0654 0.0174 
0 0 0 0 0 0 0 0 0 0 0 0 0 0 0 0 0 0 0.0344 0.5694 1.8142 3.2268 3.1818 2.1778 1.1316 0.7356 0.6254 0.2852 0.1498 0.0498 0.0182 0 0 0 0 0 0 0 0.0106 0.1718 0.3614 0.82 1.5904 2.3662 1.873 1.3638 1.1104 0.7184 0.754 0.449 0.2246 0.0918 0.0356 0.044 0.0114 0.0036 0 0 0 0.04 0.0776 0.2256 0.4456 0.7922 1.3046 1.637 1.3492 1.071 0.8454 0.726 0.7162 0.3906 0.1918 0.109 0.062 0.0162 0 0 0 0.0096 0.0136 0.0256 0.0702 0.2214 0.4096 0.6896 0.8558 0.9746 1.1238 0.926 0.8368 0.7676 0.5372 0.246 0.1702 0.0742 0.0448 0.0034 0 0 
0 0 0 0 0 0 0 0 0 0 0 0 0 0 0 0 0 0 0.0506 0.3176 1.6758 2.8588 2.9112 2.132 1.6366 1.0802 0.6286 0.3558 0.1742 0.1212 0.0298 0.0276 0 0 0 0 0 0 0.0094 0.0244 0.3384 0.7038 1.2582 1.684 1.7128 1.651 1.306 1.0632 0.7122 0.6446 0.4188 0.1826 0.1722 0.0918 0.0266 0 0 0 0 0 0.0572 0.1854 0.4172 0.5482 0.7818 1.083 1.2844 1.1662 1.097 0.9446 0.897 0.534 0.3898 0.2538 0.169 0.0918 0.0878 0.0118 0 0 0 0.025 0.144 0.1548 0.2614 0.3976 0.4854 0.6668 0.7486 0.9354 0.9388 0.9858 0.7032 0.5634 0.4066 0.1852 0.1852 0.1328 0.0648 0.0152 
0 0 0 0 0 0 0 0 0 0 0 0 0 0 0 0 0 0 0.0176 0.386 1.6224 2.9486 3.2 2.5268 1.545 0.955 0.423 0.211 0.1244 0.035 0.0052 0 0 0 0 0 0 0 0.0092 0.0838 0.2602 0.6048 1.2302 1.9568 2.1388 1.7808 1.3154 0.9526 0.8246 0.4848 0.2352 0.0698 0.0104 0.0086 0.0158 0.0182 0 0 0 0.0064 0.0508 0.1258 0.3062 0.5688 0.9738 1.3854 1.3686 1.3746 1.2774 1.0144 0.616 0.4656 0.2908 0.1094 0.021 0.0082 0.0204 0.0164 0 0 0 0 0.0658 0.0982 0.2636 0.471 0.6646 0.9296 1.0808 1.0664 1.0368 0.8334 0.585 0.36 0.2908 0.1756 0.0368 0.0262 0.0154 0 
0 0 0 0 0 0 0 0 0 0 0 0 0 0 0 0 0 0 0.033 0.3922 1.8594 2.9984 2.856 2.0662 1.2166 0.9014 0.7044 0.48 0.1996 0.1478 0.0472 0.0496 0.0184 0.0134 0.0164 0 0 0 0 0.056 0.3006 0.9198 1.4342 1.6996 1.7624 1.663 1.241 0.8638 0.6336 0.48 0.3312 0.1848 0.1554 0.1204 0.0342 0.025 0.0532 0.0288 0.013 0 0.0182 0.1966 0.5198 0.665 1.0224 1.0174 1.3574 1.3012 1.0932 0.882 0.5766 0.3916 0.273 0.175 0.1866 0.1506 0.0572 0.0106 0.0234 0.0662 0.016 0.0148 0.0494 0.2582 0.3574 0.5204 0.5532 0.8284 0.8572 0.9432 0.9254 0.8172 0.5918 0.3632 0.2234 0.2332 0.196 0.0742 0.0554 0.0274 
0 0 0 0 0 0 0 0 0 0 0 0 0 0 0 0 0 0 0.0322 0.534 1.7932 3.1634 3.0036 2.0206 1.295 0.744 0.6494 0.341 0.2014 0.103 0.0618 0.0542 0.0032 0 0 0 0 0 0.0072 0.0934 0.2974 0.8426 1.6558 1.917 1.7764 1.6288 1.0794 0.8418 0.603 0.4886 0.3534 0.1694 0.1444 0.0544 0.0292 0.007 0.0108 0 0 0 0.0982 0.1536 0.4528 0.7888 1.1426 1.3302 1.307 1.2156 1.013 0.707 0.496 0.5384 0.3408 0.1916 0.1294 0.0446 0.026 0.0062 0.0182 0 0.0154 0.0146 0.0932 0.1716 0.3962 0.516 0.73 0.9176 1.0898 1.203 0.7526 0.553 0.4002 0.4228 0.2792 0.1654 0.1508 0.0864 0.0168 0.0098 
0 0 0 0 0 0 0 0 0 0 0 0 0 0 0 0 0 0 0.021 0.409 1.688 2.7502 2.961 2.4154 1.4696 0.942 0.5162 0.385 0.2588 0.1174 0.0486 0.0178 0 0 0 0 0 0 0 0.0294 0.1826 0.7544 1.5008 1.693 1.7502 1.5432 1.488 1.0832 0.7394 0.3904 0.2982 0.287 0.1732 0.0442 0.0372 0.0056 0 0 0 0 0 0.0782 0.3626 0.642 1.0114 1.2134 1.2152 1.2194 1.3524 0.8232 0.6216 0.3992 0.3848 0.2242 0.2326 0.1518 0.0592 0.0088 0 0 0 0 0.0118 0.115 0.2172 0.531 0.722 0.8242 0.8448 0.9266 0.9824 0.7488 0.5872 0.4636 0.3294 0.2576 0.153 0.2096 0.0412 0.0258 
0 0 0 0 0 0 0 0 0 0 0 0 0 0 0 0 0 0 0 0.3404 1.814 2.9252 2.893 2.4762 1.6166 0.9498 0.497 0.1958 0.1402 0.081 0.0162 0.032 0.0226 0 0 0 0 0 0 0.0122 0.2324 0.6974 1.417 1.7404 1.698 1.9262 1.5128 1.1348 0.7012 0.3554 0.2096 0.1306 0.105 0.0638 0.0354 0.0166 0.0112 0 0 0 0.0116 0.0424 0.3012 0.6456 1.006 1.124 1.601 1.3066 1.2314 0.8152 0.7472 0.4434 0.2536 0.1642 0.1012 0.0514 0.0544 0.0538 0.0208 0.025 0 0 0.0114 0.0658 0.2364 0.4522 0.6534 0.7576 1.0612 1.0682 1.1252 0.8762 0.492 0.4426 0.2956 0.1824 0.0914 0.0528 0.0482 0.053 
0 0 0 0 0 0 0 0 0 0 0 0 0 0 0 0 0 0 0 0.225 1.302 2.8048 2.8248 2.1614 1.4848 1.0408 0.6432 0.6772 0.381 0.181 0.1408 0.0574 0.0534 0.0224 0 0 0 0 0 0.01 0.1822 0.5614 1.0876 1.5244 1.624 1.3386 1.4616 1.0698 0.9912 0.7144 0.514 0.318 0.2686 0.143 0.0802 0.0616 0.0216 0.0156 0.0122 0 0 0.05 0.2698 0.4766 0.6744 0.8366 1.172 1.2252 1.035 0.861 0.8322 0.7286 0.6394 0.4814 0.2916 0.2244 0.0792 0.082 0.0274 0.0132 0 0 0.0028 0.0494 0.0978 0.3594 0.3798 0.5778 0.8936 0.8002 0.7158 0.7692 0.7336 0.6264 0.6196 0.445 0.4062 0.2782 0.1246 0.0536 
0 0 0 0 0 0 0 0 0 0 0 0 0 0 0 0 0 0 0.0184 0.299 1.48 2.5472 3.0978 2.1674 1.5328 1.0854 0.7604 0.422 0.2484 0.1362 0.1294 0.0502 0.0122 0.0132 0 0 0 0 0 0.0472 0.189 0.593 1.0926 1.685 1.8478 1.518 1.2456 1.076 0.7278 0.6722 0.5448 0.3156 0.2242 0.2156 0.0056 0 0 0 0 0 0.01 0.089 0.1994 0.4658 0.8168 1.0304 1.3814 1.3886 1.068 0.8522 0.6418 0.5548 0.502 0.478 0.342 0.1334 0.0308 0.0156 0 0 0 0 0 0.0594 0.1158 0.3664 0.423 0.6324 1.05 0.963 0.871 0.8616 0.6696 0.5306 0.5368 0.4878 0.261 0.0836 0.0614 0.0266 
0 0 0 0 0 0 0 0 0 0 0 0 0 0 0 0 0 0 0.0274 0.4364 1.958 3.0204 2.984 2.0178 1.4134 0.8006 0.6106 0.3526 0.1964 0.1242 0.0416 0.0166 0 0 0 0 0 0.0056 0.0212 0.0748 0.3572 0.9988 1.447 1.8272 1.8082 1.46 1.0962 0.9394 0.7192 0.606 0.3514 0.1736 0.0722 0.0234 0.0186 0 0 0 0 0.0388 0.0804 0.1578 0.5046 0.8032 1.06 1.3554 1.1998 1.0504 1.0336 0.824 0.8126 0.4302 0.3148 0.2156 0.0702 0.0198 0.0114 0.0174 0 0.017 0.0104 0.031 0.0304 0.1402 0.4994 0.5868 0.6612 0.8882 0.8576 1.0396 0.9678 0.7248 0.544 0.4446 0.3514 0.099 0.0718 0.0202 0.0146 0 
0 0 0 0 0 0 0 0 0 0 0 0 0 0 0 0 0 0 0.0058 0.367 1.936 2.9934 2.519 2.1192 1.4082 1.0664 0.8452 0.3772 0.2346 0.1116 0.0164 0 0 0 0 0 0 0 0.0022 0.0432 0.2318 0.9474 1.5192 1.7448 1.5436 1.4904 1.21 0.9166 0.738 0.6268 0.5128 0.21 0.1738 0.0632 0.0262 0 0 0 0 0.007 0.0268 0.1482 0.342 0.7192 1.1376 1.2572 1.208 1.0786 1.1054 0.8266 0.5624 0.5832 0.3604 0.304 0.1924 0.0868 0.0334 0.0208 0 0 0 0.0032 0.0496 0.1212 0.2658 0.4308 0.714 1.098 0.9914 0.859 0.7122 0.6996 0.638 0.4438 0.4214 0.2902 0.17 0.0512 0.0204 0.0134 
0 0 0 0 0 0 0 0 0 0 0 0 0 0 0 0 0 0 0.0302 0.3168 1.4718 2.7124 3.3138 2.5906 1.4104 0.972 0.5088 0.308 0.1388 0.0648 0.043 0.0258 0.0224 0.0372 0.0134 0.0198 0 0 0 0.018 0.1788 0.5744 1.1408 1.8304 2.094 2.095 1.3822 0.8428 0.5606 0.4792 0.288 0.2 0.1434 0.063 0.0268 0.021 0.0434 0.0086 0.0096 0 0 0.0766 0.1452 0.5298 0.9422 1.3272 1.3402 1.4814 1.3214 0.8808 0.7666 0.3944 0.2576 0.1414 0.1718 0.0926 0.0494 0.0396 0.0418 0 0 0.0014 0.0144 0.0442 0.1506 0.3694 0.603 0.9044 1.1196 0.9432 1.1188 0.7814 0.6686 0.4408 0.2806 0.152 0.1528 0.1132 0.0904 0.0124 
0 0 0 0 0 0 0 0 0 0 0 0 0 0 0 0 0 0 0.0102 0.2572 1.5344 3.0958 3.0874 2.3108 1.4696 0.8982 0.61 0.3546 0.1488 0.0866 0.0334 0.0286 0.041 0.0122 0.013 0.0082 0 0 0.0026 0.0412 0.198 0.548 1.4154 1.8102 1.8518 1.5462 1.4988 1.144 0.6598 0.4924 0.3394 0.1648 0.08 0.049 0.048 0.0806 0.0298 0 0 0 0.0076 0.0692 0.3088 0.6316 0.9262 1.1786 1.2446 1.2618 1.2456 1.0226 0.7036 0.403 0.5102 0.191 0.087 0.0258 0.0576 0.0424 0.013 0.0104 0.0088 0.0102 0.024 0.1264 0.253 0.371 0.6158 0.7302 1.0146 1.0218 0.8874 0.9278 0.6846 0.5652 0.3266 0.1566 0.0738 0.0852 0.061 0.0392 
0 0 0 0 0 0 0 0 0 0 0 0 0 0 0 0 0 0 0.037 0.6348 2.3196 3.2296 2.8138 1.7262 1.2564 0.994 0.378 0.1944 0.1896 0.1218 0.085 0.0198 0 0 0 0 0 0 0 0.1064 0.4358 1.457 1.959 1.986 1.4946 1.2272 0.9892 0.8596 0.53 0.4034 0.176 0.1472 0.1106 0.0786 0.0394 0 0 0 0 0 0.0796 0.393 0.667 1.1584 1.3598 1.4174 1.196 0.9674 0.7846 0.6156 0.488 0.3176 0.2318 0.1412 0.0792 0.0732 0.0302 0 0 0 0.0128 0.0568 0.1612 0.378 0.6328 0.7144 0.9714 0.9222 1.0124 0.8786 0.7418 0.5146 0.3916 0.279 0.1502 0.084 0.0706 0.0276 0 0 
0 0 0 0 0 0 0 0 0 0 0 0 0 0 0 0 0 0 0.0102 0.3608 1.4856 2.795 3.0612 2.309 1.6032 0.9076 0.488 0.3148 0.3008 0.2204 0.1282 0.0152 0 0 0 0 0 0 0.0072 0.0632 0.2528 0.6058 1.1122 1.7924 1.8668 1.6878 1.3408 0.8916 0.8158 0.5036 0.3446 0.2604 0.2168 0.168 0.0544 0.0158 0 0 0 0.0102 0.044 0.1628 0.1944 0.4582 0.7622 1.3462 1.5332 1.1744 1.122 0.9494 0.6706 0.4226 0.3822 0.235 0.1808 0.116 0.0946 0.079 0.0418 0.0204 0 0.0238 0.0422 0.0734 0.1456 0.4464 0.4882 0.902 0.908 0.9196 1.0012 0.8352 0.6084 0.4664 0.3476 0.2416 0.1682 0.1244 0.1054 0.0598 
0 0 0 0 0 0 0 0 0 0 0 0 0 0 0 0 0 0 0.0434 0.5258 1.8556 3.185 3.361 2.13 1.1242 0.8406 0.4816 0.254 0.1402 0.029 0.012 0.0176 0 0 0 0 0 0 0 0.0686 0.3888 1.0204 1.7256 1.858 1.905 1.5542 1.2294 0.8824 0.503 0.4474 0.2128 0.0928 0.0762 0.026 0.0094 0 0 0 0 0.0042 0.0462 0.3018 0.4792 0.7804 1.188 1.5066 1.3684 1.303 0.9986 0.7658 0.4564 0.3392 0.2598 0.1018 0.0412 0.0398 0.0196 0 0 0 0.0048 0.0386 0.086 0.2214 0.3822 0.5136 0.9296 1.1216 1.2222 1.0126 0.796 0.538 0.494 0.2772 0.148 0.1172 0.0474 0.0438 0.0048 0.001 
0 0 0 0 0 0 0 0 0 0 0 0 0 0 0 0 0 0 0.029 0.412 1.7558 3.5058 2.8664 2.2364 1.4254 0.725 0.4676 0.2084 0.1776 0.09 0.0604 0.0402 0 0 0 0 0 0 0.0046 0.0726 0.3156 0.9136 1.6484 1.9142 1.793 1.6382 1.137 0.9736 0.637 0.415 0.2194 0.1434 0.0638 0.0838 0.0268 0 0 0 0 0.0204 0.0368 0.1708 0.506 0.7564 1.2636 1.2602 1.3306 1.2328 0.9252 0.9148 0.5726 0.3664 0.2602 0.1142 0.1064 0.1036 0.0562 0.0028 0 0 0 0.0028 0.0852 0.2398 0.3772 0.6332 0.8014 1.0244 0.7758 0.9692 0.947 0.6988 0.4616 0.3344 0.1804 0.1506 0.1154 0.0868 0.0562 0.0396 
0 0 0 0 0 0 0 0 0 0 0 0 0 0 0 0 0 0 0.008 0.2612 1.5264 2.9108 2.9884 2.5114 1.4912 1.0302 0.6072 0.2498 0.1798 0.0676 0.0422 0.0518 0.0544 0.0196 0 0 0 0 0 0.0344 0.1266 0.6142 1.2944 1.6256 1.9908 1.9478 1.4212 0.976 0.7478 0.4132 0.2672 0.2168 0.1066 0.072 0.0766 0.0348 0.034 0 0 0 0 0.0348 0.2876 0.6406 0.7706 1.1084 1.3712 1.4752 1.1744 1.1686 0.7762 0.3796 0.3198 0.2052 0.0914 0.0464 0.0774 0.0312 0.0268 0.0146 0 0 0.0214 0.072 0.174 0.311 0.6282 0.8546 0.8698 0.9866 0.9672 1.0476 0.7376 0.5684 0.3344 0.1882 0.0618 0.0908 0.0154 0.0288 
0 0 0 0 0 0 0 0 0 0 0 0 0 0 0 0 0 0 0.0248 0.3334 1.594 2.5764 2.967 2.2668 1.6256 1.0434 0.595 0.373 0.2578 0.1342 0.094 0.0462 0.0504 0.018 0 0 0 0 0 0.0318 0.174 0.6702 1.2242 1.6008 1.7412 1.8018 1.3202 0.967 0.839 0.4844 0.3794 0.2878 0.1832 0.0776 0.1124 0.061 0.0208 0.0232 0 0.0046 0.011 0.06 0.1846 0.6072 0.887 1.1364 1.3978 1.1126 1.0852 0.8908 0.6688 0.6858 0.4702 0.225 0.1654 0.1992 0.0714 0.083 0.0498 0.0042 0 0.0088 0.0252 0.049 0.0964 0.3344 0.6126 0.931 0.8522 0.9128 0.8058 0.7678 0.6442 0.6124 0.513 0.295 0.1822 0.1834 0.1154 0.0584 
0 0 0 0 0 0 0 0 0 0 0 0 0 0 0 0 0 0 0.0182 0.444 1.8568 2.7538 2.8966 2.3446 1.3988 0.7762 0.594 0.3748 0.3512 0.1732 0.0178 0 0 0 0 0 0 0 0.0082 0.0344 0.3892 0.9074 1.3372 1.6908 1.78 1.585 1.512 0.8176 0.5826 0.4192 0.3572 0.2528 0.1728 0.1002 0.0496 0.0038 0 0 0 0 0.0334 0.1912 0.414 0.7218 0.9934 1.3574 1.3148 1.2356 0.9788 0.8388 0.579 0.4264 0.2798 0.2592 0.1342 0.1036 0.0784 0.059 0.0012 0 0 0.0084 0.0366 0.1452 0.3108 0.5884 0.8228 0.7436 1.054 0.8932 1.0048 0.68 0.4858 0.3504 0.3078 0.1692 0.1372 0.1554 0.093 0.0134 
0 0 0 0 0 0 0 0 0 0 0 0 0 0 0 0 0 0 0.053 0.5502 1.8938 2.8956 3.1226 2.2422 1.3604 0.826 0.5332 0.3218 0.1274 0.0738 0 0 0 0 0 0 0 0 0.026 0.1588 0.4196 0.9096 1.4186 1.8456 1.865 1.5328 1.2708 1.0946 0.5736 0.3894 0.2398 0.1366 0.0744 0.0344 0.0104 0 0 0 0 0.0652 0.1434 0.1658 0.4656 0.8022 1.0882 1.3352 1.3146 1.2364 0.94 0.9144 0.7128 0.3476 0.1838 0.1466 0.0874 0.046 0.0048 0 0 0.0076 0.0418 0.0824 0.1652 0.173 0.2902 0.456 0.8262 1.027 1.0468 0.8176 0.9546 0.8388 0.4972 0.3226 0.2738 0.1134 0.0218 0.0262 0.0178 0 
0 0 0 0 0 0 0 0 0 0 0 0 0 0 0 0 0 0 0.0192 0.349 1.5042 2.4598 2.9212 2.2288 1.5912 1.3538 0.7902 0.42 0.2162 0.1134 0.0272 0.0058 0 0 0 0 0 0 0 0.0516 0.1602 0.772 1.25 1.3392 1.6186 1.4308 1.4174 1.1218 0.9012 0.7662 0.5256 0.3234 0.1616 0.059 0.0952 0.0062 0 0 0 0.0078 0.053 0.0682 0.261 0.7228 0.7928 1.0336 1.0128 1.042 1.0332 0.8868 0.7832 0.6938 0.5656 0.444 0.303 0.114 0.0716 0.0394 0.0572 0.0142 0.0064 0.021 0.0448 0.1252 0.2564 0.3002 0.4768 0.8812 0.8758 0.773 0.6678 0.6084 0.604 0.5088 0.5834 0.4616 0.2808 0.2006 0.1154 0.0784 
0 0 0 0 0 0 0 0 0 0 0 0 0 0 0 0 0 0 0.035 0.3714 1.4258 2.7916 2.8994 2.2846 1.6264 1.098 0.7144 0.3484 0.1816 0.1506 0.0526 0.0202 0 0 0 0 0 0 0.0048 0.0902 0.2634 0.6836 1.1776 1.6886 1.7682 1.4118 1.3884 1.0858 0.9724 0.6364 0.3808 0.2126 0.1426 0.0482 0.0296 0.015 0 0 0 0.0236 0.0596 0.1076 0.2658 0.5906 0.9468 1.1682 1.1812 1.1588 0.9942 0.9744 0.9406 0.6636 0.3598 0.2626 0.1144 0.0816 0.0576 0.049 0 0 0 0.0248 0.0656 0.1074 0.1856 0.372 0.6926 0.8134 0.8452 0.9792 0.6922 0.8424 0.9248 0.4436 0.3012 0.2558 0.2072 0.1326 0.034 0.0646 
0 0 0 0 0 0 0 0 0 0 0 0 0 0 0 0 0 0 0.0066 0.3544 1.6452 3.1132 3.3208 1.999 1.3214 0.8974 0.6174 0.3486 0.225 0.0902 0.037 0.0226 0.0012 0 0 0 0 0 0 0.0128 0.2586 0.7578 1.489 1.8634 1.735 1.7356 1.4594 0.9252 0.5848 0.4592 0.3112 0.1372 0.106 0.1072 0.0446 0.013 0 0 0 0.0088 0.0148 0.1274 0.3248 0.6726 1.1018 1.3334 1.379 1.0898 1.1992 0.904 0.6062 0.431 0.273 0.2002 0.2012 0.0694 0.0334 0.03 0 0 0 0.008 0.06 0.1176 0.2082 0.5442 0.8424 0.8294 0.929 0.9968 0.9538 0.8362 0.4884 0.383 0.292 0.1638 0.1676 0.0294 0.0606 0.0672 
0 0 0 0 0 0 0 0 0 0 0 0 0 0 0 0 0 0.0028 0.0312 0.2604 1.3036 2.632 3.2822 2.388 1.7512 0.9784 0.654 0.4112 0.176 0.1012 0.0216 0.0062 0 0 0 0 0 0 0.0154 0.0286 0.1268 0.5618 1.057 1.5706 1.7064 1.7808 1.7332 1.18 0.7316 0.5468 0.3796 0.3236 0.1874 0.0302 0.0162 0.0076 0.0164 0 0 0 0.0248 0.0856 0.1644 0.5478 0.792 0.9516 1.1282 1.3118 1.3204 1.1446 0.8362 0.5222 0.4166 0.323 0.2464 0.0662 0.0344 0.0256 0.0368 0.0162 0.0052 0 0.0152 0.094 0.1614 0.3186 0.4472 0.5454 0.8208 0.9978 1.0104 0.9744 0.8846 0.5194 0.4762 0.3758 0.1716 0.0596 0.0332 0.027 
0 0 0 0 0 0 0 0 0 0 0 0 0 0 0 0 0 0 0.0104 0.2126 1.0188 2.4864 3.3108 2.8034 1.6214 0.954 0.7906 0.445 0.2198 0.0494 0.0384 0.037 0.002 0 0 0 0 0 0 0 0.1002 0.3708 0.7516 1.417 1.8842 2.0878 1.6818 1.2636 0.9382 0.6192 0.4618 0.1746 0.1144 0.0708 0.0502 0.0138 0 0 0 0 0 0.0322 0.1758 0.243 0.5206 0.823 1.2134 1.3632 1.3498 1.3844 0.969 0.674 0.5262 0.3218 0.159 0.1174 0.0734 0.0414 0.0124 0 0 0.01 0.0178 0.059 0.0944 0.1692 0.2954 0.5028 0.7204 0.8872 0.9852 0.953 0.9206 0.8186 0.5998 0.2838 0.3036 0.119 0.1372 0.0752 
0 0 0 0 0 0 0 0 0 0 0 0 0 0 0 0 0 0.0048 0.0498 0.3568 1.492 2.8878 2.9438 2.2786 1.6858 1.0188 0.6076 0.3356 0.1712 0.0668 0.0288 0.0326 0.0318 0.0074 0 0 0 0.0106 0.0132 0.1162 0.217 0.6824 1.2392 1.6398 1.684 1.706 1.2904 1.0812 0.8944 0.6152 0.35 0.1522 0.095 0.0436 0.0504 0.0378 0.0714 0.01 0.0144 0.0188 0.0768 0.122 0.3104 0.6212 0.8724 1.0998 1.1332 1.1734 1.088 1.064 0.694 0.573 0.4414 0.2988 0.0982 0.0584 0.09 0.053 0.06 0.0258 0.0214 0.0256 0.0978 0.1306 0.2576 0.4768 0.543 0.5872 0.789 1.0442 0.9172 0.6344 0.6022 0.6152 0.4416 0.2678 0.1138 0.1412 0.1108 0.0704 
0 0 0 0 0 0 0 0 0 0 0 0 0 0 0 0 0 0 0.03 0.367 1.4428 2.9934 3.1642 2.1402 1.3692 1.082 0.6384 0.3734 0.2992 0.0752 0.025 0 0 0 0 0 0 0 0 0.0454 0.3066 0.5854 1.3032 1.7576 1.8722 1.515 1.425 1.0142 0.609 0.5442 0.434 0.3492 0.1616 0.0666 0.0108 0 0 0 0 0.008 0.0626 0.1134 0.2944 0.5958 0.9896 1.2226 1.0646 1.2618 0.9568 0.8952 0.7204 0.5646 0.4886 0.388 0.2272 0.1132 0.0096 0.0114 0.0122 0 0.0166 0.0432 0.0454 0.1344 0.2336 0.4044 0.6466 0.6534 0.8368 0.8758 0.9238 0.767 0.5878 0.6346 0.4646 0.3358 0.1758 0.1194 0.0574 0.0328 
0 0 0 0 0 0 0 0 0 0 0 0 0 0 0 0 0 0 0.048 0.4044 1.869 3.0906 2.6468 2.2732 1.5168 1.1164 0.4814 0.253 0.1614 0.0894 0.0496 0 0 0 0 0 0 0 0.0076 0.0514 0.3368 0.8312 1.5542 1.8382 1.9608 1.3486 1.1806 0.917 0.8078 0.4708 0.3438 0.1654 0.0964 0.061 0.0284 0 0 0 0 0.0066 0.053 0.1284 0.4482 0.8306 1.1116 1.0984 1.289 1.2626 1.2238 0.7942 0.5528 0.4692 0.33 0.1212 0.1066 0.1008 0.0502 0.0124 0.0104 0 0 0.0284 0.0516 0.1464 0.2564 0.5982 0.8468 0.8254 1.1324 0.87 0.9884 0.6384 0.6016 0.367 0.188 0.1676 0.0988 0.1036 0.0616 0.024 
0 0 0 0 0 0 0 0 0 0 0 0 0 0 0 0 0 0 0.0116 0.4386 1.9022 2.9676 2.6708 2.157 1.3784 1.0868 0.6334 0.3694 0.1738 0.0962 0.0156 0.0186 0.008 0.0432 0.0166 0.0122 0 0 0 0.0726 0.2768 0.9434 1.757 1.7052 1.5924 1.2778 1.2674 0.856 0.8612 0.5052 0.3492 0.2754 0.077 0.0508 0.043 0.0646 0.025 0 0 0.0018 0.0702 0.1998 0.4516 0.7332 1.3288 1.3158 1.1542 0.8754 0.8022 0.767 0.6046 0.585 0.4324 0.2292 0.2146 0.0998 0.058 0.0478 0.0252 0.0034 0 0 0.132 0.1796 0.3166 0.5812 0.9612 0.916 0.8136 0.7124 0.6688 0.6082 0.5042 0.4706 0.3868 0.2592 0.1928 0.1352 0.0722 0.072 
0 0 0 0 0 0 0 0 0 0 0 0 0 0 0 0 0 0 0.0676 0.7164 2.0408 3.1452 3.1224 1.9272 1.148 0.8556 0.3796 0.2574 0.2194 0.0792 0.0184 0.0156 0.0072 0 0 0 0 0.0128 0.0378 0.1568 0.588 1.088 1.556 2.09 1.935 1.356 0.902 0.7762 0.621 0.2626 0.1824 0.149 0.1792 0.0894 0.0178 0 0 0.0126 0.007 0.043 0.1434 0.4194 0.6094 0.7618 1.2488 1.4138 1.4624 1.2496 0.7578 0.5944 0.4486 0.2584 0.1246 0.0954 0.1642 0.1228 0.0498 0.0128 0 0 0.029 0.1206 0.149 0.291 0.484 0.8638 0.7666 0.9786 1.095 0.9266 0.713 0.4408 0.4158 0.2236 0.1184 0.0884 0.1282 0.146 0.0216 0 
0 0 0 0 0 0 0 0 0 0 0 0 0 0 0 0 0 0 0.0458 0.4298 1.7622 3.167 2.9818 2.3822 1.3648 0.8688 0.391 0.2662 0.1466 0.071 0.0644 0.0468 0.0116 0 0 0 0 0 0.002 0.0568 0.312 0.9912 1.4572 1.7508 1.7688 1.7564 1.3748 0.8494 0.5658 0.3534 0.2884 0.2548 0.093 0.07 0.0326 0.008 0.011 0.0036 0 0.0044 0.0794 0.1708 0.4546 0.737 1.1922 1.159 1.203 1.2298 1.2136 0.798 0.5114 0.3902 0.3052 0.2508 0.1218 0.0412 0.0334 0.0604 0.0334 0.0104 0.0124 0.0212 0.0766 0.206 0.3684 0.5708 0.7846 0.7108 1.0404 1.0252 0.7768 0.6128 0.553 0.3822 0.2028 0.2342 0.1382 0.0862 0.091 0.0784 
0 0 0 0 0 0 0 0 0 0 0 0 0 0 0 0 0 0 0.0574 0.5014 2.1198 3.4566 2.6778 1.7474 1.3642 0.865 0.5802 0.3438 0.2078 0.065 0.0136 0 0 0 0 0 0 0 0 0.0928 0.465 1.2326 1.8278 1.814 1.4752 1.4692 0.9246 0.848 0.7 0.6712 0.292 0.1412 0.0138 0.0326 0 0 0 0 0 0.0152 0.0256 0.278 0.8214 1.0238 1.1962 1.2168 1.2582 0.8634 0.8312 0.7412 0.6408 0.5396 0.245 0.1722 0.075 0.0366 0.0198 0 0 0 0.0042 0.0264 0.1388 0.3462 0.5742 0.7842 0.8778 0.8782 0.7484 0.876 0.6642 0.5198 0.5092 0.3826 0.2834 0.1688 0.0854 0.0402 0.049 0.043 
0 0 0 0 0 0 0 0 0 0 0 0 0 0 0 0 0 0 0.0108 0.4372 1.6594 2.8602 2.988 2.163 1.589 1.015 0.6844 0.2436 0.1898 0.1372 0.0224 0 0 0 0 0 0 0 0 0.1012 0.2852 0.8132 1.2176 1.428 1.8878 2.1414 1.2918 0.9836 0.6042 0.5388 0.3326 0.229 0.1012 0.024 0.0204 0 0 0 0 0.0092 0.0466 0.138 0.2688 0.5208 0.9358 1.366 1.5286 1.3826 1.1236 0.7744 0.731 0.4912 0.3422 0.1672 0.0774 0.0746 0.022 0 0 0 0.006 0.0498 0.041 0.0416 0.1664 0.3736 0.5664 1.1266 1.111 1.0352 1.036 0.8626 0.5842 0.4622 0.3074 0.0932 0.1074 0.0294 0 0 
0 0 0 0 0 0 0 0 0 0 0 0 0 0 0 0 0 0 0.0228 0.4102 1.8752 2.85 2.599 1.9784 1.4968 0.9814 0.6496 0.5202 0.2566 0.156 0.1282 0.0756 0 0 0 0 0 0 0 0.0576 0.351 0.9396 1.4058 1.5776 1.5292 1.4274 1.155 1.0104 0.674 0.609 0.4762 0.3024 0.1946 0.1836 0.084 0.0226 0 0 0 0.012 0.0298 0.2392 0.4538 0.6108 0.9656 1.149 1.1388 1.1816 0.9304 0.6154 0.6922 0.6394 0.5688 0.3316 0.1842 0.1428 0.0784 0.031 0.0052 0 0 0.001 0.0892 0.2294 0.2892 0.3922 0.6766 0.8028 0.7718 0.9102 0.7226 0.8026 0.5972 0.4622 0.4018 0.473 0.236 0.0778 0.0472 0.0172 
0 0 0 0 0 0 0 0 0 0 0 0 0 0 0 0 0 0 0.0206 0.342 1.7004 2.8516 3.0294 2.1436 1.5206 0.8856 0.6298 0.4128 0.1504 0.1198 0.134 0.0328 0.0266 0 0 0 0 0 0 0.037 0.1866 0.776 1.4264 1.8516 1.797 1.4754 1.0762 1.1542 0.7932 0.5856 0.3122 0.2334 0.1368 0.0664 0.0512 0.0408 0 0 0 0 0.017 0.1056 0.3178 0.6994 0.9504 1.0954 1.2902 1.2334 1.1708 0.8392 0.6712 0.7444 0.3884 0.2008 0.1204 0.048 0.0294 0.0188 0.0242 0.0202 0.015 0.009 0.026 0.1298 0.2924 0.4628 0.5592 0.751 0.9112 0.8762 0.7804 0.9274 0.8182 0.548 0.4 0.2306 0.1066 0.0524 0.0458 0.0298 
0 0 0 0 0 0 0 0 0 0 0 0 0 0 0 0 0 0 0.0178 0.359 1.3908 2.8078 3.122 2.3306 1.3958 1.161 0.7434 0.293 0.2032 0.069 0.05 0.0278 0.0074 0.009 0.0124 0 0 0 0.026 0.0408 0.179 0.57 1.1858 1.7684 1.702 1.7568 1.3632 1.1726 0.8012 0.53 0.31 0.2392 0.1808 0.06 0.033 0.0392 0.042 0 0.0134 0.0108 0.0242 0.0856 0.2472 0.5122 0.8082 1.1426 1.167 1.2564 1.454 0.965 0.5922 0.6068 0.4044 0.2232 0.2142 0.0962 0.0804 0.0352 0.0608 0 0.0212 0.0216 0.0236 0.0698 0.168 0.3972 0.4988 0.6346 0.9832 1.0632 0.802 0.8228 0.682 0.728 0.3992 0.2482 0.1514 0.0912 0.077 0.0736 
0 0 0 0 0 0 0 0 0 0 0 0 0 0 0 0 0 0 0.0296 0.7728 2.0044 2.9606 3.0158 2.0298 1.472 0.8326 0.5392 0.1914 0.0928 0.0118 0.0146 0.0218 0.0108 0 0 0 0 0 0.028 0.1836 0.6284 0.9956 1.4308 2.0844 1.6972 1.3186 1.2412 0.9334 0.6346 0.3814 0.2668 0.0952 0.0314 0.0372 0.0122 0 0 0 0 0.0622 0.197 0.4078 0.6212 0.7338 1.1006 1.1814 1.2458 1.2012 1.1464 0.7692 0.5236 0.3714 0.2782 0.1024 0.039 0.0188 0 0 0 0.0074 0.0596 0.1402 0.2362 0.2612 0.4428 0.671 0.6502 0.8002 0.9816 1.0216 0.7982 0.7176 0.5192 0.4098 0.1216 0.0888 0.0676 0.0052 0 0 
0 0 0 0 0 0 0 0 0 0 0 0 0 0 0 0 0 0.0034 0.027 0.3276 1.457 3.2202 2.9826 2.1696 1.5682 1.1056 0.5422 0.249 0.2016 0.1124 0.0284 0.0052 0 0 0 0 0 0 0.0046 0.0322 0.1746 0.5796 1.2246 2.0484 2.1064 1.6282 1.39 0.9022 0.575 0.5892 0.395 0.2154 0.0574 0.0282 0.049 0 0 0 0 0.0026 0.0114 0.0966 0.1702 0.5304 0.8532 1.4776 1.4 1.5174 1.0822 0.8842 0.6336 0.5196 0.4222 0.174 0.1204 0.0704 0.0164 0.0176 0 0 0 0.0098 0.0122 0.068 0.1558 0.2404 0.6414 0.9928 1.2102 1.0544 0.8054 0.8408 0.6698 0.514 0.3426 0.2216 0.127 0.0654 0.0284 0 
0 0 0 0 0 0 0 0 0 0 0 0 0 0 0 0 0 0 0.014 0.3772 1.4924 2.6632 3.0884 2.2384 1.3978 0.8504 0.7658 0.4912 0.2852 0.1792 0.0916 0.0362 0.029 0 0 0 0 0 0 0.0142 0.2 0.6906 1.0496 1.633 2.2154 1.7008 1.1576 0.8546 0.7604 0.5908 0.4202 0.309 0.2206 0.1048 0.031 0.0244 0.023 0 0 0 0 0.0784 0.316 0.5218 0.6974 1.0634 1.3896 1.371 1.2642 0.8748 0.7224 0.5506 0.4216 0.284 0.2572 0.1156 0.0472 0.0248 0 0 0 0 0.0378 0.1338 0.2216 0.25 0.4244 0.6786 0.819 1.1192 0.9808 0.8996 0.678 0.5988 0.5388 0.2994 0.1926 0.0746 0.0358 0.0172 
0 0 0 0 0 0 0 0 0 0 0 0 0 0 0 0 0 0 0.032 0.3636 1.6722 2.754 2.8808 2.3956 1.531 0.9388 0.5954 0.3994 0.2134 0.1494 0.0462 0.0282 0 0 0 0 0 0 0 0.0584 0.2958 0.7616 1.287 1.736 1.5364 1.6684 1.443 0.9354 0.7752 0.5688 0.3444 0.2222 0.1258 0.1392 0.0518 0.0106 0.0276 0.0124 0 0 0.0202 0.1572 0.376 0.5744 1.0426 0.9208 1.0968 1.4776 1.1514 0.8932 0.7518 0.594 0.3058 0.213 0.2264 0.1188 0.0144 0.011 0.0126 0.027 0.015 0.0122 0.014 0.198 0.1904 0.4222 0.6176 0.6574 0.8246 1.0296 0.9396 0.974 0.6656 0.4864 0.3924 0.266 0.133 0.0734 0.031 0.0122 
0 0 0 0 0 0 0 0 0 0 0 0 0 0 0 0 0 0 0.028 0.4342 1.6684 3.0014 2.67 2.0262 1.6208 0.8298 0.5804 0.4874 0.288 0.2124 0.0978 0.0442 0.011 0 0 0 0 0 0.0026 0.0408 0.2708 0.7578 1.4548 1.8296 1.7812 1.402 1.0244 0.7754 0.8574 0.696 0.5166 0.3166 0.17 0.0712 0.0126 0.0202 0 0 0 0 0.0096 0.0584 0.4088 0.7416 1.0906 1.21 1.1714 1.0992 0.982 0.8978 0.7354 0.5822 0.3552 0.2692 0.1986 0.1416 0.0418 0.0066 0 0 0 0 0.0082 0.1484 0.163 0.4856 0.829 0.8264 0.849 0.8208 0.876 0.8086 0.7934 0.5566 0.3386 0.2256 0.186 0.0808 0.004 0 
0 0 0 0 0 0 0 0 0 0 0 0 0 0 0 0 0 0 0.0092 0.3784 1.5076 2.7372 2.619 2.359 1.5312 1.1144 0.7496 0.455 0.3082 0.1184 0.0584 0.007 0.0086 0.0094 0.0144 0.015 0 0 0.0162 0.0678 0.2912 0.6718 1.2742 1.3634 1.6502 1.3988 1.4188 1.242 0.9088 0.6182 0.3288 0.3068 0.243 0.0838 0.035 0.016 0.0314 0.0276 0.0062 0.0154 0.0524 0.1438 0.3382 0.806 0.7302 0.951 1.0468 0.9818 1.0914 0.9928 0.6078 0.7318 0.4304 0.445 0.2934 0.108 0.1008 0.0864 0.01 0.011 0.0316 0.0212 0.0614 0.1182 0.2556 0.519 0.678 0.6718 0.7378 0.7948 0.5788 0.7204 0.4944 0.5442 0.45 0.4542 0.2734 0.2038 0.2098 0.116 
0 0 0 0 0 0 0 0 0 0 0 0 0 0 0 0 0 0 0.0564 0.4732 1.7528 3.259 3.0026 2.2952 1.433 0.6662 0.5044 0.2364 0.1694 0.1306 0.0208 0 0 0 0 0 0 0 0.0072 0.097 0.3598 0.6492 1.4944 2.011 2.2846 1.5662 1.1206 0.9474 0.6664 0.2352 0.2212 0.1482 0.142 0.0348 0.0148 0 0 0 0 0.0152 0.0826 0.1492 0.2922 0.6276 1.0856 1.5054 1.729 1.3462 1.0244 0.7794 0.526 0.3212 0.1706 0.1472 0.0856 0.0652 0.0274 0.02 0 0 0.0074 0.0494 0.0544 0.0866 0.2452 0.4738 0.7776 1.0344 1.2464 1.315 0.879 0.6942 0.378 0.2506 0.2404 0.1068 0.0712 0.0394 0.0232 0.027 
0 0 0 0 0 0 0 0 0 0 0 0 0 0 0 0 0 0 0.0278 0.3548 1.6234 2.7182 2.8378 2.2124 1.448 1.1216 0.739 0.3236 0.2294 0.1502 0.1546 0.0592 0 0 0 0 0 0 0.008 0.0716 0.2688 0.717 1.1802 1.5524 1.6318 1.4442 1.4034 1.1686 0.7828 0.6872 0.4028 0.261 0.17 0.1168 0.1026 0.0218 0.009 0 0 0.0118 0.017 0.1348 0.354 0.5552 0.8578 0.927 1.3018 1.0892 0.94 1.069 0.7654 0.6158 0.462 0.3408 0.2564 0.1792 0.112 0.0108 0 0 0.0104 0.0126 0.0424 0.1108 0.1986 0.395 0.5614 0.6462 0.7504 0.8634 0.8554 0.8232 0.7862 0.7002 0.3764 0.2816 0.245 0.1802 0.1054 0.0552 
0 0 0 0 0 0 0 0 0 0 0 0 0 0 0 0 0 0 0.0178 0.307 1.68 2.9138 3.184 2.0674 1.3586 0.9398 0.7202 0.4292 0.2354 0.1194 0.0274 0 0 0 0 0 0 0 0 0.0428 0.182 0.918 1.3324 1.794 1.7502 1.456 1.2354 0.809 0.8736 0.574 0.407 0.3546 0.2248 0.0316 0.0146 0 0 0 0 0 0.006 0.1008 0.3474 0.8658 1.0736 1.1898 1.21 1.1022 0.794 0.7426 0.6228 0.5888 0.5788 0.3288 0.251 0.0856 0.0588 0.0532 0 0 0 0 0.0224 0.112 0.3028 0.6076 0.825 0.9596 0.7232 0.8774 0.6412 0.5916 0.4348 0.4846 0.4278 0.3314 0.3142 0.1254 0.0814 0.0916 
0 0 0 0 0 0 0 0 0 0 0 0 0 0 0 0 0 0 0.0114 0.4634 1.6336 2.9248 3.012 2.079 1.3712 0.8086 0.4908 0.4214 0.3382 0.2084 0.115 0.0424 0.027 0.0528 0 0 0 0 0.0124 0.0442 0.2312 0.8232 1.43 1.7262 1.8174 1.6794 1.1982 0.8492 0.5364 0.4262 0.4238 0.2298 0.2366 0.1376 0.0636 0.0624 0.0284 0.0428 0.0118 0.011 0.0402 0.0854 0.3058 0.6554 0.988 1.2662 1.4606 1.303 0.9844 0.7232 0.4552 0.5782 0.3106 0.2974 0.1942 0.1056 0.0944 0.0622 0.031 0.0104 0.0268 0.0534 0.0748 0.099 0.1212 0.309 0.8072 1.0532 1.0878 0.8128 0.8032 0.6742 0.5084 0.4072 0.5772 0.1998 0.1286 0.085 0.0534 0.0764 
0 0 0 0 0 0 0 0 0 0 0 0 0 0 0 0 0 0.0012 0.0522 0.4238 1.911 2.9948 2.7908 2.1402 1.5644 0.8176 0.685 0.3594 0.1742 0.0368 0.0302 0.0184 0 0 0 0 0 0 0.0058 0.1266 0.4126 0.8478 1.4784 1.7794 1.6886 1.4462 1.2654 1.093 0.8026 0.55 0.2226 0.1034 0.0746 0.0466 0.0452 0.0112 0 0 0 0.0168 0.0892 0.288 0.4142 0.817 1.0114 1.0918 1.2798 1.1924 1.1704 0.8574 0.6802 0.4492 0.3186 0.1676 0.0556 0.0136 0.0198 0.023 0.0084 0.028 0.008 0.0572 0.0916 0.2056 0.427 0.5978 0.7494 0.8102 0.7398 0.9458 0.9244 0.9036 0.6202 0.3234 0.183 0.1828 0.101 0.039 0.014 0.0218 
0 0 0 0 0 0 0 0 0 0 0 0 0 0 0 0 0 0 0.0244 0.3764 1.43 2.6006 2.8016 2.3338 1.735 0.9224 0.653 0.4734 0.2588 0.1662 0.1062 0.0546 0.0256 0.0182 0.0198 0 0 0 0.0136 0.0274 0.2136 0.505 1.1726 1.5666 1.7136 1.6016 1.4704 1.3018 0.7078 0.6028 0.396 0.2392 0.2228 0.1158 0.058 0.015 0.014 0.0098 0.0174 0.0232 0.0216 0.1068 0.1966 0.4008 0.8374 1.1394 1.146 1.2438 1.1052 0.9932 0.745 0.7502 0.402 0.393 0.1908 0.1586 0.0736 0.034 0.0232 0.0138 0.017 0 0.0344 0.0588 0.1198 0.361 0.552 0.746 0.6578 0.915 0.9362 0.8388 0.749 0.6364 0.4996 0.2946 0.3114 0.1724 0.0394 0.0242 
0 0 0 0 0 0 0 0 0 0 0 0 0 0 0 0 0 0.0016 0.0262 0.4138 1.4022 2.8274 3.0042 2.1216 1.6452 1.2908 0.627 0.3528 0.1508 0.066 0.0634 0.007 0 0 0 0 0 0 0.0054 0.0738 0.2696 0.6762 1.0494 1.7214 1.8004 1.6102 1.4132 1.2272 0.7876 0.5654 0.3134 0.3126 0.1138 0.0604 0 0 0 0 0 0 0.0348 0.1152 0.337 0.5374 0.8288 1.1084 1.2606 1.1348 1.2558 0.9894 0.7792 0.6188 0.5006 0.2556 0.1586 0.0682 0.0168 0 0 0 0 0 0.029 0.0808 0.307 0.3626 0.4724 0.7626 0.9006 1.0162 0.948 0.763 0.7682 0.5964 0.4352 0.2392 0.1462 0.1206 0.0366 0.0154 
