0.03 0.09 0.15 0.21 0.27 0.33 0.39 0.45 0.51 0.57 0.63 0.69 0.75 0.81 0.87 0.93 0.99 1.05 1.11 1.17 1.23 1.29 1.35 1.41 1.47 1.53 1.59 1.65 1.71 1.77 1.83 1.89 1.95 2.01 2.07 2.13 2.19 2.25 2.31 2.37 2.43 2.49 2.55 2.61 2.67 2.73 2.79 2.85 2.91 2.97 3.03 3.09 3.15 3.21 3.27 3.33 3.39 3.45 3.51 3.57 3.63 3.69 3.75 3.81 3.87 3.93 3.99 4.05 4.11 4.17 4.23 4.29 4.35 4.41 4.47 4.53 4.59 4.65 4.71 4.77 4.83 4.89 4.95 5.01 5.07 5.13 5.19 5.25 5.31 5.37 5.43 5.49 5.55 5.61 5.67 5.73 5.79 5.85 5.91 5.97 
0 0 0 0 0 0 0 0 0 0 0 0 0 0 0 0 0 0 0 0 0.0032 0.044 0.2694 0.7558 1.21 1.4392 1.2608 0.9786 0.6094 0.3394 0.174 0.0598 0.0356 0.0118 0.0036 0.0036 0.0018 0.0008 0 0 0 0 0 0.0014 0.0052 0.0422 0.125 0.296 0.444 0.6424 0.813 0.8434 0.7274 0.5634 0.4036 0.2464 0.1358 0.057 0.0248 0.0104 0.0118 0.0044 0.003 0 0 0 0 0 0 0.0064 0.027 0.0714 0.1336 0.2208 0.3102 0.4394 0.507 0.471 0.4662 0.356 0.278 0.1524 0.0752 0.0362 0.014 0.0222 0.0048 0.0038 0.0048 0 0 0 0 0.002 0.0028 0.002 0.014 0.0302 0.0346 0.0628 
0 0 0 0 0 0 0 0 0 0 0 0 0 0 0 0 0 0 0 0 0.0006 0.0306 0.2988 0.9408 1.5676 1.6542 1.3806 0.9856 0.5644 0.3064 0.1654 0.058 0.0308 0.012 0.0042 0 0 0 0 0 0 0 0 0 0.005 0.0404 0.1326 0.346 0.6276 0.8818 0.9968 0.8642 0.7624 0.5298 0.3696 0.2214 0.1136 0.0644 0.0256 0.0084 0.007 0.0034 0 0 0 0 0 0.002 0.0032 0.0122 0.0398 0.0854 0.1828 0.2944 0.4502 0.563 0.5688 0.5436 0.425 0.3074 0.2188 0.1416 0.0862 0.0426 0.0184 0.0086 0.005 0.001 0 0 0 0 0 0.0018 0.0032 0.0162 0.0202 0.0322 0.0768 0.1118 
0 0 0 0 0 0 0 0 0 0 0 0 0 0 0 0 0 0 0 0 0.0036 0.0514 0.2838 0.8302 1.4304 1.587 1.3534 1.0398 0.6784 0.3928 0.213 0.0956 0.0208 0.0102 0.0054 0.0026 0.0016 0 0 0 0 0 0 0.0002 0.0096 0.0466 0.1208 0.312 0.5534 0.7726 0.9422 0.9114 0.7788 0.594 0.4024 0.256 0.1608 0.0758 0.0422 0.014 0.0038 0.001 0.0024 0 0 0 0 0 0.0018 0.0068 0.0314 0.058 0.133 0.275 0.4132 0.5174 0.5638 0.5602 0.4648 0.313 0.2576 0.1914 0.1246 0.049 0.02 0.0116 0.0048 0.0026 0 0 0 0 0 0 0.001 0.0044 0.0098 0.0282 0.0496 0.0974 
0 0 0 0 0 0 0 0 0 0 0 0 0 0 0 0 0 0 0 0 0.0004 0.035 0.3008 0.9362 1.4462 1.6028 1.4314 1.055 0.5616 0.342 0.1486 0.0738 0.0352 0.019 0.0062 0.0022 0.0032 0.0004 0 0 0 0 0 0.0006 0.004 0.0348 0.1382 0.3214 0.5564 0.7844 0.9278 0.9142 0.822 0.6188 0.358 0.2266 0.1532 0.0724 0.0342 0.0136 0.0144 0.0036 0.0014 0 0 0 0 0 0.0006 0.0068 0.0328 0.08 0.173 0.2934 0.435 0.4866 0.5214 0.4904 0.442 0.3668 0.2784 0.1956 0.1026 0.0442 0.0202 0.0132 0.008 0.0048 0.002 0.001 0.0012 0 0 0 0 0.0008 0.028 0.0478 0.0786 0.126 
0 0 0 0 0 0 0 0 0 0 0 0 0 0 0 0 0 0 0 0 0.0004 0.0268 0.2962 0.9774 1.523 1.5996 1.3906 0.9506 0.6152 0.3374 0.1786 0.0648 0.0254 0.0066 0.0034 0.0038 0.0002 0 0 0 0 0 0 0.0012 0.0056 0.0318 0.1258 0.3668 0.61 0.8152 0.9494 0.9524 0.7434 0.5724 0.3712 0.2022 0.1356 0.0662 0.0272 0.0202 0.0034 0 0 0 0 0 0.0006 0.001 0.0004 0.0064 0.04 0.0938 0.1844 0.3086 0.4164 0.5318 0.5532 0.532 0.4216 0.3284 0.2606 0.143 0.0852 0.0504 0.026 0.014 0.0022 0 0 0 0 0 0 0 0 0.0048 0.0202 0.0534 0.0814 0.103 
0 0 0 0 0 0 0 0 0 0 0 0 0 0 0 0 0 0 0 0 0.0026 0.0456 0.3268 0.9394 1.513 1.6432 1.4034 0.9762 0.5922 0.33 0.1352 0.0486 0.0262 0.0096 0.0062 0.0018 0 0 0 0 0 0 0 0.0006 0.0124 0.0404 0.1354 0.3802 0.6572 0.8478 0.9636 0.88 0.7194 0.5366 0.393 0.2158 0.1256 0.0502 0.0214 0.0166 0.0026 0.0012 0 0 0 0 0 0.0008 0.0032 0.014 0.039 0.103 0.226 0.355 0.446 0.5058 0.5262 0.4988 0.4072 0.3208 0.2264 0.1466 0.092 0.0376 0.0244 0.014 0.01 0.0032 0 0 0 0 0 0 0.008 0.0106 0.032 0.0594 0.106 0.145 
0 0 0 0 0 0 0 0 0 0 0 0 0 0 0 0 0 0 0 0 0.0018 0.0588 0.319 0.9164 1.604 1.6992 1.4376 0.9068 0.543 0.2814 0.1554 0.0562 0.0146 0.0032 0.0026 0 0 0 0 0 0 0 0 0.0026 0.017 0.0482 0.139 0.3538 0.6056 0.8726 1.0466 0.9662 0.7776 0.5516 0.3238 0.1748 0.0664 0.0272 0.0152 0.01 0.0018 0 0 0 0 0 0 0 0.007 0.0252 0.0446 0.09 0.1574 0.3106 0.467 0.6094 0.582 0.5722 0.4928 0.28 0.1814 0.0962 0.056 0.0228 0.0046 0.0008 0 0 0 0 0 0 0 0 0.008 0.0116 0.0182 0.036 0.0636 0.0984 
0 0 0 0 0 0 0 0 0 0 0 0 0 0 0 0 0 0 0 0 0.0018 0.0326 0.2248 0.8028 1.446 1.7334 1.48 1.044 0.6308 0.3258 0.161 0.0696 0.0284 0.0134 0.004 0.0016 0 0 0 0 0 0 0 0.0004 0.0098 0.035 0.0904 0.2598 0.51 0.7726 0.9448 0.9658 0.81 0.6216 0.4518 0.2816 0.1514 0.0622 0.017 0.008 0.0038 0.001 0.0012 0.0018 0 0 0 0 0.0022 0.0076 0.035 0.0566 0.1288 0.241 0.3784 0.5006 0.5468 0.5418 0.5038 0.3812 0.2808 0.1834 0.1102 0.0556 0.024 0.0094 0.0064 0.0034 0.0012 0.0018 0 0 0 0.0014 0.0026 0.005 0.0086 0.0282 0.0502 0.1028 
0 0 0 0 0 0 0 0 0 0 0 0 0 0 0 0 0 0 0 0 0.0008 0.0416 0.2802 0.8104 1.4708 1.6818 1.4154 0.981 0.63 0.3704 0.1928 0.0684 0.0276 0.0232 0.0056 0 0 0 0 0 0 0 0 0 0.0042 0.0354 0.1314 0.2832 0.5756 0.7466 0.979 0.9376 0.753 0.5908 0.4136 0.2856 0.1422 0.0662 0.0312 0.0156 0.0068 0.002 0 0 0 0 0 0 0.001 0.0042 0.0242 0.078 0.1406 0.2464 0.4302 0.5124 0.5556 0.5072 0.489 0.3942 0.2784 0.154 0.0806 0.0458 0.0302 0.016 0.0094 0.0026 0 0 0 0 0 0 0.0056 0.0074 0.0168 0.0316 0.051 0.0724 
0 0 0 0 0 0 0 0 0 0 0 0 0 0 0 0 0 0 0 0 0.0032 0.067 0.3436 1.0182 1.4906 1.4286 1.2264 0.9848 0.6902 0.3748 0.1904 0.1054 0.0502 0.0118 0.0048 0.005 0.0046 0.0004 0 0 0 0 0 0.0008 0.0104 0.0508 0.1764 0.3924 0.6648 0.7796 0.858 0.911 0.7658 0.5364 0.35 0.239 0.141 0.0688 0.0256 0.0166 0.0078 0.0044 0.0004 0 0 0 0 0 0.0004 0.0088 0.0404 0.0894 0.1874 0.2804 0.4284 0.5498 0.6332 0.5294 0.4326 0.3276 0.2022 0.1402 0.0856 0.0352 0.0164 0.0104 0.0022 0 0 0 0 0 0 0.001 0.0096 0.0098 0.0184 0.034 0.0638 0.094 
0 0 0 0 0 0 0 0 0 0 0 0 0 0 0 0 0 0 0 0 0.003 0.0602 0.3264 0.9222 1.3722 1.6232 1.4318 1.042 0.6298 0.3306 0.1576 0.0628 0.0278 0.0084 0.002 0 0 0 0 0 0 0 0.0004 0.0016 0.006 0.0456 0.154 0.351 0.5752 0.8076 0.9024 0.9024 0.7756 0.6324 0.4048 0.2134 0.1328 0.0678 0.017 0.0064 0.0014 0.0022 0 0 0 0 0 0 0 0.0138 0.0314 0.0876 0.182 0.334 0.4608 0.5136 0.5144 0.4656 0.4168 0.346 0.2716 0.1832 0.1062 0.045 0.0204 0.0076 0 0 0 0 0 0 0 0 0.0018 0.0076 0.016 0.0354 0.0758 0.1152 
0 0 0 0 0 0 0 0 0 0 0 0 0 0 0 0 0 0 0 0 0.0008 0.039 0.3454 0.978 1.489 1.6564 1.3252 0.9352 0.6324 0.3502 0.1404 0.0724 0.028 0.0054 0.0022 0 0 0 0 0 0 0 0 0.001 0.0092 0.0588 0.1676 0.362 0.6194 0.8458 0.9594 0.8952 0.7226 0.564 0.3528 0.2286 0.1164 0.056 0.0218 0.0122 0.0054 0.0018 0 0 0 0 0 0 0.0034 0.0112 0.0458 0.0974 0.202 0.3506 0.45 0.5462 0.542 0.5066 0.422 0.3022 0.1892 0.1448 0.0954 0.05 0.024 0.0148 0.0024 0 0 0 0 0 0 0.0006 0.005 0.0136 0.0286 0.0346 0.0874 0.1294 
0 0 0 0 0 0 0 0 0 0 0 0 0 0 0 0 0 0 0 0 0.001 0.0396 0.2988 0.9332 1.5234 1.6264 1.3664 0.9588 0.6172 0.3632 0.1674 0.0716 0.0174 0.0096 0.006 0 0 0 0 0 0 0 0 0.0014 0.0146 0.043 0.1316 0.346 0.597 0.8162 1.0008 0.9274 0.7368 0.5422 0.368 0.2328 0.1214 0.0744 0.0362 0.008 0.0022 0 0 0 0 0 0.0006 0.0014 0.0038 0.0142 0.0428 0.0826 0.1712 0.3064 0.4218 0.5058 0.5702 0.5358 0.4474 0.366 0.2246 0.154 0.0824 0.0506 0.0154 0.0016 0.0014 0 0 0 0 0 0.0004 0.0012 0.003 0.0092 0.0226 0.0448 0.0778 0.1342 
0 0 0 0 0 0 0 0 0 0 0 0 0 0 0 0 0 0 0 0 0.0024 0.034 0.255 0.7702 1.2846 1.6366 1.4372 1.0986 0.7028 0.4088 0.2174 0.0808 0.0354 0.022 0.006 0.003 0.0026 0.0012 0.0014 0 0 0 0 0.0004 0.0046 0.0326 0.086 0.2598 0.4808 0.7238 0.817 0.8988 0.859 0.6858 0.4996 0.332 0.1642 0.0686 0.0368 0.0268 0.0154 0.0036 0.0022 0.0004 0.001 0.0008 0 0 0 0.0052 0.019 0.0574 0.1312 0.219 0.3208 0.4354 0.526 0.5222 0.5194 0.3988 0.3178 0.2314 0.1444 0.081 0.0348 0.018 0.0092 0.0048 0.0042 0 0 0 0 0 0.0014 0.0054 0.013 0.0228 0.0496 0.0654 
0 0 0 0 0 0 0 0 0 0 0 0 0 0 0 0 0 0 0 0 0.0014 0.044 0.3328 0.9986 1.5174 1.6762 1.355 0.8822 0.5934 0.3396 0.1454 0.0704 0.0296 0.0122 0.0018 0 0 0 0 0 0 0 0 0 0.0062 0.0544 0.1656 0.361 0.6782 0.8788 0.9808 0.8728 0.7222 0.5052 0.3268 0.219 0.1204 0.0538 0.0346 0.0098 0.0074 0.001 0.002 0 0 0 0 0 0.0012 0.0124 0.033 0.1078 0.2322 0.3526 0.4136 0.5482 0.5798 0.5194 0.4188 0.3114 0.1992 0.1226 0.08 0.0388 0.0124 0.007 0.005 0.0034 0.0012 0 0 0 0 0.0018 0.0016 0.0066 0.0282 0.0556 0.0918 0.1118 
0 0 0 0 0 0 0 0 0 0 0 0 0 0 0 0 0 0 0 0 0.001 0.0242 0.238 0.7896 1.3484 1.6128 1.4888 1.1038 0.713 0.3408 0.1942 0.0882 0.0416 0.0156 0 0 0 0 0 0 0 0 0 0 0.0034 0.0282 0.099 0.2566 0.501 0.7202 0.8704 0.8932 0.8344 0.689 0.4816 0.2864 0.1572 0.0958 0.04 0.0246 0.0132 0.0048 0.001 0 0 0 0 0 0 0.011 0.0298 0.0578 0.117 0.2278 0.3566 0.4284 0.515 0.5392 0.4714 0.4238 0.3414 0.207 0.1166 0.0736 0.0404 0.0196 0.0122 0.0062 0.0052 0 0 0 0 0.001 0.0014 0.0036 0.0094 0.0228 0.0434 0.1078 
0 0 0 0 0 0 0 0 0 0 0 0 0 0 0 0 0 0 0 0 0.0006 0.0264 0.2052 0.7622 1.3402 1.5546 1.4248 1.0786 0.7254 0.426 0.2512 0.123 0.0546 0.0196 0.0056 0.002 0 0 0 0 0 0 0 0.0014 0.0062 0.024 0.0806 0.2386 0.4668 0.6428 0.8356 0.9318 0.8468 0.6988 0.5086 0.3234 0.1868 0.1058 0.065 0.0282 0.0074 0.0014 0 0 0 0 0 0 0.0008 0.0058 0.0164 0.0352 0.1002 0.2088 0.339 0.4278 0.5012 0.4776 0.5048 0.456 0.3408 0.2768 0.1404 0.0772 0.048 0.0302 0.011 0.0016 0.0004 0 0 0 0 0 0.002 0.0016 0.0034 0.0104 0.0512 0.0684 
0 0 0 0 0 0 0 0 0 0 0 0 0 0 0 0 0 0 0 0 0.0024 0.0474 0.2718 0.8628 1.4626 1.5848 1.2362 1.024 0.7418 0.4046 0.2018 0.0978 0.0448 0.0148 0.0014 0.001 0 0 0 0 0 0 0 0.0002 0.0118 0.034 0.1188 0.312 0.58 0.7916 0.8256 0.8476 0.7784 0.6212 0.4494 0.289 0.1664 0.095 0.052 0.0182 0.0058 0.002 0.001 0 0 0 0 0 0.0016 0.0034 0.0228 0.076 0.1506 0.2612 0.402 0.4776 0.522 0.5252 0.4278 0.381 0.3054 0.1876 0.113 0.068 0.0382 0.023 0.0088 0.0048 0 0 0 0 0 0 0.0034 0.0078 0.0128 0.0326 0.0598 0.0966 
0 0 0 0 0 0 0 0 0 0 0 0 0 0 0 0 0 0 0 0 0.001 0.0254 0.2218 0.8112 1.408 1.6258 1.4876 1.1022 0.6134 0.3964 0.184 0.08 0.0276 0.011 0.0034 0.0012 0 0 0 0 0 0 0 0.0014 0.0104 0.0276 0.0824 0.256 0.4868 0.7312 0.8618 0.9196 0.8656 0.6822 0.4278 0.3104 0.1656 0.1038 0.0444 0.015 0.0056 0.0024 0 0 0 0 0 0 0.0008 0.0042 0.0202 0.0604 0.144 0.2506 0.3464 0.4256 0.5042 0.521 0.481 0.4032 0.302 0.239 0.159 0.071 0.0402 0.0134 0.0082 0.0044 0.0012 0 0 0 0 0.0026 0.002 0.0056 0.0112 0.027 0.0506 0.1096 
0 0 0 0 0 0 0 0 0 0 0 0 0 0 0 0 0 0 0 0 0.0018 0.0582 0.3282 0.8942 1.496 1.6974 1.3228 0.9744 0.653 0.3292 0.1474 0.0502 0.0264 0.0106 0.0088 0.0014 0 0 0 0 0 0 0 0.0018 0.0096 0.0502 0.1302 0.3332 0.6008 0.8358 1.0316 0.9576 0.7444 0.5474 0.332 0.2008 0.1138 0.0536 0.0312 0.0198 0.0062 0 0 0 0 0 0 0.0004 0.002 0.012 0.0292 0.075 0.1604 0.269 0.4568 0.6234 0.62 0.5444 0.4372 0.3212 0.1828 0.1298 0.0564 0.0376 0.028 0.0122 0.0022 0 0 0 0 0 0 0 0.0026 0.0074 0.0134 0.025 0.051 0.1176 
0 0 0 0 0 0 0 0 0 0 0 0 0 0 0 0 0 0 0 0 0.0028 0.0508 0.3038 0.9306 1.5324 1.6386 1.3518 0.9188 0.5736 0.3568 0.1858 0.0892 0.0348 0.019 0.0046 0.0028 0.0038 0 0 0 0 0 0 0.0022 0.0112 0.041 0.1154 0.3498 0.63 0.8666 0.9524 0.87 0.7306 0.5162 0.3444 0.2288 0.1362 0.0892 0.06 0.0278 0.0122 0.008 0.004 0.0026 0.0014 0 0 0 0.0016 0.016 0.0382 0.11 0.1842 0.3304 0.4266 0.4954 0.5602 0.5 0.3974 0.299 0.217 0.144 0.1 0.0724 0.0384 0.027 0.0194 0.0102 0.0058 0.0026 0.0026 0.0016 0 0 0.009 0.0174 0.0312 0.056 0.0952 0.1286 
0 0 0 0 0 0 0 0 0 0 0 0 0 0 0 0 0 0 0 0 0.0024 0.0428 0.294 0.9098 1.541 1.7288 1.3748 0.9272 0.5444 0.319 0.1606 0.0806 0.0438 0.016 0.005 0.0052 0.002 0.0008 0.0012 0.0006 0 0 0 0 0.0042 0.0276 0.1202 0.3588 0.6364 0.8484 0.942 0.9122 0.7494 0.575 0.3406 0.1938 0.1262 0.08 0.0486 0.0222 0.009 0.003 0.0014 0.001 0 0 0 0.0012 0.0008 0.0054 0.0232 0.093 0.1896 0.2974 0.4648 0.5452 0.5852 0.484 0.419 0.3168 0.211 0.1352 0.0826 0.0588 0.0466 0.0232 0.0088 0.0022 0.002 0.001 0.0028 0.0002 0 0.0018 0.001 0.004 0.0138 0.0338 0.0744 0.1046 
0 0 0 0 0 0 0 0 0 0 0 0 0 0 0 0 0 0 0 0 0.0032 0.0768 0.3248 0.9436 1.5104 1.6398 1.3978 0.9546 0.5714 0.3148 0.1364 0.07 0.0276 0.0128 0.0044 0.0052 0.0036 0.0028 0 0 0 0 0 0.0004 0.0094 0.0484 0.1884 0.38 0.6364 0.834 0.9262 0.934 0.7456 0.5568 0.3672 0.1718 0.0888 0.0512 0.0298 0.0204 0.0076 0.001 0.0008 0.0012 0.0006 0 0 0 0.0022 0.009 0.0464 0.1022 0.203 0.3152 0.4442 0.5926 0.551 0.5666 0.4344 0.2918 0.1788 0.1118 0.0752 0.0354 0.0204 0.0126 0.0026 0.0006 0.0008 0.001 0.0012 0.001 0 0 0.0006 0.0106 0.0224 0.0372 0.0678 0.121 
0 0 0 0 0 0 0 0 0 0 0 0 0 0 0 0 0 0 0 0 0.003 0.032 0.2134 0.788 1.5086 1.7356 1.4958 1.0102 0.5922 0.3544 0.173 0.0616 0.0244 0.0078 0 0 0 0 0 0 0 0 0 0 0.005 0.0216 0.0844 0.2594 0.57 0.862 0.9136 0.909 0.7868 0.5992 0.4448 0.2814 0.15 0.0742 0.0252 0.0124 0.001 0 0 0 0 0 0 0 0.0006 0.003 0.0146 0.0612 0.157 0.2456 0.374 0.491 0.573 0.5646 0.428 0.408 0.3078 0.194 0.1078 0.0546 0.0118 0.0026 0.0008 0 0 0 0 0 0 0 0 0.0066 0.016 0.0404 0.055 0.0798 
0 0 0 0 0 0 0 0 0 0 0 0 0 0 0 0 0 0 0 0 0.0024 0.0546 0.3326 0.9404 1.517 1.637 1.4102 1.0394 0.5792 0.282 0.1334 0.046 0.0168 0.007 0.002 0 0 0 0 0 0 0 0 0 0.0106 0.0714 0.1728 0.3266 0.582 0.8528 0.9934 1.0202 0.7836 0.5456 0.3308 0.173 0.0728 0.0408 0.0146 0.0048 0.002 0.0022 0 0 0 0 0 0 0.001 0.016 0.0488 0.1052 0.1902 0.3228 0.4442 0.5532 0.5994 0.5344 0.4942 0.3296 0.1744 0.098 0.0462 0.0172 0.0168 0.0034 0.0008 0.001 0.0012 0.002 0 0 0 0 0.0034 0.0068 0.017 0.0412 0.0864 0.1302 
0 0 0 0 0 0 0 0 0 0 0 0 0 0 0 0 0 0 0 0 0.008 0.0598 0.3372 0.9604 1.6018 1.6926 1.2632 0.904 0.541 0.3216 0.1514 0.0914 0.0432 0.0158 0.0046 0.003 0.001 0 0 0 0 0 0.0006 0.0054 0.0134 0.056 0.1668 0.357 0.6642 0.9158 0.9716 0.8922 0.6648 0.4958 0.325 0.2012 0.1242 0.068 0.0524 0.0196 0.006 0 0 0 0 0 0 0.0012 0.01 0.0134 0.047 0.1036 0.1916 0.3238 0.5062 0.603 0.5482 0.4632 0.374 0.2898 0.2062 0.1468 0.0822 0.0382 0.0258 0.0124 0.0076 0.0058 0 0 0 0 0 0.0036 0.0066 0.018 0.0326 0.0496 0.0742 0.1364 
0 0 0 0 0 0 0 0 0 0 0 0 0 0 0 0 0 0 0 0 0 0.0286 0.236 0.8268 1.4678 1.602 1.3954 1.0302 0.65 0.3838 0.211 0.0924 0.0368 0.023 0.007 0.007 0.0022 0 0 0 0 0 0 0 0.0032 0.0258 0.091 0.2764 0.501 0.7638 0.972 0.9636 0.8094 0.5952 0.3942 0.2578 0.1714 0.0992 0.039 0.0194 0.0082 0.0024 0.004 0.0014 0.0016 0 0 0 0 0.0028 0.0066 0.0574 0.1186 0.2232 0.3928 0.5318 0.5762 0.5622 0.4718 0.3694 0.2712 0.171 0.094 0.0668 0.0428 0.0194 0.0106 0.007 0.0024 0.002 0 0 0 0 0.0004 0.0028 0.0052 0.0168 0.038 0.0696 
0 0 0 0 0 0 0 0 0 0 0 0 0 0 0 0 0 0 0 0.0014 0.004 0.0304 0.2764 0.8876 1.5008 1.7074 1.4104 0.9518 0.5594 0.3188 0.1778 0.0888 0.042 0.0276 0.0076 0.0054 0.0024 0 0 0 0 0 0 0.002 0.0116 0.0312 0.1132 0.2734 0.5892 0.8348 1.021 1.0042 0.765 0.5302 0.3306 0.1984 0.1364 0.0886 0.0414 0.0104 0.0044 0.0084 0.0056 0 0 0 0 0 0.0012 0.0072 0.0302 0.0716 0.1404 0.2734 0.3886 0.5068 0.6276 0.6154 0.4688 0.3386 0.2296 0.136 0.0914 0.0514 0.0144 0.0034 0.0026 0.0014 0 0 0 0 0 0 0.0026 0.004 0.008 0.0306 0.0494 0.086 
0 0 0 0 0 0 0 0 0 0 0 0 0 0 0 0 0 0 0 0 0.0044 0.058 0.396 1.1066 1.6192 1.6774 1.2486 0.8942 0.557 0.27 0.1156 0.0306 0.0148 0.003 0.0016 0.0018 0.0012 0 0 0 0 0 0 0.0048 0.0094 0.065 0.2294 0.4588 0.7626 0.9516 0.936 0.8062 0.6964 0.484 0.3084 0.159 0.0794 0.0324 0.0086 0.0044 0.0024 0.0012 0 0 0 0 0.0006 0.0024 0.0082 0.0212 0.0636 0.144 0.2684 0.4114 0.4972 0.5738 0.555 0.5236 0.3578 0.25 0.158 0.087 0.042 0.0214 0.0106 0.0032 0.0006 0 0 0 0 0 0 0.0018 0.0066 0.026 0.0482 0.0848 0.1204 0.135 
0 0 0 0 0 0 0 0 0 0 0 0 0 0 0 0 0 0 0 0 0.0018 0.0352 0.2468 0.831 1.4206 1.5936 1.3924 1.0524 0.6886 0.3926 0.213 0.0754 0.044 0.0072 0.0026 0.0028 0 0 0 0 0 0 0.0008 0.003 0.0076 0.0286 0.1034 0.2614 0.5422 0.7908 0.8464 0.8882 0.8168 0.6306 0.4788 0.3116 0.1566 0.0782 0.0354 0.0154 0.0042 0 0 0 0 0 0 0.0012 0.0048 0.006 0.0246 0.0606 0.1288 0.2358 0.3758 0.461 0.5534 0.5534 0.4864 0.3756 0.2848 0.1956 0.123 0.0714 0.0278 0.015 0.0086 0.0052 0.0012 0 0 0 0 0 0.0012 0.003 0.015 0.0164 0.0432 0.0772 
0 0 0 0 0 0 0 0 0 0 0 0 0 0 0 0 0 0 0 0.0008 0.006 0.0686 0.2814 0.8402 1.4684 1.5864 1.4216 1.063 0.6498 0.3518 0.16 0.0658 0.0222 0.0126 0.0014 0 0 0 0 0 0 0 0 0 0.0056 0.05 0.1286 0.3306 0.5592 0.791 0.9226 0.9002 0.7892 0.5616 0.3944 0.2884 0.1452 0.0696 0.0416 0.0186 0.0036 0 0 0 0 0 0 0.0014 0.0034 0.0102 0.0298 0.0622 0.1474 0.2636 0.452 0.5396 0.5648 0.5308 0.4168 0.325 0.2486 0.1772 0.1076 0.0548 0.0364 0.0218 0.0066 0 0 0 0.0006 0.0008 0.0004 0.0028 0.005 0.008 0.016 0.0256 0.0596 0.0946 
0 0 0 0 0 0 0 0 0 0 0 0 0 0 0 0 0 0 0 0 0.0014 0.0352 0.2624 0.8158 1.4188 1.679 1.485 1.0514 0.6788 0.3174 0.146 0.0658 0.0222 0.0108 0.0094 0.0006 0 0 0 0 0 0 0 0.001 0.0068 0.0316 0.1206 0.2862 0.5366 0.7712 0.8922 0.9068 0.8514 0.6442 0.4548 0.2478 0.12 0.0672 0.0354 0.0158 0.01 0.0004 0 0 0 0 0 0 0.0052 0.0088 0.0262 0.068 0.1402 0.2706 0.4212 0.4472 0.509 0.5648 0.4944 0.3982 0.2738 0.155 0.0844 0.0596 0.0312 0.0202 0.0164 0.0056 0 0 0 0 0 0.0024 0.0046 0.0128 0.0164 0.037 0.0484 0.0996 
0 0 0 0 0 0 0 0 0 0 0 0 0 0 0 0 0 0 0 0.0002 0.0034 0.0764 0.3746 0.9812 1.607 1.5858 1.3406 0.9096 0.533 0.2884 0.149 0.0834 0.0374 0.0158 0.008 0.0012 0.0018 0.0028 0.0004 0 0 0 0.0008 0.0024 0.0138 0.0754 0.2028 0.4098 0.642 0.8964 0.937 0.8618 0.7198 0.487 0.3438 0.1886 0.1114 0.0512 0.0306 0.0112 0.0062 0.0048 0.0032 0 0 0 0 0.0008 0.0058 0.0246 0.0556 0.126 0.2466 0.3724 0.447 0.522 0.5656 0.4938 0.3748 0.2808 0.1994 0.1226 0.0808 0.0466 0.0194 0.0104 0.002 0.0014 0.0016 0 0 0 0 0 0.0078 0.016 0.0302 0.0652 0.0822 0.114 
0 0 0 0 0 0 0 0 0 0 0 0 0 0 0 0 0 0 0 0 0.0012 0.0226 0.2786 0.8052 1.4712 1.5958 1.4326 1.0294 0.6394 0.3916 0.1756 0.0926 0.0494 0.01 0.0032 0.0016 0 0 0 0 0 0 0 0 0.0022 0.029 0.1214 0.3068 0.5444 0.7412 0.857 0.8988 0.8146 0.6664 0.4356 0.2656 0.1862 0.084 0.0336 0.0108 0.0024 0 0 0 0 0 0 0 0.002 0.0092 0.0284 0.0646 0.1452 0.255 0.364 0.4704 0.528 0.5016 0.482 0.4298 0.3074 0.2026 0.1128 0.0566 0.03 0.0104 0 0 0 0 0 0 0 0 0.0022 0.0058 0.011 0.0276 0.0486 0.086 
0 0 0 0 0 0 0 0 0 0 0 0 0 0 0 0 0 0 0 0 0.0032 0.034 0.2412 0.747 1.2918 1.5778 1.4804 1.1216 0.728 0.4016 0.2032 0.1022 0.042 0.0214 0.0046 0 0 0 0 0 0 0 0 0.0012 0.0026 0.0208 0.0916 0.2628 0.4752 0.697 0.8068 0.9328 0.8602 0.6866 0.512 0.3146 0.1526 0.0994 0.045 0.0266 0.0078 0.0026 0.001 0.0008 0 0 0 0 0 0.0034 0.0126 0.0474 0.1224 0.2014 0.3342 0.4256 0.5118 0.5606 0.535 0.4408 0.2934 0.2146 0.1458 0.0764 0.046 0.0182 0.005 0.003 0.0024 0 0 0 0 0 0 0.002 0.004 0.0216 0.0448 0.0684 
0 0 0 0 0 0 0 0 0 0 0 0 0 0 0 0 0 0 0 0 0.0024 0.0426 0.254 0.8306 1.3744 1.5866 1.379 1.0196 0.704 0.4028 0.215 0.103 0.0534 0.0246 0.0068 0.0012 0 0 0 0 0 0 0 0.0006 0.015 0.0422 0.1052 0.267 0.484 0.718 0.9512 0.9108 0.7676 0.6298 0.4596 0.3064 0.1886 0.0952 0.0416 0.0138 0.0034 0 0 0 0 0 0 0.001 0.004 0.0096 0.0244 0.059 0.1302 0.2402 0.3554 0.472 0.5302 0.507 0.5024 0.3782 0.2884 0.2204 0.142 0.085 0.0364 0.0126 0.0016 0 0 0 0 0.001 0.0012 0.001 0.001 0.0086 0.0122 0.0226 0.0386 0.0714 
0 0 0 0 0 0 0 0 0 0 0 0 0 0 0 0 0 0 0 0 0.002 0.0474 0.2662 0.91 1.5082 1.5982 1.289 0.9922 0.6374 0.3706 0.2154 0.0986 0.0382 0.0148 0.0042 0.0042 0.0034 0 0 0 0 0 0 0.0004 0.0076 0.0412 0.1426 0.3166 0.5744 0.7388 0.953 0.9092 0.7914 0.6092 0.419 0.208 0.1346 0.0726 0.0424 0.0254 0.0072 0.0028 0.0026 0.001 0 0 0 0 0.0002 0.01 0.032 0.0732 0.1434 0.276 0.4252 0.5134 0.556 0.5296 0.4912 0.3436 0.229 0.1646 0.0926 0.0614 0.0282 0.0164 0.0116 0.0024 0 0 0 0 0 0.0012 0.0026 0.0084 0.0076 0.0264 0.0528 0.0922 
0 0 0 0 0 0 0 0 0 0 0 0 0 0 0 0 0 0 0 0 0.0006 0.0296 0.2766 0.9006 1.448 1.7224 1.4166 0.9976 0.6462 0.3326 0.1336 0.0632 0.0184 0.0082 0.0024 0.003 0.0004 0 0 0 0 0 0 0.0004 0.0072 0.0346 0.1072 0.2948 0.5986 0.832 1.0184 0.9918 0.7196 0.591 0.3478 0.2364 0.1392 0.0516 0.0156 0.0052 0.0038 0.0048 0 0 0 0 0 0.0008 0.0032 0.0054 0.0216 0.0582 0.129 0.2932 0.473 0.544 0.5842 0.579 0.4792 0.3138 0.2414 0.139 0.0676 0.038 0.0194 0.0088 0.0012 0 0 0 0 0 0 0.0022 0.001 0.0058 0.0112 0.026 0.0546 0.1078 
0 0 0 0 0 0 0 0 0 0 0 0 0 0 0 0 0 0 0 0 0.0002 0.0358 0.2934 0.8692 1.3668 1.5104 1.3392 1.0512 0.7182 0.4226 0.2156 0.1086 0.0444 0.0158 0.0076 0.001 0 0 0 0 0 0 0 0.0006 0.0062 0.0426 0.1236 0.3024 0.4888 0.702 0.911 0.9264 0.8142 0.6008 0.4362 0.3164 0.1846 0.0868 0.0416 0.01 0.005 0.0008 0 0 0 0 0 0 0.002 0.0158 0.0376 0.0564 0.1088 0.1974 0.37 0.4528 0.5652 0.5876 0.503 0.4182 0.297 0.164 0.1148 0.0662 0.0242 0.0116 0.005 0.0016 0.0008 0 0 0 0 0.003 0.0038 0.0038 0.0116 0.0242 0.049 0.0608 
0 0 0 0 0 0 0 0 0 0 0 0 0 0 0 0 0 0 0 0 0.0008 0.0398 0.2866 0.9036 1.4078 1.6042 1.4612 0.9714 0.6966 0.3486 0.1774 0.0588 0.024 0.0138 0.0054 0 0 0 0 0 0 0 0 0 0.011 0.0406 0.1356 0.2864 0.5458 0.8714 0.9922 0.8704 0.763 0.6184 0.3852 0.2636 0.123 0.0604 0.0212 0.0118 0 0 0 0 0 0 0 0 0.0006 0.0042 0.0288 0.0716 0.1398 0.2818 0.423 0.5322 0.5692 0.5826 0.4662 0.362 0.2432 0.1552 0.0828 0.0346 0.019 0.0032 0 0 0 0 0 0 0 0 0.0008 0.0016 0.0098 0.0304 0.0578 0.0946 
0 0 0 0 0 0 0 0 0 0 0 0 0 0 0 0 0 0 0 0 0.0034 0.0578 0.3354 0.9546 1.5152 1.6184 1.3874 0.9788 0.597 0.296 0.1208 0.0796 0.0384 0.0102 0.0056 0.0014 0 0 0 0 0 0 0 0.0004 0.0064 0.0502 0.1554 0.3924 0.671 0.895 0.9106 0.8952 0.7138 0.5274 0.3272 0.2026 0.1208 0.0696 0.0318 0.0152 0.01 0.0046 0.0004 0 0 0 0 0.0004 0.0034 0.0076 0.0254 0.0978 0.1956 0.3476 0.5112 0.5856 0.5776 0.5178 0.3656 0.26 0.1754 0.1374 0.0872 0.0436 0.0236 0.013 0.011 0.0094 0.0014 0.0024 0 0 0 0 0.0026 0.0026 0.0192 0.0426 0.0728 0.1132 
0 0 0 0 0 0 0 0 0 0 0 0 0 0 0 0 0 0 0 0 0.0034 0.0474 0.2946 0.9226 1.516 1.5606 1.2672 0.9574 0.6678 0.3864 0.2148 0.1052 0.0406 0.0148 0.0012 0 0 0 0 0 0 0 0 0.005 0.0126 0.0354 0.1358 0.3626 0.5992 0.7274 0.8824 0.9232 0.8394 0.6248 0.3676 0.2438 0.1406 0.0536 0.0314 0.012 0.0032 0 0 0 0 0 0 0.0026 0.0022 0.0106 0.0248 0.082 0.1574 0.2552 0.409 0.5206 0.5688 0.5744 0.4802 0.3746 0.2562 0.1312 0.083 0.039 0.0166 0.0086 0.0028 0.0002 0 0 0 0 0 0.001 0.0018 0.0024 0.0092 0.0198 0.0336 0.0774 
0 0 0 0 0 0 0 0 0 0 0 0 0 0 0 0 0 0 0 0 0.001 0.0476 0.3062 0.9016 1.43 1.5004 1.3248 0.989 0.674 0.4342 0.2284 0.1018 0.0366 0.0152 0.0092 0 0 0 0 0 0 0 0 0.001 0.0124 0.0468 0.148 0.3202 0.5538 0.7822 0.8802 0.8516 0.7814 0.6082 0.4246 0.2814 0.1634 0.0822 0.0338 0.0144 0.0082 0.0032 0.003 0 0 0 0 0 0.002 0.0034 0.026 0.08 0.161 0.264 0.398 0.524 0.536 0.5196 0.4632 0.3708 0.2556 0.1702 0.1026 0.0598 0.0348 0.0106 0.0066 0.0066 0.002 0.0032 0 0 0 0.001 0.0008 0.0028 0.0106 0.0276 0.0526 0.0858 
0 0 0 0 0 0 0 0 0 0 0 0 0 0 0 0 0 0 0 0.0008 0.0046 0.0426 0.237 0.7566 1.3844 1.5822 1.396 1.1214 0.7234 0.4068 0.206 0.097 0.0284 0.0116 0.0012 0 0 0 0 0 0 0 0 0.0052 0.0074 0.0302 0.104 0.2724 0.455 0.7068 0.8666 0.904 0.8458 0.6816 0.5232 0.3222 0.1658 0.0706 0.0252 0.011 0.003 0 0 0 0 0 0.0008 0.0012 0.0044 0.0038 0.0236 0.0596 0.1052 0.2238 0.31 0.4408 0.544 0.5928 0.5148 0.4296 0.2896 0.217 0.1354 0.0604 0.0352 0.0058 0.0022 0 0 0 0 0 0 0 0.0022 0.0084 0.0144 0.025 0.0378 0.0538 
0 0 0 0 0 0 0 0 0 0 0 0 0 0 0 0 0 0 0 0 0.003 0.046 0.2796 0.844 1.4582 1.6666 1.474 1.0154 0.6068 0.3408 0.1638 0.063 0.0242 0.0056 0.0044 0.0028 0.0018 0 0 0 0 0 0.0004 0.0028 0.011 0.0352 0.1188 0.3036 0.558 0.801 0.9418 0.9718 0.8358 0.6148 0.416 0.2106 0.0942 0.0446 0.0172 0.0098 0.0076 0.0012 0.0018 0.002 0 0 0 0.0014 0.0064 0.0114 0.031 0.0674 0.1306 0.2428 0.397 0.5694 0.6022 0.5796 0.4706 0.3772 0.2592 0.1404 0.0628 0.0326 0.0098 0.0032 0.0006 0.0008 0.0018 0.0018 0 0 0.0002 0.0014 0.0018 0.0078 0.0122 0.0264 0.0428 0.0806 
0 0 0 0 0 0 0 0 0 0 0 0 0 0 0 0 0 0 0 0 0.0004 0.0356 0.2536 0.7342 1.3304 1.6086 1.435 1.097 0.697 0.3958 0.2082 0.1146 0.0566 0.0198 0.0114 0.0018 0 0 0 0 0 0 0 0.0006 0.0078 0.037 0.1012 0.2414 0.4478 0.6818 0.8492 0.9312 0.8598 0.6664 0.4848 0.2994 0.1846 0.1038 0.0672 0.0258 0.0076 0.002 0.0006 0 0 0 0 0.0014 0.0026 0.0116 0.0282 0.0516 0.1154 0.2082 0.3006 0.4234 0.506 0.543 0.5186 0.4258 0.3084 0.217 0.1538 0.1034 0.0584 0.0136 0.0032 0.002 0.0026 0.0012 0 0 0 0 0.0056 0.0082 0.0152 0.0178 0.0374 0.066 
0 0 0 0 0 0 0 0 0 0 0 0 0 0 0 0 0 0 0 0 0.0012 0.0462 0.2776 0.9264 1.4698 1.6386 1.4144 0.9432 0.6312 0.3392 0.1684 0.0748 0.0364 0.0196 0.0086 0.003 0.0014 0 0 0 0 0 0 0.001 0.0056 0.0358 0.1334 0.3272 0.5924 0.7886 0.967 0.948 0.7982 0.574 0.3838 0.2126 0.1164 0.0604 0.0332 0.0124 0.0092 0.0008 0 0 0 0 0 0 0.0018 0.0096 0.0242 0.0746 0.1668 0.2582 0.4414 0.5442 0.593 0.558 0.4804 0.32 0.2302 0.1318 0.076 0.0448 0.0226 0.0138 0.006 0.0026 0 0 0 0 0 0.0022 0.002 0.0048 0.0152 0.042 0.0592 0.1086 
0 0 0 0 0 0 0 0 0 0 0 0 0 0 0 0 0 0 0 0 0.003 0.0586 0.307 0.9024 1.4678 1.5916 1.4038 0.9902 0.619 0.354 0.1736 0.082 0.0368 0.009 0.0012 0 0 0 0 0 0 0 0 0.0014 0.0162 0.0448 0.1324 0.3044 0.591 0.816 0.9714 0.9304 0.757 0.5822 0.3834 0.2386 0.1322 0.0626 0.0274 0.0064 0.0018 0.0004 0 0 0 0 0 0 0.0026 0.0076 0.0304 0.0814 0.1678 0.275 0.412 0.5732 0.5748 0.5532 0.4338 0.3282 0.2626 0.1456 0.0758 0.0412 0.0192 0.0124 0.0032 0 0 0 0 0 0 0.0014 0.0014 0.0054 0.0126 0.025 0.0648 0.1142 
0 0 0 0 0 0 0 0 0 0 0 0 0 0 0 0 0 0 0 0 0.0034 0.047 0.252 0.7918 1.3762 1.6246 1.476 1.0838 0.6752 0.3644 0.1902 0.0858 0.0242 0.0046 0.0008 0 0 0 0 0 0 0 0.0008 0.002 0.001 0.0284 0.1072 0.2524 0.5276 0.7352 0.9548 0.859 0.8298 0.6946 0.4852 0.312 0.137 0.0452 0.0198 0.008 0 0 0 0 0 0 0 0 0 0.0024 0.0106 0.0584 0.139 0.2298 0.3642 0.4876 0.5296 0.5658 0.51 0.4524 0.3054 0.1864 0.0872 0.0376 0.0194 0.0102 0.002 0.002 0 0 0 0 0 0 0.0012 0.0032 0.0162 0.035 0.0568 0.0652 
0 0 0 0 0 0 0 0 0 0 0 0 0 0 0 0 0 0 0 0 0 0.0242 0.2616 0.835 1.5772 1.6418 1.4722 1.052 0.5736 0.324 0.15 0.0518 0.0234 0.0098 0.0034 0 0 0 0 0 0 0 0 0 0.0048 0.028 0.0986 0.3182 0.5336 0.8002 0.9946 0.9334 0.813 0.6034 0.4044 0.2332 0.1286 0.0654 0.0266 0.0098 0.0042 0 0 0 0 0 0 0 0.0022 0.0072 0.0278 0.0698 0.1684 0.2658 0.4186 0.4878 0.5462 0.5404 0.4736 0.398 0.235 0.1664 0.1144 0.043 0.0218 0.0112 0.0024 0 0 0 0 0 0 0 0.001 0.0064 0.0208 0.0314 0.0758 0.105 
0 0 0 0 0 0 0 0 0 0 0 0 0 0 0 0 0 0 0 0 0.0004 0.0432 0.3208 0.9528 1.4874 1.5638 1.3626 0.9902 0.608 0.3646 0.1868 0.078 0.0246 0.0102 0.0032 0.0034 0 0 0 0 0 0 0 0.0016 0.0092 0.0458 0.1356 0.3376 0.5906 0.8108 0.9538 0.9166 0.8266 0.5702 0.3836 0.2256 0.1124 0.0474 0.0194 0.0078 0.0022 0.0006 0.001 0.0016 0 0 0 0 0.0034 0.0126 0.0276 0.0712 0.1574 0.2908 0.4296 0.5184 0.5766 0.5698 0.517 0.396 0.2122 0.1186 0.0592 0.0254 0.0112 0.0014 0.0016 0 0 0 0 0 0 0 0.0016 0.0054 0.0232 0.0454 0.062 0.0792 
0 0 0 0 0 0 0 0 0 0 0 0 0 0 0 0 0 0 0 0 0.0008 0.0358 0.2902 0.8698 1.4366 1.68 1.3916 0.9864 0.6854 0.3536 0.1616 0.076 0.0282 0.004 0 0 0 0 0 0 0 0 0 0.0014 0.0116 0.0402 0.1158 0.2912 0.5934 0.8228 0.902 0.911 0.7872 0.6418 0.394 0.2498 0.141 0.0622 0.0226 0.0066 0.0036 0.0018 0 0 0 0 0 0 0.0038 0.0096 0.0272 0.0826 0.1796 0.2736 0.3872 0.4926 0.555 0.5544 0.4682 0.3952 0.2454 0.1476 0.0828 0.0472 0.024 0.0096 0.0068 0.0062 0.0014 0 0 0 0 0 0 0.0006 0.0206 0.045 0.0598 0.1064 
0 0 0 0 0 0 0 0 0 0 0 0 0 0 0 0 0 0 0 0 0.002 0.06 0.3412 0.966 1.5066 1.6462 1.344 0.9564 0.5866 0.3212 0.15 0.0768 0.026 0.0104 0.0048 0.0018 0 0 0 0 0 0 0 0.001 0.016 0.07 0.1708 0.3346 0.5822 0.904 0.965 0.9246 0.7286 0.547 0.3642 0.1906 0.0998 0.0596 0.0296 0.0108 0.0016 0 0 0 0 0 0 0.001 0.0042 0.0114 0.031 0.0916 0.1832 0.328 0.5068 0.6088 0.5624 0.5008 0.3672 0.3066 0.2204 0.1318 0.0734 0.0344 0.0244 0.0118 0.0008 0 0 0 0 0 0.0006 0.0014 0.0014 0.0062 0.0228 0.041 0.071 0.134 
0 0 0 0 0 0 0 0 0 0 0 0 0 0 0 0 0 0 0 0 0.0002 0.0308 0.2308 0.7528 1.5226 1.6852 1.3982 1.0502 0.646 0.3444 0.1918 0.0836 0.035 0.0198 0.0082 0.0004 0 0 0 0 0 0 0 0 0.0016 0.0262 0.0944 0.2622 0.524 0.7624 0.9304 0.9486 0.827 0.6134 0.4226 0.2852 0.155 0.0812 0.039 0.0152 0.007 0.0038 0.0008 0 0 0 0 0.002 0.0016 0.0054 0.0186 0.045 0.1252 0.2364 0.3624 0.501 0.5374 0.5728 0.503 0.3968 0.2792 0.1834 0.1074 0.0672 0.0446 0.0092 0.0014 0 0 0 0 0 0.0004 0.005 0.0024 0.004 0.0042 0.0144 0.043 0.0904 
0 0 0 0 0 0 0 0 0 0 0 0 0 0 0 0 0 0 0 0 0.0024 0.038 0.2544 0.7928 1.3182 1.5772 1.4686 1.0084 0.7188 0.4246 0.2132 0.0966 0.0434 0.0266 0.0158 0.001 0 0 0 0 0 0 0 0 0.0084 0.03 0.1186 0.3052 0.4952 0.6554 0.8154 0.8154 0.8086 0.6956 0.5266 0.331 0.2118 0.0996 0.041 0.0218 0.0082 0.0042 0.0032 0.0028 0.002 0 0 0 0.0014 0.0106 0.0278 0.0708 0.1608 0.2448 0.3316 0.3994 0.4418 0.4824 0.442 0.4304 0.3362 0.258 0.1842 0.0932 0.032 0.0278 0.0152 0.0066 0.003 0 0 0 0 0 0.0008 0.008 0.0168 0.0348 0.0492 0.0832 
0 0 0 0 0 0 0 0 0 0 0 0 0 0 0 0 0 0 0 0 0.0024 0.0438 0.2862 0.9098 1.4276 1.6938 1.4496 1.016 0.5688 0.3102 0.1498 0.0818 0.0354 0.0198 0.0036 0.0014 0 0 0 0 0 0 0 0.0036 0.0106 0.0386 0.1254 0.3302 0.6254 0.8176 0.837 0.8862 0.8322 0.6366 0.3984 0.227 0.1222 0.0648 0.031 0.01 0.0032 0 0 0 0 0 0 0 0.0034 0.0136 0.0408 0.0882 0.1744 0.2968 0.4524 0.4906 0.494 0.5368 0.428 0.3492 0.2736 0.1632 0.0898 0.0572 0.0344 0.0078 0.0058 0 0 0 0 0 0 0 0.0016 0.0158 0.0198 0.0368 0.0822 0.1092 
0 0 0 0 0 0 0 0 0 0 0 0 0 0 0 0 0 0 0 0 0.0004 0.0374 0.2782 0.799 1.4192 1.7192 1.5082 1.0214 0.6226 0.3404 0.146 0.0658 0.0328 0.0062 0.0008 0.0008 0.001 0.0006 0 0 0 0 0 0.0006 0.0024 0.0322 0.1108 0.2866 0.511 0.7832 0.972 0.976 0.8116 0.6292 0.403 0.2584 0.124 0.056 0.0204 0.013 0.0048 0.0016 0.001 0.0022 0 0 0 0.0006 0.0022 0.0032 0.024 0.064 0.1276 0.2382 0.3906 0.5684 0.563 0.5642 0.4928 0.368 0.2578 0.1584 0.086 0.0548 0.0216 0.006 0.004 0.0014 0.0014 0.0018 0 0 0 0 0 0.001 0.0074 0.0278 0.0656 0.1056 
0 0 0 0 0 0 0 0 0 0 0 0 0 0 0 0 0 0 0 0 0.0004 0.0336 0.2184 0.7288 1.399 1.6422 1.442 1.0728 0.7208 0.396 0.1994 0.0952 0.0372 0.0114 0.0018 0.001 0 0 0 0 0 0 0 0 0 0.027 0.1206 0.2582 0.4086 0.7128 0.8952 0.9478 0.8728 0.6598 0.49 0.3188 0.1702 0.0754 0.0274 0.0138 0.0016 0 0 0 0 0 0 0 0 0.0018 0.0176 0.054 0.1012 0.2006 0.3484 0.4622 0.539 0.5938 0.5314 0.4064 0.2844 0.198 0.1272 0.0776 0.0338 0.0184 0.0042 0 0 0 0 0 0 0 0 0.0022 0.0068 0.0204 0.0332 0.0684 
0 0 0 0 0 0 0 0 0 0 0 0 0 0 0 0 0 0 0 0 0.001 0.0256 0.2438 0.758 1.3266 1.5772 1.4618 1.0874 0.7294 0.4114 0.2096 0.1 0.0464 0.0162 0.0056 0 0 0 0 0 0 0 0 0 0.004 0.0318 0.1026 0.2506 0.4268 0.6618 0.8934 0.9338 0.8868 0.6842 0.482 0.2888 0.185 0.089 0.0464 0.0174 0.0106 0.005 0 0 0 0 0 0 0 0.006 0.012 0.046 0.099 0.2006 0.34 0.4832 0.5354 0.543 0.5134 0.3936 0.3208 0.2208 0.1184 0.0708 0.051 0.0266 0.0116 0.0078 0 0 0 0 0.0002 0.002 0.0064 0.0068 0.0136 0.0164 0.0348 0.0506 
0 0 0 0 0 0 0 0 0 0 0 0 0 0 0 0 0 0 0 0 0.0008 0.0554 0.315 0.927 1.543 1.752 1.4444 0.9466 0.5022 0.267 0.1302 0.0646 0.022 0.016 0.0066 0.0014 0.0016 0.0042 0 0 0 0 0 0 0.0132 0.0616 0.1322 0.3418 0.632 0.905 1.0208 0.9456 0.7074 0.5082 0.3328 0.172 0.1044 0.0608 0.0362 0.0124 0.007 0.0022 0.0018 0.0026 0 0 0 0 0 0.0052 0.0468 0.1194 0.2232 0.3172 0.4634 0.5436 0.5754 0.524 0.4012 0.2908 0.2042 0.1336 0.0694 0.0312 0.0228 0.01 0.0086 0.0046 0.0018 0.0036 0 0 0 0 0.0014 0.0104 0.0332 0.0406 0.0982 0.1378 
0 0 0 0 0 0 0 0 0 0 0 0 0 0 0 0 0 0 0 0 0.0018 0.0404 0.2842 0.7982 1.4388 1.7116 1.5164 0.9708 0.645 0.328 0.153 0.064 0.0264 0.0112 0.0092 0.001 0 0 0 0 0 0 0 0.0024 0.0108 0.0438 0.106 0.275 0.5562 0.755 0.9084 0.968 0.8648 0.6356 0.4074 0.2364 0.1368 0.0614 0.0168 0.012 0.0032 0 0 0 0 0 0 0.0016 0.0062 0.009 0.0218 0.0608 0.1546 0.3168 0.3578 0.4292 0.5582 0.5526 0.5202 0.4202 0.2686 0.1676 0.0808 0.042 0.0232 0.0046 0.002 0.0022 0 0 0.0006 0.0008 0.001 0.0006 0.0026 0.0056 0.0104 0.0318 0.0746 0.1202 
0 0 0 0 0 0 0 0 0 0 0 0 0 0 0 0 0 0 0 0 0.004 0.0344 0.2944 0.8954 1.4892 1.8164 1.3856 0.9628 0.571 0.2838 0.1486 0.067 0.0354 0.0106 0.0014 0 0 0 0 0 0 0 0 0.0008 0.0026 0.0276 0.1184 0.3536 0.6444 0.827 0.9666 0.9424 0.768 0.5694 0.3686 0.2212 0.1022 0.0504 0.0242 0.0118 0.0008 0 0 0 0 0 0 0 0.0016 0.0046 0.0208 0.065 0.1628 0.3138 0.4586 0.5636 0.5816 0.5616 0.4554 0.3502 0.2168 0.1206 0.0718 0.0358 0.0118 0.0036 0 0 0 0 0 0 0 0 0.0028 0.0134 0.0238 0.0258 0.0508 0.0878 
0 0 0 0 0 0 0 0 0 0 0 0 0 0 0 0 0 0 0 0 0.0062 0.0684 0.3244 0.9016 1.4806 1.6086 1.3866 1.0022 0.6 0.3526 0.1584 0.0652 0.0244 0.0118 0.004 0.0034 0.0016 0 0 0 0 0 0 0.0014 0.01 0.0506 0.157 0.3304 0.6102 0.8614 0.998 0.8816 0.7064 0.533 0.3814 0.2332 0.13 0.0508 0.0288 0.0196 0.0112 0.005 0 0 0 0 0 0 0 0.0088 0.0408 0.0808 0.1822 0.3174 0.4522 0.5696 0.5686 0.4918 0.4278 0.3284 0.2204 0.1368 0.0862 0.043 0.0194 0.0112 0.0046 0.008 0.002 0 0 0 0 0 0.0008 0.006 0.0178 0.0406 0.095 0.1248 
0 0 0 0 0 0 0 0 0 0 0 0 0 0 0 0 0 0 0 0 0.002 0.0506 0.3376 1.0002 1.5014 1.6394 1.2636 0.9828 0.6026 0.338 0.176 0.081 0.0216 0.0032 0 0 0 0 0 0 0 0 0 0.0008 0.0098 0.0426 0.173 0.4098 0.6192 0.8562 0.9004 0.895 0.741 0.5536 0.3848 0.2334 0.1062 0.0536 0.0194 0.0012 0 0 0 0 0 0 0 0 0 0.011 0.049 0.117 0.2102 0.309 0.4058 0.5708 0.585 0.5132 0.427 0.3052 0.2286 0.1378 0.081 0.0364 0.011 0.002 0 0 0 0 0 0 0 0.0012 0.0082 0.0096 0.026 0.046 0.0826 0.11 
0 0 0 0 0 0 0 0 0 0 0 0 0 0 0 0 0 0 0 0 0.0006 0.0262 0.2244 0.7554 1.4226 1.6768 1.3742 1.0334 0.6684 0.4458 0.2194 0.088 0.0436 0.0196 0.0016 0 0 0 0 0 0 0 0 0 0.0046 0.0206 0.095 0.2502 0.4586 0.7226 0.885 0.9918 0.8532 0.6632 0.4698 0.2966 0.1628 0.0812 0.0306 0.0124 0.0018 0 0 0 0 0 0 0 0 0.0038 0.0106 0.0446 0.112 0.2004 0.344 0.4576 0.5694 0.5976 0.5216 0.416 0.2894 0.2324 0.093 0.0546 0.031 0.016 0.0046 0.0014 0 0 0 0 0 0 0 0.0016 0.0056 0.0122 0.0288 0.0636 
0 0 0 0 0 0 0 0 0 0 0 0 0 0 0 0 0 0 0 0 0.0004 0.0328 0.2426 0.8358 1.4782 1.6662 1.5364 1.0244 0.6706 0.3126 0.136 0.0438 0.0144 0.0052 0.0006 0 0 0 0 0 0 0 0 0 0.0044 0.0288 0.106 0.2736 0.5406 0.7758 0.9336 1.0116 0.8764 0.6522 0.4246 0.2048 0.0976 0.0422 0.0172 0.006 0.004 0.0006 0 0 0 0 0 0 0 0.0048 0.0238 0.0614 0.1434 0.27 0.4018 0.5006 0.5466 0.5876 0.5146 0.4148 0.2594 0.1362 0.078 0.0394 0.0116 0.0044 0.0016 0 0 0 0 0 0 0 0.0006 0.0068 0.0212 0.0246 0.065 0.0982 
0 0 0 0 0 0 0 0 0 0 0 0 0 0 0 0 0 0 0 0 0.0048 0.0456 0.2776 0.9444 1.4438 1.6338 1.3894 0.9922 0.6658 0.3406 0.1542 0.0612 0.0304 0.0108 0.004 0.0014 0 0 0 0 0 0 0 0.0012 0.0076 0.047 0.1628 0.3496 0.5478 0.7778 0.9332 0.8736 0.7974 0.6584 0.4132 0.2282 0.1114 0.063 0.0184 0.0068 0.0014 0.0012 0 0 0 0 0 0 0.0012 0.0078 0.0354 0.096 0.1968 0.3058 0.3866 0.4934 0.5482 0.534 0.487 0.3594 0.223 0.1482 0.0802 0.046 0.036 0.0114 0.0036 0 0 0 0 0 0 0.001 0.0038 0.007 0.0182 0.041 0.0738 0.1 
0 0 0 0 0 0 0 0 0 0 0 0 0 0 0 0 0 0 0 0 0 0.0198 0.2156 0.6906 1.4256 1.6038 1.524 1.0622 0.6806 0.4238 0.198 0.1038 0.0372 0.0092 0.0026 0.001 0.0016 0.0006 0 0 0 0 0 0 0.0048 0.0218 0.0858 0.2138 0.4698 0.743 0.8542 0.8914 0.8464 0.7218 0.5106 0.3006 0.176 0.0898 0.042 0.0152 0.0082 0.0034 0.0014 0 0 0 0 0 0.0014 0.002 0.024 0.0552 0.0934 0.181 0.3546 0.495 0.5036 0.523 0.483 0.4284 0.3132 0.226 0.1514 0.0744 0.0486 0.026 0.012 0.0038 0 0 0 0 0 0 0.0024 0.0052 0.011 0.0222 0.0294 0.0634 
0 0 0 0 0 0 0 0 0 0 0 0 0 0 0 0 0 0 0 0 0.0012 0.044 0.3014 0.8734 1.442 1.623 1.3588 1.0632 0.6536 0.3346 0.1822 0.0794 0.0276 0.0142 0.0014 0 0 0 0 0 0 0 0 0.0012 0.0078 0.0348 0.0982 0.2954 0.577 0.8164 0.9798 0.9038 0.7402 0.606 0.4278 0.2396 0.155 0.0682 0.0354 0.0088 0.0026 0.002 0 0 0 0 0 0.0004 0.0012 0.0034 0.0444 0.0612 0.1266 0.2394 0.3896 0.5456 0.5948 0.5386 0.5186 0.3732 0.2198 0.1482 0.1076 0.0514 0.0248 0.0072 0.004 0 0 0 0 0 0 0 0.0024 0.0052 0.0168 0.0344 0.0498 0.0714 
0 0 0 0 0 0 0 0 0 0 0 0 0 0 0 0 0 0 0 0 0.0042 0.055 0.3154 0.9002 1.431 1.5734 1.3838 1.0558 0.6878 0.3608 0.1382 0.0534 0.0242 0.0102 0.0066 0 0 0 0 0 0 0 0 0.0014 0.0082 0.0278 0.1174 0.3346 0.603 0.868 0.9498 0.9028 0.7366 0.5796 0.4154 0.2356 0.1276 0.0494 0.0202 0.0102 0.0074 0.005 0 0 0 0 0 0.0012 0.0012 0.0086 0.0164 0.0806 0.1892 0.2952 0.4124 0.4896 0.5708 0.6028 0.4818 0.321 0.239 0.1424 0.0742 0.0334 0.0246 0.0046 0.002 0.0076 0.0014 0 0 0 0.0014 0.0012 0.0022 0.0042 0.0124 0.0376 0.071 0.093 
0 0 0 0 0 0 0 0 0 0 0 0 0 0 0 0 0 0 0 0 0.0004 0.0278 0.231 0.8552 1.4208 1.625 1.4234 1.053 0.6282 0.3862 0.2082 0.0916 0.0376 0.0108 0.0008 0 0 0 0 0 0 0 0 0.0004 0.0076 0.026 0.0934 0.2662 0.5512 0.756 0.8694 0.9102 0.8254 0.6638 0.4574 0.2796 0.1542 0.091 0.033 0.0084 0.0032 0.0024 0.0012 0 0 0 0 0 0 0.0056 0.0184 0.0674 0.1354 0.24 0.369 0.4728 0.525 0.5172 0.512 0.4202 0.3052 0.1786 0.1192 0.0676 0.0292 0.0114 0.0058 0 0 0 0 0 0 0 0 0.002 0.0168 0.031 0.0478 0.0832 
0 0 0 0 0 0 0 0 0 0 0 0 0 0 0 0 0 0 0 0.0006 0.003 0.0404 0.3204 0.9462 1.618 1.7102 1.3476 0.9512 0.5838 0.2774 0.1282 0.0446 0.0224 0.005 0.001 0 0 0 0 0 0 0 0 0 0.0044 0.043 0.165 0.3522 0.646 0.9296 1.045 0.8768 0.725 0.521 0.3396 0.188 0.0952 0.0382 0.0228 0.0054 0.0018 0.001 0 0 0 0 0 0 0.002 0.017 0.049 0.0886 0.1848 0.3178 0.495 0.5652 0.6244 0.5374 0.4154 0.3098 0.2084 0.09 0.0462 0.0278 0.0136 0.0076 0 0 0 0 0 0 0 0.0004 0.0046 0.0186 0.0226 0.0584 0.0898 0.129 
0 0 0 0 0 0 0 0 0 0 0 0 0 0 0 0 0 0 0 0 0.001 0.0202 0.2262 0.784 1.3578 1.6166 1.4364 1.113 0.704 0.4 0.1924 0.0894 0.0344 0.011 0.0076 0.0032 0.0028 0 0 0 0 0 0 0 0.0018 0.021 0.0926 0.2338 0.4734 0.686 0.8294 0.9164 0.8272 0.6996 0.5118 0.3308 0.183 0.0838 0.0522 0.0274 0.0124 0.0092 0.0064 0.0018 0 0 0 0 0.0012 0.0084 0.0172 0.0582 0.1196 0.2126 0.337 0.4372 0.4708 0.4982 0.5164 0.3892 0.3136 0.258 0.1356 0.0994 0.0532 0.0282 0.0244 0.0118 0.0086 0.0012 0 0 0 0 0.0032 0.0056 0.0166 0.034 0.0544 0.09 
0 0 0 0 0 0 0 0 0 0 0 0 0 0 0 0 0 0 0 0 0.0026 0.0294 0.265 0.8444 1.5202 1.6798 1.376 1.0396 0.6306 0.3212 0.1842 0.0758 0.015 0.0128 0.0026 0.0008 0 0 0 0 0 0 0 0 0.0022 0.03 0.1232 0.2898 0.5354 0.8534 0.909 0.9616 0.8318 0.5846 0.4124 0.2436 0.1106 0.0694 0.0248 0.0158 0.0024 0 0 0 0 0 0 0 0 0.0058 0.023 0.0556 0.129 0.2384 0.4276 0.5446 0.6122 0.5902 0.4632 0.3762 0.2322 0.1474 0.0752 0.0422 0.0178 0.0138 0.0048 0.0008 0 0 0 0 0 0 0 0.0008 0.0036 0.0156 0.0508 0.0914 
0 0 0 0 0 0 0 0 0 0 0 0 0 0 0 0 0 0 0 0 0.0034 0.0386 0.2614 0.8026 1.372 1.6218 1.3542 1.0132 0.6776 0.3948 0.2422 0.1192 0.067 0.0182 0.01 0.0032 0.0006 0 0 0 0 0 0.0004 0.0016 0.0016 0.0376 0.1038 0.2644 0.468 0.756 0.8756 0.8942 0.8338 0.6432 0.464 0.2856 0.1682 0.1062 0.0546 0.0276 0.0074 0.0032 0.003 0 0 0 0 0 0.0014 0.0092 0.021 0.0754 0.1412 0.2238 0.3244 0.434 0.5094 0.5312 0.4918 0.41 0.3104 0.2268 0.1416 0.0776 0.0402 0.0194 0.0042 0.002 0.0028 0.0022 0 0 0.0014 0.001 0.001 0.0032 0.013 0.0374 0.0564 0.0816 
0 0 0 0 0 0 0 0 0 0 0 0 0 0 0 0 0 0 0 0 0.0018 0.046 0.2844 0.8034 1.422 1.652 1.3848 1.032 0.6352 0.4204 0.1988 0.0766 0.0288 0.0096 0.0042 0 0 0 0 0 0 0 0 0.0008 0.0156 0.0346 0.1196 0.279 0.4962 0.8272 0.9522 0.9068 0.7714 0.6136 0.4056 0.2608 0.1628 0.0888 0.0344 0.018 0.006 0.005 0.0012 0.0004 0 0 0 0.002 0.0014 0.009 0.0312 0.0746 0.1366 0.253 0.3642 0.4932 0.6138 0.5522 0.4404 0.366 0.257 0.16 0.1046 0.0666 0.0214 0.019 0.0158 0.0116 0.0024 0.0034 0.0006 0 0 0.001 0.001 0.009 0.0138 0.0388 0.0532 0.0856 
0 0 0 0 0 0 0 0 0 0 0 0 0 0 0 0 0 0 0 0 0.0008 0.0314 0.2264 0.8132 1.4576 1.6202 1.4242 1.098 0.6982 0.3442 0.1564 0.0792 0.035 0.0092 0.0034 0.0026 0 0 0 0 0 0 0 0.0012 0.011 0.0312 0.0972 0.2328 0.4696 0.773 0.9598 1.0096 0.901 0.5904 0.408 0.2386 0.1356 0.0724 0.036 0.0198 0.006 0.006 0.0008 0 0 0 0 0 0.002 0.0084 0.0226 0.0436 0.1048 0.2364 0.3584 0.482 0.6014 0.6058 0.5288 0.399 0.2338 0.1656 0.1094 0.051 0.0252 0.0138 0.0074 0.0006 0 0 0 0 0 0 0.0014 0.0012 0.0072 0.0174 0.0652 0.0874 
0 0 0 0 0 0 0 0 0 0 0 0 0 0 0 0 0 0 0 0 0.0028 0.0384 0.291 0.8634 1.371 1.484 1.3956 1.079 0.665 0.4232 0.2152 0.0862 0.047 0.019 0.011 0.006 0.0022 0 0 0 0 0 0.0008 0.0026 0.008 0.0384 0.1326 0.294 0.5358 0.7322 0.8112 0.8654 0.7882 0.6568 0.4866 0.3288 0.1676 0.0774 0.0312 0.0202 0.0104 0.0052 0.005 0.0016 0 0 0 0.0006 0.0046 0.0094 0.036 0.0812 0.1648 0.2732 0.3778 0.4038 0.4184 0.4648 0.4902 0.4734 0.3152 0.2344 0.1132 0.0592 0.0384 0.0262 0.0084 0.0042 0.0014 0.0012 0 0 0.0004 0.0016 0.002 0.0104 0.0196 0.0406 0.0698 0.115 
0 0 0 0 0 0 0 0 0 0 0 0 0 0 0 0 0 0 0 0 0.0036 0.0408 0.3122 0.982 1.4344 1.7044 1.4372 0.9036 0.5744 0.303 0.1672 0.086 0.036 0.0116 0.0036 0 0 0 0 0 0 0 0 0.0002 0.0096 0.0516 0.1414 0.3412 0.5784 0.8472 0.9468 0.9194 0.8056 0.5568 0.3346 0.2114 0.1316 0.0858 0.0298 0.0076 0.001 0 0 0 0 0 0 0.0006 0.0026 0.0134 0.0514 0.0818 0.192 0.3046 0.4208 0.5028 0.547 0.5486 0.427 0.3536 0.2518 0.1472 0.0822 0.0424 0.0236 0.0066 0 0 0 0 0 0 0 0.0044 0.0042 0.0132 0.0204 0.035 0.0828 0.1254 
0 0 0 0 0 0 0 0 0 0 0 0 0 0 0 0 0 0 0 0 0.0016 0.0576 0.3098 0.8192 1.4986 1.6374 1.3886 0.9914 0.6322 0.3394 0.1868 0.0774 0.0486 0.0114 0 0 0 0 0 0 0 0 0 0.0022 0.0138 0.0428 0.1268 0.2914 0.585 0.8232 0.8796 0.9164 0.825 0.6094 0.3932 0.2356 0.1224 0.0792 0.0372 0.0126 0.0038 0.0004 0 0 0 0 0 0.0004 0.0042 0.0148 0.0346 0.0944 0.1596 0.2924 0.4018 0.4868 0.522 0.5348 0.4598 0.3688 0.2548 0.169 0.091 0.0558 0.0334 0.019 0.002 0.0006 0 0 0 0 0 0 0.0028 0.011 0.0288 0.0382 0.0812 0.0954 
0 0 0 0 0 0 0 0 0 0 0 0 0 0 0 0 0 0 0 0 0.0012 0.0358 0.2776 0.9526 1.517 1.7106 1.3994 0.9466 0.5422 0.3438 0.1694 0.0618 0.0294 0.0102 0.0012 0.0012 0 0 0 0 0 0 0 0.0028 0.0056 0.0342 0.1276 0.3508 0.6196 0.8888 0.981 0.8658 0.717 0.5348 0.3848 0.2326 0.1116 0.0664 0.0482 0.0248 0.0036 0 0 0 0 0 0 0 0.0034 0.0122 0.0314 0.082 0.1732 0.3176 0.482 0.5304 0.5602 0.5046 0.4486 0.2978 0.215 0.133 0.095 0.0512 0.0274 0.016 0.0154 0.003 0.0006 0 0 0 0 0 0 0.014 0.0234 0.0278 0.079 0.137 
0 0 0 0 0 0 0 0 0 0 0 0 0 0 0 0 0 0 0 0 0.0014 0.0418 0.2664 0.779 1.3812 1.6398 1.5204 1.0728 0.6296 0.3716 0.174 0.0828 0.0316 0.006 0.0016 0 0 0 0 0 0 0 0 0.0008 0.0064 0.0416 0.1198 0.285 0.46 0.706 0.8954 0.945 0.8982 0.6256 0.459 0.2488 0.1622 0.0764 0.0336 0.0236 0.0074 0.0052 0 0 0 0 0 0 0.0022 0.0062 0.0264 0.075 0.1678 0.2236 0.3506 0.4174 0.5368 0.5566 0.4986 0.398 0.2816 0.2026 0.1306 0.0616 0.037 0.0228 0.0046 0 0 0 0 0 0 0.0014 0.0024 0.0034 0.018 0.0358 0.0558 0.0824 
0 0 0 0 0 0 0 0 0 0 0 0 0 0 0 0 0 0 0 0 0.001 0.031 0.2268 0.7276 1.3794 1.5654 1.504 1.161 0.7394 0.3928 0.155 0.0722 0.0316 0.0084 0.0044 0 0 0 0 0 0 0 0 0.001 0.0032 0.0136 0.0824 0.2056 0.4174 0.6984 0.9552 0.9988 0.9366 0.7014 0.4636 0.2822 0.1414 0.0614 0.0276 0.0086 0.0016 0 0 0 0 0 0 0.0014 0.002 0.002 0.0094 0.029 0.0608 0.163 0.318 0.501 0.606 0.634 0.5618 0.4422 0.3274 0.1574 0.1058 0.0456 0.0226 0.0086 0.002 0 0 0 0 0 0.0008 0.0016 0.001 0.0018 0.005 0.0072 0.0244 0.0674 
0 0 0 0 0 0 0 0 0 0 0 0 0 0 0 0 0 0 0 0 0.0028 0.0488 0.3398 0.9428 1.5308 1.5988 1.2466 0.9394 0.5946 0.371 0.2248 0.0964 0.0528 0.0068 0.0038 0 0 0 0 0 0 0 0 0.0006 0.0206 0.0626 0.1638 0.3534 0.6118 0.826 0.9144 0.8742 0.7336 0.5582 0.3814 0.2176 0.1334 0.081 0.0358 0.0172 0.0086 0.0058 0 0 0 0 0 0.0052 0.009 0.0142 0.0378 0.0984 0.208 0.3336 0.4432 0.486 0.486 0.4982 0.4748 0.3404 0.2124 0.1372 0.106 0.058 0.0282 0.0162 0.0048 0.0024 0 0 0 0 0.0022 0.0044 0.0096 0.0078 0.0194 0.031 0.0874 0.1148 
0 0 0 0 0 0 0 0 0 0 0 0 0 0 0 0 0 0 0 0 0 0.0298 0.248 0.8068 1.4668 1.6082 1.4298 1.0304 0.6726 0.3606 0.184 0.104 0.0396 0.0146 0.0048 0 0 0 0 0 0 0 0 0.0012 0.0042 0.027 0.105 0.242 0.457 0.7442 0.9772 1.0054 0.8868 0.5912 0.4178 0.2396 0.1524 0.0818 0.0358 0.0222 0.0056 0.0032 0.0004 0 0 0 0 0 0.001 0.006 0.0268 0.0624 0.1426 0.2048 0.2982 0.4322 0.612 0.6296 0.548 0.399 0.2656 0.1594 0.1048 0.0506 0.0258 0.0198 0.0078 0.0036 0 0 0 0 0 0 0.0032 0.0044 0.0158 0.0212 0.045 0.0778 
0 0 0 0 0 0 0 0 0 0 0 0 0 0 0 0 0 0 0 0 0.0006 0.0396 0.277 0.9314 1.5792 1.5718 1.308 0.9388 0.5976 0.3782 0.2108 0.1046 0.0456 0.0158 0.001 0 0 0 0 0 0 0 0 0 0.0106 0.045 0.1246 0.353 0.6082 0.861 0.9404 0.8828 0.7228 0.5514 0.3826 0.2286 0.1392 0.0708 0.042 0.0248 0.0102 0.0014 0.0006 0 0 0 0 0 0.0028 0.014 0.0286 0.0894 0.1872 0.2888 0.4586 0.5344 0.5312 0.5374 0.403 0.3156 0.23 0.145 0.1068 0.072 0.0328 0.0174 0.0038 0.0012 0 0 0 0 0 0 0.003 0.0078 0.0218 0.0314 0.0702 0.1032 
0 0 0 0 0 0 0 0 0 0 0 0 0 0 0 0 0 0 0 0 0 0.0256 0.2562 0.8554 1.5066 1.7188 1.4076 0.9214 0.5952 0.3588 0.1864 0.105 0.049 0.0116 0.0014 0.001 0 0 0 0 0 0 0 0 0.0042 0.0164 0.0936 0.2812 0.5712 0.8498 0.9618 0.9274 0.8078 0.5996 0.3986 0.2254 0.114 0.0848 0.0428 0.0146 0.0046 0.0022 0 0 0 0 0 0 0.0018 0.0032 0.0156 0.0508 0.1348 0.2754 0.4242 0.559 0.5776 0.5442 0.4814 0.3404 0.2392 0.1344 0.0932 0.0612 0.0324 0.0106 0.01 0.0062 0.0034 0.001 0 0 0 0 0.0014 0.0014 0.0092 0.0262 0.0588 0.0936 
0 0 0 0 0 0 0 0 0 0 0 0 0 0 0 0 0 0 0 0 0.0038 0.043 0.2738 0.8852 1.4598 1.6264 1.366 0.9326 0.6028 0.3932 0.1988 0.1142 0.0442 0.0294 0.0126 0.0128 0.0014 0 0 0 0 0 0 0 0.0032 0.0398 0.1362 0.3048 0.5574 0.7892 0.924 0.8896 0.8014 0.5796 0.3826 0.2454 0.1346 0.0904 0.053 0.0358 0.0166 0.008 0.0084 0 0 0 0 0 0.0008 0.0108 0.028 0.0774 0.1452 0.2442 0.4146 0.529 0.5486 0.535 0.453 0.3374 0.2354 0.1688 0.1082 0.069 0.041 0.025 0.0076 0.0104 0.0066 0.003 0.001 0 0 0.0012 0.0034 0.007 0.0126 0.0316 0.0788 0.084 
0 0 0 0 0 0 0 0 0 0 0 0 0 0 0 0 0 0 0 0 0.0014 0.0338 0.3046 0.9436 1.5854 1.6828 1.3378 0.9212 0.5806 0.3308 0.1708 0.0706 0.0244 0.009 0.003 0.0002 0 0 0 0 0 0 0 0.0004 0.0054 0.0474 0.141 0.322 0.5878 0.9046 1.0162 0.9594 0.714 0.5108 0.3448 0.2134 0.1082 0.0554 0.0316 0.0184 0.0136 0.0038 0.0018 0 0 0 0 0 0.0024 0.0098 0.036 0.0754 0.192 0.3354 0.4438 0.5606 0.6014 0.5202 0.4106 0.3062 0.1806 0.1184 0.0948 0.052 0.0282 0.0102 0.0104 0.0094 0.0022 0 0 0 0 0 0.005 0.0098 0.0138 0.0362 0.0806 0.1014 
0 0 0 0 0 0 0 0 0 0 0 0 0 0 0 0 0 0 0 0 0.0016 0.0388 0.3134 0.9266 1.4854 1.6108 1.3666 0.9326 0.606 0.363 0.189 0.089 0.047 0.013 0.0054 0.0052 0.003 0.0024 0.0012 0 0 0 0 0 0.0064 0.0448 0.1498 0.3442 0.589 0.8454 0.9512 0.8704 0.7302 0.5758 0.381 0.2418 0.1308 0.0584 0.039 0.0136 0.0082 0.0106 0.007 0.0024 0 0 0 0 0.0022 0.0062 0.0262 0.095 0.1836 0.3186 0.4486 0.5492 0.5364 0.4998 0.4092 0.312 0.2296 0.1596 0.084 0.054 0.0348 0.026 0.012 0.0056 0.0046 0.0012 0.0016 0 0 0 0 0.0074 0.02 0.0376 0.0806 0.1064 
0 0 0 0 0 0 0 0 0 0 0 0 0 0 0 0 0 0 0 0 0.0008 0.0406 0.2486 0.9824 1.5634 1.7302 1.4414 0.9326 0.4996 0.2808 0.1474 0.0624 0.0304 0.0218 0.012 0.0026 0.003 0 0 0 0 0 0 0.002 0.0078 0.04 0.1318 0.3406 0.6208 0.8396 0.9776 1.0118 0.7794 0.5644 0.3352 0.162 0.1068 0.0492 0.02 0.0028 0.005 0.002 0.0012 0 0 0 0 0 0.0018 0.0098 0.032 0.0898 0.184 0.2998 0.4378 0.5736 0.639 0.5716 0.443 0.2724 0.1856 0.1068 0.0812 0.0384 0.0234 0.0084 0.0016 0 0 0 0 0 0 0 0.0014 0.0018 0.016 0.0312 0.0672 0.1296 
0 0 0 0 0 0 0 0 0 0 0 0 0 0 0 0 0 0 0 0 0.0006 0.035 0.292 0.856 1.4616 1.585 1.4152 1.0354 0.6468 0.342 0.1812 0.08 0.0362 0.02 0.0086 0.0044 0 0 0 0 0 0 0 0.001 0.0032 0.0318 0.11 0.2922 0.5016 0.7802 0.97 0.9648 0.81 0.598 0.405 0.2582 0.1518 0.0508 0.034 0.02 0.0074 0.0064 0.0032 0.0004 0 0 0.0012 0.0016 0.0014 0.0112 0.0258 0.0452 0.1258 0.2646 0.4056 0.5132 0.567 0.5512 0.4734 0.372 0.2514 0.1636 0.112 0.0486 0.0452 0.0126 0.0058 0.0016 0 0 0 0.0012 0.0024 0.0026 0.0028 0.0028 0.0122 0.0246 0.0548 0.0984 
0 0 0 0 0 0 0 0 0 0 0 0 0 0 0 0 0 0 0 0 0 0.0268 0.223 0.7068 1.2978 1.6024 1.5556 1.158 0.7262 0.3812 0.1974 0.0786 0.0252 0.0144 0.0038 0.0028 0 0 0 0 0 0 0 0 0.004 0.0192 0.0654 0.197 0.455 0.6452 0.8936 0.9822 0.8462 0.7078 0.5024 0.328 0.2016 0.092 0.0442 0.0086 0.0046 0.0024 0.0006 0 0 0 0 0 0 0.0044 0.0176 0.0382 0.1024 0.1808 0.3278 0.409 0.5116 0.5392 0.5394 0.4442 0.3198 0.2556 0.1606 0.0916 0.0394 0.012 0.0064 0 0 0 0 0 0 0 0 0 0.0072 0.0152 0.043 0.0778 
0 0 0 0 0 0 0 0 0 0 0 0 0 0 0 0 0 0 0 0 0.0002 0.0308 0.2476 0.8586 1.5 1.6548 1.3876 1.0024 0.6458 0.382 0.169 0.0806 0.0326 0.0026 0.0028 0.0026 0 0 0 0 0 0 0 0 0.0056 0.0304 0.1264 0.3196 0.5462 0.7464 0.9094 0.965 0.806 0.5796 0.3846 0.2738 0.1642 0.0864 0.0396 0.0088 0.004 0.0038 0.0002 0 0 0 0 0 0 0.0094 0.0424 0.0946 0.1658 0.257 0.3432 0.477 0.5686 0.5378 0.4492 0.3614 0.2694 0.1772 0.1208 0.0694 0.0304 0.014 0.0068 0.0034 0.0022 0 0 0 0 0 0.0068 0.0204 0.0236 0.0464 0.065 0.1008 
0 0 0 0 0 0 0 0 0 0 0 0 0 0 0 0 0 0 0 0 0.0006 0.0264 0.2064 0.8196 1.4494 1.7348 1.4558 1.024 0.6868 0.3476 0.1522 0.0634 0.0208 0.0106 0.0006 0.001 0 0 0 0 0 0 0 0 0.0068 0.0316 0.0914 0.258 0.5246 0.7592 0.9942 0.8926 0.8052 0.65 0.428 0.2716 0.1472 0.0756 0.0412 0.018 0.0048 0 0 0 0 0 0 0 0.0032 0.0122 0.0296 0.0572 0.1208 0.2544 0.4062 0.4874 0.5246 0.513 0.4746 0.388 0.2746 0.2046 0.1256 0.068 0.0378 0.0118 0.0032 0.0032 0 0 0 0 0 0 0.0036 0.0068 0.0152 0.0246 0.055 0.1166 
0 0 0 0 0 0 0 0 0 0 0 0 0 0 0 0 0 0 0 0 0.0004 0.0344 0.2684 0.8126 1.3828 1.5902 1.3964 1.0966 0.7206 0.3894 0.1764 0.08 0.0306 0.013 0.0082 0 0 0 0 0 0 0 0 0 0.0024 0.0214 0.0978 0.256 0.5114 0.752 0.9068 0.9774 0.7806 0.6456 0.4566 0.297 0.1552 0.081 0.0368 0.0186 0.0034 0 0 0 0 0 0 0 0 0.0024 0.0188 0.0522 0.1278 0.2252 0.3592 0.4908 0.5256 0.5976 0.5044 0.3668 0.2982 0.1902 0.1242 0.0578 0.0344 0.0136 0.007 0.001 0.001 0.0018 0 0 0 0 0.0008 0.005 0.0134 0.0226 0.0492 0.078 
0 0 0 0 0 0 0 0 0 0 0 0 0 0 0 0 0 0 0 0 0 0.04 0.2772 0.87 1.4216 1.5278 1.3846 1.0228 0.6836 0.3918 0.2126 0.107 0.0358 0.0136 0.006 0.004 0.0016 0 0 0 0 0 0 0.0038 0.016 0.0488 0.1074 0.3002 0.5482 0.7248 0.903 0.9498 0.805 0.6074 0.4104 0.2798 0.154 0.0754 0.0296 0.0186 0.0086 0.0058 0.0034 0 0 0.0008 0.002 0.0062 0.0034 0.0106 0.0366 0.0798 0.1154 0.244 0.3536 0.4694 0.5502 0.5648 0.4656 0.416 0.3032 0.194 0.1028 0.0454 0.0246 0.0044 0.002 0.0026 0.0022 0.0004 0.0018 0.0018 0.0012 0.0022 0.0042 0.0076 0.0146 0.03 0.037 0.0682 
0 0 0 0 0 0 0 0 0 0 0 0 0 0 0 0 0 0 0 0 0 0.0358 0.314 0.8742 1.5208 1.6956 1.385 1.0168 0.6412 0.2992 0.1128 0.063 0.0298 0.0108 0.001 0 0 0 0 0 0 0 0 0.001 0.013 0.0418 0.1502 0.325 0.5642 0.8218 0.9862 0.914 0.7796 0.6246 0.3724 0.2126 0.1138 0.047 0.0198 0.0078 0.0052 0 0 0 0 0 0 0 0.0022 0.0094 0.0548 0.1084 0.1838 0.2896 0.4052 0.5126 0.5658 0.5276 0.4466 0.3566 0.2316 0.1442 0.0838 0.0386 0.0156 0.0124 0.01 0.0012 0 0 0 0 0 0 0.0012 0.0128 0.0298 0.048 0.0866 0.1332 
0 0 0 0 0 0 0 0 0 0 0 0 0 0 0 0 0 0 0 0 0.0016 0.0392 0.231 0.8298 1.4792 1.5954 1.4914 1.039 0.6282 0.3734 0.1798 0.075 0.0312 0.0058 0 0 0 0 0 0 0 0 0 0.0022 0.005 0.0236 0.1166 0.2482 0.5046 0.7554 0.9374 0.9048 0.7972 0.6096 0.4262 0.2976 0.189 0.0974 0.05 0.0242 0.0064 0.0024 0.0022 0 0 0 0 0.0016 0.004 0.0062 0.0278 0.0688 0.1362 0.2756 0.3862 0.4246 0.4706 0.5206 0.4668 0.3756 0.3 0.2198 0.1374 0.0914 0.0486 0.0136 0.0152 0.007 0.0024 0 0 0 0.002 0.0012 0.0014 0.0022 0.0132 0.0328 0.0646 0.1218 
0 0 0 0 0 0 0 0 0 0 0 0 0 0 0 0 0 0 0 0 0.0044 0.0366 0.2574 0.893 1.4756 1.6572 1.433 1.0048 0.6114 0.3294 0.1962 0.062 0.0252 0.0074 0.006 0.0004 0 0 0 0 0 0 0.0006 0.0036 0.008 0.0338 0.1294 0.3116 0.5816 0.8208 0.96 0.9324 0.7534 0.5706 0.3764 0.269 0.151 0.0578 0.0232 0.0094 0.0046 0.0016 0.0012 0 0 0 0 0 0.0008 0.004 0.0308 0.0728 0.1686 0.2984 0.3846 0.5554 0.5966 0.528 0.4434 0.3276 0.2672 0.1312 0.0964 0.0512 0.0162 0.012 0.007 0.0068 0.001 0 0 0 0 0 0 0.0046 0.0098 0.036 0.0714 0.11 
