0.03 0.09 0.15 0.21 0.27 0.33 0.39 0.45 0.51 0.57 0.63 0.69 0.75 0.81 0.87 0.93 0.99 1.05 1.11 1.17 1.23 1.29 1.35 1.41 1.47 1.53 1.59 1.65 1.71 1.77 1.83 1.89 1.95 2.01 2.07 2.13 2.19 2.25 2.31 2.37 2.43 2.49 2.55 2.61 2.67 2.73 2.79 2.85 2.91 2.97 3.03 3.09 3.15 3.21 3.27 3.33 3.39 3.45 3.51 3.57 3.63 3.69 3.75 3.81 3.87 3.93 3.99 4.05 4.11 4.17 4.23 4.29 4.35 4.41 4.47 4.53 4.59 4.65 4.71 4.77 4.83 4.89 4.95 5.01 5.07 5.13 5.19 5.25 5.31 5.37 5.43 5.49 5.55 5.61 5.67 5.73 5.79 5.85 5.91 5.97 
0 0 0 0 0 0 0 0 0 0 0 0 0 0 0 0 0 2.3768 4.7274 0.0966 0 0 0 0 0 0 0 0 0 0 0 0 0 0 0.0322 1.8546 2.7422 0.755 0.0166 0 0 0 0 0 0 0 0 0 0 0 0 0 0.1014 1.2108 1.1822 1.0094 0.0966 0 0 0 0 0 0 0 0 0 0 0 0 0 0.0458 0.5452 0.4222 0.5878 0.1926 0.0066 0 0 0 0 0 0 0 0 0 0 0 0 0 0 0 0 0 0 0 0 0 0 0 0 
0 0 0 0 0 0 0 0 0 0 0 0 0 0 0 0 0 2.3864 5.5954 0.0182 0 0 0 0 0 0 0 0 0 0 0 0 0 0 0 1.363 4.5408 0.0962 0 0 0 0 0 0 0 0 0 0 0 0 0 0 0 0.7102 3.0742 0.2156 0 0 0 0 0 0 0 0 0 0 0 0 0 0 0 0.1874 1.4544 0.3582 0 0 0 0 0 0 0 0 0 0 0 0 0 0 0 0 0 0 0 0 0 0 0 0 0 0 
0 0 0 0 0 0 0 0 0 0 0 0 0 0 0 0 0 2.5394 5.3888 0.0718 0 0 0 0 0 0 0 0 0 0 0 0 0 0 0.041 1.987 3.4706 0.5014 0 0 0 0 0 0 0 0 0 0 0 0 0 0 0.0866 1.3104 1.7706 0.768 0.0644 0 0 0 0 0 0 0 0 0 0 0 0 0 0.0694 0.5386 0.6234 0.601 0.1604 0.0072 0 0 0 0 0 0 0 0 0 0 0 0 0 0 0 0 0 0 0 0 0 0 0 0 
0 0 0 0 0 0 0 0 0 0 0 0 0 0 0 0 0 2.5906 5.266 0.1434 0 0 0 0 0 0 0 0 0 0 0 0 0 0 0.0124 1.2256 4.531 0.231 0 0 0 0 0 0 0 0 0 0 0 0 0 0 0 0.5568 3.101 0.3422 0 0 0 0 0 0 0 0 0 0 0 0 0 0 0 0.1536 1.4202 0.3798 0.0464 0 0 0 0 0 0 0 0 0 0 0 0 0 0 0 0 0 0 0 0 0 0 0 0 0 
0 0 0 0 0 0 0 0 0 0 0 0 0 0 0 0 0 2.6064 5.2294 0.1642 0 0 0 0 0 0 0 0 0 0 0 0 0 0 0.0062 1.1238 4.6892 0.1808 0 0 0 0 0 0 0 0 0 0 0 0 0 0 0 0.2684 3.5166 0.2134 0.0016 0 0 0 0 0 0 0 0 0 0 0 0 0 0 0.0368 1.6442 0.287 0.032 0 0 0 0 0 0 0 0 0 0 0 0 0 0 0 0 0 0 0 0 0 0 0 0 0 
0 0 0 0 0 0 0 0 0 0 0 0 0 0 0 0 0 2.5324 5.3248 0.1428 0 0 0 0 0 0 0 0 0 0 0 0 0 0 0.0002 1.16 4.7186 0.1212 0 0 0 0 0 0 0 0 0 0 0 0 0 0 0 0.2902 3.5512 0.1586 0 0 0 0 0 0 0 0 0 0 0 0 0 0 0 0.0552 1.6078 0.3276 0.0094 0 0 0 0 0 0 0 0 0 0 0 0 0 0 0 0 0 0 0 0 0 0 0 0 0 
0 0 0 0 0 0 0 0 0 0 0 0 0 0 0 0 0 2.8594 4.728 0.4126 0 0 0 0 0 0 0 0 0 0 0 0 0 0 0 1.098 4.6868 0.2152 0 0 0 0 0 0 0 0 0 0 0 0 0 0 0 0.004 3.7994 0.1966 0 0 0 0 0 0 0 0 0 0 0 0 0 0 0 0 1.452 0.5388 0.0092 0 0 0 0 0 0 0 0 0 0 0 0 0 0 0 0 0 0 0 0 0 0 0 0 0 
0 0 0 0 0 0 0 0 0 0 0 0 0 0 0 0 0.025 2.8306 4.22 0.8122 0.1122 0 0 0 0 0 0 0 0 0 0 0 0 0 0.0318 1.4432 3.2256 1.2184 0.0764 0.0046 0 0 0 0 0 0 0 0 0 0 0 0 0.0008 0.691 1.7928 1.4096 0.1058 0 0 0 0 0 0 0 0 0 0 0 0 0 0.001 0.274 0.643 0.7662 0.2628 0.0492 0.0038 0 0 0 0 0 0 0 0 0 0 0 0 0 0 0 0 0 0 0 0 0 0 0 
0 0 0 0 0 0 0 0 0 0 0 0 0 0 0 0 0.0008 2.7188 4.6826 0.5978 0 0 0 0 0 0 0 0 0 0 0 0 0 0 0.1418 1.9758 2.1326 1.6762 0.0736 0 0 0 0 0 0 0 0 0 0 0 0 0 0.3724 1.0444 0.8812 1.1114 0.5844 0.0062 0 0 0 0 0 0 0 0 0 0 0 0 0.224 0.431 0.334 0.3754 0.532 0.1036 0 0 0 0 0 0 0 0 0 0 0 0 0 0 0 0 0 0 0 0 0 0 0 0 
0 0 0 0 0 0 0 0 0 0 0 0 0 0 0 0 0 2.7296 4.6216 0.6488 0 0 0 0 0 0 0 0 0 0 0 0 0 0 0.0892 1.9422 2.4856 1.3994 0.0836 0 0 0 0 0 0 0 0 0 0 0 0 0 0.1772 1.1086 1.1418 1.2158 0.3566 0 0 0 0 0 0 0 0 0 0 0 0 0 0.052 0.5346 0.4136 0.4692 0.5272 0.0034 0 0 0 0 0 0 0 0 0 0 0 0 0 0 0 0 0 0 0 0 0 0 0 0 
0 0 0 0 0 0 0 0 0 0 0 0 0 0 0 0 0.0106 2.5198 5.102 0.3658 0.0018 0 0 0 0 0 0 0 0 0 0 0 0 0 0.0768 1.8828 3.0266 0.9444 0.0694 0 0 0 0 0 0 0 0 0 0 0 0 0 0.1498 1.207 1.3546 0.9622 0.3138 0.0126 0 0 0 0 0 0 0 0 0 0 0 0 0.1064 0.5052 0.485 0.5716 0.239 0.0928 0 0 0 0 0 0 0 0 0 0 0 0 0 0 0 0 0 0 0 0 0 0 0 0 
0 0 0 0 0 0 0 0 0 0 0 0 0 0 0 0 0.0076 2.648 4.8604 0.484 0 0 0 0 0 0 0 0 0 0 0 0 0 0 0.0032 1.3612 3.8504 0.7746 0.0106 0 0 0 0 0 0 0 0 0 0 0 0 0 0.0072 0.861 1.9638 1.0426 0.1238 0.0016 0 0 0 0 0 0 0 0 0 0 0 0 0 0.3224 0.7872 0.6796 0.2058 0.005 0 0 0 0 0 0 0 0 0 0 0 0 0 0 0 0 0 0 0 0 0 0 0 0 
0 0 0 0 0 0 0 0 0 0 0 0 0 0 0 0 0.0002 2.728 4.9332 0.3386 0 0 0 0 0 0 0 0 0 0 0 0 0 0 0.0922 2.0668 2.2326 1.5908 0.0176 0 0 0 0 0 0 0 0 0 0 0 0 0 0.3244 1.143 0.8948 1.2426 0.3916 0.0036 0 0 0 0 0 0 0 0 0 0 0 0 0.2362 0.4446 0.3392 0.4108 0.4818 0.0874 0 0 0 0 0 0 0 0 0 0 0 0 0 0 0 0 0 0 0 0 0 0 0 0 
0 0 0 0 0 0 0 0 0 0 0 0 0 0 0 0 0.0118 2.68 4.7178 0.5898 0.0006 0 0 0 0 0 0 0 0 0 0 0 0 0 0.0296 1.6018 3.1716 1.174 0.023 0 0 0 0 0 0 0 0 0 0 0 0 0 0.0626 1.0382 1.4326 1.1772 0.2894 0 0 0 0 0 0 0 0 0 0 0 0 0 0.0166 0.4712 0.5346 0.5726 0.383 0.022 0 0 0 0 0 0 0 0 0 0 0 0 0 0 0 0 0 0 0 0 0 0 0 0 
0 0 0 0 0 0 0 0 0 0 0 0 0 0 0 0 0.0032 2.663 5.0008 0.333 0 0 0 0 0 0 0 0 0 0 0 0 0 0 0.0378 1.903 3.1016 0.956 0.0016 0 0 0 0 0 0 0 0 0 0 0 0 0 0.0174 1.3368 1.254 1.29 0.1018 0 0 0 0 0 0 0 0 0 0 0 0 0 0.0216 0.5782 0.4764 0.625 0.2892 0.0096 0 0 0 0 0 0 0 0 0 0 0 0 0 0 0 0 0 0 0 0 0 0 0 0 
0 0 0 0 0 0 0 0 0 0 0 0 0 0 0 0 0.004 2.6588 4.8912 0.446 0 0 0 0 0 0 0 0 0 0 0 0 0 0 0.0682 1.934 2.7066 1.2822 0.009 0 0 0 0 0 0 0 0 0 0 0 0 0 0.0464 1.3306 1.0816 1.3592 0.1822 0 0 0 0 0 0 0 0 0 0 0 0 0 0.054 0.5724 0.4116 0.5032 0.4336 0.0252 0 0 0 0 0 0 0 0 0 0 0 0 0 0 0 0 0 0 0 0 0 0 0 0 
0 0 0 0 0 0 0 0 0 0 0 0 0 0 0 0 0.001 2.6586 4.9894 0.351 0 0 0 0 0 0 0 0 0 0 0 0 0 0 0.0242 1.8628 3.1262 0.9868 0 0 0 0 0 0 0 0 0 0 0 0 0 0 0.0056 1.302 1.2666 1.3728 0.053 0 0 0 0 0 0 0 0 0 0 0 0 0 0.01 0.5792 0.4708 0.6398 0.2984 0.0018 0 0 0 0 0 0 0 0 0 0 0 0 0 0 0 0 0 0 0 0 0 0 0 0 
0 0 0 0 0 0 0 0 0 0 0 0 0 0 0 0 0.0008 2.6692 4.809 0.5204 0.0006 0 0 0 0 0 0 0 0 0 0 0 0 0 0.1188 1.9092 2.538 1.3092 0.1248 0 0 0 0 0 0 0 0 0 0 0 0 0 0.2326 1.1152 1.0902 1.1316 0.4056 0.0248 0 0 0 0 0 0 0 0 0 0 0 0 0.1206 0.5004 0.3966 0.514 0.3648 0.1036 0 0 0 0 0 0 0 0 0 0 0 0 0 0 0 0 0 0 0 0 0 0 0 0 
0 0 0 0 0 0 0 0 0 0 0 0 0 0 0 0 0.003 2.6646 4.8836 0.4488 0 0 0 0 0 0 0 0 0 0 0 0 0 0 0.1422 1.9792 2.3502 1.4458 0.0826 0 0 0 0 0 0 0 0 0 0 0 0 0 0.3 1.1378 0.9446 1.1554 0.4518 0.0104 0 0 0 0 0 0 0 0 0 0 0 0 0.2146 0.4478 0.3564 0.4472 0.4328 0.1012 0 0 0 0 0 0 0 0 0 0 0 0 0 0 0 0 0 0 0 0 0 0 0 0 
0 0 0 0 0 0 0 0 0 0 0 0 0 0 0 0 0.0018 2.662 4.8934 0.4428 0 0 0 0 0 0 0 0 0 0 0 0 0 0 0.0532 1.8776 2.8942 1.1152 0.0598 0 0 0 0 0 0 0 0 0 0 0 0 0 0.0942 1.2088 1.2432 1.2274 0.224 0.0024 0 0 0 0 0 0 0 0 0 0 0 0 0.0238 0.5712 0.4454 0.5886 0.3548 0.0162 0 0 0 0 0 0 0 0 0 0 0 0 0 0 0 0 0 0 0 0 0 0 0 0 
0 0 0 0 0 0 0 0 0 0 0 0 0 0 0 0 0.0002 2.7244 4.8082 0.4666 0.0006 0 0 0 0 0 0 0 0 0 0 0 0 0 0.0844 1.9282 2.7282 1.1792 0.08 0 0 0 0 0 0 0 0 0 0 0 0 0 0.1396 1.1908 1.2172 1.2098 0.2426 0 0 0 0 0 0 0 0 0 0 0 0 0 0.0522 0.5496 0.437 0.5746 0.3592 0.0274 0 0 0 0 0 0 0 0 0 0 0 0 0 0 0 0 0 0 0 0 0 0 0 0 
0 0 0 0 0 0 0 0 0 0 0 0 0 0 0 0 0.003 2.7434 4.7456 0.4994 0.0086 0 0 0 0 0 0 0 0 0 0 0 0 0 0.1078 1.9324 2.5642 1.3152 0.0804 0 0 0 0 0 0 0 0 0 0 0 0 0 0.1936 1.1876 1.0744 1.2508 0.2936 0 0 0 0 0 0 0 0 0 0 0 0 0 0.054 0.5626 0.3978 0.4834 0.49 0.0122 0 0 0 0 0 0 0 0 0 0 0 0 0 0 0 0 0 0 0 0 0 0 0 0 
0 0 0 0 0 0 0 0 0 0 0 0 0 0 0 0 0.0004 2.685 4.9136 0.3992 0.0018 0 0 0 0 0 0 0 0 0 0 0 0 0 0.0456 1.9684 2.8544 1.0858 0.0458 0 0 0 0 0 0 0 0 0 0 0 0 0 0.081 1.2482 1.2398 1.2702 0.1608 0 0 0 0 0 0 0 0 0 0 0 0 0 0.023 0.5692 0.4556 0.5938 0.3566 0.0018 0 0 0 0 0 0 0 0 0 0 0 0 0 0 0 0 0 0 0 0 0 0 0 0 
0 0 0 0 0 0 0 0 0 0 0 0 0 0 0 0 0.0012 2.7386 4.6366 0.6224 0.0012 0 0 0 0 0 0 0 0 0 0 0 0 0 0.107 1.8478 2.6096 1.351 0.0846 0 0 0 0 0 0 0 0 0 0 0 0 0 0.1338 1.167 1.106 1.2816 0.3116 0 0 0 0 0 0 0 0 0 0 0 0 0 0.0428 0.5496 0.4012 0.4674 0.532 0.007 0 0 0 0 0 0 0 0 0 0 0 0 0 0 0 0 0 0 0 0 0 0 0 0 
0 0 0 0 0 0 0 0 0 0 0 0 0 0 0 0 0.0008 2.7152 4.882 0.402 0 0 0 0 0 0 0 0 0 0 0 0 0 0 0.0106 1.4678 3.821 0.688 0.0126 0 0 0 0 0 0 0 0 0 0 0 0 0 0.009 0.8454 2.2198 0.8618 0.064 0 0 0 0 0 0 0 0 0 0 0 0 0 0 0.2698 0.9238 0.6622 0.1442 0 0 0 0 0 0 0 0 0 0 0 0 0 0 0 0 0 0 0 0 0 0 0 0 0 
0 0 0 0 0 0 0 0 0 0 0 0 0 0 0 0 0 2.6638 5.0432 0.293 0 0 0 0 0 0 0 0 0 0 0 0 0 0 0.011 1.891 3.2624 0.8276 0.008 0 0 0 0 0 0 0 0 0 0 0 0 0 0.0154 1.184 1.6602 1.0914 0.049 0 0 0 0 0 0 0 0 0 0 0 0 0 0 0.5082 0.5966 0.7662 0.129 0 0 0 0 0 0 0 0 0 0 0 0 0 0 0 0 0 0 0 0 0 0 0 0 0 
0 0 0 0 0 0 0 0 0 0 0 0 0 0 0 0 0.0074 2.6916 4.8706 0.4174 0.013 0 0 0 0 0 0 0 0 0 0 0 0 0 0.0398 1.7566 3.2128 0.9222 0.0686 0 0 0 0 0 0 0 0 0 0 0 0 0 0.0302 1.196 1.5094 1.1122 0.1482 0.004 0 0 0 0 0 0 0 0 0 0 0 0 0.0028 0.5444 0.532 0.6748 0.2208 0.0252 0 0 0 0 0 0 0 0 0 0 0 0 0 0 0 0 0 0 0 0 0 0 0 0 
0 0 0 0 0 0 0 0 0 0 0 0 0 0 0 0 0.0006 2.8096 4.8186 0.3712 0 0 0 0 0 0 0 0 0 0 0 0 0 0 0.0586 1.8548 3.0472 1.0322 0.0072 0 0 0 0 0 0 0 0 0 0 0 0 0 0.109 1.0752 1.4862 1.2264 0.1032 0 0 0 0 0 0 0 0 0 0 0 0 0 0.0738 0.428 0.5528 0.638 0.2912 0.0162 0 0 0 0 0 0 0 0 0 0 0 0 0 0 0 0 0 0 0 0 0 0 0 0 
0 0 0 0 0 0 0 0 0 0 0 0 0 0 0 0 0.0012 2.915 4.4398 0.6334 0.0106 0 0 0 0 0 0 0 0 0 0 0 0 0 0.0788 1.432 3.5386 0.9222 0.0284 0 0 0 0 0 0 0 0 0 0 0 0 0 0.0022 0.8098 2.077 1.0462 0.0648 0 0 0 0 0 0 0 0 0 0 0 0 0 0.013 0.2662 0.797 0.6644 0.23 0.0294 0 0 0 0 0 0 0 0 0 0 0 0 0 0 0 0 0 0 0 0 0 0 0 0 
0 0 0 0 0 0 0 0 0 0 0 0 0 0 0 0 0.001 2.7 4.7928 0.5062 0 0 0 0 0 0 0 0 0 0 0 0 0 0 0.1772 1.9818 2.3692 1.313 0.1588 0 0 0 0 0 0 0 0 0 0 0 0 0 0.2982 1.147 0.9484 1.1366 0.455 0.0148 0 0 0 0 0 0 0 0 0 0 0 0.0026 0.186 0.4746 0.3598 0.4576 0.3724 0.1414 0.0056 0 0 0 0 0 0 0 0 0 0 0 0 0 0 0 0 0 0 0 0 0 0 0 
0 0 0 0 0 0 0 0 0 0 0 0 0 0 0 0 0 2.6862 4.9918 0.322 0 0 0 0 0 0 0 0 0 0 0 0 0 0 0.0018 1.6068 3.7154 0.6732 0.0028 0 0 0 0 0 0 0 0 0 0 0 0 0 0 0.9076 2.097 0.9814 0.014 0 0 0 0 0 0 0 0 0 0 0 0 0 0 0.2802 0.836 0.8618 0.022 0 0 0 0 0 0 0 0 0 0 0 0 0 0 0 0 0 0 0 0 0 0 0 0 0 
0 0 0 0 0 0 0 0 0 0 0 0 0 0 0 0 0.0088 2.8466 4.3314 0.7846 0.0286 0 0 0 0 0 0 0 0 0 0 0 0 0 0.1296 1.9002 2.565 1.1862 0.1982 0.0208 0 0 0 0 0 0 0 0 0 0 0 0 0.1 0.9194 1.6758 1.0284 0.2384 0.038 0 0 0 0 0 0 0 0 0 0 0 0 0.0094 0.2582 0.7732 0.6852 0.2008 0.0718 0.0014 0 0 0 0 0 0 0 0 0 0 0 0 0 0 0 0 0 0 0 0 0 0 0 
0 0 0 0 0 0 0 0 0 0 0 0 0 0 0 0 0 2.8286 4.8326 0.3388 0 0 0 0 0 0 0 0 0 0 0 0 0 0 0 1.8002 3.7616 0.4382 0 0 0 0 0 0 0 0 0 0 0 0 0 0 0 0.5152 3.2254 0.2594 0 0 0 0 0 0 0 0 0 0 0 0 0 0 0 0.0022 1.5114 0.4864 0 0 0 0 0 0 0 0 0 0 0 0 0 0 0 0 0 0 0 0 0 0 0 0 0 0 
0 0 0 0 0 0 0 0 0 0 0 0 0 0 0 0 0 2.9324 4.5612 0.4972 0.0092 0 0 0 0 0 0 0 0 0 0 0 0 0 0.0224 2.0364 2.8746 1.0088 0.0578 0 0 0 0 0 0 0 0 0 0 0 0 0 0.0056 0.8642 2.2288 0.8722 0.0292 0 0 0 0 0 0 0 0 0 0 0 0 0 0 0.0002 1.1538 0.8372 0.0088 0 0 0 0 0 0 0 0 0 0 0 0 0 0 0 0 0 0 0 0 0 0 0 0 0 
0 0 0 0 0 0 0 0 0 0 0 0 0 0 0 0 0 2.9612 4.398 0.6372 0.0036 0 0 0 0 0 0 0 0 0 0 0 0 0 0.0022 1.7776 3.2648 0.9516 0.0038 0 0 0 0 0 0 0 0 0 0 0 0 0 0 0.4918 2.8334 0.6746 0.0002 0 0 0 0 0 0 0 0 0 0 0 0 0 0 0 1.1794 0.8202 0.0004 0 0 0 0 0 0 0 0 0 0 0 0 0 0 0 0 0 0 0 0 0 0 0 0 0 
0 0 0 0 0 0 0 0 0 0 0 0 0 0 0 0 0 2.9268 4.5494 0.5152 0.0086 0 0 0 0 0 0 0 0 0 0 0 0 0 0.0218 2.0208 2.8632 1.0404 0.0538 0 0 0 0 0 0 0 0 0 0 0 0 0 0.0054 0.812 2.2724 0.8806 0.0296 0 0 0 0 0 0 0 0 0 0 0 0 0 0 0.008 1.186 0.7984 0.0076 0 0 0 0 0 0 0 0 0 0 0 0 0 0 0 0 0 0 0 0 0 0 0 0 0 
0 0 0 0 0 0 0 0 0 0 0 0 0 0 0 0 0.0002 2.7468 4.835 0.411 0.007 0 0 0 0 0 0 0 0 0 0 0 0 0 0.0242 1.848 3.4944 0.6158 0.0176 0 0 0 0 0 0 0 0 0 0 0 0 0 0 0.6396 2.8146 0.5218 0.024 0 0 0 0 0 0 0 0 0 0 0 0 0 0 0.0714 1.4074 0.4456 0.0756 0 0 0 0 0 0 0 0 0 0 0 0 0 0 0 0 0 0 0 0 0 0 0 0 0 
0 0 0 0 0 0 0 0 0 0 0 0 0 0 0 0 0.0142 2.797 4.4336 0.7122 0.0416 0.0014 0 0 0 0 0 0 0 0 0 0 0 0 0.0508 1.6536 3.117 1.057 0.1172 0.0044 0 0 0 0 0 0 0 0 0 0 0 0 0.0196 0.7582 2.063 0.9966 0.1474 0.0152 0 0 0 0 0 0 0 0 0 0 0 0 0.001 0.1382 0.888 0.7808 0.1478 0.0442 0 0 0 0 0 0 0 0 0 0 0 0 0 0 0 0 0 0 0 0 0 0 0 0 
0 0 0 0 0 0 0 0 0 0 0 0 0 0 0 0 0.013 2.7514 4.5778 0.6226 0.035 0.0002 0 0 0 0 0 0 0 0 0 0 0 0 0.058 1.65 3.2174 0.9468 0.1236 0.0042 0 0 0 0 0 0 0 0 0 0 0 0 0.044 0.9194 1.8324 0.9856 0.2012 0.0174 0 0 0 0 0 0 0 0 0 0 0 0 0.0016 0.3402 0.6966 0.6746 0.2388 0.0482 0 0 0 0 0 0 0 0 0 0 0 0 0 0 0 0 0 0 0 0 0 0 0 0 
0 0 0 0 0 0 0 0 0 0 0 0 0 0 0 0 0.0006 2.8844 4.5084 0.5982 0.0084 0 0 0 0 0 0 0 0 0 0 0 0 0 0.0354 1.3536 3.912 0.6846 0.0144 0 0 0 0 0 0 0 0 0 0 0 0 0 0 0.543 2.6454 0.8064 0.0052 0 0 0 0 0 0 0 0 0 0 0 0 0 0 0.1836 0.8992 0.8022 0.1108 0.0042 0 0 0 0 0 0 0 0 0 0 0 0 0 0 0 0 0 0 0 0 0 0 0 0 
0 0 0 0 0 0 0 0 0 0 0 0 0 0 0 0 0.0038 2.8224 4.3944 0.758 0.0214 0 0 0 0 0 0 0 0 0 0 0 0 0 0.0642 1.7954 2.8296 1.1916 0.1188 0.0004 0 0 0 0 0 0 0 0 0 0 0 0 0.0324 0.8874 1.7896 1.1186 0.172 0 0 0 0 0 0 0 0 0 0 0 0 0 0 0.2366 0.748 0.7774 0.238 0 0 0 0 0 0 0 0 0 0 0 0 0 0 0 0 0 0 0 0 0 0 0 0 0 
0 0 0 0 0 0 0 0 0 0 0 0 0 0 0 0 0 2.8648 4.4646 0.6558 0.0148 0 0 0 0 0 0 0 0 0 0 0 0 0 0.0122 1.8614 2.9592 1.1194 0.0478 0 0 0 0 0 0 0 0 0 0 0 0 0 0.0088 0.7366 2.1972 1.0196 0.0378 0 0 0 0 0 0 0 0 0 0 0 0 0 0 0.0712 0.9984 0.8822 0.0482 0 0 0 0 0 0 0 0 0 0 0 0 0 0 0 0 0 0 0 0 0 0 0 0 0 
0 0 0 0 0 0 0 0 0 0 0 0 0 0 0 0 0.0002 2.9134 4.2942 0.7758 0.0164 0 0 0 0 0 0 0 0 0 0 0 0 0 0.0094 1.5048 3.5468 0.9142 0.0248 0 0 0 0 0 0 0 0 0 0 0 0 0 0.0032 0.3456 2.8942 0.7368 0.0202 0 0 0 0 0 0 0 0 0 0 0 0 0 0 0 1.1028 0.864 0.0332 0 0 0 0 0 0 0 0 0 0 0 0 0 0 0 0 0 0 0 0 0 0 0 0 0 
0 0 0 0 0 0 0 0 0 0 0 0 0 0 0 0 0.009 2.9186 4.218 0.816 0.0384 0 0 0 0 0 0 0 0 0 0 0 0 0 0.129 1.8012 2.6436 1.2104 0.2026 0.0132 0 0 0 0 0 0 0 0 0 0 0 0 0.093 0.8868 1.6868 1.0628 0.2508 0.0198 0 0 0 0 0 0 0 0 0 0 0 0 0 0.2576 0.7624 0.6548 0.281 0.0442 0 0 0 0 0 0 0 0 0 0 0 0 0 0 0 0 0 0 0 0 0 0 0 0 
0 0 0 0 0 0 0 0 0 0 0 0 0 0 0 0 0.0004 2.7196 4.9108 0.3692 0 0 0 0 0 0 0 0 0 0 0 0 0 0 0 1.1702 4.393 0.4368 0 0 0 0 0 0 0 0 0 0 0 0 0 0 0 0.4382 2.8934 0.6656 0.0028 0 0 0 0 0 0 0 0 0 0 0 0 0 0 0.0366 1.2274 0.7268 0.0092 0 0 0 0 0 0 0 0 0 0 0 0 0 0 0 0 0 0 0 0 0 0 0 0 0 
0 0 0 0 0 0 0 0 0 0 0 0 0 0 0 0 0.0024 2.7336 4.5872 0.6668 0.01 0 0 0 0 0 0 0 0 0 0 0 0 0 0.1218 1.7706 2.682 1.2806 0.1436 0.0014 0 0 0 0 0 0 0 0 0 0 0 0 0.1572 1.046 1.28 1.1754 0.3236 0.0178 0 0 0 0 0 0 0 0 0 0 0 0 0.0692 0.4388 0.4934 0.5512 0.3742 0.0724 0.0008 0 0 0 0 0 0 0 0 0 0 0 0 0 0 0 0 0 0 0 0 0 0 0 
0 0 0 0 0 0 0 0 0 0 0 0 0 0 0 0 0.01 2.7858 4.5134 0.653 0.0378 0 0 0 0 0 0 0 0 0 0 0 0 0 0.0528 1.718 3.0818 1.033 0.1136 0.0008 0 0 0 0 0 0 0 0 0 0 0 0 0.0402 0.8502 1.9332 1.0082 0.168 0.0002 0 0 0 0 0 0 0 0 0 0 0 0 0.0022 0.223 0.823 0.7168 0.2228 0.0122 0 0 0 0 0 0 0 0 0 0 0 0 0 0 0 0 0 0 0 0 0 0 0 0 
0 0 0 0 0 0 0 0 0 0 0 0 0 0 0 0 0.0128 2.6614 4.8144 0.4786 0.0328 0 0 0 0 0 0 0 0 0 0 0 0 0 0.107 1.718 3.2306 0.7902 0.1412 0.013 0 0 0 0 0 0 0 0 0 0 0 0 0.0784 1.174 1.6084 0.8894 0.2158 0.034 0 0 0 0 0 0 0 0 0 0 0 0 0.025 0.4972 0.5904 0.5984 0.2052 0.079 0.0048 0 0 0 0 0 0 0 0 0 0 0 0 0 0 0 0 0 0 0 0 0 0 0 
0 0 0 0 0 0 0 0 0 0 0 0 0 0 0 0 0.0022 2.8446 4.3022 0.8296 0.0214 0 0 0 0 0 0 0 0 0 0 0 0 0 0.0746 1.7304 2.85 1.2568 0.0882 0 0 0 0 0 0 0 0 0 0 0 0 0 0.0198 0.8688 1.7582 1.2062 0.147 0 0 0 0 0 0 0 0 0 0 0 0 0 0 0.211 0.7562 0.7858 0.247 0 0 0 0 0 0 0 0 0 0 0 0 0 0 0 0 0 0 0 0 0 0 0 0 0 
0 0 0 0 0 0 0 0 0 0 0 0 0 0 0 0 0.037 2.7634 4.2916 0.8084 0.0898 0.009 0.0008 0 0 0 0 0 0 0 0 0 0 0.0008 0.1432 1.811 2.552 1.1362 0.3082 0.0468 0.0018 0 0 0 0 0 0 0 0 0 0 0 0.1164 0.9434 1.4434 1.027 0.371 0.0928 0.006 0 0 0 0 0 0 0 0 0 0 0 0.014 0.4464 0.5124 0.569 0.3084 0.1202 0.0266 0.003 0 0 0 0 0 0 0 0 0 0 0 0 0 0 0 0 0 0 0 0 0 0 
0 0 0 0 0 0 0 0 0 0 0 0 0 0 0 0 0.0304 2.7282 4.467 0.6804 0.0734 0.0206 0 0 0 0 0 0 0 0 0 0 0 0 0.0512 1.781 3.0468 0.902 0.1818 0.0356 0.0016 0 0 0 0 0 0 0 0 0 0 0 0.0224 0.7068 2.214 0.8156 0.2048 0.0364 0 0 0 0 0 0 0 0 0 0 0 0 0 0.0914 1.0148 0.6658 0.174 0.049 0.005 0 0 0 0 0 0 0 0 0 0 0 0 0 0 0 0 0 0 0 0 0 0 0 
0 0 0 0 0 0 0 0 0 0 0 0 0 0 0 0 0.0248 2.8158 4.1674 0.915 0.0736 0.0034 0 0 0 0 0 0 0 0 0 0 0 0 0.0544 1.637 2.9902 1.1682 0.1494 0.0008 0 0 0 0 0 0 0 0 0 0 0 0 0.0058 0.6264 2.1686 1.013 0.183 0.0032 0 0 0 0 0 0 0 0 0 0 0 0 0 0.086 0.892 0.7606 0.2194 0.042 0 0 0 0 0 0 0 0 0 0 0 0 0 0 0 0 0 0 0 0 0 0 0 0 
0 0 0 0 0 0 0 0 0 0 0 0 0 0 0 0 0.0064 2.7826 4.5908 0.5858 0.0344 0 0 0 0 0 0 0 0 0 0 0 0 0 0.0798 1.7314 3.0848 0.9682 0.127 0.0088 0 0 0 0 0 0 0 0 0 0 0 0 0.0548 0.9404 1.8386 0.9884 0.1628 0.015 0 0 0 0 0 0 0 0 0 0 0 0 0 0.3518 0.7012 0.7064 0.2126 0.028 0 0 0 0 0 0 0 0 0 0 0 0 0 0 0 0 0 0 0 0 0 0 0 0 
0 0 0 0 0 0 0 0 0 0 0 0 0 0 0 0 0.0368 2.722 4.4682 0.6704 0.0882 0.0126 0.0018 0 0 0 0 0 0 0 0 0 0 0 0.087 1.65 3.1558 0.8902 0.1618 0.051 0.0042 0 0 0 0 0 0 0 0 0 0 0 0.0304 0.8706 1.9868 0.8402 0.201 0.0678 0.0032 0 0 0 0 0 0 0 0 0 0 0 0 0.2728 0.7736 0.6644 0.1854 0.0842 0.0196 0 0 0 0 0 0 0 0 0 0 0 0 0 0 0 0 0 0 0 0 0 0 0 
0 0 0 0 0 0 0 0 0 0 0 0 0 0 0 0 0.0034 2.8566 4.255 0.8594 0.0256 0 0 0 0 0 0 0 0 0 0 0 0 0 0.036 1.8848 2.709 1.3134 0.0568 0 0 0 0 0 0 0 0 0 0 0 0 0 0.0006 0.7436 2.0906 1.1074 0.0578 0 0 0 0 0 0 0 0 0 0 0 0 0 0 0.033 0.9622 0.8934 0.1114 0 0 0 0 0 0 0 0 0 0 0 0 0 0 0 0 0 0 0 0 0 0 0 0 0 
0 0 0 0 0 0 0 0 0 0 0 0 0 0 0 0 0.0012 2.8124 4.3794 0.78 0.027 0 0 0 0 0 0 0 0 0 0 0 0 0 0.0102 1.9972 2.7922 1.1532 0.0472 0 0 0 0 0 0 0 0 0 0 0 0 0 0 0.7348 2.223 1.0222 0.02 0 0 0 0 0 0 0 0 0 0 0 0 0 0 0.0248 0.988 0.9192 0.068 0 0 0 0 0 0 0 0 0 0 0 0 0 0 0 0 0 0 0 0 0 0 0 0 0 
0 0 0 0 0 0 0 0 0 0 0 0 0 0 0 0 0 2.9184 4.2786 0.7796 0.0234 0 0 0 0 0 0 0 0 0 0 0 0 0 0.038 1.9336 2.6664 1.2866 0.0754 0 0 0 0 0 0 0 0 0 0 0 0 0 0.0006 0.7504 2.09 1.1328 0.0262 0 0 0 0 0 0 0 0 0 0 0 0 0 0 0 0.9638 1.0358 0.0004 0 0 0 0 0 0 0 0 0 0 0 0 0 0 0 0 0 0 0 0 0 0 0 0 0 
0 0 0 0 0 0 0 0 0 0 0 0 0 0 0 0 0.0022 2.8448 4.4402 0.6808 0.032 0 0 0 0 0 0 0 0 0 0 0 0 0 0.0296 1.869 2.9568 1.0812 0.0634 0 0 0 0 0 0 0 0 0 0 0 0 0 0 0.6434 2.3748 0.9478 0.034 0 0 0 0 0 0 0 0 0 0 0 0 0 0 0 1.0962 0.8928 0.011 0 0 0 0 0 0 0 0 0 0 0 0 0 0 0 0 0 0 0 0 0 0 0 0 0 
0 0 0 0 0 0 0 0 0 0 0 0 0 0 0 0 0.0128 2.8954 3.9942 1.0334 0.0642 0 0 0 0 0 0 0 0 0 0 0 0 0 0.1788 1.538 2.8248 1.251 0.2004 0.007 0 0 0 0 0 0 0 0 0 0 0 0 0.0818 0.682 1.886 1.0592 0.2692 0.0218 0 0 0 0 0 0 0 0 0 0 0 0 0.003 0.2488 0.6884 0.6508 0.3378 0.0712 0 0 0 0 0 0 0 0 0 0 0 0 0 0 0 0 0 0 0 0 0 0 0 0 
0 0 0 0 0 0 0 0 0 0 0 0 0 0 0 0 0.0046 2.8946 4.3718 0.7088 0.0202 0 0 0 0 0 0 0 0 0 0 0 0 0 0.0672 1.9602 2.7858 1.034 0.1528 0 0 0 0 0 0 0 0 0 0 0 0 0 0.0184 0.8504 2.0996 0.9088 0.122 0.0008 0 0 0 0 0 0 0 0 0 0 0 0 0 0.048 1.0428 0.7816 0.1252 0.0024 0 0 0 0 0 0 0 0 0 0 0 0 0 0 0 0 0 0 0 0 0 0 0 0 
0 0 0 0 0 0 0 0 0 0 0 0 0 0 0 0 0.0224 2.771 4.4502 0.6852 0.0712 0 0 0 0 0 0 0 0 0 0 0 0 0 0.1072 1.7598 2.8688 1.024 0.2012 0.039 0 0 0 0 0 0 0 0 0 0 0 0.0012 0.0784 0.9484 1.679 0.9652 0.2688 0.0578 0.0012 0 0 0 0 0 0 0 0 0 0 0 0.0014 0.3954 0.631 0.6392 0.2334 0.0896 0.01 0 0 0 0 0 0 0 0 0 0 0 0 0 0 0 0 0 0 0 0 0 0 0 
0 0 0 0 0 0 0 0 0 0 0 0 0 0 0 0 0.0094 2.826 4.2254 0.9062 0.033 0 0 0 0 0 0 0 0 0 0 0 0 0 0.0628 1.5536 2.9426 1.3294 0.1116 0 0 0 0 0 0 0 0 0 0 0 0 0 0.0294 0.772 1.7294 1.2764 0.1928 0 0 0 0 0 0 0 0 0 0 0 0 0 0 0.2118 0.7228 0.7392 0.3224 0.0038 0 0 0 0 0 0 0 0 0 0 0 0 0 0 0 0 0 0 0 0 0 0 0 0 
0 0 0 0 0 0 0 0 0 0 0 0 0 0 0 0 0.0258 2.6596 4.7316 0.5406 0.0406 0.0018 0 0 0 0 0 0 0 0 0 0 0 0 0.1048 1.7054 3.0542 0.9222 0.1972 0.0162 0 0 0 0 0 0 0 0 0 0 0 0 0.1192 1.0332 1.562 0.9456 0.2478 0.0882 0.004 0 0 0 0 0 0 0 0 0 0 0 0.0588 0.4344 0.5736 0.6254 0.1824 0.0936 0.0318 0 0 0 0 0 0 0 0 0 0 0 0 0 0 0 0 0 0 0 0 0 0 0 
0 0 0 0 0 0 0 0 0 0 0 0 0 0 0 0 0.002 2.6936 4.7888 0.5156 0 0 0 0 0 0 0 0 0 0 0 0 0 0 0.1404 1.7644 2.8728 1.0758 0.1464 0.0002 0 0 0 0 0 0 0 0 0 0 0 0.0016 0.1946 1.0084 1.3942 1.069 0.2918 0.0404 0 0 0 0 0 0 0 0 0 0 0 0.0006 0.116 0.3892 0.5384 0.6396 0.2048 0.1088 0.0026 0 0 0 0 0 0 0 0 0 0 0 0 0 0 0 0 0 0 0 0 0 0 0 
0 0 0 0 0 0 0 0 0 0 0 0 0 0 0 0 0.0184 2.7412 4.5132 0.6824 0.0434 0.0014 0 0 0 0 0 0 0 0 0 0 0 0 0.079 1.6462 3.0626 1.064 0.1258 0.0224 0 0 0 0 0 0 0 0 0 0 0 0.0006 0.0642 0.9582 1.6436 1.0926 0.1818 0.0578 0.0012 0 0 0 0 0 0 0 0 0 0 0 0.029 0.3564 0.632 0.6852 0.2156 0.0666 0.0152 0 0 0 0 0 0 0 0 0 0 0 0 0 0 0 0 0 0 0 0 0 0 0 
0 0 0 0 0 0 0 0 0 0 0 0 0 0 0 0 0.0418 2.6734 4.3708 0.8096 0.095 0.0094 0 0 0 0 0 0 0 0 0 0 0 0 0.1358 1.534 2.9122 1.1032 0.2698 0.0424 0.0026 0 0 0 0 0 0 0 0 0 0 0.0006 0.1114 0.8606 1.552 1.0002 0.377 0.09 0.0082 0 0 0 0 0 0 0 0 0 0 0 0.0302 0.3126 0.6316 0.577 0.294 0.1346 0.02 0 0 0 0 0 0 0 0 0 0 0 0 0 0 0 0 0 0 0 0 0 0 0 
0 0 0 0 0 0 0 0 0 0 0 0 0 0 0 0 0.0016 2.749 4.8412 0.4024 0.0058 0 0 0 0 0 0 0 0 0 0 0 0 0 0.01 1.7656 3.4292 0.77 0.0252 0 0 0 0 0 0 0 0 0 0 0 0 0 0.0064 0.8868 2.26 0.8098 0.037 0 0 0 0 0 0 0 0 0 0 0 0 0 0 0.2136 0.9936 0.7184 0.0734 0.001 0 0 0 0 0 0 0 0 0 0 0 0 0 0 0 0 0 0 0 0 0 0 0 0 
0 0 0 0 0 0 0 0 0 0 0 0 0 0 0 0 0.0074 2.8008 4.29 0.8678 0.034 0 0 0 0 0 0 0 0 0 0 0 0 0 0.0828 1.7324 2.7146 1.295 0.1752 0 0 0 0 0 0 0 0 0 0 0 0 0 0.06 0.909 1.5444 1.2072 0.2794 0 0 0 0 0 0 0 0 0 0 0 0 0 0 0.34 0.6058 0.6496 0.4024 0.0022 0 0 0 0 0 0 0 0 0 0 0 0 0 0 0 0 0 0 0 0 0 0 0 0 
0 0 0 0 0 0 0 0 0 0 0 0 0 0 0 0 0.0042 2.75 4.677 0.5524 0.0164 0 0 0 0 0 0 0 0 0 0 0 0 0 0.0514 1.8054 2.9482 1.1152 0.0788 0.001 0 0 0 0 0 0 0 0 0 0 0 0 0.0382 1.0674 1.5242 1.2236 0.1456 0.001 0 0 0 0 0 0 0 0 0 0 0 0 0.0032 0.4556 0.5608 0.7152 0.265 0.0002 0 0 0 0 0 0 0 0 0 0 0 0 0 0 0 0 0 0 0 0 0 0 0 0 
0 0 0 0 0 0 0 0 0 0 0 0 0 0 0 0 0.0212 2.7816 4.285 0.8576 0.0546 0 0 0 0 0 0 0 0 0 0 0 0 0 0.2082 1.7398 2.4 1.3518 0.2902 0.01 0 0 0 0 0 0 0 0 0 0 0 0 0.2238 1.0418 1.0588 1.1184 0.4882 0.069 0 0 0 0 0 0 0 0 0 0 0 0 0.0708 0.4956 0.3914 0.435 0.452 0.1306 0.0246 0 0 0 0 0 0 0 0 0 0 0 0 0 0 0 0 0 0 0 0 0 0 0 
0 0 0 0 0 0 0 0 0 0 0 0 0 0 0 0 0.003 2.772 4.5284 0.685 0.0116 0 0 0 0 0 0 0 0 0 0 0 0 0 0.0584 1.746 2.8948 1.2226 0.0782 0 0 0 0 0 0 0 0 0 0 0 0 0 0.0268 0.985 1.5612 1.2498 0.1772 0 0 0 0 0 0 0 0 0 0 0 0 0 0.0002 0.368 0.6264 0.7096 0.2958 0 0 0 0 0 0 0 0 0 0 0 0 0 0 0 0 0 0 0 0 0 0 0 0 0 
0 0 0 0 0 0 0 0 0 0 0 0 0 0 0 0 0.0122 2.7578 4.3978 0.794 0.0382 0 0 0 0 0 0 0 0 0 0 0 0 0 0.1218 1.6858 2.7436 1.2884 0.1604 0 0 0 0 0 0 0 0 0 0 0 0 0 0.081 1.0774 1.2878 1.205 0.3474 0.0014 0 0 0 0 0 0 0 0 0 0 0 0 0.0108 0.504 0.4612 0.537 0.429 0.058 0 0 0 0 0 0 0 0 0 0 0 0 0 0 0 0 0 0 0 0 0 0 0 0 
0 0 0 0 0 0 0 0 0 0 0 0 0 0 0 0 0.0466 2.739 4.1612 0.9024 0.1278 0.023 0 0 0 0 0 0 0 0 0 0 0 0.0008 0.101 1.659 2.702 1.1988 0.2758 0.0606 0.002 0 0 0 0 0 0 0 0 0 0 0.0018 0.0602 0.7168 1.7852 1.029 0.3442 0.0582 0.0046 0 0 0 0 0 0 0 0 0 0 0 0 0.1684 0.7656 0.6344 0.3338 0.0828 0.015 0 0 0 0 0 0 0 0 0 0 0 0 0 0 0 0 0 0 0 0 0 0 0 
0 0 0 0 0 0 0 0 0 0 0 0 0 0 0 0 0.026 2.7044 4.5738 0.6276 0.0682 0 0 0 0 0 0 0 0 0 0 0 0 0 0.152 1.7972 2.679 1.063 0.2668 0.042 0 0 0 0 0 0 0 0 0 0 0 0.004 0.1512 1.0718 1.3248 1.0166 0.3218 0.1038 0.006 0 0 0 0 0 0 0 0 0 0 0 0.0516 0.5036 0.4622 0.5824 0.253 0.1182 0.029 0 0 0 0 0 0 0 0 0 0 0 0 0 0 0 0 0 0 0 0 0 0 0 
0 0 0 0 0 0 0 0 0 0 0 0 0 0 0 0 0.0134 2.7064 4.5962 0.672 0.012 0 0 0 0 0 0 0 0 0 0 0 0 0 0.124 1.7696 2.6336 1.3262 0.1466 0 0 0 0 0 0 0 0 0 0 0 0 0 0.1692 1.1222 1.087 1.1936 0.3996 0.0284 0 0 0 0 0 0 0 0 0 0 0 0 0.0974 0.4894 0.4022 0.4806 0.4134 0.1096 0.0074 0 0 0 0 0 0 0 0 0 0 0 0 0 0 0 0 0 0 0 0 0 0 0 
0 0 0 0 0 0 0 0 0 0 0 0 0 0 0 0 0.0096 2.743 4.7432 0.4804 0.0238 0 0 0 0 0 0 0 0 0 0 0 0 0 0.015 1.5698 3.5274 0.8492 0.0386 0 0 0 0 0 0 0 0 0 0 0 0 0 0.002 0.9274 1.9604 1.0222 0.0864 0.0016 0 0 0 0 0 0 0 0 0 0 0 0 0.0016 0.3304 0.7524 0.7598 0.1474 0.0084 0 0 0 0 0 0 0 0 0 0 0 0 0 0 0 0 0 0 0 0 0 0 0 0 
0 0 0 0 0 0 0 0 0 0 0 0 0 0 0 0 0.0232 2.6492 4.6794 0.5954 0.0528 0 0 0 0 0 0 0 0 0 0 0 0 0 0.1118 1.642 3.0692 0.9492 0.212 0.0158 0 0 0 0 0 0 0 0 0 0 0 0.001 0.109 1.063 1.4588 0.9856 0.3142 0.0684 0 0 0 0 0 0 0 0 0 0 0 0 0.0314 0.472 0.5298 0.579 0.2592 0.1186 0.01 0 0 0 0 0 0 0 0 0 0 0 0 0 0 0 0 0 0 0 0 0 0 0 
0 0 0 0 0 0 0 0 0 0 0 0 0 0 0 0 0.025 2.6686 4.4444 0.8248 0.0372 0 0 0 0 0 0 0 0 0 0 0 0 0 0.3394 1.768 2.1448 1.266 0.427 0.0548 0 0 0 0 0 0 0 0 0 0 0 0.0208 0.3768 1.0312 0.826 0.9624 0.551 0.2292 0.0026 0 0 0 0 0 0 0 0 0 0 0 0.249 0.407 0.3166 0.3966 0.2946 0.2726 0.0636 0 0 0 0 0 0 0 0 0 0 0 0 0 0 0 0 0 0 0 0 0 0 0 
0 0 0 0 0 0 0 0 0 0 0 0 0 0 0 0 0.001 2.7842 4.7112 0.4992 0.0044 0 0 0 0 0 0 0 0 0 0 0 0 0 0.0984 1.808 3.0128 0.9614 0.1152 0.0042 0 0 0 0 0 0 0 0 0 0 0 0.0002 0.0928 0.9916 1.7504 0.9662 0.1834 0.0154 0 0 0 0 0 0 0 0 0 0 0 0 0.032 0.3786 0.6648 0.6762 0.208 0.0404 0 0 0 0 0 0 0 0 0 0 0 0 0 0 0 0 0 0 0 0 0 0 0 0 
0 0 0 0 0 0 0 0 0 0 0 0 0 0 0 0 0.02 2.8062 4.149 0.97 0.0542 0.0006 0 0 0 0 0 0 0 0 0 0 0 0 0.11 1.673 2.6484 1.3628 0.2058 0 0 0 0 0 0 0 0 0 0 0 0 0 0.067 0.9166 1.4274 1.2186 0.3668 0.0036 0 0 0 0 0 0 0 0 0 0 0 0 0.0028 0.3574 0.5532 0.6006 0.448 0.038 0 0 0 0 0 0 0 0 0 0 0 0 0 0 0 0 0 0 0 0 0 0 0 0 
0 0 0 0 0 0 0 0 0 0 0 0 0 0 0 0 0.0152 2.8934 4.0008 1.0196 0.071 0 0 0 0 0 0 0 0 0 0 0 0 0 0.04 1.543 3.031 1.2656 0.1204 0 0 0 0 0 0 0 0 0 0 0 0 0 0.0108 0.4466 2.3152 1.1006 0.1268 0 0 0 0 0 0 0 0 0 0 0 0 0 0 0.0156 0.9024 0.8358 0.2438 0.0024 0 0 0 0 0 0 0 0 0 0 0 0 0 0 0 0 0 0 0 0 0 0 0 0 
0 0 0 0 0 0 0 0 0 0 0 0 0 0 0 0 0 2.8746 4.4076 0.7072 0.0106 0 0 0 0 0 0 0 0 0 0 0 0 0 0.013 1.8974 2.8988 1.1624 0.0284 0 0 0 0 0 0 0 0 0 0 0 0 0 0.0092 0.7586 2.1708 1.0356 0.0258 0 0 0 0 0 0 0 0 0 0 0 0 0 0 0.099 0.9442 0.869 0.0878 0 0 0 0 0 0 0 0 0 0 0 0 0 0 0 0 0 0 0 0 0 0 0 0 0 
0 0 0 0 0 0 0 0 0 0 0 0 0 0 0 0 0.01 2.7476 4.5828 0.6236 0.036 0 0 0 0 0 0 0 0 0 0 0 0 0 0.0764 1.788 2.9946 1.015 0.1174 0.0086 0 0 0 0 0 0 0 0 0 0 0 0 0.0572 0.973 1.7958 0.9814 0.1752 0.0174 0 0 0 0 0 0 0 0 0 0 0 0 0 0.3874 0.6708 0.6908 0.2118 0.0392 0 0 0 0 0 0 0 0 0 0 0 0 0 0 0 0 0 0 0 0 0 0 0 0 
0 0 0 0 0 0 0 0 0 0 0 0 0 0 0 0 0.027 2.8226 3.903 1.1718 0.0756 0 0 0 0 0 0 0 0 0 0 0 0 0 0.0896 1.3466 2.9682 1.4138 0.1758 0.006 0 0 0 0 0 0 0 0 0 0 0 0 0.0386 0.5716 1.7998 1.2778 0.2948 0.0174 0 0 0 0 0 0 0 0 0 0 0 0 0.0062 0.1524 0.6784 0.7762 0.3234 0.0634 0 0 0 0 0 0 0 0 0 0 0 0 0 0 0 0 0 0 0 0 0 0 0 0 
0 0 0 0 0 0 0 0 0 0 0 0 0 0 0 0 0.0016 2.6858 4.8986 0.411 0.003 0 0 0 0 0 0 0 0 0 0 0 0 0 0.0708 1.6582 3.2936 0.906 0.0714 0 0 0 0 0 0 0 0 0 0 0 0 0 0.1132 1.0178 1.626 1.0094 0.2328 0.0008 0 0 0 0 0 0 0 0 0 0 0 0 0.0398 0.4112 0.6328 0.6006 0.2902 0.0254 0 0 0 0 0 0 0 0 0 0 0 0 0 0 0 0 0 0 0 0 0 0 0 0 
0 0 0 0 0 0 0 0 0 0 0 0 0 0 0 0 0.021 2.646 4.6836 0.6344 0.015 0 0 0 0 0 0 0 0 0 0 0 0 0 0.0052 1.2134 3.9844 0.7678 0.0292 0 0 0 0 0 0 0 0 0 0 0 0 0 0.0024 0.7014 2.2574 0.8952 0.1314 0.0122 0 0 0 0 0 0 0 0 0 0 0 0 0 0.2316 0.861 0.7202 0.1578 0.0294 0 0 0 0 0 0 0 0 0 0 0 0 0 0 0 0 0 0 0 0 0 0 0 0 
0 0 0 0 0 0 0 0 0 0 0 0 0 0 0 0 0.0292 2.6428 4.6082 0.6856 0.0342 0 0 0 0 0 0 0 0 0 0 0 0 0 0.2558 1.812 2.2154 1.3422 0.317 0.0576 0 0 0 0 0 0 0 0 0 0 0 0.047 0.3044 1.0556 0.886 1.048 0.4326 0.1724 0.054 0 0 0 0 0 0 0 0 0 0.0004 0.051 0.153 0.4492 0.3296 0.4116 0.3728 0.1386 0.0664 0.0274 0 0 0 0 0 0 0 0 0 0 0 0 0 0 0 0 0 0 0 0 0 0 
0 0 0 0 0 0 0 0 0 0 0 0 0 0 0 0 0.048 2.6406 4.381 0.8308 0.098 0.0016 0 0 0 0 0 0 0 0 0 0 0 0.0008 0.2384 1.7348 2.3694 1.203 0.3708 0.0796 0.0032 0 0 0 0 0 0 0 0 0 0 0.015 0.2456 1.0634 1.0126 0.9622 0.495 0.1872 0.019 0 0 0 0 0 0 0 0 0 0 0 0.12 0.484 0.3686 0.4422 0.309 0.2068 0.0674 0.002 0 0 0 0 0 0 0 0 0 0 0 0 0 0 0 0 0 0 0 0 0 0 
0 0 0 0 0 0 0 0 0 0 0 0 0 0 0 0 0.0124 2.833 4.2578 0.8408 0.056 0 0 0 0 0 0 0 0 0 0 0 0 0 0.0818 1.7076 2.818 1.208 0.1798 0.0048 0 0 0 0 0 0 0 0 0 0 0 0 0.0366 0.7548 1.889 1.104 0.2016 0.014 0 0 0 0 0 0 0 0 0 0 0 0 0.001 0.1144 0.8416 0.8074 0.2066 0.029 0 0 0 0 0 0 0 0 0 0 0 0 0 0 0 0 0 0 0 0 0 0 0 0 
0 0 0 0 0 0 0 0 0 0 0 0 0 0 0 0 0.0204 2.825 3.9718 1.1106 0.0716 0.0006 0 0 0 0 0 0 0 0 0 0 0 0 0.0876 1.5172 2.7994 1.4094 0.1864 0 0 0 0 0 0 0 0 0 0 0 0 0 0.024 0.7244 1.6796 1.2772 0.2936 0.0012 0 0 0 0 0 0 0 0 0 0 0 0 0 0.2056 0.6724 0.667 0.4292 0.0258 0 0 0 0 0 0 0 0 0 0 0 0 0 0 0 0 0 0 0 0 0 0 0 0 
0 0 0 0 0 0 0 0 0 0 0 0 0 0 0 0 0.0014 2.892 4.2148 0.8526 0.0392 0 0 0 0 0 0 0 0 0 0 0 0 0 0.0276 1.7698 2.8452 1.2944 0.063 0 0 0 0 0 0 0 0 0 0 0 0 0 0.0076 0.65 2.1294 1.1556 0.0566 0.0008 0 0 0 0 0 0 0 0 0 0 0 0 0 0.065 0.8818 0.9136 0.1396 0 0 0 0 0 0 0 0 0 0 0 0 0 0 0 0 0 0 0 0 0 0 0 0 0 
0 0 0 0 0 0 0 0 0 0 0 0 0 0 0 0 0.0196 2.8058 4.1302 0.9314 0.113 0 0 0 0 0 0 0 0 0 0 0 0 0 0.095 1.9002 2.3894 1.344 0.2632 0.0082 0 0 0 0 0 0 0 0 0 0 0 0 0.0376 0.7912 1.8234 1.0848 0.257 0.006 0 0 0 0 0 0 0 0 0 0 0 0 0 0.038 0.9508 0.7386 0.2602 0.0124 0 0 0 0 0 0 0 0 0 0 0 0 0 0 0 0 0 0 0 0 0 0 0 0 
0 0 0 0 0 0 0 0 0 0 0 0 0 0 0 0 0.0052 2.8144 4.3362 0.8236 0.0206 0 0 0 0 0 0 0 0 0 0 0 0 0 0.0758 1.7516 2.7562 1.2758 0.1406 0 0 0 0 0 0 0 0 0 0 0 0 0 0.06 0.921 1.6106 1.1812 0.2252 0.002 0 0 0 0 0 0 0 0 0 0 0 0 0 0.3652 0.6092 0.6456 0.378 0.002 0 0 0 0 0 0 0 0 0 0 0 0 0 0 0 0 0 0 0 0 0 0 0 0 
0 0 0 0 0 0 0 0 0 0 0 0 0 0 0 0 0.0158 2.7858 4.2588 0.9 0.0396 0 0 0 0 0 0 0 0 0 0 0 0 0 0.124 1.6398 2.6834 1.3478 0.205 0 0 0 0 0 0 0 0 0 0 0 0 0 0.093 1.0206 1.2708 1.2268 0.3826 0.0062 0 0 0 0 0 0 0 0 0 0 0 0 0.0052 0.458 0.4728 0.5246 0.492 0.0474 0 0 0 0 0 0 0 0 0 0 0 0 0 0 0 0 0 0 0 0 0 0 0 0 
0 0 0 0 0 0 0 0 0 0 0 0 0 0 0 0 0.0178 2.7134 4.5128 0.706 0.048 0.002 0 0 0 0 0 0 0 0 0 0 0 0 0.1098 1.8126 2.6458 1.2626 0.1616 0.0076 0 0 0 0 0 0 0 0 0 0 0 0 0.096 1.1358 1.177 1.2536 0.3184 0.0192 0 0 0 0 0 0 0 0 0 0 0 0 0.0098 0.5252 0.4438 0.5096 0.4454 0.0624 0.0038 0 0 0 0 0 0 0 0 0 0 0 0 0 0 0 0 0 0 0 0 0 0 0 
0 0 0 0 0 0 0 0 0 0 0 0 0 0 0 0 0.0036 2.8804 4.139 0.949 0.028 0 0 0 0 0 0 0 0 0 0 0 0 0 0.0854 1.7368 2.7328 1.2916 0.1534 0 0 0 0 0 0 0 0 0 0 0 0 0 0.0536 0.7246 1.8734 1.1722 0.1762 0 0 0 0 0 0 0 0 0 0 0 0 0 0 0.1792 0.7498 0.77 0.2972 0.0038 0 0 0 0 0 0 0 0 0 0 0 0 0 0 0 0 0 0 0 0 0 0 0 0 
0 0 0 0 0 0 0 0 0 0 0 0 0 0 0 0 0.0126 2.822 4.4192 0.704 0.0422 0 0 0 0 0 0 0 0 0 0 0 0 0 0.108 1.7898 2.706 1.2208 0.171 0.0044 0 0 0 0 0 0 0 0 0 0 0 0 0.1 1.0564 1.4066 1.1422 0.2856 0.0092 0 0 0 0 0 0 0 0 0 0 0 0 0.0002 0.5008 0.485 0.57 0.3914 0.0526 0 0 0 0 0 0 0 0 0 0 0 0 0 0 0 0 0 0 0 0 0 0 0 0 
0 0 0 0 0 0 0 0 0 0 0 0 0 0 0 0 0.0122 2.8572 4.111 0.9884 0.0312 0 0 0 0 0 0 0 0 0 0 0 0 0 0.1106 1.6904 2.6746 1.3434 0.181 0 0 0 0 0 0 0 0 0 0 0 0 0 0.0374 0.8886 1.5904 1.2242 0.2594 0 0 0 0 0 0 0 0 0 0 0 0 0 0 0.2344 0.6922 0.7156 0.3252 0.0326 0 0 0 0 0 0 0 0 0 0 0 0 0 0 0 0 0 0 0 0 0 0 0 0 
0 0 0 0 0 0 0 0 0 0 0 0 0 0 0 0 0.0004 2.717 4.8048 0.4592 0.0186 0 0 0 0 0 0 0 0 0 0 0 0 0 0.0066 1.4136 3.8448 0.702 0.033 0 0 0 0 0 0 0 0 0 0 0 0 0 0 0.4856 2.8166 0.671 0.0268 0 0 0 0 0 0 0 0 0 0 0 0 0 0 0 1.371 0.6084 0.0206 0 0 0 0 0 0 0 0 0 0 0 0 0 0 0 0 0 0 0 0 0 0 0 0 0 
0 0 0 0 0 0 0 0 0 0 0 0 0 0 0 0 0.0038 2.8222 4.2724 0.8764 0.0252 0 0 0 0 0 0 0 0 0 0 0 0 0 0.0572 1.6748 2.9606 1.2128 0.0946 0 0 0 0 0 0 0 0 0 0 0 0 0 0.0218 0.7584 1.9556 1.1326 0.1312 0.0004 0 0 0 0 0 0 0 0 0 0 0 0 0.0078 0.1842 0.769 0.8198 0.189 0.0302 0 0 0 0 0 0 0 0 0 0 0 0 0 0 0 0 0 0 0 0 0 0 0 0 
