0.03 0.09 0.15 0.21 0.27 0.33 0.39 0.45 0.51 0.57 0.63 0.69 0.75 0.81 0.87 0.93 0.99 1.05 1.11 1.17 1.23 1.29 1.35 1.41 1.47 1.53 1.59 1.65 1.71 1.77 1.83 1.89 1.95 2.01 2.07 2.13 2.19 2.25 2.31 2.37 2.43 2.49 2.55 2.61 2.67 2.73 2.79 2.85 2.91 2.97 3.03 3.09 3.15 3.21 3.27 3.33 3.39 3.45 3.51 3.57 3.63 3.69 3.75 3.81 3.87 3.93 3.99 4.05 4.11 4.17 4.23 4.29 4.35 4.41 4.47 4.53 4.59 4.65 4.71 4.77 4.83 4.89 4.95 5.01 5.07 5.13 5.19 5.25 5.31 5.37 5.43 5.49 5.55 5.61 5.67 5.73 5.79 5.85 5.91 5.97 
0 0 0 0 0 0 0 0 0 0 0 0 0 0 0 0 0 0.1052 1.7532 4.1438 3.1118 1.7462 0.9868 0.4704 0.1902 0.0682 0.0232 0.0024 0 0 0 0 0 0 0 0.0056 0.1266 0.8506 2.0854 2.4844 1.8244 1.5384 0.972 0.5074 0.2482 0.099 0.0448 0.0114 0.0024 0.0006 0 0 0 0.0014 0.012 0.0706 0.3914 1.089 1.5992 1.6232 1.423 1.2088 0.8042 0.3964 0.2202 0.0992 0.0524 0.01 0 0 0 0 0.0006 0.0096 0.0266 0.1506 0.4402 0.8636 1.173 1.2406 1.2154 0.8926 0.5352 0.3498 0.1658 0.0956 0.0338 0.0066 0.0012 0 0 0 0.0026 0.0092 0.0342 0.1258 0.3122 0.536 0.804 0.9164 
0 0 0 0 0 0 0 0 0 0 0 0 0 0 0 0 0 0.1446 2.0638 4.2342 3.314 1.8714 1.125 0.6306 0.352 0.1672 0.062 0.0218 0.009 0.0044 0 0 0 0 0 0.0046 0.1822 1.0208 2.2406 2.5924 1.997 1.4076 1.0118 0.6444 0.4168 0.2446 0.1226 0.0678 0.0302 0.008 0.0076 0.001 0 0 0.01 0.1054 0.496 1.1464 1.7674 1.7864 1.4688 1.108 0.8182 0.584 0.3208 0.1926 0.1032 0.062 0.0176 0.0102 0.003 0 0 0.0024 0.033 0.1714 0.5018 0.9452 1.3014 1.3182 1.1636 0.9564 0.6538 0.3942 0.2664 0.1404 0.085 0.0434 0.0174 0.0038 0.0022 0 0 0.0026 0.0368 0.1206 0.2816 0.6222 0.8688 0.9412 
0 0 0 0 0 0 0 0 0 0 0 0 0 0 0 0 0.0004 0.1184 1.9824 4.3416 3.2796 1.8392 1.123 0.6126 0.375 0.2164 0.0924 0.012 0.0064 0.0006 0 0 0 0 0 0.0024 0.146 0.9466 2.2216 2.6264 2.009 1.3598 1.0316 0.7036 0.506 0.23 0.1226 0.0606 0.0228 0.0038 0.0054 0.0018 0 0 0.0046 0.0824 0.4346 1.1354 1.7176 1.7714 1.4834 1.1016 0.9 0.6426 0.3744 0.2058 0.0892 0.0416 0.0086 0.0058 0.001 0 0 0.0004 0.027 0.1584 0.4636 0.8754 1.1886 1.3224 1.1886 0.9504 0.8132 0.5014 0.2856 0.1486 0.0472 0.0204 0.004 0.0042 0.0006 0 0 0.0024 0.0254 0.095 0.2646 0.5104 0.7936 0.97 
0 0 0 0 0 0 0 0 0 0 0 0 0 0 0 0 0.0008 0.1226 2.0472 4.3846 3.3982 1.9074 1.1444 0.5856 0.2488 0.11 0.0396 0.0108 0 0 0 0 0 0 0 0.0112 0.1732 1.0286 2.2386 2.6578 2.0536 1.4942 1.0546 0.6436 0.3502 0.1716 0.0848 0.0334 0.0046 0 0 0 0 0 0.0128 0.1002 0.4696 1.1762 1.8048 1.79 1.515 1.2438 0.8702 0.4942 0.2754 0.1518 0.0596 0.029 0.0066 0.0008 0 0 0.0002 0.0124 0.0324 0.1582 0.465 0.9706 1.332 1.4126 1.2328 0.9554 0.6364 0.3978 0.2144 0.108 0.0488 0.017 0.006 0 0 0.0004 0.0068 0.0094 0.0332 0.0864 0.3334 0.6228 0.9108 1.0612 
0 0 0 0 0 0 0 0 0 0 0 0 0 0 0 0 0 0.1222 1.8418 4.1624 3.5008 2.0558 1.176 0.658 0.3142 0.1304 0.0294 0.0076 0.0014 0 0 0 0 0 0 0.0058 0.156 0.8534 1.9948 2.6586 2.1458 1.5152 1.0672 0.7752 0.4514 0.2372 0.095 0.0378 0.0066 0 0 0 0 0 0.0102 0.0878 0.3692 0.9664 1.6748 1.8062 1.613 1.2484 0.885 0.6302 0.3972 0.1814 0.0904 0.033 0.0068 0 0 0 0 0.0028 0.0256 0.1298 0.3432 0.8024 1.197 1.393 1.3102 1.0372 0.7578 0.5084 0.2664 0.1268 0.0546 0.0376 0.0058 0.0014 0 0 0 0.003 0.0174 0.09 0.208 0.4558 0.7868 0.979 
0 0 0 0 0 0 0 0 0 0 0 0 0 0 0 0 0 0.148 2.005 4.4288 3.2916 1.7082 1.1518 0.6758 0.3546 0.1622 0.0554 0.0154 0.0032 0 0 0 0 0 0 0.0152 0.1968 0.986 2.2592 2.594 2.1224 1.3418 0.9438 0.7328 0.4528 0.2158 0.094 0.0324 0.0072 0.0016 0.0022 0.002 0 0.003 0.021 0.1088 0.4872 1.1564 1.7938 1.7394 1.4442 1.1114 0.8562 0.6252 0.3924 0.1758 0.0596 0.0154 0.0046 0.0022 0.0018 0.0016 0 0.0118 0.0582 0.1762 0.5136 0.9092 1.2746 1.2464 1.1624 0.9636 0.773 0.502 0.2566 0.1116 0.0284 0.0052 0.003 0.0034 0.0008 0.0024 0.0044 0.011 0.0498 0.1494 0.3078 0.586 0.8202 0.8724 
0 0 0 0 0 0 0 0 0 0 0 0 0 0 0 0 0.0006 0.1182 1.803 4.2252 3.6248 2.0954 1.1668 0.5566 0.246 0.0894 0.0418 0.0186 0.0068 0.0038 0.0018 0.0012 0 0 0 0.0048 0.1452 0.912 2.0012 2.5664 2.2286 1.6424 1.09 0.6654 0.4414 0.167 0.0736 0.036 0.016 0.006 0.0024 0.0016 0 0.0004 0.01 0.0838 0.4306 1.0374 1.5454 1.8402 1.6292 1.3198 0.8778 0.5856 0.3722 0.1544 0.0632 0.0284 0.0078 0.0106 0.0032 0 0 0.0062 0.0292 0.135 0.424 0.8156 1.1826 1.4022 1.2736 1.016 0.7346 0.4722 0.2526 0.1418 0.0764 0.0184 0.0144 0.0052 0 0 0 0.0054 0.0226 0.093 0.263 0.5216 0.8074 0.9988 
0 0 0 0 0 0 0 0 0 0 0 0 0 0 0 0 0 0.139 2.0582 4.3436 3.434 1.996 1.1358 0.571 0.2366 0.0696 0.0078 0.0078 0.0006 0 0 0 0 0 0 0.0044 0.173 0.9658 2.2962 2.6358 2.108 1.6024 1.0228 0.6438 0.3414 0.1506 0.0454 0.0104 0 0 0 0 0 0 0.0062 0.083 0.4352 1.1638 1.886 1.8572 1.5516 1.1632 0.832 0.5294 0.2922 0.1454 0.05 0.0018 0.0014 0.0016 0 0 0 0.0016 0.0258 0.1388 0.4324 0.9724 1.4402 1.4108 1.2682 1.0068 0.6332 0.3862 0.169 0.074 0.0312 0.0062 0.0032 0 0 0 0.001 0.0078 0.0242 0.0926 0.3082 0.5792 0.9224 1.0662 
0 0 0 0 0 0 0 0 0 0 0 0 0 0 0 0 0.0004 0.1222 1.9938 4.3358 3.407 1.9612 1.1864 0.5454 0.2552 0.1158 0.0492 0.0192 0.0058 0.0026 0 0 0 0 0 0.008 0.139 0.8842 2.3554 2.6294 2.0602 1.53 1.0638 0.6512 0.353 0.1822 0.0782 0.0476 0.0126 0.0036 0.0016 0 0 0.0008 0.01 0.0904 0.4032 1.1296 1.7714 1.8598 1.553 1.1976 0.8496 0.545 0.2874 0.1834 0.057 0.0364 0.0174 0.008 0 0 0 0.0046 0.033 0.1672 0.4196 0.9342 1.317 1.3702 1.1776 0.9748 0.673 0.4562 0.2432 0.122 0.0694 0.0168 0.0148 0.0064 0 0 0 0.0068 0.0524 0.112 0.302 0.599 0.8376 0.9606 
0 0 0 0 0 0 0 0 0 0 0 0 0 0 0 0 0 0.1528 2.1278 4.4474 3.1756 1.8358 1.172 0.679 0.2878 0.0994 0.016 0.003 0.0014 0.002 0 0 0 0 0 0.005 0.1982 1.1184 2.372 2.5382 1.9682 1.383 1.0754 0.7224 0.3976 0.1522 0.0588 0.0082 0.0024 0 0 0 0 0 0.0052 0.1174 0.536 1.326 1.6906 1.8306 1.47 1.1064 0.8596 0.614 0.2992 0.116 0.0228 0.0062 0 0 0 0 0 0.0022 0.0438 0.1916 0.5378 0.991 1.3608 1.344 1.176 0.992 0.6858 0.3974 0.2096 0.052 0.0148 0.0012 0 0 0 0 0 0.007 0.0344 0.12 0.3584 0.6282 0.8942 1.057 
0 0 0 0 0 0 0 0 0 0 0 0 0 0 0 0 0.0004 0.1624 1.949 4.2136 3.308 1.9512 1.2474 0.692 0.3348 0.107 0.0262 0.008 0 0 0 0 0 0 0.001 0.0102 0.1976 0.9768 2.1568 2.4842 2.048 1.479 1.093 0.808 0.4394 0.1892 0.0714 0.0346 0.0066 0.0028 0.0014 0 0 0 0.0132 0.1152 0.4542 1.1092 1.7248 1.6624 1.5308 1.2246 0.8756 0.6414 0.3522 0.1696 0.0822 0.0274 0.013 0.0042 0 0 0 0.0024 0.0374 0.1722 0.412 0.8986 1.2468 1.2784 1.2842 1.0518 0.7036 0.4732 0.244 0.1222 0.0486 0.0176 0.007 0 0 0 0 0.0058 0.026 0.1222 0.2854 0.5086 0.8262 0.9742 
0 0 0 0 0 0 0 0 0 0 0 0 0 0 0 0 0.0004 0.1506 2.0856 4.4008 3.4476 1.8946 0.9996 0.5754 0.2654 0.1376 0.032 0.0096 0.0008 0 0 0 0 0 0 0.0094 0.1936 1.0036 2.3822 2.6046 2.0282 1.4974 1.0334 0.6214 0.3592 0.18 0.0578 0.0232 0.0054 0.0006 0 0 0 0 0.0092 0.1248 0.5312 1.2238 1.7482 1.703 1.6056 1.2296 0.8318 0.4804 0.3152 0.1304 0.046 0.0166 0.002 0.0022 0 0 0 0.0028 0.0616 0.2244 0.5422 0.9852 1.1944 1.3264 1.2776 0.9618 0.6474 0.4184 0.2212 0.0924 0.03 0.0086 0.0028 0.0028 0 0 0 0.0128 0.0578 0.187 0.3854 0.5932 0.8 1.0174 
0 0 0 0 0 0 0 0 0 0 0 0 0 0 0 0 0 0.1094 1.7722 4.3346 3.7288 1.9528 1.1504 0.5426 0.274 0.1098 0.0244 0.001 0 0 0 0 0 0 0 0.0072 0.1282 0.8092 2.0746 2.6876 2.2708 1.6074 1.0748 0.6588 0.374 0.2018 0.0816 0.0152 0.0048 0.0022 0.0018 0 0 0 0.0078 0.0656 0.3948 1.0318 1.5254 1.8162 1.7446 1.308 0.9486 0.5924 0.3044 0.1522 0.0714 0.0236 0.0076 0.0026 0.003 0 0 0.0026 0.0274 0.1466 0.4324 0.8144 1.1614 1.2764 1.262 1.0498 0.8152 0.4842 0.3022 0.116 0.0688 0.0258 0.0106 0.0024 0.0018 0 0 0.0044 0.034 0.1254 0.3114 0.5338 0.7594 0.8658 
0 0 0 0 0 0 0 0 0 0 0 0 0 0 0 0 0 0.1048 2.1264 4.5188 3.3052 1.99 1.1216 0.5656 0.1956 0.0574 0.0146 0 0 0 0 0 0 0 0.0006 0.003 0.1674 1.0652 2.3806 2.7074 2.0384 1.4546 1.0542 0.6272 0.3336 0.116 0.0374 0.0118 0.0026 0 0 0 0 0.001 0.008 0.1064 0.4912 1.2712 1.8994 1.8538 1.539 1.1538 0.8028 0.4798 0.234 0.0956 0.0448 0.0142 0.003 0.002 0 0 0.0022 0.0032 0.041 0.1686 0.5478 1.0444 1.3904 1.4218 1.2246 0.9266 0.6456 0.3414 0.1494 0.0528 0.0292 0.0066 0.0044 0 0 0 0 0.0056 0.0412 0.147 0.363 0.6656 0.9664 1.0504 
0 0 0 0 0 0 0 0 0 0 0 0 0 0 0 0 0.0004 0.135 1.8984 4.258 3.4232 2.0618 1.1056 0.6346 0.2848 0.1266 0.0512 0.02 0.0004 0 0 0 0 0 0 0.0046 0.1482 0.9674 2.1934 2.4836 2.082 1.5194 1.1134 0.713 0.4218 0.2038 0.1018 0.0404 0.0072 0 0 0 0 0 0.0026 0.0924 0.4472 1.0928 1.6656 1.7736 1.5902 1.181 0.9048 0.606 0.331 0.159 0.103 0.0394 0.0092 0.0022 0 0 0 0 0.037 0.1676 0.4354 0.8992 1.1972 1.3138 1.2522 1.0248 0.708 0.4462 0.2832 0.1436 0.066 0.0174 0.0084 0 0 0 0 0.0034 0.044 0.118 0.3012 0.5254 0.7962 0.9516 
0 0 0 0 0 0 0 0 0 0 0 0 0 0 0 0 0 0.0904 1.8792 4.4782 3.5954 1.915 1.0704 0.5364 0.2732 0.1022 0.0492 0.0104 0 0 0 0 0 0 0 0.004 0.1094 0.8286 2.1504 2.8134 2.3852 1.5062 1.0242 0.601 0.3262 0.1432 0.0676 0.0372 0.0034 0 0 0 0 0 0.007 0.0566 0.3706 1.0264 1.666 2.0516 1.7462 1.2984 0.7998 0.4746 0.2652 0.1366 0.0592 0.0406 0.0012 0 0 0 0 0.0028 0.0244 0.1148 0.4468 0.7928 1.2482 1.4928 1.3848 1.0332 0.658 0.4132 0.22 0.1092 0.0384 0.0186 0.002 0 0 0 0 0.002 0.0292 0.106 0.2666 0.5528 0.8152 1.0644 
0 0 0 0 0 0 0 0 0 0 0 0 0 0 0 0 0.0006 0.13 1.819 4.2596 3.5598 2.0046 1.1202 0.6172 0.347 0.1154 0.0222 0.004 0.0004 0 0 0 0 0 0 0.0092 0.1342 0.7856 2.1514 2.7766 2.1072 1.4854 1.1708 0.713 0.3726 0.198 0.0692 0.0242 0.0026 0 0 0 0 0 0.0054 0.089 0.3388 0.9624 1.7974 1.9042 1.5602 1.2458 0.9418 0.5766 0.3182 0.1716 0.0682 0.0188 0.0016 0 0 0 0 0.0008 0.022 0.119 0.4012 0.8492 1.2778 1.377 1.2176 0.9968 0.8194 0.47 0.2532 0.1336 0.0518 0.0092 0.0014 0 0 0 0 0.0008 0.0284 0.082 0.2572 0.531 0.8376 0.9914 
0 0 0 0 0 0 0 0 0 0 0 0 0 0 0 0 0.0006 0.0938 1.8204 4.2004 3.5622 2.0962 1.149 0.64 0.2792 0.0992 0.0382 0.0076 0.0046 0.0052 0.0024 0.001 0 0 0 0.0036 0.1336 0.836 2.0222 2.654 2.2092 1.6054 1.0954 0.7042 0.4086 0.2096 0.0722 0.0276 0.0066 0.0044 0.0032 0.0018 0.0024 0.0004 0.0156 0.075 0.3442 0.9684 1.724 1.7376 1.6794 1.291 0.923 0.6336 0.351 0.1742 0.0526 0.0194 0.0018 0.004 0.0016 0.0032 0 0.0088 0.029 0.14 0.3282 0.8374 1.2196 1.3212 1.2558 1.0782 0.7888 0.5094 0.2902 0.1264 0.048 0.0104 0.0048 0.0018 0.002 0 0.0008 0.0074 0.0318 0.0786 0.2258 0.4822 0.7838 0.981 
0 0 0 0 0 0 0 0 0 0 0 0 0 0 0 0 0 0.1388 2.0566 4.6438 3.4184 1.8844 0.9974 0.5342 0.2008 0.0844 0.0352 0.006 0 0 0 0 0 0 0 0.0122 0.1778 1.0094 2.406 2.7768 2.1018 1.477 0.9848 0.553 0.279 0.1396 0.0548 0.0278 0 0 0 0 0 0.001 0.014 0.1078 0.5326 1.1876 1.8852 1.94 1.566 1.0872 0.8224 0.4586 0.2354 0.1028 0.0346 0.0224 0.0024 0 0 0 0.0008 0.0064 0.0572 0.1942 0.5018 1.0398 1.3886 1.5024 1.199 0.941 0.5578 0.3208 0.1614 0.078 0.0428 0.008 0 0 0 0 0 0.009 0.0542 0.174 0.345 0.673 0.9506 1.0976 
0 0 0 0 0 0 0 0 0 0 0 0 0 0 0 0 0 0.1372 1.8678 4.3274 3.487 2.0782 1.1178 0.5664 0.2506 0.111 0.0482 0.0084 0 0 0 0 0 0 0 0.0062 0.1666 0.9004 2.0664 2.6104 2.2502 1.675 1.0398 0.6618 0.3782 0.1464 0.0668 0.0218 0.0088 0.0012 0 0 0 0 0.0124 0.0958 0.4122 1.0232 1.6808 1.7598 1.6706 1.3394 0.9178 0.5754 0.2632 0.1502 0.0638 0.024 0.005 0.0022 0.0042 0 0 0.0044 0.0426 0.1594 0.4302 0.8614 1.1392 1.3324 1.3626 1.0774 0.7406 0.4054 0.232 0.134 0.053 0.0174 0.0056 0.0024 0 0 0 0.0104 0.0526 0.116 0.2912 0.548 0.7876 0.9398 
0 0 0 0 0 0 0 0 0 0 0 0 0 0 0 0 0 0.125 1.889 4.3074 3.4704 2.013 1.2024 0.6708 0.265 0.0542 0.0028 0 0 0 0 0 0 0 0.0004 0.0084 0.1476 0.8426 2.1604 2.728 2.1118 1.5582 1.1016 0.7058 0.3928 0.1818 0.055 0.0052 0.0004 0 0 0 0 0.0004 0.01 0.0728 0.4044 1.023 1.766 1.85 1.498 1.3146 0.952 0.5802 0.3074 0.1292 0.0678 0.0218 0.0024 0 0 0 0 0.0042 0.0332 0.1328 0.4008 0.8934 1.226 1.3788 1.2648 1.1026 0.736 0.4564 0.2062 0.1044 0.0504 0.01 0 0 0 0 0.0006 0.0048 0.0274 0.1128 0.2802 0.5582 0.7998 0.946 
0 0 0 0 0 0 0 0 0 0 0 0 0 0 0 0 0 0.1518 2.233 4.4314 3.213 1.898 1.0704 0.6234 0.265 0.0786 0.022 0.0134 0 0 0 0 0 0 0 0.0054 0.2034 1.2146 2.3228 2.645 1.973 1.3574 1.0154 0.6678 0.3554 0.1542 0.0672 0.0164 0.002 0 0 0 0 0 0.0126 0.134 0.593 1.3206 1.7722 1.7652 1.5 1.151 0.8032 0.4882 0.2808 0.125 0.0484 0.0058 0 0 0 0 0.0018 0.0098 0.0446 0.2472 0.598 1.0436 1.252 1.4076 1.2248 0.9408 0.5792 0.3378 0.2016 0.0832 0.0264 0.0016 0 0 0 0 0.0026 0.0108 0.0602 0.1926 0.372 0.6248 0.912 1.079 
0 0 0 0 0 0 0 0 0 0 0 0 0 0 0 0 0 0.0962 1.8448 4.3282 3.2612 1.9652 1.2362 0.6916 0.3578 0.1514 0.047 0.0168 0.0028 0.0008 0 0 0 0 0 0.005 0.1406 0.9068 2.1314 2.5596 1.9914 1.5134 1.0356 0.7286 0.5228 0.2786 0.1344 0.0402 0.009 0.0026 0 0 0 0 0.0054 0.0844 0.397 1.0482 1.7046 1.7612 1.5188 1.1466 0.882 0.6408 0.4006 0.2522 0.106 0.0422 0.0094 0.0006 0 0 0.0012 0.003 0.031 0.1138 0.3894 0.8204 1.2358 1.3318 1.3036 0.9948 0.7128 0.4784 0.2862 0.1772 0.0986 0.0202 0.0018 0 0 0.001 0.0024 0.0014 0.0198 0.0862 0.2336 0.4576 0.7178 0.989 
0 0 0 0 0 0 0 0 0 0 0 0 0 0 0 0 0 0.1154 1.9086 4.3144 3.4996 1.8348 1.1048 0.6622 0.3586 0.1374 0.0548 0.0094 0 0 0 0 0 0 0 0.0058 0.138 0.8644 2.2152 2.7428 2.0726 1.421 1.0312 0.6896 0.4768 0.222 0.0752 0.04 0.0054 0 0 0 0 0 0.011 0.0836 0.3834 1.0762 1.73 1.899 1.5162 1.1854 0.8146 0.6672 0.3784 0.156 0.0634 0.031 0.0046 0 0 0 0 0.003 0.0348 0.1364 0.405 0.8808 1.2996 1.3918 1.2334 0.8822 0.731 0.5006 0.2932 0.1456 0.0396 0.015 0.0058 0.0022 0 0 0.0012 0.007 0.0264 0.0982 0.287 0.5258 0.8462 0.9348 
0 0 0 0 0 0 0 0 0 0 0 0 0 0 0 0 0 0.1282 1.8338 4.2642 3.4382 1.9722 1.3074 0.6656 0.2688 0.0826 0.0256 0.0134 0 0 0 0 0 0 0 0.0048 0.125 0.8596 2.0852 2.5792 2.1808 1.5908 1.1678 0.7604 0.4176 0.144 0.0542 0.0278 0.0028 0 0 0 0 0 0 0.0634 0.4188 1.0072 1.6034 1.7558 1.6326 1.3686 0.9552 0.5966 0.3684 0.1528 0.053 0.0234 0.0008 0 0 0 0 0.0008 0.022 0.1244 0.399 0.8492 1.1088 1.3238 1.3168 1.155 0.8004 0.4524 0.258 0.1362 0.0432 0.008 0.002 0 0 0 0.0004 0.0038 0.0182 0.078 0.2266 0.5256 0.7422 0.9992 
0 0 0 0 0 0 0 0 0 0 0 0 0 0 0 0 0.0004 0.1454 1.9872 4.304 3.3534 1.8538 1.1052 0.6756 0.377 0.144 0.0422 0.0112 0.0006 0 0 0 0 0 0 0.0108 0.1748 0.9768 2.2642 2.6088 2.0302 1.3518 1.0258 0.7388 0.4532 0.2154 0.0928 0.0346 0.017 0.005 0 0 0 0 0.009 0.1176 0.4584 1.1736 1.7556 1.7058 1.4816 1.1556 0.8896 0.6264 0.3148 0.1746 0.0708 0.0428 0.0124 0.0066 0.0014 0.0022 0.0016 0.0048 0.0396 0.1982 0.5164 0.9356 1.143 1.2722 1.2098 1.041 0.757 0.4228 0.2408 0.107 0.0528 0.0388 0.0112 0.0046 0.004 0 0 0.007 0.0542 0.1508 0.3134 0.57 0.7598 0.939 
0 0 0 0 0 0 0 0 0 0 0 0 0 0 0 0 0.0004 0.1252 1.9468 4.2476 3.305 1.9456 1.1944 0.676 0.347 0.1468 0.0492 0.0134 0.0026 0 0 0 0 0 0 0.003 0.1368 0.9138 2.1552 2.6042 2.1262 1.4998 1.0244 0.6884 0.4588 0.2394 0.0856 0.0432 0.0194 0.0018 0 0 0 0 0.0036 0.0658 0.4172 1.0594 1.6158 1.8362 1.6156 1.2388 0.8476 0.614 0.3634 0.1826 0.086 0.0396 0.0116 0.0028 0 0 0 0.0012 0.0224 0.1408 0.4446 0.8028 1.1424 1.413 1.2684 0.9898 0.8068 0.4736 0.275 0.129 0.0604 0.025 0.0048 0 0 0 0 0.0022 0.0334 0.0862 0.2584 0.5032 0.8072 0.9236 
0 0 0 0 0 0 0 0 0 0 0 0 0 0 0 0 0 0.1084 1.8712 4.1884 3.56 2.0592 1.1348 0.6306 0.277 0.126 0.03 0.0078 0.0064 0.0002 0 0 0 0 0 0.0078 0.1256 0.841 2.1168 2.6604 2.1758 1.492 1.1018 0.7566 0.4146 0.1952 0.083 0.0208 0.0086 0 0 0 0 0.0012 0.0064 0.065 0.3858 1.0006 1.648 1.8894 1.6068 1.2226 0.975 0.631 0.322 0.1678 0.0562 0.0136 0.0086 0 0 0 0 0.0026 0.021 0.1268 0.3892 0.7476 1.2544 1.3998 1.2984 1.0912 0.7914 0.4708 0.2422 0.1196 0.0294 0.0112 0.0044 0 0 0 0 0.0074 0.019 0.0764 0.2236 0.475 0.7458 1.02 
0 0 0 0 0 0 0 0 0 0 0 0 0 0 0 0 0.0002 0.1338 1.9974 4.3264 3.3522 2.0158 1.176 0.5992 0.2572 0.101 0.0314 0.0094 0 0 0 0 0 0 0 0.003 0.1986 1.0122 2.1706 2.5974 2.115 1.4824 1.0476 0.6916 0.3592 0.1696 0.105 0.0328 0.0136 0.0014 0 0 0 0 0.0068 0.1076 0.4902 1.1758 1.6604 1.8336 1.6172 1.2468 0.7588 0.5204 0.3116 0.1466 0.0694 0.032 0.018 0.0026 0.0022 0 0 0.006 0.0444 0.1554 0.4928 0.9146 1.283 1.4144 1.2774 0.9454 0.642 0.414 0.2004 0.1032 0.0644 0.0278 0.0096 0.0052 0 0 0.0006 0.0068 0.0396 0.1132 0.3064 0.5914 0.8702 1.0438 
0 0 0 0 0 0 0 0 0 0 0 0 0 0 0 0 0.0004 0.1856 2.1302 4.3728 3.376 1.9944 1.0626 0.5606 0.2322 0.0568 0.0242 0.0042 0 0 0 0 0 0 0 0.0226 0.2352 1.0854 2.3214 2.5998 2.125 1.4382 1.054 0.5946 0.3424 0.125 0.0382 0.0134 0.0018 0.003 0 0 0 0.0018 0.027 0.1654 0.5322 1.2624 1.7464 1.9188 1.4956 1.0928 0.8426 0.5264 0.24 0.102 0.024 0.0118 0.01 0.0008 0 0 0.0014 0.0234 0.0528 0.2164 0.5842 0.9794 1.3614 1.4334 1.1814 0.9198 0.646 0.3472 0.1636 0.056 0.0212 0.01 0.0024 0 0 0 0.0018 0.008 0.0634 0.1938 0.363 0.6924 0.9404 0.9976 
0 0 0 0 0 0 0 0 0 0 0 0 0 0 0 0 0 0.1152 1.942 4.4276 3.5028 1.9048 1.0826 0.6094 0.2626 0.075 0.032 0.0208 0.0218 0.0034 0 0 0 0 0.0004 0.0108 0.161 0.9168 2.2044 2.7464 2.1668 1.4628 0.979 0.6678 0.3442 0.1668 0.0924 0.0388 0.0238 0.0094 0.004 0.0036 0.001 0.0018 0.0104 0.1138 0.4412 1.078 1.737 1.8664 1.6274 1.1856 0.8588 0.521 0.2854 0.1426 0.0698 0.0266 0.0214 0.0056 0.004 0.003 0 0.0074 0.0454 0.1542 0.448 0.939 1.304 1.2812 1.2188 1.0962 0.731 0.3782 0.1932 0.1038 0.0506 0.0244 0.0128 0.0068 0.005 0 0.0004 0.0114 0.0394 0.1318 0.317 0.5582 0.7908 0.9776 
0 0 0 0 0 0 0 0 0 0 0 0 0 0 0 0 0.0004 0.1482 1.9612 4.2588 3.5214 2.1236 1.0348 0.5736 0.2348 0.1054 0.0256 0.0082 0.0026 0.0014 0 0 0 0 0 0.0028 0.1554 0.962 2.1304 2.6536 2.205 1.5806 1.0604 0.6136 0.3498 0.179 0.0662 0.0242 0.008 0.0056 0.0034 0 0 0 0.006 0.072 0.4266 1.1848 1.6682 1.7838 1.6212 1.2408 0.8916 0.5338 0.342 0.1362 0.0508 0.019 0.0096 0.0086 0.0034 0.0016 0 0 0.026 0.1366 0.446 0.9994 1.2088 1.31 1.3224 0.9948 0.682 0.4718 0.2306 0.0988 0.0366 0.0146 0.0094 0.0056 0.0028 0.0038 0 0.0042 0.0388 0.0964 0.3264 0.6212 0.8324 0.97 
0 0 0 0 0 0 0 0 0 0 0 0 0 0 0 0 0.001 0.1134 1.7728 4.1434 3.322 2.1078 1.3194 0.7026 0.3514 0.122 0.0316 0.0076 0.0028 0.0022 0 0 0 0 0 0.0064 0.0976 0.7294 2.1356 2.471 2.1028 1.5196 1.2686 0.8494 0.444 0.235 0.1024 0.0326 0.0042 0.0014 0 0 0 0 0.0042 0.0486 0.32 0.963 1.5618 1.7088 1.5886 1.3596 0.996 0.7008 0.4302 0.177 0.0942 0.0332 0.0126 0.0014 0 0 0 0.0032 0.0178 0.0946 0.3768 0.7016 1.0528 1.3128 1.3262 1.1084 0.8004 0.62 0.3104 0.1504 0.0726 0.0388 0.01 0.0032 0 0 0.0006 0.003 0.013 0.0978 0.2202 0.4066 0.649 0.9036 
0 0 0 0 0 0 0 0 0 0 0 0 0 0 0 0 0.0004 0.1318 1.9578 4.3994 3.4722 2.0572 1.1706 0.5326 0.1896 0.0702 0.0182 0 0 0 0 0 0 0 0 0.0034 0.1784 0.9614 2.1614 2.6854 2.1714 1.5834 1.1134 0.6204 0.3432 0.127 0.0408 0.0104 0 0 0 0 0 0 0.006 0.0892 0.4608 1.1502 1.7358 1.7882 1.6132 1.323 0.8886 0.5006 0.2788 0.1118 0.0396 0.0142 0 0 0 0 0 0.0048 0.0252 0.1518 0.4738 0.9488 1.3066 1.444 1.2328 0.9816 0.6788 0.4062 0.2058 0.1002 0.03 0.0062 0.0024 0.001 0 0 0 0.0094 0.0232 0.1056 0.3078 0.6566 0.9126 1.0592 
0 0 0 0 0 0 0 0 0 0 0 0 0 0 0 0 0 0.1352 2.0692 4.4414 3.2356 1.9928 1.1226 0.6066 0.2768 0.0852 0.0252 0.0086 0.0008 0 0 0 0 0 0 0.0024 0.166 1.0074 2.336 2.671 1.9664 1.5578 0.9974 0.6342 0.389 0.1848 0.0628 0.0188 0.006 0 0 0 0 0 0.002 0.0984 0.4536 1.2574 1.8424 1.7628 1.5456 1.1126 0.8346 0.54 0.312 0.149 0.0672 0.0172 0.0026 0.0026 0 0 0 0 0.0262 0.1764 0.5218 0.9738 1.342 1.397 1.1712 0.9352 0.6738 0.4022 0.2114 0.1176 0.0306 0.0148 0.006 0 0 0 0 0.002 0.0366 0.1368 0.3288 0.6224 0.8932 1.0706 
0 0 0 0 0 0 0 0 0 0 0 0 0 0 0 0 0.0004 0.1278 1.9522 4.3908 3.406 1.9508 1.1424 0.5782 0.2764 0.1184 0.0388 0.0128 0.004 0.001 0 0 0 0 0.001 0.0062 0.1654 0.952 2.1706 2.6094 2.1692 1.5552 1.0986 0.6522 0.363 0.151 0.07 0.0244 0.006 0.0048 0.001 0 0 0.0006 0.012 0.083 0.4416 1.1378 1.626 1.8464 1.6714 1.2238 0.876 0.5332 0.2984 0.1552 0.0672 0.015 0.0072 0.0046 0.0006 0 0 0.0044 0.0196 0.1544 0.4802 0.8682 1.2518 1.4446 1.2644 0.969 0.7032 0.4264 0.228 0.123 0.0448 0.0116 0.0046 0.0018 0 0 0 0.0016 0.0162 0.121 0.298 0.5808 0.8604 1.0472 
0 0 0 0 0 0 0 0 0 0 0 0 0 0 0 0 0.0008 0.1238 2.0076 4.4128 3.1396 1.8232 1.1384 0.719 0.4124 0.1532 0.055 0.01 0.0042 0 0 0 0 0 0 0.01 0.1608 0.9674 2.3148 2.6004 1.9308 1.304 1.0272 0.749 0.5396 0.232 0.1098 0.0396 0.0106 0.004 0 0 0 0.0008 0.009 0.0946 0.4576 1.1592 1.7666 1.7564 1.4908 1.06 0.8372 0.5954 0.4096 0.193 0.0902 0.05 0.0222 0.0066 0.0008 0 0 0.0038 0.0464 0.1648 0.4748 0.899 1.2504 1.3202 1.173 0.9828 0.7092 0.4562 0.2836 0.132 0.0656 0.0242 0.0122 0.0018 0 0 0 0.006 0.0368 0.133 0.2834 0.5792 0.7804 0.9724 
0 0 0 0 0 0 0 0 0 0 0 0 0 0 0 0 0.0008 0.1214 1.784 4.2456 3.4434 1.9512 1.1602 0.6844 0.3462 0.1518 0.0726 0.022 0.0116 0.0048 0 0 0 0 0 0.004 0.1438 0.8534 2.006 2.6186 2.189 1.4868 1.0562 0.723 0.4236 0.2564 0.1272 0.0722 0.029 0.006 0.0026 0.0022 0 0 0.0072 0.0924 0.3992 0.9622 1.6116 1.75 1.5674 1.239 0.957 0.6284 0.361 0.1956 0.1226 0.0586 0.034 0.0066 0.006 0.0012 0 0.001 0.0382 0.149 0.4164 0.7604 1.171 1.2454 1.2176 1.045 0.7608 0.5108 0.3186 0.1778 0.0944 0.0542 0.0202 0.011 0.0054 0.0028 0 0.001 0.0306 0.1082 0.283 0.488 0.726 0.8426 
0 0 0 0 0 0 0 0 0 0 0 0 0 0 0 0 0.0004 0.142 2.02 4.4602 3.4672 1.8128 1.0174 0.613 0.2832 0.1202 0.0422 0.0144 0.0036 0.0016 0.0018 0 0 0 0 0.006 0.1456 0.9718 2.2256 2.7282 2.287 1.4432 0.9354 0.6406 0.3424 0.1754 0.0552 0.0278 0.0062 0.0048 0.0048 0 0 0 0.0056 0.0928 0.4556 1.167 1.7194 1.8308 1.6422 1.235 0.8798 0.478 0.2806 0.1292 0.0318 0.0268 0.0158 0.0074 0.0022 0 0 0.0018 0.032 0.153 0.5144 0.9874 1.2572 1.3624 1.169 0.9928 0.7142 0.4324 0.2096 0.0814 0.0398 0.0316 0.015 0.006 0 0 0 0.0028 0.029 0.1444 0.3448 0.6688 0.8968 0.896 
0 0 0 0 0 0 0 0 0 0 0 0 0 0 0 0 0.0004 0.1478 2.0894 4.3224 3.29 1.9386 1.1972 0.5954 0.2838 0.1018 0.03 0.0032 0 0 0 0 0 0 0 0.015 0.1828 1.076 2.2564 2.5612 2.0506 1.4796 1.0304 0.6578 0.3832 0.223 0.0582 0.0236 0.0022 0 0 0 0 0 0.0092 0.1014 0.5188 1.2444 1.737 1.7782 1.4416 1.16 0.8168 0.5666 0.3756 0.1794 0.0506 0.0164 0.004 0 0 0 0 0.001 0.0322 0.1852 0.5298 1.0112 1.3046 1.3034 1.1342 0.9506 0.644 0.44 0.28 0.1324 0.0418 0.0088 0.0008 0 0 0 0 0.0054 0.0336 0.1366 0.3504 0.6186 0.9232 0.9974 
0 0 0 0 0 0 0 0 0 0 0 0 0 0 0 0 0 0.129 1.9456 4.2962 3.4538 1.9878 1.1792 0.6188 0.2684 0.0882 0.0288 0.0042 0 0 0 0 0 0 0 0.0076 0.1262 0.893 2.166 2.5962 2.2666 1.5878 1.0444 0.709 0.37 0.147 0.0534 0.0232 0.0096 0 0 0 0 0 0.0024 0.0636 0.3996 1.0648 1.6268 1.915 1.675 1.3146 0.818 0.5764 0.306 0.1564 0.0484 0.02 0.0098 0.0032 0 0 0 0.0012 0.0206 0.132 0.4424 0.833 1.205 1.4022 1.3312 1.0542 0.761 0.4242 0.2316 0.1018 0.0354 0.0152 0.009 0 0 0 0 0.0056 0.0336 0.0906 0.2784 0.4934 0.8654 1.0026 
0 0 0 0 0 0 0 0 0 0 0 0 0 0 0 0 0 0.1318 2.1428 4.3288 3.3688 2.0136 1.1932 0.5528 0.1976 0.0578 0.0108 0.002 0 0 0 0 0 0 0 0.0082 0.1922 1.03 2.3202 2.625 2.123 1.526 1.0808 0.6112 0.3036 0.1234 0.0424 0.0094 0.0022 0.0024 0 0 0 0 0.0134 0.11 0.5384 1.1832 1.7456 1.9334 1.6132 1.1604 0.8052 0.5282 0.2444 0.087 0.0272 0.0084 0.002 0 0 0 0 0.0036 0.0346 0.2152 0.5226 0.96 1.336 1.467 1.3126 0.9316 0.6074 0.3832 0.1406 0.0576 0.0246 0.0034 0 0 0 0 0.002 0.0022 0.0282 0.1486 0.3666 0.5936 0.9076 1.1338 
0 0 0 0 0 0 0 0 0 0 0 0 0 0 0 0 0 0.1106 1.9274 4.2502 3.4692 1.9128 1.188 0.6288 0.3118 0.1476 0.0352 0.0166 0.0018 0 0 0 0 0 0 0.0022 0.1462 0.9174 2.1378 2.5124 2.1322 1.6108 1.0282 0.6848 0.4326 0.226 0.1058 0.0452 0.0184 0 0 0 0 0 0.0014 0.076 0.4184 1.0716 1.6592 1.8236 1.5574 1.1736 0.8638 0.6268 0.3732 0.2112 0.0812 0.0448 0.0178 0 0 0 0 0 0.0188 0.147 0.4004 0.8854 1.2386 1.3648 1.1574 0.9356 0.7792 0.5086 0.3118 0.145 0.0538 0.0224 0.0192 0.009 0.003 0 0 0.0016 0.029 0.101 0.2372 0.519 0.823 0.9684 
0 0 0 0 0 0 0 0 0 0 0 0 0 0 0 0 0.0006 0.147 1.8834 4.2132 3.5044 2.0274 1.221 0.6188 0.2688 0.0778 0.0314 0.0062 0 0 0 0 0 0 0.0004 0.013 0.161 0.8676 2.1742 2.5716 2.1918 1.5542 1.0074 0.7414 0.4054 0.205 0.0632 0.035 0.0088 0 0 0 0 0.0006 0.0094 0.0828 0.4076 1.1038 1.619 1.9092 1.577 1.2682 0.8554 0.556 0.3426 0.162 0.0676 0.0314 0.0066 0.0008 0 0 0 0 0.0276 0.143 0.4432 0.9278 1.15 1.3462 1.3008 1.0012 0.7568 0.45 0.2584 0.1232 0.0502 0.0166 0.003 0.002 0 0 0 0.001 0.0226 0.1012 0.3056 0.5392 0.814 0.9612 
0 0 0 0 0 0 0 0 0 0 0 0 0 0 0 0 0 0.1106 1.6766 4.1586 3.6524 2.098 1.237 0.6536 0.2444 0.0964 0.0354 0.0182 0.007 0.0068 0.005 0 0 0 0 0.01 0.1292 0.7468 1.8918 2.6524 2.2378 1.697 1.1528 0.7702 0.3824 0.188 0.0816 0.0288 0.011 0.0092 0.0034 0.0038 0.0018 0.002 0.0128 0.0736 0.3052 0.8748 1.5334 1.9258 1.6882 1.3694 0.924 0.6332 0.3288 0.1676 0.0858 0.0516 0.0138 0.0024 0.003 0.0022 0.0014 0.0074 0.0266 0.117 0.3246 0.7056 1.0908 1.3946 1.3394 1.157 0.7974 0.5182 0.271 0.1434 0.0564 0.037 0.0064 0.003 0.0024 0.002 0.0022 0.007 0.0262 0.077 0.197 0.4332 0.6586 0.9542 
0 0 0 0 0 0 0 0 0 0 0 0 0 0 0 0 0.0004 0.123 1.8416 4.3394 3.451 1.9466 1.1544 0.7054 0.322 0.0926 0.021 0.0026 0 0 0 0 0 0 0 0.0078 0.1386 0.8142 2.1254 2.6844 2.1978 1.4878 1.0868 0.7692 0.3806 0.215 0.0698 0.0216 0.001 0 0 0 0 0.0006 0.007 0.0654 0.352 1.052 1.6906 1.8106 1.6668 1.25 0.9158 0.599 0.363 0.1582 0.0526 0.0116 0.0048 0 0 0 0 0.0018 0.024 0.1224 0.4252 0.828 1.1524 1.3858 1.3412 1.0314 0.7766 0.4638 0.2756 0.1136 0.0364 0.0116 0.009 0.0012 0 0 0.0006 0.0056 0.033 0.0902 0.28 0.4864 0.725 0.9718 
0 0 0 0 0 0 0 0 0 0 0 0 0 0 0 0 0 0.1302 1.9324 4.4274 3.399 1.9416 1.169 0.5546 0.2306 0.1412 0.0546 0.0148 0.0046 0 0 0 0 0 0.001 0.009 0.1198 0.9678 2.3368 2.564 2.0664 1.5194 1.044 0.6694 0.3912 0.1562 0.0764 0.044 0.0224 0.0122 0 0 0 0 0.004 0.064 0.4172 1.2448 1.7836 1.7594 1.5382 1.157 0.9192 0.5582 0.294 0.1358 0.0682 0.0386 0.0104 0.007 0.0004 0 0 0 0.0182 0.1296 0.5014 0.9548 1.2996 1.3632 1.206 0.9858 0.6844 0.4178 0.2206 0.1214 0.0538 0.0202 0.0164 0.006 0.0008 0 0 0 0.0214 0.106 0.287 0.634 0.8902 0.9916 
0 0 0 0 0 0 0 0 0 0 0 0 0 0 0 0 0 0.1088 1.7622 4.2884 3.7948 1.9494 1.1196 0.621 0.2336 0.0664 0.0372 0.0112 0.0054 0.002 0 0 0 0 0 0.0062 0.1278 0.7904 2.0408 2.724 2.316 1.6272 1.0426 0.6752 0.3684 0.1586 0.0668 0.0364 0.0134 0.0062 0 0 0 0.001 0.0094 0.0634 0.333 0.9578 1.649 1.9612 1.7012 1.2992 0.8994 0.5428 0.3014 0.1472 0.0766 0.0358 0.0122 0.008 0.0014 0 0.0032 0.0038 0.0248 0.1024 0.3456 0.783 1.204 1.4842 1.3408 1.072 0.7164 0.4466 0.2272 0.129 0.0712 0.0256 0.0132 0.0052 0.0018 0.0004 0.0018 0.0096 0.0224 0.0884 0.2322 0.4624 0.782 1.0236 
0 0 0 0 0 0 0 0 0 0 0 0 0 0 0 0 0 0.1422 1.7808 4.027 3.5392 2.063 1.1626 0.615 0.4008 0.1866 0.066 0.0126 0.0042 0 0 0 0 0 0 0.0048 0.1506 0.852 1.974 2.5296 2.1986 1.537 1.0616 0.6956 0.472 0.3048 0.1446 0.0472 0.0276 0 0 0 0 0 0.0082 0.0776 0.3602 0.9404 1.5868 1.839 1.6066 1.2316 0.9042 0.5718 0.3788 0.2616 0.1452 0.0602 0.0226 0.0052 0 0 0 0.006 0.0246 0.1188 0.358 0.7324 1.1602 1.3682 1.2962 1.0542 0.7022 0.487 0.3124 0.2054 0.1262 0.034 0.0118 0.0018 0.0006 0 0 0.0042 0.0184 0.0756 0.2202 0.492 0.6712 0.9018 
0 0 0 0 0 0 0 0 0 0 0 0 0 0 0 0 0.0004 0.1644 2.1518 4.558 3.187 1.8602 1.106 0.5696 0.2704 0.102 0.0264 0.0038 0 0 0 0 0 0 0 0.0182 0.1948 1.1158 2.3716 2.6872 2.0572 1.4176 0.9072 0.5632 0.3766 0.1862 0.0794 0.0218 0.0032 0 0 0 0 0 0.0198 0.1302 0.5492 1.306 1.7954 1.8444 1.5234 1.0998 0.737 0.4434 0.2874 0.1714 0.0654 0.0232 0.0032 0.0008 0 0 0.0002 0.012 0.064 0.2326 0.5956 1.0042 1.2906 1.4364 1.1578 0.8622 0.5648 0.37 0.223 0.1134 0.0554 0.0162 0.0016 0 0 0.0014 0.0024 0.0216 0.0678 0.2094 0.4062 0.6248 0.885 1.0522 
0 0 0 0 0 0 0 0 0 0 0 0 0 0 0 0 0 0.1 1.8042 4.4178 3.6808 2.0346 1.1168 0.5234 0.191 0.0848 0.0316 0.0134 0.0016 0 0 0 0 0 0 0.003 0.1122 0.8302 2.1062 2.9126 2.2058 1.6068 1.0174 0.626 0.3376 0.1428 0.0506 0.0306 0.0158 0.0024 0 0 0 0 0.005 0.0558 0.3502 1.0362 1.7764 1.9866 1.6422 1.2746 0.8614 0.5438 0.2586 0.1138 0.0582 0.0258 0.007 0.0034 0.001 0 0 0.0006 0.017 0.1118 0.3912 0.8798 1.3344 1.4812 1.2936 1.0538 0.663 0.4114 0.1996 0.0938 0.044 0.018 0.0062 0.0006 0 0 0 0.0022 0.0226 0.07 0.26 0.5338 0.8986 1.0686 
0 0 0 0 0 0 0 0 0 0 0 0 0 0 0 0 0 0.149 2.1948 4.2428 3.2712 1.9778 1.1022 0.6482 0.269 0.1214 0.0236 0 0 0 0 0 0 0 0.0002 0.0098 0.2148 1.0788 2.2846 2.577 1.9506 1.4284 1.093 0.7058 0.385 0.1836 0.06 0.0186 0.0068 0.003 0 0 0 0 0.01 0.1306 0.5634 1.2246 1.7438 1.7416 1.4366 1.198 0.8778 0.544 0.3044 0.1514 0.0504 0.0174 0.0046 0.0014 0 0 0.001 0.0024 0.042 0.2142 0.561 0.993 1.2702 1.2808 1.2444 0.9514 0.6542 0.402 0.2344 0.0894 0.0354 0.0188 0.005 0.0004 0 0 0 0.0056 0.0334 0.1428 0.395 0.6268 0.8806 0.9918 
0 0 0 0 0 0 0 0 0 0 0 0 0 0 0 0 0 0.1298 2.0596 4.3622 3.38 2.1708 1.1162 0.4918 0.2116 0.0716 0.0064 0 0 0 0 0 0 0 0 0.0036 0.1664 1.04 2.2848 2.5334 2.1468 1.5448 1.1304 0.6474 0.3116 0.1408 0.0448 0.0052 0 0 0 0 0 0 0.0084 0.1116 0.5122 1.1394 1.739 1.8856 1.5556 1.205 0.919 0.4704 0.298 0.1152 0.0294 0.0112 0 0 0 0 0 0.003 0.0454 0.1954 0.5006 0.9402 1.3152 1.4068 1.2198 0.9928 0.6382 0.3898 0.2068 0.1046 0.0354 0.004 0.002 0 0 0 0 0.0118 0.043 0.1624 0.3192 0.6254 0.8914 1.0256 
0 0 0 0 0 0 0 0 0 0 0 0 0 0 0 0 0.0004 0.1278 1.7906 4.1682 3.5008 2.153 1.206 0.6348 0.3122 0.0814 0.0146 0.0044 0.0032 0.0026 0 0 0 0 0 0.004 0.1278 0.8762 1.9472 2.5948 2.2164 1.6186 1.1186 0.755 0.4474 0.1954 0.0762 0.014 0.0078 0.0006 0 0 0 0 0.006 0.0746 0.3836 0.9502 1.576 1.8196 1.5828 1.333 1.0346 0.6274 0.3566 0.1464 0.0732 0.0246 0.0076 0.0038 0 0 0 0.0012 0.0292 0.1168 0.387 0.765 1.1334 1.3198 1.2716 1.1446 0.8288 0.5428 0.257 0.121 0.0564 0.0194 0.006 0 0 0 0 0.0054 0.0274 0.1024 0.2248 0.4458 0.7228 0.9042 
0 0 0 0 0 0 0 0 0 0 0 0 0 0 0 0 0.0004 0.1336 1.9698 4.313 3.4542 1.9584 1.127 0.5926 0.265 0.0946 0.0638 0.0228 0.0048 0 0 0 0 0 0 0.007 0.1784 0.9728 2.1862 2.5862 2.1306 1.5386 1.0606 0.654 0.3586 0.1762 0.0832 0.0456 0.016 0.006 0 0 0 0 0.0076 0.1016 0.464 1.109 1.6856 1.8096 1.6296 1.2136 0.8678 0.5392 0.292 0.1492 0.0726 0.0452 0.0106 0.0028 0 0 0 0.0018 0.031 0.184 0.4894 0.9026 1.2398 1.3064 1.275 0.9324 0.7296 0.4632 0.2326 0.1136 0.0682 0.0214 0.009 0 0 0 0 0.0044 0.0326 0.1506 0.2944 0.6078 0.8184 0.9898 
0 0 0 0 0 0 0 0 0 0 0 0 0 0 0 0 0.0008 0.1442 2.0226 4.3676 3.3454 1.8758 1.1418 0.6498 0.3046 0.0922 0.0342 0.0174 0.002 0.0016 0 0 0 0 0 0.0064 0.1916 1.0378 2.2108 2.6064 2.0416 1.46 1.012 0.7202 0.3834 0.2038 0.09 0.0258 0.0074 0.0018 0.001 0 0 0 0.012 0.1194 0.5026 1.1638 1.6746 1.8356 1.5378 1.1248 0.8644 0.5476 0.3248 0.1732 0.0764 0.0326 0.0068 0.0036 0 0 0 0.0066 0.0534 0.1892 0.4864 0.9428 1.2558 1.3198 1.1776 0.984 0.7276 0.4314 0.2194 0.1206 0.0616 0.0174 0.005 0.0014 0 0 0 0.0178 0.0528 0.128 0.2926 0.5694 0.861 0.9886 
0 0 0 0 0 0 0 0 0 0 0 0 0 0 0 0 0.0002 0.1226 1.9454 4.4794 3.5042 1.9574 1.0594 0.594 0.2602 0.0664 0.009 0.0018 0 0 0 0 0 0 0 0.0092 0.1514 0.9334 2.3078 2.6178 2.1822 1.569 1.0254 0.6458 0.3808 0.1276 0.0368 0.0098 0.0026 0.0004 0 0 0 0 0.0048 0.0946 0.4496 1.1594 1.7542 1.9014 1.6264 1.1948 0.8454 0.5048 0.2864 0.1148 0.0398 0.014 0.0094 0.0002 0 0 0 0 0.0288 0.1634 0.4852 0.9128 1.3084 1.4356 1.3078 0.9794 0.6734 0.3376 0.2052 0.1096 0.033 0.0128 0.007 0 0 0 0 0.0044 0.0328 0.141 0.2996 0.5732 0.8688 1.0896 
0 0 0 0 0 0 0 0 0 0 0 0 0 0 0 0 0 0.1048 1.8182 4.2346 3.5262 2.0944 1.1598 0.5914 0.3114 0.119 0.0336 0.005 0.0016 0 0 0 0 0 0 0.003 0.1062 0.7668 2.147 2.589 2.241 1.6552 1.0876 0.6926 0.3874 0.1936 0.1012 0.0266 0.0028 0 0 0 0 0.0004 0.0052 0.0488 0.3218 1.02 1.62 1.8356 1.6774 1.3184 0.979 0.5534 0.3326 0.1844 0.0756 0.0234 0.004 0 0 0 0 0.002 0.0142 0.0988 0.378 0.8132 1.1328 1.3074 1.433 1.1416 0.7226 0.4684 0.2634 0.1314 0.0606 0.0284 0.0042 0 0 0 0 0.0008 0.0072 0.0598 0.2388 0.4554 0.7356 1.0098 
0 0 0 0 0 0 0 0 0 0 0 0 0 0 0 0 0 0.1148 1.9074 4.3872 3.2828 2.0134 1.1572 0.6488 0.2754 0.1434 0.0364 0.0176 0.0114 0.002 0.0022 0 0 0 0 0.0032 0.11 0.9486 2.1574 2.6612 2.1072 1.444 1.0626 0.6796 0.4504 0.2208 0.1094 0.036 0.0062 0.0014 0.002 0 0 0 0.0008 0.055 0.4152 1.0808 1.6856 1.9164 1.5534 1.1358 0.8552 0.575 0.3518 0.199 0.1308 0.0334 0.0062 0.0024 0.0032 0 0 0 0.0136 0.1312 0.4294 0.821 1.2576 1.4392 1.2726 0.9752 0.664 0.4492 0.2656 0.137 0.0768 0.0454 0.0148 0.0028 0.0024 0.0022 0 0.001 0.0228 0.1188 0.2736 0.521 0.7932 0.9522 
0 0 0 0 0 0 0 0 0 0 0 0 0 0 0 0 0 0.1204 1.8578 4.2814 3.5138 2.0168 1.2412 0.6098 0.2456 0.0886 0.0222 0.0024 0 0 0 0 0 0 0 0.0052 0.1254 0.8688 2.0764 2.6646 2.2032 1.6164 1.0836 0.673 0.414 0.1786 0.0706 0.0188 0.0014 0 0 0 0 0.001 0.006 0.0668 0.394 0.9996 1.663 1.8362 1.6332 1.2966 0.909 0.6308 0.353 0.1552 0.0484 0.0072 0 0 0 0 0 0.0046 0.0186 0.1266 0.4112 0.849 1.151 1.366 1.3734 1.0566 0.7094 0.4962 0.2528 0.1282 0.048 0.0064 0.002 0 0 0 0 0.0048 0.0248 0.0962 0.2496 0.5072 0.7794 0.9778 
0 0 0 0 0 0 0 0 0 0 0 0 0 0 0 0 0 0.1312 2.04 4.3328 3.2294 1.9798 1.158 0.6812 0.3384 0.093 0.0162 0 0 0 0 0 0 0 0 0.0084 0.1602 1.0394 2.285 2.5234 2.0586 1.4762 1.0822 0.6664 0.3958 0.1968 0.0824 0.0182 0.0058 0.0012 0 0 0 0 0.012 0.1138 0.4978 1.1606 1.7518 1.7874 1.4918 1.2096 0.836 0.5288 0.3128 0.175 0.0824 0.027 0.0072 0.006 0 0 0 0.003 0.0504 0.1974 0.5096 0.9474 1.244 1.304 1.2018 0.969 0.6854 0.4418 0.2344 0.12 0.0634 0.015 0.0086 0.0048 0 0 0.0028 0.0114 0.0454 0.1404 0.335 0.5602 0.8842 0.9928 
0 0 0 0 0 0 0 0 0 0 0 0 0 0 0 0 0 0.1192 1.9806 4.4694 3.4428 1.9024 1.12 0.5942 0.255 0.0938 0.0146 0.008 0 0 0 0 0 0 0 0.0042 0.1338 0.9462 2.3078 2.7268 2.214 1.4576 0.979 0.665 0.3284 0.153 0.0634 0.0156 0.0052 0 0 0 0 0 0.0042 0.0746 0.4332 1.1596 1.8212 1.9262 1.5856 1.1602 0.8696 0.503 0.2684 0.1322 0.0452 0.0084 0.0068 0.0016 0 0 0 0 0.0238 0.1364 0.452 0.9774 1.3458 1.4782 1.272 0.9936 0.6254 0.3944 0.2042 0.063 0.019 0.0106 0.003 0.0012 0 0 0 0 0.015 0.1174 0.2926 0.569 0.9564 1.115 
0 0 0 0 0 0 0 0 0 0 0 0 0 0 0 0 0.0002 0.154 2.0954 4.4414 3.3992 1.9124 1.0772 0.495 0.249 0.1032 0.0502 0.0174 0.0052 0.0002 0 0 0 0 0 0.008 0.2108 1.0534 2.313 2.6268 2.0848 1.5678 0.9888 0.5926 0.2794 0.1602 0.0584 0.038 0.0162 0.0018 0 0 0 0 0.0082 0.1134 0.5148 1.2658 1.788 1.886 1.5242 1.207 0.7482 0.4702 0.237 0.1218 0.0574 0.0316 0.0222 0.002 0.0022 0 0 0.0072 0.0418 0.1678 0.536 1.0092 1.4036 1.4366 1.1758 0.928 0.6056 0.3304 0.1912 0.0812 0.0532 0.027 0.0054 0 0 0 0.0018 0.009 0.0432 0.1366 0.372 0.6438 0.9388 1.0578 
0 0 0 0 0 0 0 0 0 0 0 0 0 0 0 0 0 0.1242 1.9418 4.3576 3.6438 1.9152 1.0672 0.5916 0.2242 0.0796 0.029 0.0198 0.005 0.001 0 0 0 0 0 0.0064 0.1386 0.9752 2.182 2.6812 2.2448 1.4694 1.0224 0.6808 0.3552 0.1276 0.0708 0.0276 0.0142 0.002 0.0018 0 0 0.0004 0.0086 0.0902 0.4858 1.0988 1.6414 1.9286 1.6038 1.2552 0.8618 0.526 0.272 0.1526 0.0454 0.02 0.0062 0.0032 0 0 0 0.0064 0.0448 0.159 0.5642 0.8834 1.1084 1.3844 1.3328 1.0376 0.647 0.4284 0.2248 0.1072 0.0492 0.0186 0.0038 0 0 0 0.0024 0.0108 0.041 0.1476 0.3538 0.536 0.8294 1.0094 
0 0 0 0 0 0 0 0 0 0 0 0 0 0 0 0 0 0.1164 2.0602 4.4024 3.4196 1.9586 1.0666 0.6254 0.2522 0.066 0.0268 0.0058 0 0 0 0 0 0 0 0.0022 0.134 1.022 2.3368 2.6664 2.0806 1.494 0.9844 0.7074 0.3454 0.1576 0.048 0.014 0.005 0.0022 0 0 0 0 0.0062 0.084 0.431 1.213 1.8852 1.8404 1.526 1.1492 0.883 0.517 0.2804 0.115 0.0434 0.0122 0.0066 0.0044 0.003 0 0 0.0008 0.0284 0.1702 0.457 0.9862 1.4144 1.3328 1.2696 1.0228 0.6708 0.3202 0.2008 0.071 0.0224 0.0174 0.006 0.0052 0.004 0 0 0.002 0.0372 0.1206 0.3238 0.5602 0.9496 1.135 
0 0 0 0 0 0 0 0 0 0 0 0 0 0 0 0 0.0012 0.168 2.0724 4.2768 3.322 1.8554 1.1006 0.6782 0.3364 0.1424 0.035 0.0082 0.0034 0 0 0 0 0 0 0.0106 0.2054 1.0676 2.23 2.5026 2.0504 1.471 0.9996 0.6744 0.4332 0.1866 0.1168 0.0482 0.0036 0 0 0 0 0.0006 0.0126 0.125 0.5082 1.2652 1.7426 1.6828 1.4198 1.1366 0.8548 0.5756 0.3614 0.1844 0.086 0.0358 0.0078 0.0008 0 0 0 0.004 0.04 0.195 0.578 1.0012 1.18 1.2718 1.1442 0.9826 0.692 0.4378 0.2622 0.117 0.067 0.0178 0.0094 0 0 0 0 0.002 0.0286 0.153 0.3604 0.6314 0.8568 0.914 
0 0 0 0 0 0 0 0 0 0 0 0 0 0 0 0 0.001 0.1428 1.9964 4.3472 3.4332 2.0084 1.0952 0.5926 0.265 0.089 0.017 0.0064 0.0058 0 0 0 0 0 0 0.007 0.1434 0.9354 2.2958 2.6958 2.1146 1.5278 1.0014 0.6612 0.364 0.1626 0.0662 0.0158 0.0062 0.0028 0 0 0 0 0.0122 0.0818 0.4066 1.1378 1.81 1.9188 1.5532 1.1724 0.8774 0.5148 0.2776 0.155 0.049 0.0274 0.006 0 0 0 0 0.0014 0.0428 0.1442 0.4158 0.9466 1.3038 1.4026 1.3118 1.0576 0.6404 0.3664 0.2036 0.1042 0.0416 0.0152 0.002 0 0 0 0 0.0072 0.0332 0.1002 0.2768 0.5972 0.8694 1.0522 
0 0 0 0 0 0 0 0 0 0 0 0 0 0 0 0 0.0004 0.1108 1.9164 4.4414 3.3224 1.8352 1.1254 0.7378 0.3344 0.1228 0.0352 0.0162 0.0016 0 0 0 0 0 0 0.003 0.1144 0.9162 2.3224 2.631 2.1204 1.4578 0.9578 0.6728 0.4462 0.2018 0.1008 0.0358 0.0106 0.0076 0.0014 0 0 0 0.003 0.0614 0.3934 1.1576 1.7908 1.843 1.5448 1.126 0.8854 0.5772 0.3412 0.1542 0.076 0.027 0.0116 0.004 0.0034 0 0 0.0014 0.0146 0.1344 0.4464 0.8804 1.3362 1.405 1.2406 0.9186 0.7052 0.445 0.238 0.15 0.051 0.028 0.0016 0.0012 0.0024 0 0 0.0048 0.0214 0.1102 0.2674 0.503 0.9026 1.0402 
0 0 0 0 0 0 0 0 0 0 0 0 0 0 0 0 0 0.1116 1.8726 4.4116 3.4762 1.9786 1.1056 0.6002 0.3012 0.1022 0.0316 0.0072 0.0014 0 0 0 0 0 0 0.0016 0.1064 0.8738 2.2934 2.652 2.1348 1.4994 1.0484 0.732 0.397 0.1584 0.0588 0.0318 0.0122 0 0 0 0 0 0.0012 0.0492 0.3782 1.1182 1.7852 1.8206 1.592 1.2492 0.8954 0.5952 0.2942 0.1276 0.0622 0.0258 0.0058 0 0 0 0 0 0.0104 0.1276 0.4218 0.9146 1.2454 1.3812 1.3138 1.0068 0.7636 0.4252 0.2286 0.1178 0.038 0.0046 0.0006 0 0 0 0 0.0016 0.0092 0.0804 0.2632 0.5536 0.89 0.9952 
0 0 0 0 0 0 0 0 0 0 0 0 0 0 0 0 0.0004 0.1834 2.0476 4.2984 3.398 1.9866 1.136 0.5496 0.2652 0.0974 0.029 0.007 0.0014 0 0 0 0 0 0.001 0.0182 0.2214 1.0316 2.147 2.672 2.1056 1.5334 1.0106 0.6344 0.3594 0.1744 0.063 0.018 0.01 0 0 0 0 0.0032 0.0264 0.1326 0.509 1.113 1.688 1.8816 1.575 1.2462 0.83 0.5198 0.2522 0.1402 0.0646 0.016 0.0022 0 0 0 0.0022 0.0116 0.051 0.2216 0.4748 0.9126 1.2838 1.4526 1.2316 0.9274 0.6984 0.3738 0.2126 0.0934 0.0414 0.007 0.0042 0 0 0.0004 0.0036 0.0106 0.0586 0.1512 0.3088 0.5888 0.8596 1.073 
0 0 0 0 0 0 0 0 0 0 0 0 0 0 0 0 0.0002 0.1334 1.9952 4.1286 3.4678 2.0756 1.1292 0.6378 0.2844 0.1028 0.0298 0.0084 0.0046 0.0022 0 0 0 0 0 0.006 0.1378 0.94 2.163 2.605 2.0748 1.5468 1.0866 0.7266 0.4238 0.1824 0.065 0.0264 0.0092 0.0058 0.0008 0 0 0 0.004 0.0638 0.3958 1.0662 1.779 1.8784 1.5062 1.1606 0.8748 0.6464 0.3934 0.145 0.0542 0.0186 0.0104 0.0032 0 0 0 0.0034 0.0236 0.1192 0.4014 0.9192 1.2534 1.391 1.203 0.9492 0.801 0.475 0.2614 0.1248 0.0468 0.0166 0.007 0.0024 0.0016 0 0.0036 0.005 0.0218 0.1012 0.2556 0.5402 0.7848 1.0278 
0 0 0 0 0 0 0 0 0 0 0 0 0 0 0 0 0 0.1104 1.7652 4.2344 3.543 2.1106 1.1656 0.6198 0.307 0.1092 0.0294 0.0048 0.0006 0 0 0 0 0 0 0.0054 0.1514 0.788 1.9578 2.6306 2.3128 1.5568 1.1298 0.7456 0.4306 0.1862 0.0598 0.0248 0.0122 0.0068 0.0014 0 0 0 0.0082 0.0664 0.3672 0.911 1.5594 1.888 1.6092 1.351 0.9326 0.6762 0.3728 0.155 0.06 0.0284 0.0066 0.0056 0.0024 0 0 0.0008 0.0176 0.1192 0.3928 0.7254 1.1604 1.3606 1.3294 1.0458 0.8036 0.5244 0.2456 0.1366 0.0698 0.0372 0.018 0.0112 0.0016 0 0 0.0008 0.017 0.101 0.2286 0.4528 0.7194 0.9894 
0 0 0 0 0 0 0 0 0 0 0 0 0 0 0 0 0.0008 0.1456 1.8964 4.0426 3.4088 2.0518 1.2738 0.679 0.319 0.1222 0.0356 0.0234 0.001 0 0 0 0 0 0 0.0102 0.1926 0.9466 2.0258 2.475 1.9804 1.4952 1.2446 0.801 0.4306 0.257 0.0978 0.0312 0.0106 0.0014 0 0 0 0 0.0104 0.1006 0.4288 1.1172 1.589 1.6764 1.4802 1.2686 0.9178 0.6458 0.418 0.2076 0.0952 0.031 0.0086 0.0028 0.002 0 0 0.0054 0.0346 0.151 0.394 0.8298 1.148 1.3116 1.3138 1.086 0.714 0.4752 0.2722 0.1702 0.0638 0.0226 0.007 0.0008 0 0 0.0018 0.0086 0.0204 0.0742 0.2374 0.4926 0.7396 0.9934 
0 0 0 0 0 0 0 0 0 0 0 0 0 0 0 0 0 0.1302 1.9702 4.2386 3.3914 1.9812 1.1544 0.656 0.2928 0.1206 0.0402 0.009 0.0116 0.0038 0 0 0 0 0 0.0054 0.183 0.8988 2.1902 2.5584 2.1202 1.4962 1.134 0.6794 0.41 0.1788 0.0824 0.0324 0.017 0.0116 0.0022 0 0 0 0.0078 0.1084 0.4208 1.1048 1.6136 1.7852 1.572 1.3144 0.8748 0.5812 0.3364 0.1588 0.0614 0.028 0.0178 0.0134 0.0012 0 0 0.0088 0.0336 0.1568 0.4946 0.8604 1.105 1.3022 1.278 1.0446 0.7664 0.4924 0.2694 0.1014 0.0464 0.0242 0.0126 0.0032 0 0 0.004 0.0058 0.0428 0.1282 0.3302 0.4868 0.7818 0.914 
0 0 0 0 0 0 0 0 0 0 0 0 0 0 0 0 0.0006 0.1664 2.0472 4.323 3.2978 2.039 1.2076 0.593 0.217 0.0852 0.02 0.0032 0 0 0 0 0 0 0 0.0086 0.2082 1.0252 2.2274 2.599 2.0226 1.542 1.0564 0.7168 0.387 0.1448 0.044 0.0148 0.0032 0 0 0 0 0 0.0056 0.1086 0.4936 1.2004 1.7462 1.754 1.59 1.2248 0.8646 0.536 0.3216 0.102 0.036 0.014 0.0026 0 0 0 0 0 0.0296 0.1838 0.5188 0.972 1.2348 1.4326 1.2648 0.9952 0.6488 0.4178 0.2108 0.0696 0.019 0.0024 0 0 0 0 0 0.0022 0.032 0.13 0.3332 0.5984 0.8434 1.0884 
0 0 0 0 0 0 0 0 0 0 0 0 0 0 0 0 0 0.1006 1.7276 4.3006 3.5398 2.0622 1.162 0.6128 0.3298 0.1074 0.0372 0.015 0.0042 0.0008 0 0 0 0 0 0.0026 0.0742 0.762 2.0508 2.7822 2.2448 1.5578 1.0042 0.7586 0.4084 0.1662 0.0892 0.0576 0.0298 0.007 0.0046 0 0 0 0.0014 0.0404 0.326 0.9304 1.6346 1.9456 1.691 1.178 0.9168 0.6544 0.3646 0.1402 0.0832 0.0398 0.025 0.025 0.0036 0 0 0 0.014 0.0846 0.3264 0.7682 1.2312 1.4174 1.2818 1.0558 0.7976 0.5184 0.2438 0.1266 0.0556 0.0318 0.0236 0.0146 0.0054 0.0032 0 0.0044 0.014 0.0596 0.2018 0.4464 0.7622 0.998 
0 0 0 0 0 0 0 0 0 0 0 0 0 0 0 0 0.0004 0.1094 1.7708 4.3224 3.5548 2.0856 1.1784 0.5798 0.2502 0.0958 0.033 0.0184 0.001 0 0 0 0 0 0 0.0086 0.1404 0.7998 1.9986 2.6524 2.263 1.6492 1.1132 0.6948 0.3686 0.1508 0.0798 0.043 0.0182 0.015 0.0032 0.0014 0 0 0.0114 0.0722 0.3766 0.9424 1.6348 1.8156 1.6988 1.2844 0.8638 0.6404 0.369 0.153 0.0656 0.031 0.0298 0.0066 0.0046 0 0 0.0022 0.0282 0.1336 0.38 0.8186 1.1942 1.3228 1.237 1.0518 0.728 0.4984 0.3332 0.1328 0.075 0.04 0.0176 0.004 0.0024 0.0002 0 0.0014 0.0242 0.0878 0.2546 0.5462 0.8078 0.9102 
0 0 0 0 0 0 0 0 0 0 0 0 0 0 0 0 0.0004 0.126 1.9904 4.3062 3.4684 1.8884 1.1386 0.633 0.2922 0.096 0.0318 0.0156 0.0116 0.0014 0 0 0 0 0 0.0048 0.1686 0.9582 2.2276 2.5372 2.1652 1.55 1.0084 0.6752 0.3996 0.1774 0.0856 0.029 0.0132 0 0 0 0 0.0002 0.0056 0.0948 0.4596 1.1172 1.7414 1.761 1.5782 1.2266 0.859 0.5484 0.3268 0.1784 0.0588 0.023 0.0182 0.0024 0.0004 0 0 0.0038 0.034 0.1686 0.469 0.9064 1.311 1.2908 1.2196 0.9944 0.7284 0.4214 0.275 0.109 0.0388 0.023 0.0046 0.0022 0 0 0.0012 0.011 0.0308 0.1254 0.289 0.594 0.8796 0.9594 
0 0 0 0 0 0 0 0 0 0 0 0 0 0 0 0 0.0002 0.125 1.8996 4.372 3.5168 2.1162 1.1116 0.5406 0.2012 0.0772 0.03 0.0082 0.0014 0 0 0 0 0 0 0.0056 0.1238 0.9298 2.1778 2.6664 2.2972 1.5526 1.042 0.6332 0.319 0.1312 0.0668 0.0426 0.0068 0.0052 0 0 0 0.0006 0.0066 0.0802 0.408 1.0372 1.7372 1.9454 1.676 1.2364 0.8156 0.5572 0.2708 0.1196 0.0624 0.0326 0.0068 0.0044 0.003 0 0 0.0042 0.0378 0.1362 0.4146 0.845 1.3406 1.433 1.2852 1.028 0.654 0.44 0.2006 0.1114 0.0304 0.027 0.0096 0.0024 0 0 0 0.006 0.0268 0.087 0.28 0.5656 0.9084 1.05 
0 0 0 0 0 0 0 0 0 0 0 0 0 0 0 0 0.0002 0.1148 1.7784 4.0758 3.6144 2.1312 1.1994 0.677 0.2892 0.0952 0.0152 0.0062 0.0012 0.0018 0 0 0 0 0 0.0054 0.1014 0.7848 2.0442 2.6124 2.2244 1.561 1.0964 0.8004 0.443 0.2072 0.08 0.027 0.0084 0.003 0.001 0 0 0 0.0058 0.0538 0.3342 0.9504 1.5818 1.8484 1.6388 1.301 0.949 0.6656 0.3808 0.188 0.0762 0.0206 0.0046 0.001 0 0 0 0.0008 0.016 0.0972 0.394 0.763 1.1276 1.3122 1.2822 1.103 0.799 0.5732 0.2906 0.1578 0.0544 0.019 0.0082 0.0018 0 0 0 0.0004 0.0226 0.072 0.2348 0.4798 0.7486 0.9286 
0 0 0 0 0 0 0 0 0 0 0 0 0 0 0 0 0 0.1254 1.9642 4.3544 3.4298 2.0176 1.1584 0.6128 0.2432 0.0788 0.013 0.0014 0.001 0 0 0 0 0 0 0.0106 0.1506 0.998 2.1952 2.6654 2.0784 1.5138 1.0932 0.6838 0.3824 0.165 0.0436 0.015 0.0036 0.0014 0 0 0 0 0.0088 0.0998 0.444 1.123 1.837 1.8178 1.51 1.1934 0.8996 0.5468 0.3234 0.133 0.0444 0.0126 0.0064 0 0 0 0 0.0032 0.0298 0.1522 0.4614 0.9274 1.2972 1.4872 1.255 0.936 0.6834 0.4288 0.2026 0.0974 0.0244 0.0138 0.0002 0 0 0 0 0.0068 0.033 0.1054 0.256 0.6122 0.9282 1.0338 
0 0 0 0 0 0 0 0 0 0 0 0 0 0 0 0 0 0.1366 2.0422 4.2996 3.264 1.9554 1.2626 0.6208 0.2794 0.1078 0.0278 0.0038 0 0 0 0 0 0 0 0.0072 0.145 1.0092 2.186 2.6094 2.0742 1.5486 1.0678 0.6976 0.3598 0.1876 0.071 0.031 0.0056 0 0 0 0 0.0008 0.009 0.0806 0.4332 1.136 1.7426 1.8324 1.5186 1.2604 0.816 0.5844 0.3356 0.148 0.0622 0.0344 0.0058 0 0 0 0 0.0014 0.0236 0.1414 0.4652 0.8774 1.3268 1.4206 1.2512 0.9586 0.6948 0.4196 0.2142 0.1336 0.053 0.0174 0.0012 0 0 0 0.0016 0.0018 0.0208 0.1048 0.3076 0.5504 0.8684 1.0342 
0 0 0 0 0 0 0 0 0 0 0 0 0 0 0 0 0.0006 0.1412 2.1068 4.3854 3.2498 1.968 1.0468 0.6254 0.3138 0.1088 0.0324 0.0104 0.0048 0.0042 0.0016 0 0 0 0 0.0116 0.1722 1.0802 2.1622 2.6454 2.1078 1.5124 0.9612 0.6556 0.377 0.1946 0.0822 0.026 0.0064 0.0052 0 0 0 0.0014 0.0118 0.129 0.5046 1.1306 1.7306 1.846 1.5356 1.162 0.7728 0.5504 0.3376 0.1624 0.0818 0.0282 0.0102 0.005 0 0 0.0018 0.005 0.0606 0.2268 0.5058 0.9192 1.254 1.2848 1.207 0.9334 0.6346 0.4294 0.2922 0.1332 0.0704 0.0276 0.0114 0.0028 0 0 0.0004 0.007 0.057 0.183 0.3536 0.5654 0.887 0.9504 
0 0 0 0 0 0 0 0 0 0 0 0 0 0 0 0 0.0004 0.098 1.8012 4.251 3.5496 2.0238 1.0778 0.663 0.3484 0.1308 0.0426 0.0134 0 0 0 0 0 0 0 0.0076 0.1228 0.755 2.0726 2.7094 2.1498 1.6176 1.0486 0.7204 0.4422 0.2222 0.089 0.0324 0.0086 0.0018 0 0 0 0 0.0074 0.05 0.3064 0.9714 1.6962 1.8742 1.579 1.312 0.8734 0.672 0.3598 0.1846 0.081 0.0236 0.0044 0.0046 0 0 0 0.0016 0.0172 0.0902 0.3404 0.7614 1.229 1.4494 1.2582 1.0518 0.7948 0.5396 0.2556 0.124 0.06 0.018 0.0088 0 0 0 0 0.001 0.014 0.08 0.2066 0.4688 0.785 0.9658 
0 0 0 0 0 0 0 0 0 0 0 0 0 0 0 0 0 0.116 1.8322 4.2294 3.3352 1.9988 1.2524 0.7354 0.32 0.1168 0.045 0.0176 0.0012 0 0 0 0 0 0 0.006 0.1414 0.8688 2.1608 2.4402 2.0504 1.5574 1.0858 0.8052 0.497 0.2344 0.0894 0.0464 0.0134 0.0034 0 0 0 0 0.0074 0.091 0.3842 1.0492 1.6882 1.7058 1.5268 1.19 0.9274 0.637 0.4318 0.2212 0.0806 0.0414 0.0156 0.0024 0 0 0 0.0036 0.0284 0.1444 0.4088 0.8366 1.1734 1.2692 1.2462 1.0682 0.7288 0.5044 0.3268 0.1548 0.0668 0.0282 0.0114 0 0 0 0.0008 0.0042 0.0316 0.0976 0.2626 0.4744 0.7048 0.972 
0 0 0 0 0 0 0 0 0 0 0 0 0 0 0 0 0 0.1178 1.7936 4.2304 3.3482 2.0146 1.1514 0.7414 0.3902 0.166 0.0404 0.006 0 0 0 0 0 0 0 0.0008 0.1138 0.8108 2.0576 2.6488 2.1096 1.4434 1.1258 0.7892 0.4872 0.2894 0.0976 0.0194 0.0066 0 0 0 0 0 0.0026 0.0654 0.34 0.9466 1.685 1.7616 1.562 1.2042 0.982 0.7112 0.4178 0.1966 0.0758 0.0254 0.013 0.0096 0.0012 0 0 0.001 0.013 0.1062 0.3602 0.7498 1.1812 1.3138 1.2996 1.0764 0.8374 0.5428 0.271 0.1244 0.06 0.0364 0.0194 0.0074 0 0 0.0008 0.0028 0.017 0.0662 0.1938 0.415 0.6742 1.0158 
0 0 0 0 0 0 0 0 0 0 0 0 0 0 0 0 0 0.113 1.728 4.3156 3.4806 2.0382 1.205 0.6832 0.2972 0.1032 0.0352 0.0008 0 0 0 0 0 0 0 0.0062 0.1464 0.767 2.012 2.6376 2.1896 1.706 1.109 0.6606 0.4488 0.2022 0.078 0.0322 0.0036 0.0008 0 0 0 0 0.0048 0.0848 0.3652 0.8782 1.5712 1.8814 1.6656 1.3406 0.9366 0.5758 0.4002 0.1836 0.0836 0.0254 0.003 0 0 0 0 0.0012 0.0186 0.1488 0.3756 0.7 1.0656 1.4174 1.4002 1.0792 0.747 0.494 0.2998 0.17 0.0538 0.023 0.0058 0 0 0 0 0.0016 0.024 0.091 0.247 0.4366 0.685 1.0076 
0 0 0 0 0 0 0 0 0 0 0 0 0 0 0 0 0.0002 0.115 1.846 4.3586 3.3836 1.9644 1.2772 0.6992 0.2636 0.082 0.0102 0 0 0 0 0 0 0 0 0.0036 0.1554 0.9226 2.1614 2.6196 1.9946 1.4976 1.1432 0.8116 0.4184 0.1924 0.0668 0.0128 0 0 0 0 0 0 0.0016 0.0922 0.4154 1.1474 1.6908 1.742 1.5306 1.284 0.9048 0.6366 0.3342 0.1492 0.0518 0.0124 0.0056 0.0014 0 0 0 0 0.0292 0.1382 0.44 0.8784 1.214 1.3398 1.315 1.0694 0.7656 0.4628 0.2356 0.0758 0.0188 0.0134 0.004 0 0 0 0 0.0018 0.0258 0.1052 0.273 0.4988 0.8014 0.9616 
0 0 0 0 0 0 0 0 0 0 0 0 0 0 0 0 0.0002 0.118 1.7772 4.099 3.6132 2.1892 1.2034 0.6208 0.2406 0.0928 0.0298 0.0118 0.004 0 0 0 0 0 0 0.0186 0.1218 0.815 1.9604 2.6674 2.1362 1.6144 1.2066 0.7476 0.434 0.1862 0.0494 0.0264 0.0112 0.0048 0 0 0 0 0.0072 0.079 0.3892 0.9058 1.578 1.8592 1.5652 1.3034 1.0246 0.7182 0.339 0.1278 0.058 0.0336 0.0118 0 0 0 0 0.0004 0.0252 0.14 0.3772 0.765 1.087 1.3302 1.2674 1.1304 0.8482 0.5516 0.2864 0.1008 0.0562 0.0268 0.0056 0.0016 0 0 0 0.004 0.0244 0.1094 0.2536 0.4538 0.6526 0.8626 
0 0 0 0 0 0 0 0 0 0 0 0 0 0 0 0 0 0.1374 1.8928 4.2468 3.4492 2.0012 1.1042 0.644 0.317 0.1238 0.0622 0.0124 0.0058 0.002 0.0012 0 0 0 0.001 0.007 0.1792 0.8968 2.0712 2.6486 2.106 1.5268 1.0514 0.6604 0.4124 0.2812 0.1144 0.0248 0.0094 0.005 0.0044 0 0 0.0016 0.0068 0.1006 0.438 1.037 1.5972 1.8568 1.6806 1.1376 0.802 0.5766 0.3678 0.2346 0.11 0.0348 0.0096 0.006 0.0024 0 0 0.0048 0.034 0.158 0.4438 0.7928 1.1574 1.4182 1.2806 0.9676 0.7014 0.4996 0.2792 0.1656 0.057 0.0226 0.0118 0.004 0.0016 0 0.0022 0.0034 0.0278 0.1182 0.2692 0.4984 0.7954 0.9612 
0 0 0 0 0 0 0 0 0 0 0 0 0 0 0 0 0.0004 0.1418 2.0258 4.4028 3.2484 1.783 1.0644 0.725 0.3694 0.1488 0.0544 0.0102 0.0124 0.011 0.0022 0 0 0 0 0.007 0.1402 1.0166 2.3032 2.6434 1.9976 1.4156 0.9532 0.6238 0.468 0.2536 0.1068 0.0336 0.016 0.0088 0.0084 0.0026 0.0016 0 0.0042 0.0772 0.511 1.1496 1.7854 1.7478 1.528 1.1138 0.784 0.5936 0.3604 0.1916 0.0836 0.0312 0.016 0.011 0.0088 0.0028 0 0.0016 0.0336 0.1738 0.5298 0.9046 1.2814 1.3424 1.1336 0.9092 0.6504 0.5006 0.2818 0.1398 0.0766 0.0126 0.0104 0.0148 0.003 0 0 0.0088 0.0516 0.1222 0.3164 0.5652 0.829 0.952 
0 0 0 0 0 0 0 0 0 0 0 0 0 0 0 0 0.001 0.1192 2.0228 4.3658 3.2598 1.8534 1.192 0.6764 0.33 0.137 0.0338 0.0088 0 0 0 0 0 0 0 0.0052 0.1388 0.9516 2.273 2.6288 2.08 1.4646 1.0392 0.6926 0.4086 0.2 0.0926 0.023 0.002 0 0 0 0 0 0.003 0.0782 0.4436 1.158 1.7814 1.8284 1.5198 1.1014 0.8708 0.6188 0.3352 0.1696 0.062 0.0264 0.0034 0 0 0 0 0.0026 0.0236 0.1426 0.4806 0.8942 1.3052 1.391 1.2434 0.9714 0.6902 0.4422 0.2358 0.106 0.0572 0.0132 0.0008 0 0 0 0.0002 0.0042 0.0258 0.1156 0.2528 0.5414 0.896 1.0882 
0 0 0 0 0 0 0 0 0 0 0 0 0 0 0 0 0 0.115 1.9184 4.2732 3.3414 2.1166 1.2032 0.6064 0.2526 0.1084 0.0476 0.0172 0 0 0 0 0 0 0 0.0046 0.1438 0.9064 2.103 2.628 2.0964 1.5696 1.099 0.7058 0.4074 0.1936 0.0924 0.0298 0.013 0.0072 0 0 0 0 0.0082 0.0762 0.437 0.99 1.6564 1.8076 1.6282 1.2574 0.8934 0.6074 0.343 0.1522 0.0932 0.034 0.0114 0.0044 0 0 0 0.0074 0.0234 0.1488 0.4274 0.8386 1.1792 1.3324 1.268 1.0192 0.7252 0.4974 0.2636 0.1728 0.0566 0.0326 0.0032 0.0032 0.001 0 0.002 0.0046 0.0414 0.0974 0.2614 0.5278 0.8324 0.8986 
0 0 0 0 0 0 0 0 0 0 0 0 0 0 0 0 0.0014 0.1498 2.0098 4.4002 3.3922 1.9046 1.092 0.5754 0.2896 0.1258 0.0422 0.0148 0.0016 0.0006 0 0 0 0 0.0004 0.0088 0.1744 0.9544 2.2524 2.6966 2.1664 1.484 0.9672 0.6202 0.3686 0.172 0.0974 0.023 0.0118 0.0024 0 0 0 0.001 0.0088 0.1068 0.4522 1.1344 1.811 1.8244 1.5772 1.1418 0.8578 0.5012 0.2932 0.1752 0.081 0.0284 0.0056 0 0 0 0.0002 0.0056 0.0408 0.1748 0.477 0.9402 1.2862 1.3236 1.2676 0.998 0.6826 0.3632 0.2336 0.1232 0.057 0.0194 0.003 0.004 0 0 0.0014 0.01 0.0554 0.1306 0.3396 0.5824 0.818 1.042 
0 0 0 0 0 0 0 0 0 0 0 0 0 0 0 0 0.0012 0.1244 1.9426 4.3358 3.5346 1.966 1.0674 0.5828 0.3282 0.0894 0.015 0.0074 0.004 0.0012 0 0 0 0 0 0.0088 0.1254 0.8692 2.303 2.7072 2.0988 1.5192 1.0436 0.6872 0.4108 0.1724 0.041 0.0068 0.005 0.0016 0 0 0 0.0022 0.0038 0.0582 0.3566 1.1672 1.833 1.8408 1.607 1.1978 0.883 0.549 0.2888 0.155 0.047 0.0056 0.005 0 0 0 0 0.0026 0.0156 0.1162 0.4336 0.9226 1.3152 1.4326 1.3082 1.063 0.6678 0.3686 0.2204 0.092 0.0326 0.0052 0.0024 0.0014 0 0 0 0 0.029 0.0962 0.244 0.5606 0.8506 1.0762 
0 0 0 0 0 0 0 0 0 0 0 0 0 0 0 0 0.0002 0.1426 1.9638 4.345 3.6244 2.0208 1.1028 0.5032 0.202 0.0676 0.0206 0.007 0 0 0 0 0 0 0 0.0058 0.1566 1.0056 2.14 2.6218 2.266 1.6384 1.0264 0.6292 0.3028 0.1326 0.0544 0.0166 0.0038 0 0 0 0 0 0.0132 0.1066 0.4474 1.1368 1.6606 1.8506 1.801 1.2754 0.7628 0.509 0.2482 0.11 0.0524 0.017 0.009 0 0 0 0 0.0034 0.0434 0.1874 0.486 0.897 1.1924 1.4748 1.3718 1.0068 0.6502 0.382 0.1656 0.0908 0.0312 0.0114 0.005 0.0008 0 0 0 0.0084 0.0408 0.1466 0.3066 0.594 0.8936 1.055 
0 0 0 0 0 0 0 0 0 0 0 0 0 0 0 0 0 0.1172 1.6884 4.2644 3.4944 2.0264 1.2544 0.668 0.3168 0.1244 0.0406 0.0044 0.0006 0 0 0 0 0 0 0.003 0.099 0.7508 1.9618 2.7556 2.1588 1.5456 1.1346 0.7702 0.5096 0.2118 0.081 0.017 0.0012 0 0 0 0 0.0004 0.004 0.0368 0.2932 0.9624 1.5914 1.9134 1.593 1.2746 0.9926 0.6538 0.4004 0.2086 0.0602 0.015 0.0002 0 0 0 0 0 0.0104 0.0606 0.32 0.7572 1.1956 1.3442 1.3806 1.1174 0.799 0.5406 0.279 0.1456 0.0414 0.007 0.0014 0 0 0 0 0 0.0064 0.0528 0.1578 0.4068 0.758 0.979 
0 0 0 0 0 0 0 0 0 0 0 0 0 0 0 0 0.0006 0.1436 1.8886 4.0996 3.6888 2.1328 1.0916 0.6028 0.238 0.086 0.0256 0.002 0 0 0 0 0 0 0 0.0088 0.1836 0.937 1.9958 2.5076 2.286 1.694 1.0322 0.711 0.4002 0.1732 0.044 0.0216 0.005 0 0 0 0 0.0008 0.0126 0.107 0.4218 1.0368 1.5996 1.8342 1.6226 1.3028 0.8374 0.6044 0.3628 0.1578 0.0662 0.0192 0.0088 0.0036 0.0016 0 0 0.0068 0.0388 0.1712 0.4362 0.7908 1.1518 1.365 1.3648 1.0558 0.7476 0.4564 0.237 0.1132 0.039 0.0116 0.0082 0.0052 0.0006 0 0.0016 0.0066 0.022 0.1316 0.3176 0.505 0.752 0.9394 
0 0 0 0 0 0 0 0 0 0 0 0 0 0 0 0 0.0004 0.1264 1.8978 4.3842 3.2356 2.0348 1.246 0.6268 0.274 0.117 0.0276 0.0172 0.0074 0.0036 0.0012 0 0 0 0 0.011 0.1664 0.9148 2.1764 2.5682 2.1148 1.441 1.12 0.7504 0.3878 0.2028 0.0774 0.0378 0.0186 0.006 0.0026 0.004 0 0.0012 0.0146 0.0948 0.4588 1.1142 1.5622 1.7948 1.5726 1.3254 0.892 0.5596 0.3322 0.1504 0.0666 0.0362 0.0134 0.004 0.0014 0.0056 0 0.0064 0.0326 0.1676 0.4746 0.8302 1.155 1.3854 1.269 1.101 0.6902 0.4184 0.2142 0.1462 0.061 0.0256 0.0114 0.0054 0.0022 0.0036 0 0.0064 0.0318 0.1056 0.2938 0.4858 0.796 0.974 
0 0 0 0 0 0 0 0 0 0 0 0 0 0 0 0 0.0006 0.1502 1.8402 4.3244 3.4922 1.9808 1.1248 0.6158 0.3036 0.1058 0.042 0.0172 0.0024 0 0 0 0 0 0 0.0112 0.1794 0.8794 2.154 2.619 2.106 1.5654 1.0378 0.7042 0.4164 0.1962 0.0816 0.0332 0.014 0.0022 0 0 0 0 0.0148 0.0964 0.4466 1.0488 1.6732 1.8056 1.5628 1.2308 0.9112 0.547 0.345 0.1772 0.084 0.0344 0.0182 0.0024 0.0016 0 0 0.005 0.039 0.1384 0.4394 0.8624 1.2826 1.3306 1.2058 1.0072 0.7348 0.4392 0.2632 0.1466 0.0614 0.0294 0.0086 0.0064 0 0 0.001 0.0066 0.023 0.125 0.2856 0.5034 0.8744 0.989 
