0.03 0.09 0.15 0.21 0.27 0.33 0.39 0.45 0.51 0.57 0.63 0.69 0.75 0.81 0.87 0.93 0.99 1.05 1.11 1.17 1.23 1.29 1.35 1.41 1.47 1.53 1.59 1.65 1.71 1.77 1.83 1.89 1.95 2.01 2.07 2.13 2.19 2.25 2.31 2.37 2.43 2.49 2.55 2.61 2.67 2.73 2.79 2.85 2.91 2.97 3.03 3.09 3.15 3.21 3.27 3.33 3.39 3.45 3.51 3.57 3.63 3.69 3.75 3.81 3.87 3.93 3.99 4.05 4.11 4.17 4.23 4.29 4.35 4.41 4.47 4.53 4.59 4.65 4.71 4.77 4.83 4.89 4.95 5.01 5.07 5.13 5.19 5.25 5.31 5.37 5.43 5.49 5.55 5.61 5.67 5.73 5.79 5.85 5.91 5.97 
0 0 0 0 0 0 0 0 0 0 0 0 0 0 0 0 0.2382 3.7956 5.1426 2.3152 0.7816 0.2274 0.0688 0.0256 0.0064 0 0 0 0 0 0 0 0 0.007 0.5332 2.4782 3.3902 2.3844 1.2466 0.4608 0.2362 0.0476 0.015 0.002 0 0 0 0 0 0 0 0.0426 0.5102 1.7002 2.3464 2.0836 1.3084 0.6026 0.2862 0.0908 0.0184 0.0106 0.001 0 0 0 0 0 0.004 0.0346 0.3514 1.0826 1.7302 1.5544 1.2354 0.742 0.3358 0.0938 0.0258 0.0078 0.003 0 0 0 0 0 0 0.0178 0.2034 0.56 1.119 1.1792 0.9094 0.694 0.4606 0.1992 0.0396 0.0184 0 0 
0 0 0 0 0 0 0 0 0 0 0 0 0 0 0 0 0.2346 4.5976 5.8422 2.2778 0.7798 0.2186 0.0392 0.0102 0 0 0 0 0 0 0 0 0 0.0144 0.6264 3.071 4.0722 2.4054 1.1278 0.4606 0.1732 0.0458 0.0032 0 0 0 0 0 0 0 0 0.0742 0.609 2.1276 2.908 2.2324 1.1962 0.568 0.2044 0.0616 0.0186 0 0 0 0 0 0 0 0 0.0888 0.4106 1.4038 2.2116 1.7674 1.1626 0.633 0.2112 0.083 0.0186 0.0094 0 0 0 0 0 0 0.0056 0.0518 0.2254 0.7656 1.3964 1.43 1.0672 0.661 0.2284 0.1264 0.0276 0.005 0.0096 0 
0 0 0 0 0 0 0 0 0 0 0 0 0 0 0 0 0.281 4.1744 5.5682 2.5034 0.986 0.3542 0.0968 0.0252 0.0048 0.006 0 0 0 0 0 0 0 0.023 0.6516 2.627 3.718 2.484 1.3982 0.6594 0.2472 0.1204 0.0562 0.015 0 0 0 0 0 0 0 0.055 0.6476 1.7136 2.6892 2.1192 1.391 0.798 0.3312 0.128 0.0812 0.0242 0.0218 0 0 0 0 0 0 0.0688 0.4094 1.172 1.7994 1.6808 1.3578 0.8096 0.396 0.1558 0.0874 0.0328 0.0166 0.0108 0.0028 0 0 0 0 0.0334 0.2138 0.5998 1.1184 1.2788 1.0818 0.8754 0.4114 0.184 0.106 0.0472 0.018 0.0112 
0 0 0 0 0 0 0 0 0 0 0 0 0 0 0 0 0.243 4.2528 6.024 2.3336 0.794 0.2516 0.0726 0.0284 0 0 0 0 0 0 0 0 0 0.0128 0.6058 2.7916 3.9506 2.6506 1.2752 0.4332 0.165 0.0856 0.0236 0.006 0 0 0 0 0 0 0 0.0468 0.5952 2.0266 2.6802 2.1992 1.3396 0.6942 0.2416 0.132 0.0376 0.007 0 0 0 0 0 0 0 0.0612 0.4508 1.2846 1.9492 1.7062 1.1914 0.7464 0.3654 0.1686 0.0666 0.0096 0 0 0 0 0 0 0.0002 0.0426 0.2402 0.7982 1.2334 1.2174 0.9888 0.6914 0.441 0.2176 0.0894 0.0268 0.013 0 
0 0 0 0 0 0 0 0 0 0 0 0 0 0 0 0 0.2634 4.1372 5.4942 2.5576 1.0098 0.3412 0.1264 0.0658 0.0044 0 0 0 0 0 0 0 0 0.0128 0.611 2.5686 3.6458 2.658 1.389 0.6552 0.2904 0.1374 0.0218 0.01 0 0 0 0 0 0 0 0.046 0.5978 1.6186 2.5274 2.3072 1.4514 0.7838 0.4074 0.185 0.0636 0.0118 0 0 0 0 0 0 0 0.0572 0.4228 0.9414 1.6464 1.9614 1.3406 0.8296 0.4792 0.2208 0.0756 0.025 0 0 0 0 0 0 0 0.041 0.2522 0.474 0.863 1.3604 1.2554 0.8062 0.5102 0.3034 0.0998 0.0344 0 0 
0 0 0 0 0 0 0 0 0 0 0 0 0 0 0 0 0.2774 4.3116 5.7312 2.4574 0.892 0.263 0.0654 0.002 0 0 0 0 0 0 0 0 0 0.0252 0.6166 2.8402 3.8588 2.5826 1.2916 0.5122 0.213 0.0598 0 0 0 0 0 0 0 0 0.0022 0.088 0.6526 1.8826 2.6622 2.2966 1.3676 0.6328 0.2582 0.1336 0.0236 0 0 0 0 0 0 0 0.009 0.092 0.4744 1.2438 1.885 1.7726 1.2582 0.7324 0.307 0.1482 0.0672 0.0102 0 0 0 0 0 0 0.008 0.072 0.2572 0.6954 1.215 1.3292 1.0116 0.6908 0.4354 0.179 0.051 0.045 0.0056 0.0048 
0 0 0 0 0 0 0 0 0 0 0 0 0 0 0 0 0.3054 4.4274 5.7468 2.39 0.754 0.248 0.1016 0.0262 0.0006 0 0 0 0 0 0 0 0 0.0336 0.7488 2.9034 3.7768 2.524 1.2242 0.4996 0.165 0.0892 0.029 0.0064 0 0 0 0 0 0 0.0028 0.1316 0.7342 1.9018 2.7088 2.1538 1.3472 0.6718 0.1872 0.0934 0.045 0.0204 0.002 0 0 0 0 0 0.0276 0.1398 0.5228 1.2704 1.8312 1.8006 1.2032 0.7432 0.2744 0.112 0.039 0.0218 0.014 0 0 0 0 0.0042 0.0216 0.1142 0.2874 0.7056 1.2454 1.2584 0.9736 0.7698 0.36 0.1414 0.0746 0.0288 0.015 0 
0 0 0 0 0 0 0 0 0 0 0 0 0 0 0 0 0.247 4.286 5.6904 2.6514 0.8498 0.2152 0.0522 0.008 0 0 0 0 0 0 0 0 0 0.0172 0.6194 2.795 3.7664 2.63 1.4048 0.536 0.1846 0.0466 0 0 0 0 0 0 0 0 0 0.0722 0.6442 1.8534 2.585 2.2942 1.4764 0.7008 0.272 0.085 0.0154 0.0014 0 0 0 0 0 0 0.001 0.0814 0.5186 1.1434 1.7734 1.7954 1.4006 0.8104 0.3378 0.111 0.02 0.007 0 0 0 0 0 0 0.0048 0.0502 0.2678 0.7078 1.0526 1.2196 1.2266 0.815 0.4066 0.196 0.0406 0.0124 0 0 
0 0 0 0 0 0 0 0 0 0 0 0 0 0 0 0 0.2314 4.1732 5.6896 2.5264 0.8872 0.3012 0.157 0.034 0 0 0 0 0 0 0 0 0 0.0142 0.5248 2.6874 3.8364 2.5984 1.3314 0.59 0.2772 0.0994 0.0406 0.0002 0 0 0 0 0 0 0.0018 0.052 0.5154 1.7844 2.619 2.3728 1.4062 0.7374 0.307 0.1288 0.0654 0.0098 0 0 0 0 0 0 0.0022 0.0504 0.4158 1.0948 1.7452 1.901 1.3776 0.7644 0.4074 0.1498 0.0814 0.0084 0.0016 0 0 0 0 0 0 0.0254 0.2256 0.6408 0.9452 1.3768 1.1524 0.7844 0.5402 0.1744 0.1058 0.0252 0.0038 0 
0 0 0 0 0 0 0 0 0 0 0 0 0 0 0 0 0.247 4.4246 5.8132 2.3786 0.8376 0.2032 0.057 0.0352 0.0036 0 0 0 0 0 0 0 0 0.0358 0.6908 2.7088 3.9794 2.6658 1.2294 0.4112 0.1744 0.0784 0.0216 0.0044 0 0 0 0 0 0 0.0078 0.0798 0.6138 1.81 2.8656 2.3618 1.3154 0.5936 0.2044 0.0908 0.0524 0.0046 0 0 0 0 0 0 0.0088 0.0824 0.433 1.2192 1.8956 2.0356 1.2102 0.6296 0.315 0.1032 0.0472 0.0152 0.005 0 0 0 0 0 0.0116 0.0484 0.2222 0.6876 1.161 1.5098 1.1328 0.6706 0.3294 0.1494 0.0434 0.0338 0 0 
0 0 0 0 0 0 0 0 0 0 0 0 0 0 0 0 0.3182 4.2768 5.6796 2.5884 0.8118 0.2424 0.0536 0.0148 0.0144 0 0 0 0 0 0 0 0 0.0374 0.6862 2.6354 3.9122 2.6552 1.3424 0.5444 0.1204 0.0368 0.0264 0.0032 0 0 0 0 0 0 0.0022 0.1168 0.6312 1.8578 2.5996 2.2582 1.4604 0.7538 0.2308 0.0554 0.0304 0.0034 0 0 0 0 0 0 0.0072 0.1214 0.512 1.1712 1.7968 1.7324 1.3416 0.8268 0.3668 0.0768 0.0432 0.0038 0 0 0 0 0 0 0.0056 0.0594 0.3322 0.618 1.217 1.2036 1.0188 0.8194 0.4956 0.1682 0.058 0.0042 0 0 
0 0 0 0 0 0 0 0 0 0 0 0 0 0 0 0 0.2464 4.378 5.6868 2.4202 0.8636 0.3052 0.0946 0.0052 0 0 0 0 0 0 0 0 0 0.0208 0.6368 2.7038 3.8816 2.6782 1.2528 0.533 0.2062 0.0768 0.01 0 0 0 0 0 0 0 0.0026 0.0838 0.5938 1.7672 2.7532 2.3812 1.4324 0.5862 0.2604 0.1226 0.0166 0 0 0 0 0 0 0 0.0054 0.0882 0.4236 1.1878 1.7734 1.9948 1.3702 0.6698 0.298 0.1428 0.046 0 0 0 0 0 0 0 0.002 0.0602 0.2452 0.6372 1.0722 1.399 1.1962 0.7534 0.4016 0.1644 0.0686 0 0 0 
0 0 0 0 0 0 0 0 0 0 0 0 0 0 0 0 0.2542 4.3372 5.4344 2.5856 0.9948 0.2648 0.0936 0.0344 0.001 0 0 0 0 0 0 0 0 0.0138 0.6392 2.8346 3.4896 2.6054 1.426 0.6158 0.2516 0.0736 0.0252 0.0134 0.0118 0 0 0 0 0 0 0.0628 0.6124 1.8778 2.433 2.178 1.5272 0.746 0.3498 0.1202 0.0668 0.0102 0.0042 0.0074 0.0042 0 0 0 0.0044 0.0716 0.4764 1.2508 1.5754 1.7464 1.3606 0.8082 0.3582 0.1808 0.11 0.0268 0.0154 0.0074 0.0076 0 0 0 0 0.0548 0.282 0.6338 1.0496 1.1972 1.1682 0.7534 0.4242 0.2158 0.1278 0.0442 0.0192 0.0116 
0 0 0 0 0 0 0 0 0 0 0 0 0 0 0 0 0.2574 4.5394 5.9066 2.414 0.6784 0.151 0.0436 0.0096 0 0 0 0 0 0 0 0 0 0.0224 0.6658 2.8606 4.1302 2.5584 1.2466 0.3842 0.0894 0.033 0.0094 0 0 0 0 0 0 0 0.003 0.0938 0.5358 2.0718 2.8964 2.3322 1.3052 0.562 0.1408 0.0498 0.0092 0 0 0 0 0 0 0 0.0062 0.0846 0.4044 1.302 2.0876 1.9772 1.2906 0.5528 0.2226 0.0586 0.0134 0 0 0 0 0 0 0 0.0132 0.0466 0.2288 0.662 1.3278 1.5112 1.2238 0.6134 0.2902 0.0776 0.0054 0 0 0 
0 0 0 0 0 0 0 0 0 0 0 0 0 0 0 0 0.2304 4.545 5.7672 2.4832 0.763 0.171 0.0392 0.001 0 0 0 0 0 0 0 0 0 0.0136 0.6992 2.8958 3.8444 2.6812 1.1974 0.472 0.16 0.033 0.0034 0 0 0 0 0 0 0 0 0.0556 0.723 1.9412 2.777 2.3028 1.2872 0.6372 0.1944 0.0646 0.017 0 0 0 0 0 0 0 0 0.067 0.5254 1.3978 1.8814 1.7884 1.2582 0.7162 0.2482 0.1038 0.0136 0 0 0 0 0 0 0 0.0006 0.0438 0.2666 0.8532 1.249 1.236 1.0352 0.8128 0.3586 0.112 0.0304 0.0018 0 0 
0 0 0 0 0 0 0 0 0 0 0 0 0 0 0 0.001 0.2586 4.3898 5.831 2.514 0.7118 0.1984 0.0714 0.0222 0.0018 0 0 0 0 0 0 0 0 0.0192 0.619 2.7826 3.9872 2.714 1.2488 0.366 0.1946 0.0576 0.005 0.006 0 0 0 0 0 0 0.004 0.0902 0.5458 1.8568 2.8456 2.3902 1.3248 0.6328 0.2026 0.0896 0.0114 0.0062 0 0 0 0 0 0 0.011 0.0908 0.3922 1.1104 2.0302 1.9614 1.3192 0.6734 0.2836 0.0878 0.0328 0.0062 0.001 0 0 0 0 0 0.0058 0.0498 0.2612 0.6048 1.1408 1.4918 1.219 0.6918 0.3568 0.1196 0.042 0.0166 0 0 
0 0 0 0 0 0 0 0 0 0 0 0 0 0 0 0 0.2422 4.6032 5.6962 2.4128 0.7636 0.2338 0.0478 0.0004 0 0 0 0 0 0 0 0 0 0.014 0.6232 3.062 3.857 2.6316 1.248 0.4206 0.1338 0.0098 0 0 0 0 0 0 0 0 0.0042 0.051 0.6756 2.0604 2.7216 2.3542 1.3322 0.5702 0.1874 0.027 0.0106 0.0056 0 0 0 0 0 0 0 0.087 0.518 1.2712 1.9374 1.9738 1.2868 0.632 0.2074 0.0652 0.0162 0.005 0 0 0 0 0 0 0.0032 0.0874 0.2838 0.65 1.1504 1.5766 1.2008 0.6872 0.2124 0.1114 0.0312 0.0056 0 0 
0 0 0 0 0 0 0 0 0 0 0 0 0 0 0 0 0.2088 4.4628 5.776 2.4554 0.728 0.245 0.0752 0.0332 0.0092 0.0064 0 0 0 0 0 0 0 0.0162 0.561 2.9036 4.1598 2.4182 1.1452 0.4872 0.2038 0.0576 0.0372 0.0056 0.0046 0 0 0 0 0 0 0.0438 0.5632 1.9504 3.0248 2.2112 1.2216 0.5954 0.2588 0.0792 0.0304 0.0156 0.0056 0 0 0 0 0 0 0.0448 0.4334 1.2654 2.0276 1.9464 1.2258 0.6002 0.2942 0.101 0.0318 0.0188 0.0068 0.0038 0 0 0 0 0 0.029 0.2158 0.7568 1.2166 1.4292 1.1378 0.6506 0.3516 0.1358 0.0408 0.0254 0.0044 0.0062 
0 0 0 0 0 0 0 0 0 0 0 0 0 0 0 0 0.2268 3.9878 5.982 2.6148 0.8224 0.2696 0.0566 0.035 0.005 0 0 0 0 0 0 0 0 0.021 0.49 2.5906 3.833 2.7676 1.4582 0.5188 0.2276 0.0594 0.0336 0.0002 0 0 0 0 0 0 0 0.0438 0.4814 1.7432 2.552 2.4716 1.5362 0.6388 0.3254 0.14 0.0376 0.0274 0.0026 0 0 0 0 0 0.002 0.0584 0.3316 1.1314 1.7736 1.8132 1.3898 0.8048 0.4268 0.1882 0.0482 0.018 0.014 0 0 0 0 0 0.0022 0.0416 0.2122 0.574 1.0914 1.2838 1.0896 0.7994 0.4892 0.2384 0.1314 0.037 0.0098 0 
0 0 0 0 0 0 0 0 0 0 0 0 0 0 0 0 0.2436 4.2442 5.8128 2.502 0.8868 0.2244 0.0524 0.0232 0.0106 0 0 0 0 0 0 0 0 0.0144 0.5322 2.8314 3.8854 2.681 1.3608 0.4686 0.156 0.043 0.0208 0.0064 0 0 0 0 0 0 0.0042 0.0436 0.5238 1.8596 2.8216 2.3554 1.4048 0.6464 0.2416 0.0704 0.0254 0.0032 0 0 0 0 0 0 0.0006 0.051 0.3714 1.1606 1.963 1.939 1.3478 0.7268 0.2804 0.1232 0.0198 0.0164 0 0 0 0 0 0 0 0.0364 0.2034 0.6008 1.2442 1.4114 1.1236 0.817 0.3552 0.1374 0.04 0.018 0.0072 0.0054 
0 0 0 0 0 0 0 0 0 0 0 0 0 0 0 0 0.203 4.6208 5.8744 2.2114 0.7762 0.2362 0.058 0.0138 0.0062 0 0 0 0 0 0 0 0 0.0136 0.5428 3.1112 4.0836 2.4028 1.151 0.4762 0.1542 0.0514 0.0132 0 0 0 0 0 0 0 0.0018 0.0442 0.5564 2.2048 2.9554 2.1442 1.2776 0.5088 0.2012 0.0802 0.02 0.0054 0 0 0 0 0 0 0.0066 0.058 0.395 1.4386 2.137 1.8352 1.2262 0.5272 0.2238 0.112 0.0308 0.005 0.0046 0 0 0 0 0 0.0078 0.0274 0.2318 0.7696 1.3462 1.5168 1.0678 0.5808 0.2734 0.1186 0.0344 0.0208 0.0046 0 
0 0 0 0 0 0 0 0 0 0 0 0 0 0 0 0 0.2318 4.3304 5.6452 2.4278 0.9014 0.3214 0.0898 0.0342 0.018 0 0 0 0 0 0 0 0 0.0112 0.6234 2.741 3.7928 2.6348 1.2692 0.5452 0.2386 0.0922 0.0448 0.0068 0 0 0 0 0 0 0 0.0538 0.5576 1.8892 2.611 2.2388 1.4796 0.6614 0.278 0.1502 0.0526 0.0278 0 0 0 0 0 0 0.0008 0.0566 0.4426 1.1766 1.752 1.8134 1.3828 0.7382 0.354 0.175 0.0756 0.0324 0 0 0 0 0 0 0.0016 0.035 0.265 0.7146 0.9858 1.323 1.043 0.7694 0.5002 0.2178 0.0902 0.0468 0.0076 0 
0 0 0 0 0 0 0 0 0 0 0 0 0 0 0 0.0004 0.2944 4.3766 5.4748 2.5586 0.9116 0.2654 0.074 0.0298 0.0144 0 0 0 0 0 0 0 0 0.0436 0.6484 2.731 3.8128 2.5354 1.2954 0.5812 0.2296 0.0778 0.0302 0.0146 0 0 0 0 0 0 0 0.1 0.657 1.71 2.7894 2.2356 1.3388 0.644 0.2916 0.1454 0.0642 0.024 0 0 0 0 0 0 0.0064 0.088 0.4218 1.2476 1.7662 1.8928 1.2392 0.718 0.354 0.156 0.055 0.032 0.0196 0.0034 0 0 0 0 0.007 0.0602 0.23 0.6476 1.1678 1.342 1.0478 0.7668 0.3976 0.174 0.0754 0.0364 0.0362 0.0088 
0 0 0 0 0 0 0 0 0 0 0 0 0 0 0 0 0.2572 4.224 5.7474 2.416 0.8528 0.31 0.1442 0.0466 0.0018 0 0 0 0 0 0 0 0 0.027 0.6024 2.649 3.7718 2.718 1.3136 0.585 0.1994 0.1038 0.03 0 0 0 0 0 0 0 0.0012 0.0822 0.588 1.7394 2.5846 2.3772 1.4258 0.6786 0.312 0.1256 0.075 0.0104 0 0 0 0 0 0 0.0098 0.081 0.4256 1.0872 1.8098 1.8178 1.3528 0.7374 0.3956 0.1752 0.0748 0.033 0 0 0 0 0 0 0 0.0928 0.2324 0.5406 1.0954 1.36 1.1144 0.7566 0.3964 0.241 0.1206 0.0394 0.0104 0 
0 0 0 0 0 0 0 0 0 0 0 0 0 0 0 0 0.2496 4.264 5.6984 2.5806 0.8834 0.2628 0.0556 0.0056 0 0 0 0 0 0 0 0 0 0.0086 0.5596 2.7586 3.7894 2.7976 1.2906 0.5662 0.1898 0.0396 0 0 0 0 0 0 0 0 0 0.0516 0.5474 1.8362 2.5692 2.5548 1.3388 0.746 0.2624 0.074 0.0132 0.0064 0 0 0 0 0 0 0.0052 0.049 0.3746 1.1592 1.808 1.961 1.3762 0.8012 0.3424 0.0856 0.0376 0 0 0 0 0 0 0 0.0086 0.0384 0.2054 0.644 1.1088 1.2784 1.1844 0.873 0.4436 0.171 0.0354 0.009 0 0 
0 0 0 0 0 0 0 0 0 0 0 0 0 0 0 0 0.3114 4.438 5.9356 2.3122 0.6588 0.2176 0.0612 0.029 0.0154 0.0168 0.004 0 0 0 0 0 0 0.0332 0.7086 2.9536 3.8972 2.6318 1.0586 0.4406 0.1564 0.0526 0.0326 0.0206 0.0102 0.004 0 0 0 0 0.0046 0.087 0.7554 1.988 2.8316 2.2082 1.2384 0.4986 0.217 0.0922 0.04 0.0192 0.0036 0.003 0.0034 0.0098 0 0 0.017 0.1164 0.4708 1.4224 2.0104 1.7348 1.1456 0.6304 0.2974 0.0806 0.0456 0.005 0.0046 0.0094 0.0036 0.0036 0.0024 0 0.0096 0.0594 0.296 0.778 1.3262 1.3406 0.9814 0.6172 0.377 0.14 0.039 0.0134 0.005 0.0058 
0 0 0 0 0 0 0 0 0 0 0 0 0 0 0 0 0.2442 4.3528 5.7506 2.4476 0.8648 0.2198 0.0716 0.028 0.0146 0.006 0 0 0 0 0 0 0 0.0266 0.5804 2.7108 3.8494 2.7558 1.303 0.5324 0.1638 0.0462 0.0124 0.0114 0.0078 0 0 0 0 0 0 0.06 0.5326 1.8792 2.6738 2.3084 1.5218 0.6816 0.213 0.0896 0.0198 0.007 0.0066 0.0066 0 0 0 0 0.0044 0.0556 0.4256 1.1498 1.865 1.8524 1.3816 0.787 0.32 0.1144 0.0218 0.0084 0.0082 0.0058 0 0 0 0 0.004 0.0366 0.24 0.6728 1.1024 1.2848 1.1766 0.7752 0.4712 0.1604 0.0518 0.0068 0.0046 0.0064 
0 0 0 0 0 0 0 0 0 0 0 0 0 0 0 0 0.2328 4.1764 5.7628 2.66 0.7808 0.2726 0.0926 0.022 0 0 0 0 0 0 0 0 0 0.0228 0.5346 2.6612 3.886 2.71 1.32 0.5774 0.2052 0.0658 0.0124 0.0046 0 0 0 0 0 0 0 0.057 0.5376 1.8322 2.6932 2.2416 1.4326 0.7724 0.3062 0.0972 0.0212 0.0088 0 0 0 0 0 0 0.001 0.0554 0.3484 1.2362 1.761 1.8202 1.3916 0.8488 0.403 0.0848 0.0334 0.0162 0 0 0 0 0 0 0.0026 0.0408 0.1692 0.6762 1.0764 1.2334 1.222 0.904 0.4474 0.1536 0.0498 0.02 0.0046 0 
0 0 0 0 0 0 0 0 0 0 0 0 0 0 0 0 0.2356 4.5174 5.8574 2.3134 0.7626 0.2168 0.0784 0.0184 0 0 0 0 0 0 0 0 0 0.0252 0.604 2.9922 3.9442 2.6948 1.0556 0.4564 0.168 0.0458 0.0068 0.007 0 0 0 0 0 0 0.001 0.0572 0.622 2.0456 2.8562 2.2378 1.2304 0.6334 0.2266 0.0598 0.0254 0.0046 0 0 0 0 0 0 0.0084 0.064 0.4698 1.3094 2.029 1.885 1.218 0.5648 0.3184 0.1072 0.024 0.002 0 0 0 0 0 0 0 0.0648 0.2584 0.6856 1.2732 1.4918 1.0844 0.5904 0.3454 0.1462 0.052 0.0078 0 0 
0 0 0 0 0 0 0 0 0 0 0 0 0 0 0 0 0.2132 4.2942 5.8392 2.4304 0.8128 0.3218 0.0694 0.019 0 0 0 0 0 0 0 0 0 0.0236 0.5982 2.802 3.8886 2.5402 1.2586 0.6404 0.185 0.0536 0.0098 0 0 0 0 0 0 0 0 0.0766 0.5484 1.8756 2.8186 2.292 1.3078 0.6652 0.325 0.0788 0.0094 0.0026 0 0 0 0 0 0 0.0056 0.0756 0.3822 1.2166 1.9316 1.9182 1.2732 0.7188 0.3676 0.0906 0.0158 0.0042 0 0 0 0 0 0 0.0026 0.038 0.1866 0.691 1.2014 1.373 1.1054 0.7928 0.42 0.1514 0.0378 0 0 0 
0 0 0 0 0 0 0 0 0 0 0 0 0 0 0 0 0.2962 4.1728 5.7096 2.515 0.867 0.3398 0.0644 0.0214 0.0138 0 0 0 0 0 0 0 0 0.033 0.6652 2.5798 3.6976 2.786 1.3686 0.5404 0.2088 0.0824 0.0172 0.007 0.0042 0.0042 0.0056 0 0 0 0 0.1036 0.6242 1.6748 2.6198 2.257 1.5648 0.7032 0.3064 0.0998 0.0222 0.0076 0.0036 0.0098 0.0032 0 0 0 0.0096 0.0908 0.4772 1.102 1.7078 1.7456 1.4076 0.8372 0.4252 0.122 0.0408 0.0138 0.0086 0.0052 0.0066 0 0 0 0.0108 0.0668 0.2746 0.605 1.001 1.2152 1.1842 0.8434 0.5168 0.178 0.057 0.0248 0.0032 0.0092 
0 0 0 0 0 0 0 0 0 0 0 0 0 0 0 0 0.1942 4.2106 5.8404 2.5394 0.7966 0.2702 0.0876 0.0396 0.0214 0 0 0 0 0 0 0 0 0.029 0.4614 2.7406 3.9022 2.706 1.3516 0.4732 0.233 0.0616 0.0332 0.0082 0 0 0 0 0 0 0.0064 0.0606 0.4586 1.6972 2.8792 2.347 1.4282 0.6744 0.2916 0.0984 0.0458 0.0126 0 0 0 0 0 0 0.0078 0.0698 0.3136 1.0282 2.0126 1.8602 1.4338 0.7326 0.3232 0.1442 0.054 0.02 0 0 0 0 0 0 0.01 0.0524 0.1772 0.5276 1.1242 1.331 1.274 0.8808 0.3384 0.1814 0.0852 0.0144 0.0034 0 
0 0 0 0 0 0 0 0 0 0 0 0 0 0 0 0 0.2586 4.3566 5.7818 2.4726 0.8662 0.2026 0.0408 0.0208 0 0 0 0 0 0 0 0 0 0.0154 0.6204 2.8176 3.9038 2.628 1.3664 0.4654 0.1186 0.0404 0.0094 0.0098 0.0048 0 0 0 0 0 0.003 0.066 0.541 1.9352 2.765 2.4474 1.3976 0.5858 0.1696 0.048 0.0166 0.0178 0.007 0 0 0 0 0 0.0096 0.0696 0.3724 1.1832 1.991 2.0062 1.4012 0.68 0.1756 0.07 0.0174 0.0138 0.01 0 0 0 0 0 0.0128 0.0326 0.2014 0.6048 1.2198 1.5572 1.2188 0.7192 0.3054 0.0804 0.0214 0.0066 0.0172 0.0024 
0 0 0 0 0 0 0 0 0 0 0 0 0 0 0 0 0.2772 4.4104 5.7566 2.3618 0.892 0.2306 0.0568 0.0146 0 0 0 0 0 0 0 0 0 0.0264 0.6976 2.8602 3.9166 2.5144 1.235 0.5162 0.191 0.0426 0 0 0 0 0 0 0 0 0.0036 0.0844 0.6514 1.9266 2.7762 2.3418 1.2704 0.6284 0.23 0.0872 0 0 0 0 0 0 0 0 0.006 0.1078 0.4696 1.1838 1.98 1.957 1.2616 0.6188 0.2948 0.0982 0.0214 0.001 0 0 0 0 0 0 0.0116 0.0688 0.2448 0.6824 1.211 1.359 1.2562 0.6978 0.299 0.1234 0.0324 0.0136 0 0 
0 0 0 0 0 0 0 0 0 0 0 0 0 0 0 0 0.2912 4.5458 5.7128 2.4664 0.715 0.1834 0.066 0.0194 0 0 0 0 0 0 0 0 0 0.031 0.677 3.0256 3.7992 2.6702 1.1964 0.4272 0.1284 0.0352 0.0098 0 0 0 0 0 0 0 0.0032 0.0528 0.7226 2.0078 2.8044 2.306 1.3814 0.467 0.1926 0.0486 0.0136 0 0 0 0 0 0 0 0.0052 0.0642 0.5326 1.311 1.9702 1.9426 1.2824 0.5696 0.234 0.0728 0.0146 0.0008 0 0 0 0 0 0 0.0014 0.0476 0.3176 0.749 1.231 1.3534 1.3246 0.5798 0.2666 0.1028 0.0242 0.002 0 0 
0 0 0 0 0 0 0 0 0 0 0 0 0 0 0 0 0.2442 4.2356 5.792 2.769 0.7622 0.145 0.047 0.005 0 0 0 0 0 0 0 0 0 0.0146 0.5462 2.777 3.827 2.8286 1.3796 0.501 0.113 0.009 0.004 0 0 0 0 0 0 0 0 0.0426 0.5568 1.8928 2.6466 2.4686 1.4204 0.671 0.2382 0.063 0 0 0 0 0 0 0 0 0 0.054 0.419 1.1448 1.9282 1.8708 1.3628 0.8122 0.2946 0.095 0.018 0.0006 0 0 0 0 0 0 0 0.0348 0.2432 0.628 1.1766 1.3856 1.162 0.7678 0.3786 0.1412 0.057 0.024 0.0012 0 
0 0 0 0 0 0 0 0 0 0 0 0 0 0 0 0 0.2472 4.0344 5.8474 2.4198 0.9084 0.3552 0.111 0.0304 0.0268 0.0098 0.0052 0.0044 0 0 0 0 0 0.012 0.5514 2.5254 3.949 2.6446 1.2498 0.6102 0.3224 0.0712 0.028 0.0202 0.0032 0.0042 0.0084 0 0 0 0 0.0572 0.4682 1.7148 2.7684 2.2766 1.3484 0.7112 0.4208 0.135 0.0506 0.0254 0.0112 0.0056 0.0066 0 0 0 0 0.0584 0.361 1.0926 1.8088 1.7754 1.3176 0.8062 0.4754 0.1712 0.0652 0.0436 0.0144 0.0038 0.0064 0 0 0 0 0.0446 0.1766 0.5704 1.0686 1.3068 1.1242 0.7762 0.5032 0.2492 0.1086 0.0466 0.0104 0.0032 
0 0 0 0 0 0 0 0 0 0 0 0 0 0 0 0 0.2562 4.3786 5.7318 2.3806 0.8636 0.2814 0.093 0.0148 0 0 0 0 0 0 0 0 0 0.022 0.6164 2.845 3.8222 2.5768 1.2842 0.5482 0.1874 0.0916 0.0062 0 0 0 0 0 0 0 0 0.0628 0.603 1.8224 2.858 2.269 1.4274 0.5348 0.264 0.1048 0.0538 0 0 0 0 0 0 0 0 0.0766 0.4146 1.191 1.9402 1.9682 1.3066 0.5832 0.311 0.1286 0.0652 0.0136 0.0012 0 0 0 0 0 0.0012 0.051 0.2136 0.635 1.2122 1.4678 1.1814 0.597 0.3634 0.1684 0.0704 0.0276 0.011 0 
0 0 0 0 0 0 0 0 0 0 0 0 0 0 0 0 0.2026 4.2686 5.8372 2.5316 0.7312 0.3054 0.086 0.0238 0.01 0.0036 0 0 0 0 0 0 0 0.015 0.465 2.8044 3.9612 2.6704 1.1754 0.5842 0.2238 0.065 0.0314 0.0042 0 0 0 0 0 0 0 0.0356 0.4678 1.8732 2.8648 2.371 1.269 0.6276 0.3442 0.1034 0.0294 0.0088 0.0052 0 0 0 0 0 0 0.0318 0.3348 1.1134 2.1614 1.8684 1.1422 0.7288 0.3946 0.1686 0.0358 0.0144 0.0058 0 0 0 0 0 0.001 0.0096 0.1886 0.6334 1.256 1.495 0.9528 0.6814 0.4438 0.2328 0.0722 0.0198 0.0136 0 
0 0 0 0 0 0 0 0 0 0 0 0 0 0 0 0 0.2314 4.1922 5.5108 2.6326 0.9152 0.3144 0.1372 0.0452 0.0138 0.0072 0 0 0 0 0 0 0 0.0116 0.582 2.62 3.6596 2.6184 1.4216 0.6376 0.2634 0.0972 0.051 0.015 0.0174 0.0052 0 0 0 0 0.0024 0.045 0.5922 1.7088 2.4424 2.3348 1.4954 0.748 0.3364 0.1682 0.0694 0.0222 0.0252 0.0096 0 0 0 0 0.0038 0.0584 0.4076 1.0974 1.6744 1.7638 1.3966 0.7836 0.4562 0.2084 0.0624 0.0396 0.0276 0.0174 0.0028 0 0 0 0.0024 0.0404 0.2256 0.6472 0.9472 1.25 1.0502 0.817 0.5238 0.2898 0.0956 0.058 0.028 0.0162 
0 0 0 0 0 0 0 0 0 0 0 0 0 0 0 0 0.277 4.307 5.7992 2.5156 0.739 0.2884 0.0626 0.0112 0 0 0 0 0 0 0 0 0 0.0136 0.6382 2.6402 3.9932 2.6432 1.3012 0.5166 0.2318 0.022 0 0 0 0 0 0 0 0 0 0.0628 0.5852 1.7944 2.8646 2.1678 1.4628 0.6596 0.274 0.097 0.0318 0 0 0 0 0 0 0 0 0.0692 0.401 1.185 1.9952 1.8226 1.2116 0.7494 0.3592 0.1272 0.072 0.0076 0 0 0 0 0 0 0.0032 0.0362 0.2058 0.7292 1.2152 1.367 0.96 0.7328 0.4028 0.234 0.0828 0.0278 0.0032 0 
0 0 0 0 0 0 0 0 0 0 0 0 0 0 0 0 0.189 4.2982 5.6784 2.7416 0.8006 0.2436 0.0486 0 0 0 0 0 0 0 0 0 0 0.0116 0.5302 2.6256 3.9504 2.7358 1.3806 0.5658 0.1418 0.0468 0.0102 0.0012 0 0 0 0 0 0 0.0028 0.051 0.4812 1.7322 2.7764 2.3556 1.5802 0.7116 0.2262 0.0626 0.0188 0.0014 0 0 0 0 0 0 0.0078 0.0636 0.294 1.1494 1.8042 1.9016 1.5766 0.7604 0.341 0.0844 0.017 0 0 0 0 0 0 0 0.0096 0.0366 0.1474 0.598 1.0532 1.3512 1.3706 0.8506 0.4032 0.1532 0.0264 0 0 0 
0 0 0 0 0 0 0 0 0 0 0 0 0 0 0 0 0.2474 4.1426 5.8314 2.6044 0.842 0.2512 0.0606 0.0204 0 0 0 0 0 0 0 0 0 0.0218 0.5876 2.586 3.926 2.6806 1.3792 0.509 0.2262 0.0492 0.0242 0.0102 0 0 0 0 0 0 0.0038 0.0534 0.6288 1.6714 2.612 2.3892 1.4884 0.6908 0.3012 0.1164 0.028 0.0162 0.0004 0 0 0 0 0.002 0.0048 0.0778 0.4346 1.075 1.7412 1.8828 1.2744 0.9514 0.3604 0.1192 0.0482 0.027 0.0012 0 0 0 0 0.0022 0.0042 0.0644 0.2406 0.6036 1.0164 1.3184 1.052 0.9806 0.4122 0.208 0.0644 0.033 0 0 
0 0 0 0 0 0 0 0 0 0 0 0 0 0 0 0 0.2418 4.2998 5.9634 2.5236 0.6612 0.2328 0.0662 0.0112 0 0 0 0 0 0 0 0 0 0.012 0.6242 2.7092 4.0534 2.6686 1.2482 0.452 0.1644 0.064 0.004 0 0 0 0 0 0 0 0 0.045 0.607 1.7624 2.994 2.3022 1.3094 0.6412 0.2294 0.0908 0.0186 0 0 0 0 0 0 0 0.004 0.0616 0.3786 1.2154 2.1306 1.7898 1.2198 0.744 0.2912 0.1294 0.0356 0 0 0 0 0 0 0 0.0022 0.0604 0.1884 0.6536 1.3522 1.2766 1.09 0.787 0.3864 0.126 0.062 0.0152 0 0 
0 0 0 0 0 0 0 0 0 0 0 0 0 0 0 0 0.2758 4.4148 5.5632 2.5766 0.7708 0.3134 0.0712 0.0138 0.0004 0 0 0 0 0 0 0 0 0.0316 0.7064 2.7368 3.764 2.6596 1.2992 0.5504 0.2008 0.038 0.0046 0.0086 0 0 0 0 0 0 0.003 0.0796 0.683 1.8472 2.6244 2.2604 1.4466 0.7026 0.2538 0.076 0.0092 0.0142 0 0 0 0 0 0 0.0062 0.0748 0.507 1.2198 1.7286 1.8564 1.4372 0.729 0.3048 0.097 0.0252 0.0078 0.0062 0 0 0 0 0 0.0024 0.0544 0.2784 0.6722 1.1204 1.2606 1.2046 0.8108 0.395 0.1612 0.027 0.0092 0.0038 0 
0 0 0 0 0 0 0 0 0 0 0 0 0 0 0 0 0.292 4.2924 5.6816 2.567 0.8326 0.2418 0.0676 0.0174 0.0076 0 0 0 0 0 0 0 0 0.0294 0.5808 2.747 3.7956 2.782 1.3182 0.4698 0.1952 0.065 0.017 0 0 0 0 0 0 0 0.0032 0.074 0.564 1.8588 2.696 2.3032 1.4018 0.7002 0.2592 0.108 0.0264 0.0052 0 0 0 0 0 0 0.0034 0.077 0.4334 1.1504 1.8552 1.7654 1.3506 0.869 0.321 0.106 0.0528 0.0152 0.0006 0 0 0 0 0 0.0012 0.0406 0.2528 0.6932 1.1388 1.2116 1.1242 0.849 0.4494 0.1332 0.0752 0.0308 0 0 
0 0 0 0 0 0 0 0 0 0 0 0 0 0 0 0 0.2464 4.2348 5.927 2.3664 0.7968 0.2612 0.1284 0.037 0.002 0 0 0 0 0 0 0 0 0.0254 0.5878 2.7832 3.8814 2.6628 1.228 0.4612 0.2194 0.112 0.0302 0.0086 0 0 0 0 0 0 0 0.0596 0.605 1.8946 2.8016 2.1696 1.3408 0.6532 0.2748 0.1402 0.0416 0.014 0.005 0 0 0 0 0 0.004 0.0808 0.4742 1.199 1.9228 1.7718 1.2892 0.6932 0.3308 0.1358 0.0548 0.04 0.0036 0 0 0 0 0 0 0.0608 0.2396 0.6934 1.1936 1.2876 1.0876 0.7582 0.321 0.2154 0.0846 0.0484 0.0062 0.0036 
0 0 0 0 0 0 0 0 0 0 0 0 0 0 0 0 0.2326 4.161 5.7924 2.655 0.766 0.3002 0.0848 0.008 0 0 0 0 0 0 0 0 0 0.0176 0.6286 2.61 3.757 2.7796 1.311 0.6194 0.2168 0.053 0.007 0 0 0 0 0 0 0 0 0.0724 0.5802 1.7082 2.6246 2.3654 1.395 0.7918 0.3268 0.1084 0.0272 0 0 0 0 0 0 0 0.0012 0.0644 0.4038 1.1668 1.7704 1.8494 1.3178 0.7578 0.3838 0.1964 0.0652 0.023 0 0 0 0 0 0 0 0.05 0.2088 0.6658 1.0494 1.371 1.1214 0.7192 0.4278 0.2062 0.1166 0.0638 0 0 
0 0 0 0 0 0 0 0 0 0 0 0 0 0 0 0 0.2332 4.401 5.8174 2.3446 0.8082 0.2572 0.0766 0.0344 0.013 0.0144 0 0 0 0 0 0 0 0.0148 0.5888 3.0636 3.7506 2.6152 1.2304 0.4836 0.1334 0.0476 0.0496 0.0224 0 0 0 0 0 0 0 0.061 0.6112 2.0364 2.7446 2.2324 1.3734 0.5668 0.2336 0.0704 0.0338 0.0306 0.0058 0 0 0 0 0 0.0062 0.079 0.43 1.249 2.0076 1.919 1.2386 0.5938 0.2942 0.1102 0.0338 0.0268 0.0118 0 0 0 0 0 0.0068 0.0458 0.2276 0.7256 1.2326 1.4122 1.1024 0.6724 0.3534 0.1394 0.0452 0.0254 0.0112 0 
0 0 0 0 0 0 0 0 0 0 0 0 0 0 0 0 0.2416 4.1388 5.6756 2.4262 0.89 0.3552 0.1986 0.0544 0.0184 0.0012 0 0 0 0 0 0 0 0.0144 0.5404 2.552 3.85 2.6054 1.37 0.5732 0.2834 0.1228 0.075 0.0134 0 0 0 0 0 0 0 0.0596 0.5452 1.6072 2.6748 2.3184 1.434 0.7004 0.3872 0.1392 0.0964 0.0376 0 0 0 0 0 0 0 0.085 0.3444 0.9944 1.7936 1.8316 1.3432 0.8752 0.4094 0.1742 0.0996 0.0494 0 0 0 0 0 0 0.0012 0.0674 0.1758 0.4616 1.0224 1.3436 1.1864 0.8818 0.4496 0.2354 0.1052 0.0482 0.0214 0 
0 0 0 0 0 0 0 0 0 0 0 0 0 0 0 0 0.2218 4.3758 5.7744 2.5148 0.8132 0.2208 0.0634 0.0158 0 0 0 0 0 0 0 0 0 0.0138 0.5756 2.7476 3.9644 2.7298 1.2724 0.4888 0.1726 0.0324 0.0026 0 0 0 0 0 0 0 0.001 0.0506 0.5708 1.7714 2.774 2.5086 1.3904 0.612 0.2348 0.0778 0.0086 0 0 0 0 0 0 0 0 0.0514 0.3742 1.1004 1.9338 2.116 1.3272 0.6878 0.3154 0.0692 0.0234 0.0012 0 0 0 0 0 0 0 0.034 0.2132 0.6134 1.13 1.5086 1.2148 0.7462 0.3564 0.1552 0.0252 0.003 0 0 
0 0 0 0 0 0 0 0 0 0 0 0 0 0 0 0 0.2034 4.3074 5.9526 2.3638 0.815 0.2604 0.0686 0.0206 0.0082 0 0 0 0 0 0 0 0 0.0146 0.5586 2.8538 3.9358 2.5852 1.2436 0.5344 0.1738 0.07 0.014 0.0112 0.005 0 0 0 0 0 0 0.03 0.5638 2.0282 2.7514 2.1814 1.373 0.6996 0.224 0.1016 0.0288 0.0102 0.008 0 0 0 0 0 0.0014 0.0308 0.4062 1.3478 1.908 1.7884 1.2616 0.7496 0.313 0.1238 0.0494 0.0098 0.0102 0 0 0 0 0 0 0.0232 0.2156 0.7658 1.226 1.2794 1.1188 0.6818 0.3886 0.2092 0.0568 0.0226 0.0122 0 
0 0 0 0 0 0 0 0 0 0 0 0 0 0 0 0 0.2728 4.107 5.876 2.4654 0.9098 0.2594 0.0692 0.0366 0.0038 0 0 0 0 0 0 0 0 0.0374 0.5418 2.7124 3.7998 2.751 1.4054 0.4796 0.1774 0.0514 0.0418 0.002 0 0 0 0 0 0 0.005 0.0734 0.5866 1.7464 2.6068 2.401 1.541 0.6464 0.2532 0.0728 0.0542 0.0132 0 0 0 0 0 0 0.0126 0.1058 0.4104 1.0848 1.7576 1.8684 1.489 0.7652 0.3424 0.1014 0.0428 0.0196 0 0 0 0 0 0 0.0134 0.05 0.2776 0.575 1.0252 1.317 1.2202 0.853 0.3916 0.2064 0.0378 0.0204 0.0124 0 
0 0 0 0 0 0 0 0 0 0 0 0 0 0 0 0 0.2064 4.367 5.622 2.5054 0.8634 0.2874 0.0838 0.0344 0.0284 0.0018 0 0 0 0 0 0 0 0.011 0.5856 2.8114 3.6438 2.7124 1.3272 0.4996 0.2562 0.0946 0.0398 0.0184 0 0 0 0 0 0 0 0.0404 0.6386 1.8482 2.5406 2.3238 1.3806 0.6854 0.2792 0.1454 0.09 0.0198 0.008 0 0 0 0 0 0 0.047 0.4944 1.1022 1.8274 1.775 1.3216 0.7246 0.3574 0.1778 0.092 0.0444 0.0208 0.0118 0.0036 0 0 0 0 0.0418 0.2954 0.548 1.1004 1.3528 1.1174 0.779 0.3844 0.136 0.1198 0.077 0.0332 0.008 
0 0 0 0 0 0 0 0 0 0 0 0 0 0 0 0 0.2588 4.3822 5.776 2.4192 0.8006 0.2516 0.089 0.0174 0.0052 0 0 0 0 0 0 0 0 0.0214 0.6238 2.8062 3.9494 2.6614 1.2338 0.4704 0.154 0.0722 0.0074 0 0 0 0 0 0 0 0.0082 0.0548 0.5714 1.948 2.837 2.2938 1.3606 0.6204 0.1888 0.0858 0.0212 0.01 0 0 0 0 0 0 0.0116 0.0756 0.351 1.3206 2.004 1.8542 1.2734 0.7006 0.2816 0.0914 0.024 0.005 0.0036 0.0034 0 0 0 0.0018 0.0164 0.0472 0.189 0.6508 1.2922 1.4386 1.1582 0.672 0.3102 0.1538 0.0528 0.0056 0.0114 0 
0 0 0 0 0 0 0 0 0 0 0 0 0 0 0 0 0.2626 4.479 5.6108 2.4484 0.8114 0.2702 0.0784 0.0236 0.0124 0.0032 0 0 0 0 0 0 0 0.0356 0.7018 2.8304 3.795 2.5394 1.2692 0.5228 0.2046 0.0566 0.0304 0.0052 0.0054 0.0036 0 0 0 0 0.001 0.1022 0.6956 1.8568 2.7558 2.0846 1.3676 0.6382 0.3244 0.1094 0.0328 0.0156 0.0074 0.0086 0 0 0 0.0022 0.0082 0.1096 0.5072 1.2616 1.7764 1.7694 1.2034 0.7906 0.3048 0.1808 0.0544 0.0132 0.0062 0.012 0 0 0 0.0036 0.0098 0.0748 0.2914 0.7636 1.0872 1.2882 0.9272 0.816 0.4082 0.1728 0.105 0.0264 0.0144 0.0056 
0 0 0 0 0 0 0 0 0 0 0 0 0 0 0 0 0.247 4.585 5.669 2.3564 0.7364 0.2996 0.0838 0.0106 0.005 0.0072 0 0 0 0 0 0 0 0.0222 0.6798 2.9824 3.8414 2.557 1.174 0.4954 0.1756 0.0482 0.0192 0.0048 0 0 0 0 0 0 0.0028 0.084 0.6828 2.1256 2.5752 2.2974 1.3458 0.5258 0.2444 0.0804 0.031 0.0048 0 0 0 0 0 0 0.0056 0.0892 0.519 1.3872 1.8036 1.8574 1.369 0.5728 0.257 0.107 0.0306 0.0016 0 0 0 0 0 0.001 0.008 0.058 0.3152 0.818 1.0614 1.3412 1.1804 0.7296 0.3276 0.1156 0.0368 0.0072 0 0 
0 0 0 0 0 0 0 0 0 0 0 0 0 0 0 0 0.225 4.2752 6.0148 2.439 0.7196 0.2196 0.0472 0.0502 0.0046 0.0048 0 0 0 0 0 0 0 0.0068 0.5646 2.671 4.1736 2.6712 1.2198 0.47 0.1206 0.0776 0.0212 0.0036 0 0 0 0 0 0 0 0.0492 0.5668 1.8308 2.9064 2.3384 1.357 0.6476 0.192 0.0842 0.0276 0 0 0 0 0 0 0 0.001 0.0656 0.4104 1.2126 1.9126 1.9716 1.3032 0.7126 0.2922 0.0958 0.0224 0 0 0 0 0 0 0 0 0.0326 0.2716 0.647 1.18 1.3588 1.17 0.7314 0.4404 0.135 0.0312 0.002 0 0 
0 0 0 0 0 0 0 0 0 0 0 0 0 0 0 0 0.2156 4.2694 5.9186 2.5478 0.8182 0.1668 0.046 0.013 0.0046 0 0 0 0 0 0 0 0 0.0214 0.5082 2.716 4.0134 2.7228 1.2984 0.5086 0.155 0.0394 0.0168 0 0 0 0 0 0 0 0 0.0616 0.4772 1.8542 2.8036 2.4006 1.3302 0.6904 0.2614 0.079 0.0266 0.0062 0.009 0 0 0 0 0 0 0.0456 0.3698 1.1864 1.8924 1.9412 1.288 0.7628 0.3514 0.1008 0.037 0.0114 0.0072 0.006 0 0 0 0 0 0.022 0.2124 0.6568 1.165 1.3428 1.2116 0.6898 0.4332 0.1688 0.0754 0.0076 0.01 0.0046 
0 0 0 0 0 0 0 0 0 0 0 0 0 0 0 0 0.1966 4.1452 5.9496 2.5072 0.8072 0.3152 0.079 0 0 0 0 0 0 0 0 0 0 0.009 0.522 2.5158 4.038 2.8204 1.2762 0.5564 0.2222 0.0334 0.0066 0 0 0 0 0 0 0 0 0.0326 0.4924 1.6588 2.7604 2.5182 1.5146 0.63 0.2936 0.088 0.0114 0 0 0 0 0 0 0 0.001 0.044 0.334 1.0502 1.8366 2.015 1.4468 0.7678 0.3456 0.1414 0.0148 0.0028 0 0 0 0 0 0 0.0046 0.0292 0.1612 0.5578 1.0682 1.4694 1.2206 0.82 0.4504 0.156 0.054 0.0086 0 0 
0 0 0 0 0 0 0 0 0 0 0 0 0 0 0 0 0.2052 4.232 5.6698 2.6704 0.8218 0.2312 0.1406 0.0206 0.007 0.0014 0 0 0 0 0 0 0 0.0092 0.5684 2.668 3.8086 2.67 1.4118 0.5746 0.1946 0.0426 0.0342 0.018 0 0 0 0 0 0 0 0.0604 0.5018 1.8232 2.632 2.312 1.4014 0.8244 0.286 0.082 0.0416 0.0352 0 0 0 0 0 0 0.001 0.0716 0.373 1.1506 1.7374 1.8448 1.3688 0.8262 0.3812 0.15 0.0442 0.034 0.011 0.0038 0.0024 0 0 0 0 0.0366 0.2214 0.6056 1.1702 1.1858 1.1168 0.8736 0.4636 0.1794 0.066 0.0492 0.0156 0.0162 
0 0 0 0 0 0 0 0 0 0 0 0 0 0 0 0 0.2422 3.966 5.6098 2.758 0.8964 0.29 0.1514 0.0742 0.012 0 0 0 0 0 0 0 0 0.0132 0.4996 2.5392 3.6086 2.8268 1.4832 0.5688 0.2828 0.1232 0.0432 0.0114 0 0 0 0 0 0 0 0.0442 0.4816 1.5664 2.6084 2.2626 1.5696 0.8818 0.3212 0.1728 0.0748 0.0166 0 0 0 0 0 0 0.0004 0.0642 0.2582 0.9932 1.8604 1.7322 1.3914 0.8868 0.4616 0.2146 0.1022 0.0348 0 0 0 0 0 0 0 0.0298 0.1298 0.5044 1.0378 1.305 1.1426 0.825 0.5208 0.3158 0.1222 0.052 0.0148 0 
0 0 0 0 0 0 0 0 0 0 0 0 0 0 0 0 0.2526 4.3092 5.6328 2.6756 0.7502 0.221 0.0936 0.0562 0.0056 0.0032 0 0 0 0 0 0 0 0.0064 0.6132 2.617 3.8994 2.869 1.2322 0.4478 0.1558 0.1122 0.0376 0.0094 0 0 0 0 0 0 0 0.0364 0.5266 1.8018 2.7376 2.4474 1.4474 0.6076 0.2204 0.1114 0.0544 0.009 0 0 0 0 0 0 0 0.042 0.3824 1.0614 1.9258 1.9534 1.4616 0.6842 0.3022 0.1312 0.0392 0.0166 0 0 0 0 0 0 0.004 0.0286 0.2268 0.5328 1.144 1.3606 1.3008 0.7972 0.359 0.1626 0.057 0.0266 0 0 
0 0 0 0 0 0 0 0 0 0 0 0 0 0 0 0 0.251 4.4132 5.8862 2.2624 0.7532 0.2214 0.1304 0.0474 0.0262 0.0086 0 0 0 0 0 0 0 0.0198 0.6118 2.9362 4.025 2.5124 1.094 0.4416 0.186 0.1114 0.0464 0.0154 0 0 0 0 0 0 0.0018 0.0694 0.605 1.9746 2.8622 2.3074 1.2194 0.4956 0.2496 0.1268 0.0702 0.018 0 0 0 0 0 0 0.0128 0.0914 0.4796 1.2024 1.9148 1.9632 1.2578 0.5756 0.2672 0.144 0.0646 0.0206 0.006 0 0 0 0 0.0028 0.0192 0.0608 0.3046 0.6062 1.1266 1.4784 1.1492 0.695 0.3078 0.1462 0.063 0.035 0.0052 0 
0 0 0 0 0 0 0 0 0 0 0 0 0 0 0 0.0006 0.2444 3.808 5.4538 2.926 1.0334 0.3748 0.1038 0.0436 0.0116 0 0 0 0 0 0 0 0 0.0192 0.5254 2.269 3.4682 2.7732 1.7676 0.783 0.2356 0.091 0.0522 0.0156 0 0 0 0 0 0 0 0.0626 0.5126 1.4396 2.2096 2.2742 1.8112 1.0698 0.3856 0.1416 0.0504 0.0402 0.0026 0 0 0 0 0 0.0068 0.075 0.3734 0.851 1.355 1.6308 1.62 1.1894 0.5626 0.1982 0.0796 0.043 0.0152 0 0 0 0 0 0 0.0628 0.1836 0.4644 0.7608 1.031 1.2018 1.0822 0.7018 0.3182 0.0972 0.0736 0.0212 0.0014 
0 0 0 0 0 0 0 0 0 0 0 0 0 0 0 0 0.2982 4.4316 5.6222 2.4828 0.766 0.2744 0.1026 0.0222 0 0 0 0 0 0 0 0 0 0.0296 0.6356 2.9626 3.8076 2.5436 1.2454 0.513 0.1742 0.0634 0.016 0.009 0 0 0 0 0 0 0.0004 0.0836 0.5946 1.9666 2.874 2.1692 1.3994 0.5242 0.286 0.0754 0.0182 0.0084 0 0 0 0 0 0 0.006 0.0728 0.4324 1.2576 1.9992 1.846 1.3304 0.6306 0.2856 0.1068 0.0268 0.0058 0 0 0 0 0 0 0.0014 0.045 0.2242 0.7426 1.22 1.374 1.1066 0.756 0.3648 0.1328 0.0258 0.0068 0 0 
0 0 0 0 0 0 0 0 0 0 0 0 0 0 0 0 0.2648 4.2844 5.8192 2.5252 0.7644 0.22 0.072 0.0284 0.0158 0.0058 0 0 0 0 0 0 0 0.0308 0.6432 2.6776 3.9162 2.6896 1.2906 0.5248 0.137 0.049 0.0252 0.016 0 0 0 0 0 0 0.003 0.1118 0.621 1.7398 2.7456 2.3438 1.4262 0.6752 0.2128 0.0774 0.0268 0.014 0.0026 0 0 0 0 0 0.0096 0.1232 0.4728 1.0632 1.8404 1.8908 1.3778 0.8054 0.2802 0.0836 0.032 0.021 0 0 0 0 0 0 0.006 0.0832 0.2848 0.625 1.072 1.3078 1.1576 0.8448 0.4332 0.1324 0.034 0.0128 0.0064 0 
0 0 0 0 0 0 0 0 0 0 0 0 0 0 0 0 0.2066 3.8366 5.8482 2.7588 0.907 0.266 0.1082 0.0648 0.0038 0 0 0 0 0 0 0 0 0.0142 0.4856 2.4294 3.6534 2.9754 1.4662 0.5528 0.262 0.1244 0.0242 0.0124 0 0 0 0 0 0 0.0014 0.0438 0.477 1.5136 2.4698 2.5576 1.4922 0.8424 0.3464 0.2048 0.0332 0.0134 0.0044 0 0 0 0 0 0 0.0724 0.3316 0.8672 1.65 1.9358 1.4316 0.8852 0.4974 0.2262 0.0636 0.0348 0.0042 0 0 0 0 0 0.0028 0.0484 0.1968 0.4268 0.9254 1.3778 1.1294 0.8078 0.5718 0.3314 0.12 0.0472 0.0144 0 
0 0 0 0 0 0 0 0 0 0 0 0 0 0 0 0 0.222 4.0312 5.7646 2.7892 0.8886 0.2164 0.068 0.0102 0.0058 0.004 0 0 0 0 0 0 0 0.008 0.6324 2.3614 3.6786 2.9956 1.538 0.5562 0.1704 0.0312 0.0176 0.0054 0.0052 0 0 0 0 0 0 0.0854 0.5322 1.5602 2.396 2.6496 1.5968 0.8052 0.2584 0.0754 0.025 0.0074 0.0046 0.0038 0 0 0 0 0.0068 0.0774 0.3852 0.96 1.5596 1.977 1.6188 0.8766 0.359 0.1318 0.0288 0.0032 0.004 0.0062 0.0056 0 0 0 0.011 0.0374 0.216 0.5186 0.9426 1.2144 1.4018 0.8918 0.4864 0.1756 0.0744 0.0146 0.0038 0.003 
0 0 0 0 0 0 0 0 0 0 0 0 0 0 0 0 0.2522 4.4522 5.8626 2.3856 0.7268 0.2358 0.0618 0.014 0.009 0 0 0 0 0 0 0 0 0.0152 0.6668 2.9988 3.7738 2.6314 1.2252 0.4776 0.1662 0.0304 0.0126 0.002 0 0 0 0 0 0 0.0006 0.0656 0.698 2.0832 2.574 2.263 1.3844 0.566 0.242 0.1094 0.0106 0.0032 0 0 0 0 0 0 0 0.0942 0.5176 1.4046 1.8042 1.654 1.3752 0.707 0.2848 0.1168 0.0352 0.0064 0 0 0 0 0 0 0.0042 0.0686 0.3274 0.8026 1.157 1.2192 1.1286 0.7022 0.3286 0.1618 0.0698 0.0228 0.0072 0 
0 0 0 0 0 0 0 0 0 0 0 0 0 0 0 0 0.2862 4.3858 5.7924 2.5114 0.6884 0.257 0.0612 0.0176 0 0 0 0 0 0 0 0 0 0.0378 0.631 2.8056 3.8382 2.8436 1.2082 0.4058 0.1486 0.0628 0.0068 0.0116 0 0 0 0 0 0 0.0122 0.084 0.5956 1.8808 2.7918 2.3894 1.332 0.579 0.222 0.0836 0.0148 0.0062 0.0072 0.0014 0 0 0 0 0.0146 0.1022 0.4086 1.177 2.0006 1.917 1.328 0.6296 0.274 0.1122 0.021 0.0068 0.006 0.0024 0 0 0 0 0.0064 0.0832 0.2184 0.6568 1.1928 1.4552 1.1712 0.6642 0.349 0.125 0.0606 0.0066 0.0106 0 
0 0 0 0 0 0 0 0 0 0 0 0 0 0 0 0 0.2074 4.4308 6.0536 2.494 0.59 0.1866 0.0258 0.0106 0.0012 0 0 0 0 0 0 0 0 0.0194 0.592 2.8404 4.202 2.6352 1.116 0.4384 0.1224 0.0308 0.0034 0 0 0 0 0 0 0 0.0036 0.0476 0.567 1.9238 3.0012 2.4026 1.2118 0.571 0.185 0.063 0.0234 0 0 0 0 0 0 0 0.0034 0.0278 0.46 1.3186 2.0144 1.9472 1.2376 0.6384 0.2144 0.109 0.0292 0 0 0 0 0 0 0 0 0.0084 0.2682 0.7428 1.2528 1.4808 1.1022 0.6462 0.2946 0.1644 0.035 0.0046 0 0 
0 0 0 0 0 0 0 0 0 0 0 0 0 0 0 0 0.219 4.2926 5.843 2.5456 0.7954 0.2064 0.0618 0.0228 0.0134 0 0 0 0 0 0 0 0 0.0102 0.5624 2.6468 4.0366 2.7282 1.3472 0.4508 0.1284 0.0604 0.0218 0.0072 0 0 0 0 0 0 0 0.0578 0.5222 1.8332 2.8074 2.378 1.4782 0.547 0.2448 0.0888 0.0284 0.0142 0 0 0 0 0 0 0.0024 0.0352 0.4062 1.217 1.8876 1.9168 1.3984 0.6562 0.2966 0.1294 0.04 0.0142 0 0 0 0 0 0 0 0.019 0.2258 0.7336 1.1138 1.289 1.224 0.777 0.3752 0.1666 0.045 0.026 0.005 0 
0 0 0 0 0 0 0 0 0 0 0 0 0 0 0 0 0.2142 4.3004 5.6506 2.6146 0.8538 0.3064 0.0462 0.0104 0.0034 0 0 0 0 0 0 0 0 0.0096 0.4956 2.7876 3.7412 2.7748 1.4212 0.5148 0.2088 0.0362 0.0102 0 0 0 0 0 0 0 0 0.0328 0.4886 1.7544 2.7784 2.417 1.4694 0.6668 0.2692 0.094 0.025 0.0044 0 0 0 0 0 0 0.0012 0.0408 0.2948 1.1426 1.8844 2.0268 1.3556 0.7004 0.3744 0.144 0.022 0.0092 0.0038 0 0 0 0 0 0.0026 0.0196 0.1654 0.5898 1.0946 1.5192 1.2198 0.7306 0.3882 0.1618 0.0728 0.0316 0.004 0 
0 0 0 0 0 0 0 0 0 0 0 0 0 0 0 0 0.2068 4.4406 5.6736 2.4382 0.8732 0.264 0.0912 0.0124 0 0 0 0 0 0 0 0 0 0.0188 0.5932 2.8374 3.8774 2.5356 1.3438 0.5766 0.1688 0.04 0.0084 0 0 0 0 0 0 0 0 0.0716 0.5698 1.9626 2.6442 2.2572 1.4278 0.7052 0.2596 0.0798 0.0222 0 0 0 0 0 0 0 0.0076 0.087 0.3862 1.2614 1.8954 1.8258 1.2984 0.7134 0.3542 0.1374 0.027 0.0062 0 0 0 0 0 0 0.008 0.065 0.1982 0.68 1.1206 1.4498 1.137 0.7078 0.3696 0.1696 0.0566 0.0198 0.018 0 
0 0 0 0 0 0 0 0 0 0 0 0 0 0 0 0 0.2302 4.151 5.8886 2.4454 0.864 0.3048 0.0858 0.0232 0.0038 0.0032 0 0 0 0 0 0 0 0.0208 0.5634 2.5606 4.1408 2.5356 1.2302 0.5298 0.297 0.1006 0.0172 0.004 0 0 0 0 0 0 0 0.0544 0.5322 1.8032 2.6792 2.377 1.3532 0.668 0.3284 0.1358 0.0468 0.0176 0.0042 0 0 0 0 0 0 0.065 0.4108 1.1612 1.7864 1.8064 1.4028 0.7314 0.3498 0.1894 0.076 0.0152 0.0056 0 0 0 0 0 0.0028 0.0508 0.2264 0.7156 0.9818 1.1952 1.2208 0.8482 0.4346 0.1682 0.0688 0.053 0.0158 0.0132 
0 0 0 0 0 0 0 0 0 0 0 0 0 0 0 0 0.2476 4.1022 5.5232 2.7412 0.9556 0.3068 0.0918 0.0316 0 0 0 0 0 0 0 0 0 0.0132 0.6188 2.6218 3.5348 2.7178 1.5036 0.663 0.2324 0.0732 0.0176 0.0038 0 0 0 0 0 0 0 0.0692 0.6114 1.6322 2.5094 2.3208 1.524 0.7658 0.3714 0.126 0.0544 0.0154 0 0 0 0 0 0 0.0076 0.0902 0.354 1.0336 1.7536 1.8238 1.418 0.8224 0.405 0.2036 0.0644 0.019 0.0048 0 0 0 0 0 0.013 0.057 0.1684 0.5286 0.9842 1.3258 1.2366 0.865 0.4258 0.2584 0.092 0.0306 0.0048 0.0042 
0 0 0 0 0 0 0 0 0 0 0 0 0 0 0 0 0.214 4.21 5.8754 2.467 0.831 0.287 0.0708 0.0368 0.008 0 0 0 0 0 0 0 0 0.029 0.5408 2.7168 3.8782 2.621 1.3198 0.6022 0.195 0.0794 0.0178 0 0 0 0 0 0 0 0.0014 0.0582 0.5402 1.8354 2.7536 2.3042 1.3906 0.6796 0.293 0.1138 0.03 0 0 0 0 0 0 0 0 0.068 0.4178 1.1394 1.8546 1.8824 1.3518 0.788 0.3004 0.14 0.0554 0.0022 0 0 0 0 0 0 0.005 0.0224 0.2268 0.6432 1.1268 1.349 1.2168 0.6928 0.4548 0.17 0.0822 0.0102 0 0 
0 0 0 0 0 0 0 0 0 0 0 0 0 0 0 0 0.2034 4.2132 5.8688 2.4966 0.754 0.2884 0.0906 0.072 0.013 0 0 0 0 0 0 0 0 0.007 0.5328 2.6806 3.9152 2.7536 1.2132 0.531 0.2214 0.0924 0.04 0.0128 0 0 0 0 0 0 0 0.0422 0.6074 1.693 2.8064 2.3734 1.3438 0.6348 0.2576 0.1522 0.065 0.0136 0.0106 0 0 0 0 0 0.0016 0.0622 0.4122 1.0406 1.9442 1.9056 1.3664 0.6452 0.3588 0.16 0.0698 0.0204 0.0042 0.0046 0.0042 0 0 0 0.0034 0.0372 0.1884 0.6196 1.1118 1.3992 1.1856 0.732 0.38 0.1866 0.0934 0.045 0.007 0.008 
0 0 0 0 0 0 0 0 0 0 0 0 0 0 0 0 0.2376 4.029 5.746 2.5202 1.0468 0.241 0.132 0.042 0.0054 0 0 0 0 0 0 0 0 0.022 0.5198 2.4828 3.912 2.5862 1.511 0.5338 0.297 0.109 0.0256 0.0008 0 0 0 0 0 0 0.0032 0.0522 0.4976 1.6378 2.6534 2.2736 1.5518 0.759 0.3914 0.148 0.0224 0.0054 0.0042 0 0 0 0 0 0.0022 0.0636 0.336 1.0788 1.7018 1.7526 1.4384 0.8696 0.5006 0.2088 0.035 0.0078 0.0048 0 0 0 0 0 0.0024 0.0524 0.1856 0.5478 1.0222 1.2148 1.109 0.9286 0.5334 0.3 0.0884 0.008 0.004 0.0034 
0 0 0 0 0 0 0 0 0 0 0 0 0 0 0 0 0.2738 4.2512 5.6232 2.6258 0.8738 0.2432 0.0674 0.033 0.0086 0 0 0 0 0 0 0 0 0.0288 0.7066 2.7202 3.6028 2.5478 1.4716 0.592 0.1936 0.0992 0.0282 0.0092 0 0 0 0 0 0 0 0.1124 0.701 1.8334 2.3572 2.1852 1.4772 0.7942 0.3352 0.1324 0.0582 0.0136 0 0 0 0 0 0 0.0056 0.1388 0.5596 1.1202 1.6388 1.6616 1.3252 0.7918 0.4274 0.2216 0.0714 0.0344 0.0036 0 0 0 0 0 0.007 0.116 0.352 0.6234 0.9282 1.2086 1.07 0.7764 0.4872 0.238 0.1004 0.0768 0.011 0.005 
0 0 0 0 0 0 0 0 0 0 0 0 0 0 0 0 0.212 4.2726 5.8838 2.4502 0.8616 0.2534 0.0516 0.0148 0 0 0 0 0 0 0 0 0 0.0122 0.4898 2.7868 3.9584 2.6686 1.3182 0.6002 0.1432 0.0166 0.006 0 0 0 0 0 0 0 0 0.048 0.4444 1.8892 2.7624 2.4424 1.4446 0.652 0.2494 0.0542 0.0134 0 0 0 0 0 0 0 0.0036 0.0298 0.3432 1.1336 1.9098 1.9722 1.5268 0.6604 0.2738 0.1278 0.019 0 0 0 0 0 0 0 0 0.0372 0.1406 0.5678 1.1928 1.5214 1.2362 0.7536 0.3856 0.1246 0.0336 0.0066 0 0 
0 0 0 0 0 0 0 0 0 0 0 0 0 0 0 0 0.2202 4.235 5.8518 2.5956 0.7534 0.2522 0.0686 0.0088 0.0114 0.003 0 0 0 0 0 0 0 0.0168 0.563 2.7788 3.7688 2.7224 1.3974 0.4762 0.1624 0.089 0.0194 0.0058 0 0 0 0 0 0 0 0.0466 0.5846 1.8124 2.6784 2.348 1.399 0.6852 0.263 0.1222 0.0446 0.016 0 0 0 0 0 0 0 0.078 0.3736 1.1946 1.8432 1.8882 1.2832 0.8162 0.2496 0.1596 0.0702 0.0306 0.013 0 0 0 0 0 0 0.0552 0.2206 0.6246 1.1698 1.2974 1.1698 0.828 0.302 0.1326 0.1066 0.046 0.0334 0.014 
0 0 0 0 0 0 0 0 0 0 0 0 0 0 0 0 0.2508 3.9418 5.883 2.4264 1.0174 0.3458 0.087 0.0224 0.0228 0.0026 0 0 0 0 0 0 0 0.0118 0.5488 2.5544 3.7716 2.6524 1.4316 0.5776 0.3132 0.0948 0.0134 0.0178 0.0126 0 0 0 0 0 0.003 0.036 0.5504 1.7202 2.5528 2.1648 1.5376 0.7608 0.405 0.1892 0.0476 0.014 0.0142 0.0044 0 0 0 0 0.0042 0.0582 0.4582 1.0572 1.5788 1.7676 1.4064 0.8506 0.4934 0.1942 0.0702 0.0332 0.0196 0.0082 0 0 0 0 0.0104 0.0632 0.247 0.5854 0.9342 1.1326 1.1362 0.8444 0.552 0.3024 0.1 0.0478 0.0334 0.0062 
0 0 0 0 0 0 0 0 0 0 0 0 0 0 0 0 0.266 3.9976 5.6344 2.7106 0.8618 0.3466 0.1216 0.049 0.0124 0 0 0 0 0 0 0 0 0.0268 0.6046 2.4958 3.62 2.8542 1.3472 0.622 0.2578 0.1028 0.0254 0.0298 0.0082 0.0054 0 0 0 0 0.003 0.0536 0.4968 1.6724 2.5446 2.4042 1.437 0.7808 0.3594 0.1484 0.048 0.0294 0.0136 0.0088 0 0 0 0 0.001 0.0572 0.4092 1.0072 1.7098 1.8066 1.3728 0.8752 0.3874 0.2274 0.0872 0.0342 0.015 0.0098 0 0 0 0 0 0.0308 0.2112 0.6252 0.9456 1.1904 1.1868 0.862 0.4826 0.255 0.1264 0.0516 0.0324 0 
0 0 0 0 0 0 0 0 0 0 0 0 0 0 0 0 0.261 4.5266 5.81 2.3426 0.7202 0.2208 0.0872 0.0286 0.003 0 0 0 0 0 0 0 0 0.0206 0.7122 2.8734 3.9386 2.5946 1.1594 0.4324 0.1858 0.0582 0.0218 0.003 0 0 0 0 0 0 0.0024 0.0984 0.6976 1.989 2.7668 2.1446 1.3812 0.564 0.2306 0.0912 0.0204 0.0126 0.0012 0 0 0 0 0 0.0116 0.1294 0.4892 1.3488 1.8954 1.735 1.2464 0.7172 0.2612 0.1168 0.035 0.0082 0.0058 0 0 0 0 0 0.0154 0.0724 0.3214 0.7556 1.1702 1.3062 1.0874 0.6892 0.3206 0.196 0.0408 0.0158 0.0074 0.0016 
0 0 0 0 0 0 0 0 0 0 0 0 0 0 0 0 0.2558 4.2586 5.5466 2.5822 0.8238 0.3406 0.1476 0.0356 0.0092 0 0 0 0 0 0 0 0 0.03 0.6214 2.6784 3.6646 2.6602 1.3018 0.5826 0.2758 0.132 0.0354 0.014 0.0038 0 0 0 0 0 0.0024 0.0906 0.544 1.8384 2.374 2.371 1.456 0.6916 0.3588 0.1568 0.0694 0.042 0.005 0 0 0 0 0 0.009 0.0998 0.4638 1.0504 1.6314 1.787 1.4072 0.7734 0.4008 0.2126 0.1114 0.0394 0.0138 0 0 0 0 0 0.0108 0.077 0.2856 0.5894 0.9546 1.1638 1.1358 0.8418 0.4854 0.245 0.1048 0.0714 0.0268 0.0078 
0 0 0 0 0 0 0 0 0 0 0 0 0 0 0 0 0.2294 4.4578 5.8732 2.3196 0.813 0.2326 0.0488 0.019 0.0066 0 0 0 0 0 0 0 0 0.0158 0.5972 2.8876 4.1152 2.4502 1.1856 0.5556 0.1398 0.0288 0.0118 0.0086 0.0038 0 0 0 0 0 0.001 0.0608 0.602 1.8732 2.9662 2.3264 1.226 0.599 0.2294 0.0736 0.0188 0.0116 0.012 0 0 0 0 0 0 0.0652 0.4232 1.2646 2.0486 1.9278 1.2292 0.615 0.2656 0.0972 0.028 0.0138 0.019 0.0028 0 0 0 0 0 0.0274 0.229 0.6992 1.3376 1.4098 1.0912 0.6708 0.3408 0.1072 0.0376 0.0208 0.015 0.0052 
0 0 0 0 0 0 0 0 0 0 0 0 0 0 0 0 0.2366 4.2556 5.8408 2.5334 0.8094 0.2212 0.0724 0.0268 0.0038 0 0 0 0 0 0 0 0 0.0208 0.5818 2.7604 3.7662 2.6992 1.3616 0.5212 0.209 0.0534 0.0226 0.0038 0 0 0 0 0 0 0.001 0.062 0.639 1.8572 2.486 2.3624 1.4268 0.6682 0.3024 0.131 0.0456 0.0184 0 0 0 0 0 0 0.0036 0.086 0.499 1.2014 1.6272 1.816 1.3142 0.803 0.4116 0.1408 0.0534 0.0392 0.0046 0 0 0 0 0 0.0042 0.0716 0.2942 0.7356 0.9326 1.2152 1.0658 0.8414 0.4968 0.2084 0.0708 0.0436 0.0198 0 
0 0 0 0 0 0 0 0 0 0 0 0 0 0 0 0 0.2614 4.3104 5.8568 2.3756 0.9182 0.2484 0.022 0.0072 0 0 0 0 0 0 0 0 0 0.0208 0.5932 2.8058 3.8244 2.6462 1.3282 0.574 0.1734 0.0178 0.0124 0.0038 0 0 0 0 0 0 0.0044 0.0676 0.5892 1.9122 2.6934 2.1912 1.4536 0.7288 0.2668 0.0638 0.0216 0.0068 0.0006 0 0 0 0 0 0 0.0732 0.4622 1.1992 1.9122 1.7366 1.2938 0.7842 0.3874 0.1094 0.0342 0.0076 0 0 0 0 0 0 0.0012 0.0414 0.2564 0.6622 1.2382 1.298 1.0086 0.7592 0.4644 0.1918 0.0616 0.017 0 0 
0 0 0 0 0 0 0 0 0 0 0 0 0 0 0 0 0.1868 4.3836 5.7272 2.5426 0.7756 0.3138 0.061 0.0094 0 0 0 0 0 0 0 0 0 0.0076 0.55 2.8246 3.8366 2.7466 1.217 0.5628 0.189 0.0468 0.0188 0.0002 0 0 0 0 0 0 0 0.0442 0.573 1.7892 2.796 2.4562 1.3362 0.6404 0.2194 0.108 0.0368 0.0006 0 0 0 0 0 0 0.0062 0.0586 0.3824 1.086 2.0096 1.9638 1.3784 0.6404 0.309 0.1262 0.0304 0.009 0 0 0 0 0 0 0.0032 0.0342 0.203 0.596 1.205 1.3936 1.2258 0.6944 0.4476 0.1472 0.0406 0.0094 0 0 
0 0 0 0 0 0 0 0 0 0 0 0 0 0 0 0 0.2006 4.1722 5.71 2.6544 0.8782 0.2782 0.0704 0.0156 0.0112 0.0062 0.003 0 0 0 0 0 0 0.0142 0.5594 2.5124 3.8362 2.7632 1.4238 0.566 0.2144 0.0762 0.0156 0.0186 0 0 0 0 0 0 0.0006 0.0552 0.498 1.6716 2.4794 2.4578 1.5978 0.8072 0.2494 0.1108 0.0482 0.0182 0.0058 0 0 0 0 0 0.0076 0.0772 0.3482 1.0496 1.5842 1.8494 1.61 0.8708 0.3926 0.1126 0.0466 0.024 0.0216 0.0056 0 0 0 0 0.0074 0.0614 0.1908 0.565 0.9816 1.1788 1.2712 0.8892 0.5242 0.1934 0.0742 0.0252 0.0242 0.0134 
0 0 0 0 0 0 0 0 0 0 0 0 0 0 0 0 0.276 4.2542 5.9734 2.4966 0.7526 0.1768 0.0426 0.0174 0.0036 0.0034 0.0034 0 0 0 0 0 0 0.0154 0.6428 2.7586 3.8792 2.825 1.2384 0.4452 0.1178 0.046 0.0176 0.014 0 0 0 0 0 0 0.0018 0.057 0.6338 1.8172 2.736 2.3968 1.5014 0.5894 0.1758 0.0536 0.0276 0.0096 0 0 0 0 0 0 0 0.074 0.4818 1.099 1.9068 1.9882 1.364 0.75 0.211 0.0816 0.0374 0.0062 0 0 0 0 0 0 0 0.0374 0.245 0.694 1.1564 1.4254 1.1438 0.779 0.324 0.1348 0.0462 0.014 0 0 
0 0 0 0 0 0 0 0 0 0 0 0 0 0 0 0 0.2456 4.2004 5.813 2.5268 0.8516 0.2648 0.0746 0.0114 0.0056 0.0062 0 0 0 0 0 0 0 0.0188 0.587 2.7064 3.7644 2.7396 1.3502 0.568 0.2114 0.0366 0.008 0.0096 0 0 0 0 0 0 0.003 0.049 0.6034 1.867 2.527 2.327 1.4978 0.729 0.2916 0.081 0.0172 0.004 0.003 0 0 0 0 0.0018 0.012 0.0946 0.3906 1.2192 1.7746 1.682 1.4494 0.81 0.3892 0.1186 0.0454 0.0104 0.0022 0 0 0 0 0.0022 0.0174 0.0678 0.213 0.6694 1.0908 1.219 1.125 0.851 0.4472 0.2148 0.0638 0.0162 0.0024 0 
0 0 0 0 0 0 0 0 0 0 0 0 0 0 0 0 0.2962 4.2488 5.6878 2.5678 0.8156 0.2518 0.0888 0.026 0.0172 0 0 0 0 0 0 0 0 0.0172 0.7034 2.7954 3.7252 2.5672 1.329 0.5568 0.1942 0.086 0.0124 0.0072 0.006 0 0 0 0 0 0 0.059 0.6782 1.9246 2.5972 2.2538 1.2128 0.7804 0.3188 0.1306 0.0236 0.0122 0.0088 0 0 0 0 0 0.0022 0.0732 0.5284 1.177 1.9018 1.6762 1.2068 0.7596 0.4154 0.1546 0.082 0.0216 0.0012 0 0 0 0 0 0.0044 0.0532 0.3048 0.7608 1.0576 1.2532 1.05 0.6274 0.54 0.1864 0.1248 0.0256 0.0118 0 
0 0 0 0 0 0 0 0 0 0 0 0 0 0 0 0 0.2282 4.2038 5.862 2.6538 0.775 0.1966 0.0432 0.0106 0.0178 0.009 0 0 0 0 0 0 0 0.0134 0.6262 2.5412 3.957 2.714 1.318 0.5828 0.1784 0.037 0.0112 0.0152 0.0056 0 0 0 0 0 0.0026 0.0722 0.5496 1.7118 2.7224 2.3224 1.4362 0.7214 0.3212 0.0988 0.0216 0.0134 0.0064 0 0 0 0 0 0.0034 0.0888 0.357 1.193 1.8808 1.684 1.2816 0.7974 0.5336 0.1326 0.0284 0.0136 0.0058 0 0 0 0 0 0.0054 0.049 0.1924 0.7224 1.223 1.1624 0.9516 0.7622 0.5726 0.226 0.103 0.0242 0.0058 0 
0 0 0 0 0 0 0 0 0 0 0 0 0 0 0 0 0.2714 4.4412 5.6636 2.4194 0.826 0.247 0.1014 0.019 0.0054 0.0056 0 0 0 0 0 0 0 0.036 0.6608 2.8434 3.8696 2.6188 1.1558 0.5238 0.2032 0.0592 0.0188 0.0034 0.005 0.0022 0 0 0 0 0.0034 0.061 0.6434 1.983 2.752 2.1718 1.3518 0.631 0.2424 0.1118 0.0284 0.0082 0.0118 0 0 0 0 0 0.0036 0.0772 0.4356 1.3568 1.9502 1.7972 1.1554 0.7002 0.2938 0.1334 0.0708 0.0158 0.004 0.0032 0.0028 0 0 0 0.0026 0.0302 0.2616 0.8104 1.1848 1.3882 1.0074 0.6416 0.3264 0.2096 0.1044 0.016 0.0084 0.0084 
0 0 0 0 0 0 0 0 0 0 0 0 0 0 0 0 0.2532 4.2924 5.6998 2.5378 0.9032 0.2154 0.0716 0.0266 0 0 0 0 0 0 0 0 0 0.0232 0.589 2.738 3.8106 2.686 1.2762 0.5902 0.2192 0.0568 0.0108 0 0 0 0 0 0 0 0.0034 0.065 0.532 1.8468 2.7026 2.3774 1.3374 0.7426 0.2614 0.0946 0.0188 0.0078 0.0102 0 0 0 0 0 0.0018 0.0564 0.4064 1.0962 1.9882 1.7916 1.3856 0.751 0.3416 0.1194 0.0432 0.008 0.0052 0.0054 0 0 0 0 0.0026 0.0374 0.2028 0.6256 1.1432 1.4434 1.1062 0.8128 0.3542 0.1532 0.0728 0.0356 0.0066 0.0036 
0 0 0 0 0 0 0 0 0 0 0 0 0 0 0 0 0.222 4.1438 5.7312 2.5302 0.9256 0.2844 0.0992 0.0294 0.0342 0 0 0 0 0 0 0 0 0.025 0.5324 2.6218 3.7836 2.7204 1.4024 0.5362 0.2126 0.0868 0.0458 0.0238 0.005 0.0042 0 0 0 0 0 0.0438 0.5386 1.7504 2.6514 2.3158 1.466 0.705 0.3134 0.1122 0.0584 0.0306 0.0064 0.008 0 0 0 0 0.0034 0.0522 0.355 1.0892 1.8006 1.8836 1.379 0.7788 0.3902 0.1454 0.0826 0.028 0.0056 0.0064 0 0 0 0 0.0048 0.022 0.18 0.5512 1.1752 1.2752 1.1328 0.8096 0.4878 0.201 0.0996 0.0422 0.0186 0 
0 0 0 0 0 0 0 0 0 0 0 0 0 0 0 0 0.2068 4.2364 5.9354 2.4778 0.7646 0.2628 0.0988 0.0136 0.0038 0 0 0 0 0 0 0 0 0.0092 0.5764 2.6578 4.0024 2.7024 1.299 0.5262 0.1578 0.0646 0.0042 0 0 0 0 0 0 0 0 0.0324 0.4968 1.8972 2.6832 2.437 1.4766 0.6216 0.2684 0.0754 0.0114 0 0 0 0 0 0 0 0 0.0338 0.3442 1.1792 1.9262 1.9072 1.432 0.746 0.3198 0.0938 0.0178 0 0 0 0 0 0 0 0 0.0126 0.1512 0.6054 1.2644 1.3714 1.1514 0.8394 0.4164 0.1584 0.0294 0 0 0 
