0.03 0.09 0.15 0.21 0.27 0.33 0.39 0.45 0.51 0.57 0.63 0.69 0.75 0.81 0.87 0.93 0.99 1.05 1.11 1.17 1.23 1.29 1.35 1.41 1.47 1.53 1.59 1.65 1.71 1.77 1.83 1.89 1.95 2.01 2.07 2.13 2.19 2.25 2.31 2.37 2.43 2.49 2.55 2.61 2.67 2.73 2.79 2.85 2.91 2.97 3.03 3.09 3.15 3.21 3.27 3.33 3.39 3.45 3.51 3.57 3.63 3.69 3.75 3.81 3.87 3.93 3.99 4.05 4.11 4.17 4.23 4.29 4.35 4.41 4.47 4.53 4.59 4.65 4.71 4.77 4.83 4.89 4.95 5.01 5.07 5.13 5.19 5.25 5.31 5.37 5.43 5.49 5.55 5.61 5.67 5.73 5.79 5.85 5.91 5.97 
0 0 0 0 0 0 0 0 0 0 0 0 0 0 0 0 0 0.0012 0.1192 0.8638 1.8494 1.929 1.2574 0.7188 0.3178 0.1234 0.0208 0 0 0 0 0 0 0 0 0 0 0.0056 0.0998 0.2816 0.6918 1.095 1.1208 0.9054 0.593 0.3142 0.1438 0.0698 0.0568 0.0184 0.0046 0 0 0 0 0 0 0 0.008 0.0672 0.2096 0.4642 0.6972 0.6118 0.498 0.3498 0.2692 0.1812 0.1212 0.0632 0.0272 0.0208 0.0102 0.0016 0 0 0 0 0 0.003 0.0194 0.0654 0.1216 0.2298 0.3048 0.222 0.2172 0.204 0.1136 0.085 0.0852 0.0432 0.029 0.0206 0.0312 0.0052 0 0 0 0 
0 0 0 0 0 0 0 0 0 0 0 0 0 0 0 0 0 0.0012 0.1534 0.9286 2.0008 2.2528 1.5056 0.6714 0.276 0.1444 0.0512 0.0146 0 0 0 0 0 0 0 0 0 0.0052 0.072 0.3338 0.822 1.1386 1.285 1.0908 0.7032 0.3302 0.1266 0.0478 0.0296 0.0114 0.0038 0 0 0 0 0 0 0 0.0132 0.0564 0.2452 0.493 0.6572 0.7366 0.6678 0.513 0.2952 0.1996 0.076 0.0294 0.013 0.0044 0 0 0 0 0 0 0 0.0018 0.015 0.0842 0.1768 0.2154 0.2354 0.2382 0.2774 0.2804 0.171 0.1104 0.1026 0.0598 0.0272 0.0044 0 0 0 0 0 0 
0 0 0 0 0 0 0 0 0 0 0 0 0 0 0 0 0 0.0006 0.1056 0.8582 1.9224 2.102 1.5404 0.9376 0.343 0.1318 0.0478 0.0082 0.0024 0 0 0 0 0 0 0 0 0.0062 0.0458 0.2824 0.6558 1.0902 1.262 1.1502 0.697 0.4578 0.2422 0.0798 0.0262 0.0044 0 0 0 0 0 0 0 0 0.0094 0.0564 0.1758 0.3338 0.5994 0.7432 0.6552 0.6052 0.365 0.2606 0.118 0.0576 0.0204 0 0 0 0 0 0 0 0 0.0024 0.0144 0.05 0.0976 0.142 0.2376 0.2774 0.3122 0.2598 0.2014 0.1862 0.0934 0.0856 0.034 0.0056 0.0004 0 0 0 0 0 
0 0 0 0 0 0 0 0 0 0 0 0 0 0 0 0 0 0 0.0834 0.9636 2.0428 2.0662 1.4456 0.9038 0.2746 0.1034 0.067 0.037 0.0126 0 0 0 0 0 0 0 0 0 0.083 0.3072 0.7018 1.109 1.3404 1.1584 0.7148 0.3064 0.1518 0.083 0.0252 0.016 0.003 0 0 0 0 0 0 0 0.0028 0.0702 0.179 0.421 0.6354 0.761 0.7468 0.5148 0.341 0.1912 0.0884 0.0276 0.0094 0.0082 0.0032 0 0 0 0 0 0 0.0052 0.0122 0.0326 0.0858 0.166 0.2662 0.3386 0.305 0.2862 0.2026 0.13 0.0888 0.051 0.0204 0.0094 0 0 0 0 0 0 
0 0 0 0 0 0 0 0 0 0 0 0 0 0 0 0 0 0.0016 0.0962 0.8156 1.8862 2.4006 1.4754 0.7154 0.3578 0.175 0.0608 0.0148 0.0006 0 0 0 0 0 0 0 0 0.0032 0.07 0.2524 0.641 1.0326 1.4036 1.152 0.7394 0.3916 0.1928 0.0624 0.0318 0.0254 0.0018 0 0 0 0 0 0 0.0018 0.0224 0.0728 0.1566 0.378 0.5226 0.6782 0.751 0.5834 0.4236 0.2552 0.0744 0.057 0.0196 0.0034 0 0 0 0 0 0 0 0.0054 0.0232 0.0574 0.1014 0.1324 0.1932 0.2984 0.3048 0.2732 0.2114 0.191 0.1206 0.0656 0.0146 0.0022 0.0038 0.0014 0 0 0 0 
0 0 0 0 0 0 0 0 0 0 0 0 0 0 0 0 0 0.001 0.0954 0.8864 1.9796 2.008 1.5422 0.8634 0.4178 0.1462 0.0518 0.0082 0 0 0 0 0 0 0 0 0 0.003 0.067 0.2876 0.7182 1.0414 1.2454 1.0646 0.7436 0.4642 0.2666 0.0698 0.0266 0.002 0 0 0 0 0 0 0 0 0.0076 0.0752 0.1902 0.362 0.562 0.6486 0.7246 0.612 0.4058 0.2194 0.1272 0.047 0.0106 0.0078 0 0 0 0 0 0 0 0 0.0204 0.0486 0.1076 0.1564 0.2088 0.26 0.2836 0.2584 0.2926 0.1706 0.0766 0.0466 0.0472 0.0142 0.0068 0.0016 0 0 0 0 
0 0 0 0 0 0 0 0 0 0 0 0 0 0 0 0 0 0 0.1072 1.035 2.219 2.0214 1.3164 0.7678 0.344 0.1198 0.0566 0.0114 0.0014 0 0 0 0 0 0 0 0 0 0.0588 0.3302 0.8916 1.3286 1.269 0.9188 0.6338 0.3136 0.142 0.0714 0.0312 0.0094 0.0016 0 0 0 0 0 0 0 0.005 0.065 0.2354 0.492 0.751 0.7222 0.6898 0.5042 0.3066 0.1254 0.0576 0.0224 0.0234 0 0 0 0 0 0 0 0 0.0024 0.0066 0.0642 0.126 0.2018 0.2954 0.3334 0.3184 0.2216 0.1616 0.1384 0.087 0.0262 0.0098 0.0072 0 0 0 0 0 0 
0 0 0 0 0 0 0 0 0 0 0 0 0 0 0 0 0 0 0.1396 1.0046 1.906 1.9352 1.4318 0.932 0.4588 0.1448 0.0442 0.003 0 0 0 0 0 0 0 0 0 0.0044 0.076 0.3678 0.6686 1.1296 1.1986 1.0442 0.7242 0.4772 0.2058 0.078 0.022 0.0036 0 0 0 0 0 0 0 0 0.0184 0.0866 0.21 0.3876 0.5692 0.667 0.6984 0.5702 0.3836 0.2462 0.1136 0.042 0.0034 0.0038 0 0 0 0 0 0 0 0.006 0.0264 0.0698 0.1084 0.1332 0.284 0.2258 0.2492 0.2834 0.2036 0.1606 0.1222 0.0788 0.0336 0.015 0 0 0 0 0 0 
0 0 0 0 0 0 0 0 0 0 0 0 0 0 0 0 0 0.0028 0.1236 0.9884 1.962 1.9762 1.3882 0.8728 0.4364 0.2076 0.04 0.002 0 0 0 0 0 0 0 0 0 0.0038 0.089 0.3362 0.7254 1.0798 1.2008 1.1954 0.7158 0.3992 0.1806 0.0594 0.0146 0 0 0 0 0 0 0 0 0 0.0096 0.0794 0.153 0.3874 0.5942 0.756 0.865 0.552 0.3156 0.1912 0.0808 0.0122 0.0036 0 0 0 0 0 0 0 0 0.0068 0.0228 0.024 0.0776 0.1392 0.21 0.3504 0.34 0.3252 0.1764 0.1506 0.1042 0.039 0.0226 0.0032 0.007 0.001 0 0 0 0 
0 0 0 0 0 0 0 0 0 0 0 0 0 0 0 0 0 0.0002 0.0886 1.0508 1.9768 2.0254 1.4836 0.8328 0.355 0.1262 0.0466 0.0104 0.0036 0 0 0 0 0 0 0 0 0 0.0538 0.339 0.8434 1.1872 1.2862 1.0582 0.6614 0.3392 0.141 0.058 0.0244 0.006 0.0022 0 0 0 0 0 0 0 0.0008 0.0456 0.2118 0.4492 0.6994 0.8128 0.6948 0.518 0.3562 0.1362 0.05 0.014 0.0076 0.0036 0 0 0 0 0 0 0 0 0.0092 0.0436 0.1158 0.202 0.2768 0.2394 0.3216 0.2758 0.2136 0.1724 0.0796 0.0286 0.0124 0.0092 0 0 0 0 0 0 
0 0 0 0 0 0 0 0 0 0 0 0 0 0 0 0 0 0.0006 0.1438 1.0166 1.9678 1.931 1.4494 0.8216 0.4456 0.1832 0.0294 0.011 0 0 0 0 0 0 0 0 0.0026 0.0254 0.1336 0.3566 0.7636 1.0394 1.1578 1.0352 0.7582 0.4064 0.2606 0.0584 0.0022 0 0 0 0 0 0 0 0.003 0.0162 0.0314 0.0712 0.2422 0.4668 0.552 0.6102 0.6968 0.5342 0.4322 0.2326 0.092 0.0192 0 0 0 0 0 0 0 0 0 0.0086 0.0328 0.0536 0.1096 0.1738 0.2166 0.2586 0.2768 0.2706 0.2288 0.1908 0.1032 0.054 0.0222 0 0 0 0 0 0 0 
0 0 0 0 0 0 0 0 0 0 0 0 0 0 0 0 0 0.0022 0.0894 0.7758 2.053 2.2444 1.4054 0.7984 0.3758 0.164 0.0648 0.0218 0.005 0 0 0 0 0 0 0 0 0.007 0.0412 0.2268 0.7108 1.1848 1.2024 1.1282 0.7082 0.395 0.2082 0.11 0.0492 0.027 0.0012 0 0 0 0 0 0 0 0.0038 0.038 0.1618 0.3526 0.6092 0.7348 0.7652 0.5886 0.2822 0.2154 0.1408 0.0452 0.0418 0.0168 0.0038 0 0 0 0 0 0 0.0056 0.0168 0.0516 0.0836 0.1748 0.2302 0.2732 0.2608 0.289 0.2252 0.151 0.1244 0.0582 0.025 0.012 0.003 0.0102 0.0054 0 0 0 
0 0 0 0 0 0 0 0 0 0 0 0 0 0 0 0 0 0.0052 0.1676 0.946 1.9798 2.1912 1.5664 0.7126 0.2852 0.109 0.0332 0.0038 0 0 0 0 0 0 0 0 0 0.0096 0.0848 0.3396 0.7788 1.2326 1.2678 1.0782 0.712 0.3134 0.1422 0.0324 0.0086 0 0 0 0 0 0 0 0 0.0064 0.0188 0.0784 0.2052 0.397 0.7092 0.7954 0.7616 0.5332 0.2722 0.1582 0.052 0.0078 0.0046 0 0 0 0 0 0 0 0 0.0042 0.0262 0.0506 0.1074 0.165 0.347 0.2812 0.354 0.269 0.1896 0.1186 0.0458 0.0274 0.014 0 0 0 0 0 0 0 
0 0 0 0 0 0 0 0 0 0 0 0 0 0 0 0 0 0 0.083 1.0036 2.31 2.1846 1.342 0.6946 0.2484 0.1126 0.0212 0 0 0 0 0 0 0 0 0 0 0 0.0218 0.3074 0.829 1.3116 1.3316 1.0528 0.5824 0.331 0.164 0.0476 0.0144 0.0064 0 0 0 0 0 0 0 0.002 0.0046 0.0692 0.2218 0.5296 0.7042 0.7276 0.638 0.4584 0.3372 0.1752 0.095 0.0254 0.0118 0 0 0 0 0 0 0 0 0.007 0.0424 0.084 0.1288 0.2084 0.3162 0.3466 0.2832 0.2064 0.1806 0.0932 0.0644 0.0276 0.0112 0 0 0 0 0 0 0 
0 0 0 0 0 0 0 0 0 0 0 0 0 0 0 0 0 0.001 0.1482 1.0716 2.1462 2.0754 1.3288 0.7414 0.3388 0.1164 0.0302 0.002 0 0 0 0 0 0 0 0 0 0.0054 0.102 0.4104 0.9086 1.2344 1.2588 0.916 0.6296 0.3466 0.126 0.0552 0.007 0 0 0 0 0 0 0 0 0.001 0.01 0.091 0.314 0.548 0.7332 0.6674 0.6042 0.4834 0.3354 0.1446 0.0504 0.0174 0 0 0 0 0 0 0 0 0 0.0018 0.0458 0.0702 0.1976 0.2484 0.2504 0.2828 0.2416 0.1812 0.1902 0.1496 0.0872 0.0242 0.02 0.0052 0.0038 0 0 0 0 0 
0 0 0 0 0 0 0 0 0 0 0 0 0 0 0 0 0 0 0.128 0.9412 2.0662 2.0746 1.4516 0.8448 0.37 0.0888 0.0314 0.0034 0 0 0 0 0 0 0 0 0 0.0186 0.093 0.2896 0.7594 1.1612 1.3048 1.0982 0.7398 0.348 0.1484 0.0308 0.0082 0 0 0 0 0 0 0 0 0.0054 0.023 0.0508 0.149 0.478 0.641 0.8274 0.7346 0.5458 0.3084 0.1678 0.0502 0.0152 0.0034 0 0 0 0 0 0 0 0 0.006 0.0192 0.0342 0.0898 0.2418 0.2166 0.2908 0.3712 0.272 0.2376 0.11 0.08 0.0214 0.0094 0 0 0 0 0 0 0 
0 0 0 0 0 0 0 0 0 0 0 0 0 0 0 0 0 0 0.0818 0.8636 2.285 1.9962 1.3388 0.845 0.3768 0.1248 0.0576 0.0214 0.009 0 0 0 0 0 0 0 0 0.0048 0.0486 0.2598 0.7944 1.1864 1.2992 1.0164 0.6962 0.4132 0.169 0.0872 0.0168 0.008 0 0 0 0 0 0 0 0 0.0066 0.0436 0.1876 0.4094 0.654 0.7634 0.6778 0.5892 0.366 0.188 0.0608 0.0354 0.0182 0 0 0 0 0 0 0 0 0 0.0192 0.0318 0.0802 0.2122 0.2886 0.3174 0.2548 0.26 0.2196 0.1156 0.11 0.0518 0.021 0.0126 0.0052 0 0 0 0 0 
0 0 0 0 0 0 0 0 0 0 0 0 0 0 0 0 0 0.0006 0.1608 1.188 2.1372 2.0526 1.3374 0.7394 0.3018 0.0706 0.0116 0 0 0 0 0 0 0 0 0 0 0.0036 0.1034 0.4622 0.899 1.2982 1.298 0.8272 0.6074 0.333 0.1306 0.0352 0.0022 0 0 0 0 0 0 0 0 0.0034 0.0424 0.0902 0.304 0.582 0.727 0.746 0.6214 0.3686 0.2814 0.168 0.0578 0.0078 0 0 0 0 0 0 0 0 0 0.0142 0.0426 0.1142 0.1716 0.2546 0.2804 0.2654 0.27 0.2444 0.1346 0.109 0.0752 0.0132 0.0078 0.0028 0 0 0 0 0 0 
0 0 0 0 0 0 0 0 0 0 0 0 0 0 0 0 0 0 0.0782 0.981 2.0024 2.132 1.4376 0.8704 0.3844 0.0892 0.0206 0.0042 0 0 0 0 0 0 0 0 0 0.0016 0.028 0.317 0.7938 1.171 1.2864 1.151 0.6738 0.3828 0.138 0.0352 0.0158 0.0046 0.001 0 0 0 0 0 0 0 0.0024 0.0478 0.172 0.4232 0.6836 0.8022 0.6984 0.6216 0.3256 0.1486 0.0456 0.0202 0.0064 0.0024 0 0 0 0 0 0 0 0.0028 0.0204 0.029 0.0904 0.1978 0.2668 0.2852 0.316 0.308 0.2276 0.15 0.061 0.036 0.009 0 0 0 0 0 0 0 
0 0 0 0 0 0 0 0 0 0 0 0 0 0 0 0 0 0.0018 0.1538 1.1622 2.1164 1.988 1.3502 0.7334 0.3202 0.1136 0.0466 0.0138 0 0 0 0 0 0 0 0 0.003 0.0028 0.0938 0.4132 0.9634 1.1904 1.1742 1.0292 0.6208 0.2804 0.1578 0.052 0.0146 0.0044 0 0 0 0 0 0 0 0.0022 0.0218 0.0796 0.313 0.5106 0.7384 0.6608 0.7136 0.4504 0.296 0.1212 0.071 0.0174 0.004 0 0 0 0 0 0 0 0.0016 0.0132 0.027 0.074 0.1446 0.2084 0.2922 0.2652 0.279 0.303 0.2296 0.088 0.0414 0.0188 0.014 0 0 0 0 0 0 0 
0 0 0 0 0 0 0 0 0 0 0 0 0 0 0 0 0 0 0.1384 1.1318 2.0338 2.0114 1.5128 0.684 0.319 0.1058 0.0418 0.0184 0.0028 0 0 0 0 0 0 0 0 0.0122 0.0656 0.4296 0.928 1.2334 1.2226 0.9446 0.6578 0.2912 0.1256 0.0506 0.0364 0.0024 0 0 0 0 0 0 0 0 0.0144 0.064 0.2688 0.5944 0.7296 0.7246 0.6714 0.4452 0.245 0.112 0.0804 0.0436 0.0066 0 0 0 0 0 0 0 0 0 0.0078 0.0674 0.135 0.2436 0.3142 0.341 0.2782 0.2146 0.1596 0.098 0.0558 0.048 0.033 0.0038 0 0 0 0 0 0 
0 0 0 0 0 0 0 0 0 0 0 0 0 0 0 0 0 0.0022 0.1214 0.9544 2.2498 2.125 1.3484 0.7052 0.3062 0.1144 0.0354 0.022 0.0156 0 0 0 0 0 0 0 0 0.0102 0.0652 0.3102 0.9314 1.1878 1.2622 1.0552 0.637 0.2882 0.1514 0.0506 0.0232 0.0234 0.004 0 0 0 0 0 0 0 0.0094 0.0724 0.2646 0.4838 0.6118 0.7638 0.7624 0.4888 0.3136 0.1278 0.0438 0.035 0.0228 0 0 0 0 0 0 0 0 0 0.0234 0.0576 0.115 0.1778 0.257 0.3662 0.3498 0.3066 0.1636 0.0954 0.0532 0.0344 0 0 0 0 0 0 0 0 
0 0 0 0 0 0 0 0 0 0 0 0 0 0 0 0 0 0 0.0756 0.8042 2.0146 2.1938 1.3966 0.9172 0.3958 0.1412 0.0512 0.0098 0 0 0 0 0 0 0 0 0 0.001 0.051 0.201 0.6718 1.1988 1.2726 1.0776 0.7276 0.4568 0.2064 0.091 0.0326 0.0118 0 0 0 0 0 0 0 0 0 0.0274 0.1546 0.3986 0.5878 0.6532 0.7256 0.6688 0.3908 0.2278 0.0874 0.047 0.0176 0.0048 0.0068 0.0018 0 0 0 0 0 0 0.005 0.0298 0.1058 0.1714 0.2464 0.2306 0.2792 0.3002 0.2532 0.1884 0.0852 0.0548 0.031 0.015 0.004 0 0 0 0 0 
0 0 0 0 0 0 0 0 0 0 0 0 0 0 0 0 0 0.0014 0.0784 0.8396 2.051 2.1318 1.4434 0.8576 0.3886 0.1258 0.0656 0.0156 0.0012 0 0 0 0 0 0 0 0 0 0.032 0.223 0.7166 1.1916 1.231 1.1138 0.7954 0.399 0.1732 0.0878 0.0244 0.006 0.0034 0.0028 0 0 0 0 0 0 0.0096 0.0378 0.1308 0.3206 0.6392 0.7348 0.749 0.6514 0.4114 0.1996 0.088 0.0188 0.009 0 0 0 0 0 0 0 0 0 0.0078 0.0282 0.087 0.1108 0.2354 0.3488 0.3506 0.2962 0.2436 0.133 0.0622 0.06 0.0162 0.0098 0.008 0.0024 0 0 0 0 
0 0 0 0 0 0 0 0 0 0 0 0 0 0 0 0 0 0.0018 0.1298 1.027 2.3048 2.1148 1.4264 0.647 0.2232 0.0716 0.0432 0.0074 0.003 0 0 0 0 0 0 0 0 0.0058 0.0784 0.3662 1.0006 1.3652 1.2924 0.9356 0.5314 0.2842 0.1002 0.0152 0.0224 0.0024 0 0 0 0 0 0 0 0 0.021 0.0824 0.2532 0.5754 0.8036 0.833 0.574 0.4838 0.276 0.0636 0.0226 0.0044 0.0036 0.0034 0 0 0 0 0 0 0.004 0.0084 0.0332 0.0534 0.1196 0.243 0.3556 0.3296 0.2944 0.2702 0.2062 0.0658 0.007 0.0036 0.006 0 0 0 0 0 0 0 
0 0 0 0 0 0 0 0 0 0 0 0 0 0 0 0 0 0 0.0638 0.8034 1.9772 2.129 1.51 0.8658 0.4252 0.1542 0.054 0.0174 0 0 0 0 0 0 0 0 0 0.0012 0.0312 0.1962 0.5974 1.1396 1.4494 1.097 0.7712 0.3872 0.1984 0.0974 0.029 0.0048 0 0 0 0 0 0 0 0 0 0.0206 0.1144 0.3434 0.599 0.7492 0.7926 0.6156 0.3656 0.2466 0.0954 0.0424 0.008 0.003 0.0042 0 0 0 0 0 0 0 0.004 0.0298 0.0762 0.1406 0.2166 0.2518 0.3392 0.322 0.2536 0.1686 0.0942 0.0466 0.039 0.0178 0 0 0 0 0 0 
0 0 0 0 0 0 0 0 0 0 0 0 0 0 0 0 0 0.001 0.156 1.076 2.1038 2.1236 1.4418 0.6384 0.2888 0.1244 0.0334 0.0128 0 0 0 0 0 0 0 0 0 0.0192 0.0836 0.4266 0.8558 1.1302 1.3262 1.1092 0.6016 0.26 0.093 0.0464 0.0366 0.0094 0.0022 0 0 0 0 0 0 0.005 0.024 0.0948 0.2856 0.4822 0.7714 0.7288 0.6366 0.4574 0.2452 0.1522 0.0638 0.0366 0.0122 0.0042 0 0 0 0 0 0 0.0016 0.0108 0.0354 0.1042 0.163 0.2054 0.257 0.2766 0.3394 0.209 0.1608 0.1056 0.0642 0.0348 0.0282 0.004 0 0 0 0 0 0 
0 0 0 0 0 0 0 0 0 0 0 0 0 0 0 0 0 0.0018 0.0516 0.8114 2.1368 2.2186 1.5298 0.7794 0.3098 0.111 0.0364 0.0124 0.001 0 0 0 0 0 0 0 0 0 0.0176 0.2356 0.6682 1.1622 1.3326 1.0784 0.7524 0.4612 0.1742 0.0678 0.0232 0.0134 0.0072 0.0036 0.0024 0 0 0 0 0 0.004 0.046 0.1652 0.3534 0.5418 0.7744 0.7564 0.5522 0.402 0.203 0.124 0.031 0.028 0.0116 0.007 0 0 0 0 0 0.0034 0.0038 0.0136 0.0584 0.0808 0.1646 0.2452 0.332 0.343 0.2752 0.1676 0.1296 0.0708 0.07 0.0262 0.0104 0.0054 0 0 0 0 0 
0 0 0 0 0 0 0 0 0 0 0 0 0 0 0 0 0 0.0008 0.1314 0.8946 2.1956 2.3406 1.4552 0.6434 0.267 0.0578 0.0136 0 0 0 0 0 0 0 0 0 0 0.0006 0.0572 0.2894 0.8438 1.3138 1.321 1.076 0.6252 0.283 0.1412 0.0416 0.0072 0 0 0 0 0 0 0 0 0 0 0.0416 0.2116 0.598 0.7214 0.755 0.6084 0.4776 0.359 0.1476 0.0542 0.0256 0 0 0 0 0 0 0 0 0 0 0.011 0.0812 0.1732 0.2752 0.333 0.3 0.2558 0.19 0.1302 0.1394 0.0754 0.0236 0.012 0 0 0 0 0 0 0 
0 0 0 0 0 0 0 0 0 0 0 0 0 0 0 0 0 0.003 0.1212 0.9306 2.216 2.2478 1.5104 0.6006 0.2292 0.0966 0.0314 0.0132 0 0 0 0 0 0 0 0 0 0.0138 0.0812 0.3044 0.815 1.305 1.3114 1.11 0.604 0.2728 0.1214 0.0352 0.0208 0.005 0 0 0 0 0 0 0 0.0078 0.0302 0.1056 0.2006 0.4182 0.7468 0.7844 0.6966 0.5174 0.2748 0.1578 0.0382 0.0124 0.0068 0.0024 0 0 0 0 0 0 0 0.0128 0.0694 0.084 0.0952 0.1896 0.3114 0.3132 0.3226 0.2342 0.1576 0.1182 0.0464 0.0324 0.0094 0.0036 0 0 0 0 0 0 
0 0 0 0 0 0 0 0 0 0 0 0 0 0 0 0 0 0 0.1354 1.0678 2.205 2.1086 1.4042 0.6624 0.3018 0.097 0.0126 0.0052 0 0 0 0 0 0 0 0 0 0.0164 0.111 0.3874 0.8294 1.2504 1.2512 1.0334 0.6696 0.2772 0.1392 0.0326 0.0022 0 0 0 0 0 0 0 0 0.0012 0.0432 0.1238 0.265 0.4884 0.6486 0.7538 0.6856 0.4904 0.2792 0.144 0.0626 0.0094 0.0048 0 0 0 0 0 0 0 0.0042 0.0032 0.0234 0.0776 0.1386 0.2352 0.2826 0.3572 0.346 0.201 0.1554 0.0838 0.0638 0.028 0 0 0 0 0 0 0 0 
0 0 0 0 0 0 0 0 0 0 0 0 0 0 0 0 0 0 0.1434 0.9816 2.0362 2.2398 1.4882 0.7028 0.3346 0.0706 0.0028 0 0 0 0 0 0 0 0 0 0 0.0068 0.1022 0.3654 0.7832 1.2002 1.2662 1.073 0.6192 0.3322 0.1718 0.0688 0.011 0 0 0 0 0 0 0 0 0 0.0444 0.1154 0.2484 0.3868 0.6812 0.7596 0.67 0.5078 0.2912 0.14 0.1142 0.041 0 0 0 0 0 0 0 0 0.0048 0.0134 0.0274 0.0626 0.1702 0.232 0.32 0.297 0.2366 0.1776 0.1814 0.0992 0.1002 0.0502 0.0182 0.0092 0 0 0 0 0 0 
0 0 0 0 0 0 0 0 0 0 0 0 0 0 0 0 0 0 0.0722 0.7576 1.9592 2.2068 1.6132 0.879 0.3654 0.085 0.0528 0.005 0.0038 0 0 0 0 0 0 0 0 0.003 0.068 0.2298 0.6206 1.0586 1.2364 1.1912 0.7842 0.4484 0.2288 0.0814 0.0244 0.0212 0.004 0 0 0 0 0 0 0 0.0124 0.056 0.1826 0.3112 0.4754 0.8086 0.7206 0.561 0.4058 0.2354 0.1154 0.0496 0.0408 0.0128 0.0042 0.0044 0.0038 0 0 0 0 0.0044 0.0116 0.0412 0.1244 0.1596 0.195 0.2758 0.352 0.231 0.209 0.168 0.0786 0.0702 0.0338 0.0254 0.0064 0.0078 0.0058 0 0 0 
0 0 0 0 0 0 0 0 0 0 0 0 0 0 0 0 0 0 0.0804 0.8848 2.0864 2.0758 1.444 0.8912 0.388 0.1154 0.0326 0.0014 0 0 0 0 0 0 0 0 0 0.0046 0.0366 0.2752 0.7172 1.1404 1.311 1.079 0.7688 0.3942 0.1734 0.0844 0.0136 0.0016 0 0 0 0 0 0 0 0 0.0156 0.0674 0.1878 0.3452 0.5648 0.7016 0.838 0.6324 0.324 0.1756 0.1056 0.0388 0.0032 0 0 0 0 0 0 0 0 0.0072 0.0138 0.0272 0.1142 0.1294 0.206 0.3378 0.331 0.3386 0.217 0.145 0.0852 0.0414 0.0062 0 0 0 0 0 0 0 
0 0 0 0 0 0 0 0 0 0 0 0 0 0 0 0 0 0.0022 0.1228 1.0012 2.0746 2.0816 1.42 0.879 0.3198 0.0796 0.0192 0 0 0 0 0 0 0 0 0 0 0.0048 0.0988 0.3478 0.8262 1.1428 1.234 1.1146 0.7142 0.3562 0.126 0.0346 0 0 0 0 0 0 0 0 0 0.0088 0.0212 0.067 0.2326 0.4894 0.6864 0.7416 0.6362 0.5258 0.3462 0.1702 0.0598 0.0148 0 0 0 0 0 0 0 0 0.002 0.01 0.0182 0.0338 0.1252 0.1966 0.282 0.3188 0.331 0.293 0.166 0.097 0.076 0.0422 0.0082 0 0 0 0 0 0 0 
0 0 0 0 0 0 0 0 0 0 0 0 0 0 0 0 0 0 0.0904 0.939 2.2644 2.2756 1.3562 0.6194 0.2938 0.104 0.044 0.0132 0 0 0 0 0 0 0 0 0 0.0098 0.0582 0.2708 0.8594 1.2698 1.4028 1.0116 0.5744 0.2912 0.1396 0.0772 0.027 0.006 0.0022 0 0 0 0 0 0 0 0.0056 0.067 0.2104 0.4622 0.7234 0.8254 0.754 0.4226 0.2662 0.1452 0.0628 0.038 0.009 0.0044 0.0038 0 0 0 0 0 0 0.0108 0.0208 0.0422 0.1146 0.2148 0.374 0.3122 0.3164 0.2584 0.1398 0.0838 0.0568 0.0356 0.0126 0.0064 0.0008 0 0 0 0 0 
0 0 0 0 0 0 0 0 0 0 0 0 0 0 0 0 0 0.0028 0.1178 0.9832 2.1496 2.2872 1.531 0.6072 0.223 0.08 0.0142 0.004 0 0 0 0 0 0 0 0 0.0014 0.015 0.0668 0.3144 0.7272 1.412 1.362 1.021 0.6796 0.273 0.0864 0.0268 0.009 0.0054 0 0 0 0 0 0 0 0.0096 0.0218 0.0808 0.2236 0.4384 0.7186 0.8176 0.7276 0.5288 0.2606 0.137 0.0272 0.0084 0 0 0 0 0 0 0 0 0 0.008 0.0174 0.0514 0.1744 0.2442 0.3148 0.3004 0.3184 0.2262 0.202 0.0926 0.0324 0.0178 0 0 0 0 0 0 0 0 
0 0 0 0 0 0 0 0 0 0 0 0 0 0 0 0 0 0.0018 0.1144 1.0728 2.0738 2.0424 1.4292 0.8068 0.3516 0.08 0.0102 0.0052 0.007 0.0028 0.002 0 0 0 0 0 0 0.0036 0.087 0.3612 0.8102 1.2024 1.303 0.9842 0.6938 0.3622 0.1214 0.0366 0.0102 0.008 0.01 0.0062 0 0 0 0 0 0 0.0158 0.0978 0.2368 0.477 0.614 0.7716 0.7118 0.5386 0.2996 0.123 0.0622 0.014 0.0178 0.0174 0.0026 0 0 0 0 0 0 0 0.0198 0.0968 0.1364 0.2268 0.2678 0.2684 0.3138 0.2372 0.2042 0.1078 0.0438 0.0316 0.028 0.0092 0.003 0.0054 0 0 0 0 
0 0 0 0 0 0 0 0 0 0 0 0 0 0 0 0 0 0 0.0732 0.8388 2.1554 2.4192 1.4926 0.6824 0.2692 0.0468 0.0108 0.0116 0 0 0 0 0 0 0 0 0 0.0034 0.0408 0.2076 0.6208 1.2088 1.4436 1.1854 0.7424 0.371 0.1232 0.0304 0.0092 0.0134 0 0 0 0 0 0 0 0.0034 0.0046 0.0424 0.1708 0.3942 0.6074 0.7386 0.7816 0.5748 0.3684 0.208 0.0708 0.0324 0.0026 0 0 0 0 0 0 0 0.0014 0.004 0.0076 0.0522 0.1304 0.2158 0.2732 0.3798 0.299 0.2566 0.1738 0.1138 0.0644 0.028 0 0 0 0 0 0 0 0 
0 0 0 0 0 0 0 0 0 0 0 0 0 0 0 0 0 0.002 0.0986 0.9588 2.21 2.2298 1.4414 0.6642 0.2606 0.0894 0.0426 0.0026 0 0 0 0 0 0 0 0 0 0.0024 0.077 0.2604 0.7392 1.3024 1.437 1.1196 0.6772 0.2886 0.0734 0.0094 0.0066 0.0068 0 0 0 0 0 0 0 0 0.0048 0.0544 0.2368 0.3948 0.7174 0.8898 0.7568 0.453 0.323 0.122 0.0332 0.014 0 0 0 0 0 0 0 0 0 0.0072 0.0152 0.0526 0.1228 0.1984 0.348 0.349 0.2862 0.3046 0.1334 0.082 0.0846 0.0132 0.0028 0 0 0 0 0 0 0 
0 0 0 0 0 0 0 0 0 0 0 0 0 0 0 0 0 0.0028 0.1424 0.8586 1.9994 2.1066 1.49 0.8246 0.3858 0.149 0.0378 0.003 0 0 0 0 0 0 0 0 0 0.0154 0.1036 0.286 0.6616 1.117 1.332 1.063 0.7186 0.3982 0.2182 0.0768 0.0064 0.0032 0 0 0 0 0 0 0 0 0.0132 0.0416 0.1838 0.441 0.6316 0.7018 0.7312 0.5652 0.343 0.1916 0.1068 0.0386 0.0106 0 0 0 0 0 0 0 0 0 0.0126 0.0184 0.109 0.1978 0.2646 0.2798 0.2544 0.3406 0.2218 0.1596 0.075 0.0446 0.0156 0.0062 0 0 0 0 0 0 
0 0 0 0 0 0 0 0 0 0 0 0 0 0 0 0 0 0 0.095 0.9444 2.1804 2.2688 1.4468 0.6654 0.2718 0.0896 0.0338 0.004 0 0 0 0 0 0 0 0 0 0.0072 0.0606 0.3378 0.8152 1.202 1.329 1.1118 0.6184 0.323 0.1198 0.0618 0.0134 0 0 0 0 0 0 0 0 0 0.0208 0.0644 0.2238 0.4126 0.7202 0.8356 0.6992 0.542 0.247 0.1352 0.0656 0.0278 0.0058 0 0 0 0 0 0 0 0 0.01 0.0394 0.0538 0.091 0.1542 0.343 0.3956 0.3516 0.1618 0.2006 0.1094 0.0674 0.0222 0 0 0 0 0 0 0 0 
0 0 0 0 0 0 0 0 0 0 0 0 0 0 0 0 0 0.002 0.1302 1.1172 1.9528 2.0694 1.4816 0.8428 0.3236 0.0616 0.0086 0.0084 0.0018 0 0 0 0 0 0 0 0 0.0082 0.0928 0.3586 0.7292 1.2756 1.3286 1.0026 0.6086 0.3618 0.143 0.0496 0.0342 0.0072 0 0 0 0 0 0 0 0.0038 0.0402 0.0786 0.2154 0.3928 0.6714 0.8078 0.8032 0.4622 0.2616 0.1352 0.0556 0.051 0.0202 0.001 0 0 0 0 0 0 0.0014 0.0128 0.0242 0.052 0.1126 0.2056 0.2642 0.3332 0.3384 0.3252 0.1146 0.1082 0.0608 0.0408 0.006 0 0 0 0 0 0 0 
0 0 0 0 0 0 0 0 0 0 0 0 0 0 0 0 0 0 0.1236 1.0812 2.066 1.8868 1.3544 0.8058 0.3908 0.209 0.068 0.0144 0 0 0 0 0 0 0 0 0 0.0132 0.0942 0.4044 0.8432 1.0994 1.1468 1.0302 0.6552 0.394 0.1812 0.0966 0.0346 0.007 0 0 0 0 0 0 0 0.004 0.0286 0.0922 0.225 0.447 0.6588 0.7518 0.611 0.4896 0.3296 0.1994 0.0954 0.0366 0.0272 0.0038 0 0 0 0 0 0 0 0.0128 0.0212 0.0458 0.1298 0.2044 0.2318 0.2424 0.288 0.2522 0.2428 0.1522 0.0736 0.0604 0.0198 0.0106 0.0122 0 0 0 0 0 
0 0 0 0 0 0 0 0 0 0 0 0 0 0 0 0 0 0 0.1444 1.061 2.2232 2.1272 1.439 0.6298 0.2948 0.0546 0.026 0 0 0 0 0 0 0 0 0 0.0006 0.011 0.0932 0.3846 0.97 1.3006 1.1588 0.9714 0.643 0.2978 0.1004 0.0446 0.0178 0.0042 0.002 0 0 0 0 0 0 0.0032 0.0248 0.0976 0.2928 0.5552 0.7096 0.6854 0.7072 0.5022 0.227 0.1164 0.0374 0.0276 0.0082 0.0028 0.0026 0 0 0 0 0 0.0016 0.0226 0.0348 0.0908 0.1352 0.216 0.3352 0.3242 0.2718 0.2376 0.1816 0.08 0.0346 0.0078 0.012 0.009 0.0052 0 0 0 0 0 
0 0 0 0 0 0 0 0 0 0 0 0 0 0 0 0 0 0.0014 0.1152 0.8854 1.8132 2.0484 1.4012 0.9016 0.503 0.2296 0.0862 0.0094 0.0054 0 0 0 0 0 0 0 0 0.0086 0.067 0.2504 0.6256 1.0458 1.1694 1.0808 0.8416 0.4754 0.265 0.126 0.0318 0.0108 0.0018 0 0 0 0 0 0 0 0.0016 0.0564 0.1556 0.2794 0.5098 0.6886 0.7886 0.6208 0.4 0.259 0.1402 0.079 0.0196 0.0014 0 0 0 0 0 0 0 0.012 0.015 0.036 0.0592 0.092 0.1602 0.2882 0.302 0.2694 0.2746 0.2358 0.1544 0.0536 0.0344 0.0132 0 0 0 0 0 0 
0 0 0 0 0 0 0 0 0 0 0 0 0 0 0 0 0 0.0032 0.1164 0.9686 1.9874 2.237 1.5334 0.6998 0.3016 0.1196 0.0274 0.0056 0 0 0 0 0 0 0 0 0 0.0082 0.1 0.3386 0.7404 1.1764 1.372 1.0638 0.6628 0.2818 0.1456 0.072 0.0258 0.0126 0 0 0 0 0 0 0 0.0018 0.0196 0.061 0.2182 0.475 0.6666 0.7352 0.7024 0.5456 0.3016 0.1646 0.0774 0.0234 0.0076 0 0 0 0 0 0 0 0 0.0092 0.0198 0.0616 0.1004 0.2432 0.3084 0.2706 0.2654 0.2478 0.198 0.1518 0.0726 0.0226 0.0146 0.0058 0.0054 0.0028 0 0 0 0 
0 0 0 0 0 0 0 0 0 0 0 0 0 0 0 0 0 0.0048 0.1212 0.7816 1.9532 2.293 1.6386 0.7714 0.2956 0.1056 0.0232 0.0118 0 0 0 0 0 0 0 0 0.0004 0.01 0.0774 0.218 0.6178 1.137 1.3928 1.1712 0.749 0.4092 0.141 0.0616 0.0136 0.001 0 0 0 0 0 0 0 0.004 0.0208 0.039 0.1336 0.3226 0.5982 0.821 0.8006 0.6494 0.3308 0.1672 0.0774 0.0258 0.0056 0.004 0 0 0 0 0 0 0 0.0054 0.0036 0.0214 0.0506 0.1722 0.322 0.3332 0.3466 0.2872 0.2214 0.1078 0.0794 0.039 0.0062 0.004 0 0 0 0 0 0 
0 0 0 0 0 0 0 0 0 0 0 0 0 0 0 0 0 0.0008 0.1316 0.9782 2.22 1.9754 1.4152 0.7762 0.3424 0.125 0.028 0.0072 0 0 0 0 0 0 0 0 0 0.0146 0.0882 0.334 0.7726 1.1848 1.3144 1.1326 0.6926 0.2864 0.1374 0.0338 0.0086 0 0 0 0 0 0 0 0 0 0.025 0.1064 0.2106 0.4052 0.582 0.8444 0.828 0.5414 0.261 0.1448 0.034 0.0172 0 0 0 0 0 0 0 0 0 0.0056 0.0334 0.0626 0.1206 0.173 0.2348 0.3352 0.3708 0.262 0.1738 0.1192 0.0562 0.0346 0.0058 0.003 0.0038 0.0056 0 0 0 0 
0 0 0 0 0 0 0 0 0 0 0 0 0 0 0 0 0 0.0008 0.0984 0.943 2.0902 2.1156 1.362 0.8042 0.3216 0.1686 0.0694 0.018 0.0082 0 0 0 0 0 0 0 0 0.0044 0.034 0.2552 0.7236 1.188 1.2492 1.0808 0.7006 0.3948 0.249 0.0632 0.0462 0.011 0 0 0 0 0 0 0 0.0012 0.0104 0.0444 0.1816 0.335 0.601 0.7732 0.7066 0.6256 0.3508 0.184 0.1126 0.0426 0.0162 0.0124 0.0024 0 0 0 0 0 0 0.007 0.0248 0.0508 0.111 0.164 0.2366 0.2956 0.2566 0.3098 0.2164 0.1588 0.0898 0.0424 0.0264 0.01 0 0 0 0 0 0 
0 0 0 0 0 0 0 0 0 0 0 0 0 0 0 0 0 0 0.0716 0.8464 1.9256 2.133 1.588 0.8402 0.3976 0.1688 0.025 0.0038 0 0 0 0 0 0 0 0 0 0.0006 0.0348 0.2276 0.7008 1.087 1.2096 1.1418 0.909 0.3936 0.1902 0.0902 0.014 0.0008 0 0 0 0 0 0 0 0 0.001 0.0494 0.1364 0.3108 0.5414 0.7442 0.7994 0.658 0.4014 0.212 0.1066 0.0302 0.0074 0.0018 0 0 0 0 0 0 0 0 0.0082 0.0382 0.0972 0.1198 0.2096 0.2662 0.3266 0.38 0.2484 0.137 0.0744 0.0372 0.039 0.0144 0.0038 0 0 0 0 0 
0 0 0 0 0 0 0 0 0 0 0 0 0 0 0 0 0 0 0.1138 0.8694 2.1266 2.2278 1.4794 0.7068 0.3458 0.1064 0.0202 0.0034 0.0004 0 0 0 0 0 0 0 0 0.0026 0.0614 0.2826 0.7704 1.2566 1.3826 0.9434 0.7412 0.365 0.1486 0.0334 0.0122 0 0 0 0 0 0 0 0 0 0.026 0.0762 0.201 0.3942 0.693 0.7694 0.7036 0.527 0.2916 0.2258 0.0652 0.027 0 0 0 0 0 0 0 0 0 0.0058 0.0494 0.0372 0.118 0.2174 0.239 0.2706 0.3084 0.293 0.2106 0.1382 0.0714 0.0232 0.0178 0 0 0 0 0 0 0 
0 0 0 0 0 0 0 0 0 0 0 0 0 0 0 0 0 0 0.0908 1.0088 2.2002 2.1754 1.274 0.75 0.3392 0.1232 0.0288 0.0096 0 0 0 0 0 0 0 0 0 0 0.0334 0.3412 0.837 1.2672 1.3208 1.0208 0.662 0.3668 0.1264 0.0244 0 0 0 0 0 0 0 0 0 0 0.0018 0.032 0.1942 0.4752 0.7928 0.8594 0.7128 0.4304 0.2738 0.1554 0.054 0.0182 0 0 0 0 0 0 0 0 0 0.0062 0.0106 0.0182 0.0902 0.2322 0.3518 0.3608 0.2996 0.226 0.1922 0.1536 0.0528 0.0058 0 0 0 0 0 0 0 0 
0 0 0 0 0 0 0 0 0 0 0 0 0 0 0 0 0 0.0004 0.077 0.902 2.0724 2.228 1.4558 0.751 0.3432 0.118 0.0292 0.0118 0.0112 0 0 0 0 0 0 0 0 0 0.0438 0.2812 0.7214 1.2378 1.3414 1.0944 0.6386 0.4032 0.154 0.0654 0.0124 0.0064 0 0 0 0 0 0 0 0 0.0126 0.0432 0.1432 0.3974 0.7238 0.8432 0.6946 0.545 0.2886 0.1572 0.0886 0.0488 0.0112 0.0026 0 0 0 0 0 0 0 0.0018 0.004 0.0202 0.0868 0.2176 0.2936 0.3426 0.3264 0.2838 0.1416 0.1046 0.0866 0.053 0.026 0.0114 0 0 0 0 0 0 
0 0 0 0 0 0 0 0 0 0 0 0 0 0 0 0 0 0 0.0886 1.0154 2.2462 2.114 1.3868 0.7446 0.2848 0.0822 0.0168 0.0152 0.003 0.0024 0 0 0 0 0 0 0 0.0026 0.0374 0.3362 0.8808 1.2926 1.3122 1.0318 0.593 0.2962 0.1478 0.0428 0.0164 0.0098 0.0004 0 0 0 0 0 0 0 0.006 0.083 0.1972 0.5256 0.6772 0.7708 0.7376 0.4996 0.3142 0.1172 0.0454 0.0208 0.0046 0.0008 0 0 0 0 0 0 0 0.001 0.0334 0.0592 0.1174 0.2014 0.2972 0.3576 0.326 0.2534 0.1572 0.1044 0.0516 0.0308 0.0094 0 0 0 0 0 0 0 
0 0 0 0 0 0 0 0 0 0 0 0 0 0 0 0 0 0.0014 0.0618 0.936 2.1152 2.05 1.4798 0.8172 0.2886 0.159 0.0454 0.0278 0.0136 0.0042 0 0 0 0 0 0 0 0 0.062 0.2822 0.7212 1.1332 1.2878 1.1314 0.7376 0.3844 0.1496 0.069 0.022 0.0126 0.0028 0.0042 0 0 0 0 0 0.001 0.0152 0.0426 0.172 0.3704 0.5358 0.803 0.7716 0.6322 0.4474 0.1322 0.0356 0.031 0.0048 0.0052 0 0 0 0 0 0 0 0.0012 0.0054 0.0396 0.0832 0.177 0.258 0.2872 0.3408 0.299 0.2012 0.169 0.0676 0.0498 0.0154 0.004 0.0016 0 0 0 0 0 
0 0 0 0 0 0 0 0 0 0 0 0 0 0 0 0 0 0.0006 0.1256 0.8934 2.0374 2.0688 1.37 0.8668 0.469 0.1384 0.0258 0.0042 0 0 0 0 0 0 0 0 0.0016 0.0138 0.0576 0.286 0.7524 1.086 1.257 1.1212 0.757 0.4248 0.1888 0.0422 0.0116 0 0 0 0 0 0 0 0 0 0.0138 0.0382 0.1812 0.393 0.609 0.8552 0.6664 0.5528 0.3736 0.2076 0.0942 0.0082 0.0068 0 0 0 0 0 0 0 0.0026 0.003 0.0024 0.0344 0.1018 0.1672 0.2324 0.3524 0.2902 0.2834 0.2146 0.1356 0.0928 0.0566 0.0256 0.005 0 0 0 0 0 0 
0 0 0 0 0 0 0 0 0 0 0 0 0 0 0 0 0 0 0.1512 1.1014 2.0922 2.0784 1.2524 0.7312 0.4132 0.1354 0.0346 0.0056 0.0044 0 0 0 0 0 0 0 0 0.0008 0.0898 0.4188 0.8912 1.2618 1.2422 0.893 0.5614 0.3728 0.1934 0.0546 0.015 0.004 0.0012 0 0 0 0 0 0 0 0.0182 0.0974 0.2916 0.5172 0.713 0.7522 0.5492 0.455 0.3124 0.1588 0.0946 0.0328 0.0076 0 0 0 0 0 0 0 0 0 0.0402 0.074 0.1286 0.2382 0.3106 0.2798 0.2454 0.2174 0.1886 0.1174 0.0782 0.051 0.0238 0.0068 0 0 0 0 0 0 
0 0 0 0 0 0 0 0 0 0 0 0 0 0 0 0 0 0.0014 0.0932 0.8434 2.0296 2.2446 1.5788 0.781 0.2842 0.1114 0.0316 0.0008 0 0 0 0 0 0 0 0 0 0.0004 0.0628 0.2576 0.734 1.121 1.3382 1.085 0.7542 0.4064 0.1832 0.0518 0.0054 0 0 0 0 0 0 0 0 0 0.007 0.0354 0.1898 0.4322 0.6348 0.7294 0.6946 0.5506 0.383 0.2244 0.0992 0.0074 0.0082 0.004 0 0 0 0 0 0 0 0 0.0024 0.0468 0.0954 0.1738 0.2872 0.3506 0.303 0.2786 0.1882 0.1798 0.0552 0.019 0.0116 0.0084 0 0 0 0 0 0 
0 0 0 0 0 0 0 0 0 0 0 0 0 0 0 0 0 0.0044 0.1428 1.0614 2.0498 2.021 1.402 0.7848 0.335 0.167 0.0318 0 0 0 0 0 0 0 0 0 0.0022 0.0124 0.0852 0.3862 0.828 1.2078 1.237 1.0502 0.699 0.3314 0.1162 0.0362 0.0082 0 0 0 0 0 0 0 0 0 0.02 0.0694 0.2196 0.4394 0.7178 0.8192 0.8128 0.4756 0.245 0.1146 0.048 0.0144 0.0042 0 0 0 0 0 0 0 0 0.008 0.0298 0.0308 0.0804 0.1676 0.2878 0.3486 0.3872 0.2968 0.1934 0.1016 0.0456 0.0138 0.002 0.002 0.0046 0 0 0 0 0 
0 0 0 0 0 0 0 0 0 0 0 0 0 0 0 0 0 0.0022 0.087 0.8528 1.9674 2.1432 1.688 0.8126 0.315 0.0914 0.0298 0.0078 0.0028 0 0 0 0 0 0 0 0.001 0.0072 0.0346 0.2368 0.6816 1.1736 1.3488 1.1478 0.7328 0.3924 0.1664 0.0526 0.0158 0.0036 0.005 0 0 0 0 0 0 0 0.0054 0.0372 0.15 0.3422 0.6258 0.825 0.7738 0.5806 0.3456 0.2004 0.0746 0.0282 0.0094 0.0018 0 0 0 0 0 0 0 0 0.0012 0.0364 0.072 0.168 0.2612 0.3522 0.3366 0.2844 0.2092 0.124 0.1064 0.0314 0.0146 0.0024 0 0 0 0 0 0 
0 0 0 0 0 0 0 0 0 0 0 0 0 0 0 0 0 0 0.0928 0.9022 2.0752 2.2764 1.5808 0.6828 0.2766 0.0696 0.0336 0.0044 0.0044 0.0012 0 0 0 0 0 0 0 0.0018 0.0396 0.2718 0.766 1.1826 1.477 1.044 0.6988 0.332 0.1302 0.0354 0.0208 0 0 0 0 0 0 0 0 0.0028 0.014 0.03 0.1772 0.441 0.633 0.842 0.797 0.5064 0.3298 0.1288 0.0708 0.0186 0.0086 0 0 0 0 0 0 0 0 0.0032 0.0158 0.0708 0.12 0.1882 0.235 0.3234 0.3862 0.2694 0.1622 0.1206 0.0582 0.0352 0.0052 0.0066 0 0 0 0 0 0 
0 0 0 0 0 0 0 0 0 0 0 0 0 0 0 0 0 0.0022 0.1274 0.9492 1.9462 1.9628 1.5392 0.9774 0.3858 0.0816 0.0212 0.007 0 0 0 0 0 0 0 0 0.0008 0.0034 0.0852 0.349 0.7362 1.0914 1.0928 1.0564 0.7794 0.4992 0.2266 0.0672 0.0058 0.0026 0.004 0 0 0 0 0 0 0.002 0.029 0.0744 0.2594 0.3568 0.543 0.6428 0.7098 0.5504 0.4358 0.2454 0.0986 0.0382 0.0096 0.0048 0 0 0 0 0 0 0 0.011 0.0266 0.0532 0.0896 0.168 0.2426 0.2858 0.323 0.2624 0.1966 0.1446 0.0944 0.0602 0.0316 0.0104 0 0 0 0 0 0 
0 0 0 0 0 0 0 0 0 0 0 0 0 0 0 0 0 0 0.0784 0.8768 2.1916 2.2792 1.2918 0.707 0.3544 0.1286 0.0752 0.017 0 0 0 0 0 0 0 0 0 0 0.0308 0.2536 0.826 1.4088 1.218 1.0032 0.6164 0.3104 0.1672 0.0982 0.0462 0.0176 0.0036 0 0 0 0 0 0 0 0.0072 0.0468 0.179 0.438 0.7162 0.814 0.682 0.5018 0.2896 0.1348 0.1202 0.046 0.0142 0.007 0.0032 0 0 0 0 0 0 0.0078 0.0148 0.064 0.0984 0.1564 0.284 0.356 0.2944 0.2814 0.1754 0.0838 0.071 0.058 0.0306 0.0198 0.0042 0 0 0 0 0 
0 0 0 0 0 0 0 0 0 0 0 0 0 0 0 0 0 0.0064 0.1104 0.8534 1.9938 2.187 1.441 0.7876 0.3964 0.1702 0.0494 0.0044 0 0 0 0 0 0 0 0 0 0.0074 0.0668 0.2402 0.69 1.205 1.3488 1.0818 0.7208 0.3904 0.1866 0.05 0.0082 0.004 0 0 0 0 0 0 0 0 0.008 0.0388 0.1216 0.3806 0.6126 0.8498 0.7552 0.6124 0.3656 0.2138 0.0408 0.0008 0 0 0 0 0 0 0 0 0 0 0.0058 0.032 0.0624 0.1388 0.2786 0.2916 0.366 0.3146 0.2236 0.1446 0.1022 0.0304 0.0094 0 0 0 0 0 0 0 
0 0 0 0 0 0 0 0 0 0 0 0 0 0 0 0 0 0 0.0854 1.002 2.156 2.182 1.5034 0.6998 0.274 0.0942 0.0032 0 0 0 0 0 0 0 0 0 0 0.002 0.0462 0.3484 0.7924 1.2638 1.3174 1.1446 0.6208 0.2874 0.104 0.0604 0.009 0.0036 0 0 0 0 0 0 0 0 0.0098 0.05 0.208 0.5096 0.7196 0.8306 0.697 0.47 0.2622 0.1552 0.0656 0.02 0.0024 0 0 0 0 0 0 0 0 0 0.0178 0.0578 0.118 0.242 0.295 0.3888 0.312 0.214 0.1506 0.0936 0.0582 0.0384 0.0138 0 0 0 0 0 0 0 
0 0 0 0 0 0 0 0 0 0 0 0 0 0 0 0 0 0 0.0972 0.9142 2.3328 2.0524 1.3034 0.7152 0.3534 0.157 0.0478 0.0144 0.0068 0.0054 0 0 0 0 0 0 0 0.0072 0.0574 0.2792 0.8436 1.2378 1.335 0.9208 0.6822 0.3336 0.178 0.0824 0.0222 0.0094 0.004 0.0072 0 0 0 0 0 0 0.0116 0.0548 0.186 0.4114 0.7234 0.7972 0.654 0.529 0.3564 0.1782 0.0542 0.0246 0.0076 0.0054 0.0062 0 0 0 0 0 0 0.003 0.0106 0.0564 0.1248 0.1868 0.272 0.28 0.302 0.3254 0.2102 0.1188 0.055 0.0256 0.0166 0.0086 0.0042 0 0 0 0 0 
0 0 0 0 0 0 0 0 0 0 0 0 0 0 0 0 0 0.0002 0.114 0.941 2.2786 2.2726 1.4152 0.5912 0.2496 0.1126 0.022 0.003 0 0 0 0 0 0 0 0 0 0.0024 0.0724 0.3112 0.8036 1.3534 1.4494 0.99 0.5754 0.3066 0.1154 0.0126 0.0076 0 0 0 0 0 0 0 0 0 0.0162 0.0788 0.2324 0.4936 0.7258 0.7802 0.7434 0.4786 0.3048 0.1142 0.0238 0.004 0.0042 0 0 0 0 0 0 0 0.005 0.0196 0.0184 0.045 0.1384 0.2812 0.339 0.2974 0.2496 0.2514 0.16 0.0914 0.0692 0.0268 0.0076 0 0 0 0 0 0 0 
0 0 0 0 0 0 0 0 0 0 0 0 0 0 0 0 0 0.0014 0.0656 0.668 1.8118 2.2472 1.555 0.8614 0.419 0.1848 0.1064 0.0252 0.0246 0.0244 0.0052 0 0 0 0 0 0 0 0.0282 0.1268 0.5254 1.0688 1.2134 1.1168 0.8022 0.5372 0.2766 0.1416 0.0886 0.0178 0.0206 0.0218 0.01 0.0042 0 0 0 0 0.0012 0.0112 0.0978 0.263 0.5234 0.6718 0.6712 0.5806 0.4528 0.3018 0.2052 0.09 0.053 0.0266 0.0118 0.0152 0.0234 0 0 0 0 0 0.0102 0.0266 0.0598 0.154 0.208 0.2286 0.2474 0.2518 0.2122 0.233 0.1212 0.0846 0.049 0.0444 0.0312 0.0092 0.003 0.0134 0.0068 0.0056 
0 0 0 0 0 0 0 0 0 0 0 0 0 0 0 0 0 0.0012 0.0752 0.8684 2.514 2.3492 1.2872 0.6238 0.2172 0.0458 0.0134 0.0046 0 0 0 0 0 0 0 0 0 0 0.055 0.2558 0.908 1.3958 1.4932 0.9298 0.5718 0.2626 0.0848 0.0334 0.0054 0.0044 0 0 0 0 0 0 0 0.0022 0.021 0.0498 0.2108 0.5252 0.7762 0.7944 0.7756 0.46 0.2684 0.0826 0.0242 0.0096 0 0 0 0 0 0 0 0 0 0.0188 0.0316 0.0832 0.1554 0.2224 0.332 0.3378 0.2874 0.235 0.1838 0.0656 0.0284 0.0074 0.0092 0.002 0 0 0 0 0 0 
0 0 0 0 0 0 0 0 0 0 0 0 0 0 0 0 0 0 0.1362 1.0962 2.0694 2.0006 1.5258 0.7348 0.3142 0.0694 0.0356 0.0078 0.0066 0.0034 0 0 0 0 0 0 0 0.003 0.0844 0.398 0.783 1.3076 1.3392 0.9948 0.6618 0.271 0.088 0.041 0.0174 0.0108 0 0 0 0 0 0 0 0.0004 0.0074 0.074 0.2108 0.5194 0.7392 0.8486 0.7494 0.4452 0.2094 0.116 0.0454 0.0258 0.0058 0.0032 0 0 0 0 0 0 0 0 0.0086 0.0476 0.1264 0.233 0.3064 0.3592 0.326 0.2402 0.1412 0.1078 0.0626 0.0292 0.0096 0.0022 0 0 0 0 0 0 
0 0 0 0 0 0 0 0 0 0 0 0 0 0 0 0 0 0.0014 0.0894 0.9906 2.2344 2.1426 1.3978 0.7498 0.2668 0.0766 0.0324 0.015 0.0032 0 0 0 0 0 0 0 0 0.003 0.0444 0.3586 0.896 1.2566 1.2142 1.01 0.6466 0.3686 0.1098 0.0296 0.0262 0.0198 0.013 0.0036 0 0 0 0 0 0 0.0048 0.0754 0.247 0.5006 0.7838 0.774 0.6072 0.3808 0.2872 0.1618 0.0946 0.0328 0.0214 0.0116 0.0084 0.0086 0 0 0 0 0 0.0094 0.0148 0.0714 0.114 0.2474 0.3494 0.3668 0.2502 0.1798 0.1482 0.0852 0.0714 0.0436 0.014 0.0138 0.0118 0.0074 0.0014 0 0 0 
0 0 0 0 0 0 0 0 0 0 0 0 0 0 0 0 0 0.0006 0.0932 0.973 2.1162 2.1244 1.5086 0.7792 0.3014 0.0756 0.0264 0.0014 0 0 0 0 0 0 0 0 0.0008 0.0042 0.036 0.3276 0.7636 1.1996 1.3886 1.082 0.626 0.3882 0.1088 0.0488 0.0258 0 0 0 0 0 0 0 0 0.0016 0.0058 0.0294 0.1862 0.4862 0.7384 0.8048 0.6194 0.5202 0.3424 0.1618 0.0598 0.027 0.0164 0.0006 0 0 0 0 0 0 0 0 0.019 0.0388 0.1192 0.2472 0.29 0.304 0.2852 0.29 0.2164 0.1 0.0508 0.0142 0.0132 0.0056 0.0038 0.0026 0 0 0 0 
0 0 0 0 0 0 0 0 0 0 0 0 0 0 0 0 0 0 0.093 0.8896 2.091 2.1774 1.398 0.7454 0.3544 0.1518 0.0594 0.0268 0.0116 0.0016 0 0 0 0 0 0 0 0.006 0.0592 0.2868 0.7028 1.122 1.3442 1.144 0.661 0.4146 0.163 0.0658 0.0144 0.0074 0.0072 0.0016 0 0 0 0 0 0 0.0116 0.0432 0.1706 0.4272 0.614 0.744 0.736 0.5658 0.3458 0.2528 0.0518 0.0206 0.012 0.0046 0 0 0 0 0 0 0 0.001 0.0094 0.0312 0.0858 0.2066 0.2836 0.2776 0.2792 0.2784 0.2354 0.1398 0.0802 0.049 0.0094 0.0076 0.0222 0.0036 0 0 0 0 
0 0 0 0 0 0 0 0 0 0 0 0 0 0 0 0 0 0.0014 0.1508 0.9932 2.001 2.0936 1.4516 0.7394 0.3746 0.1352 0.0394 0.0148 0.005 0 0 0 0 0 0 0 0 0.0156 0.0816 0.2898 0.8184 1.1642 1.2222 1.0532 0.7276 0.3488 0.199 0.0466 0.018 0.007 0.0024 0.0036 0.002 0 0 0 0 0.0024 0.0214 0.0616 0.1962 0.4262 0.608 0.8038 0.6816 0.5708 0.3598 0.176 0.0714 0.0114 0.0024 0.006 0.001 0 0 0 0 0 0 0 0.006 0.0582 0.1416 0.1766 0.2654 0.3314 0.2962 0.238 0.218 0.1278 0.0738 0.0284 0.0126 0.0168 0.0018 0.002 0.0036 0.0018 0 0 
0 0 0 0 0 0 0 0 0 0 0 0 0 0 0 0 0 0.003 0.1478 1.0352 1.871 2.1084 1.461 0.8532 0.4088 0.0776 0.0264 0.0076 0 0 0 0 0 0 0 0 0 0.0092 0.0852 0.365 0.7514 1.1546 1.234 1.0528 0.7012 0.4082 0.1556 0.0488 0.018 0.016 0 0 0 0 0 0 0 0.0002 0.0162 0.0832 0.1894 0.4884 0.6836 0.7434 0.6406 0.4848 0.3286 0.1762 0.081 0.0396 0.0308 0.014 0 0 0 0 0 0 0 0.0014 0.0152 0.0698 0.102 0.201 0.3214 0.3332 0.2648 0.1842 0.2036 0.1124 0.077 0.0384 0.0342 0.0328 0.0086 0 0 0 0 0 
0 0 0 0 0 0 0 0 0 0 0 0 0 0 0 0 0 0 0.0626 0.7546 2.0348 2.2458 1.6272 0.815 0.3482 0.106 0.0058 0 0 0 0 0 0 0 0 0 0 0.0022 0.0418 0.1898 0.6662 1.122 1.3498 1.1232 0.7382 0.469 0.1842 0.0838 0.025 0.0048 0 0 0 0 0 0 0 0.0012 0.0042 0.044 0.167 0.3204 0.573 0.7506 0.6872 0.6062 0.4522 0.2246 0.1094 0.049 0.011 0 0 0 0 0 0 0 0 0.0054 0.023 0.0492 0.0678 0.156 0.2116 0.347 0.2694 0.3222 0.2634 0.146 0.0722 0.0322 0.0248 0.0098 0 0 0 0 0 0 
0 0 0 0 0 0 0 0 0 0 0 0 0 0 0 0 0 0 0.1154 0.989 2.049 2.1386 1.3948 0.7434 0.3454 0.1714 0.0264 0.0164 0.0084 0.0018 0 0 0 0 0 0 0 0.0038 0.086 0.2858 0.769 1.2692 1.3436 1.0658 0.613 0.2798 0.148 0.0946 0.0194 0.0102 0.0052 0.0066 0 0 0 0 0 0 0.012 0.065 0.2024 0.4378 0.6852 0.8374 0.7184 0.4812 0.3002 0.1234 0.0582 0.0442 0.0124 0.0028 0.0024 0.005 0.005 0.0066 0.0004 0 0 0.003 0.0184 0.039 0.1072 0.238 0.2518 0.313 0.3556 0.2402 0.1682 0.1018 0.078 0.031 0.0326 0.0026 0.0038 0.0032 0.0026 0.0038 0.0062 0 
0 0 0 0 0 0 0 0 0 0 0 0 0 0 0 0 0 0.0012 0.1638 1.0314 2.0308 2.0856 1.5044 0.7458 0.3052 0.1156 0.0162 0 0 0 0 0 0 0 0 0 0 0.0106 0.0904 0.3954 0.7548 1.1882 1.3316 1.0624 0.6764 0.2972 0.121 0.0602 0.0072 0.0046 0 0 0 0 0 0 0 0.0042 0.0222 0.078 0.2582 0.4766 0.639 0.789 0.7228 0.4694 0.3098 0.1288 0.0544 0.0356 0.0088 0.0032 0 0 0 0 0 0 0 0.002 0.018 0.0708 0.1366 0.1928 0.2886 0.351 0.321 0.2446 0.1708 0.0898 0.0686 0.0156 0.01 0.0094 0.0054 0.005 0 0 0 0 
0 0 0 0 0 0 0 0 0 0 0 0 0 0 0 0 0 0.0014 0.0626 0.8206 1.9946 2.2256 1.48 0.8742 0.3728 0.1236 0.0306 0.011 0.003 0 0 0 0 0 0 0 0 0.0066 0.0342 0.1906 0.6678 1.2322 1.2956 1.0872 0.7532 0.4296 0.1958 0.083 0.0242 0 0 0 0 0 0 0 0 0 0.007 0.0232 0.1418 0.399 0.6246 0.65 0.714 0.6736 0.4162 0.2094 0.1106 0.0212 0.0094 0 0 0 0 0 0 0 0 0.0008 0.0054 0.0398 0.1018 0.145 0.2454 0.2594 0.3098 0.3184 0.2568 0.14 0.0968 0.0536 0.0216 0.0054 0 0 0 0 0 0 
0 0 0 0 0 0 0 0 0 0 0 0 0 0 0 0 0 0.001 0.0816 0.8056 1.908 2.308 1.5598 0.8582 0.3154 0.1094 0.0386 0.012 0.0024 0 0 0 0 0 0 0 0 0.0052 0.084 0.2 0.5666 1.0878 1.4546 1.1678 0.8058 0.3778 0.1522 0.0524 0.0264 0.0194 0 0 0 0 0 0 0 0.0042 0.0266 0.047 0.1122 0.306 0.571 0.7996 0.8222 0.611 0.3556 0.1774 0.1054 0.0398 0.0116 0.0104 0 0 0 0 0 0 0 0 0.0214 0.0444 0.0658 0.1604 0.1978 0.2968 0.3144 0.3514 0.256 0.1438 0.0934 0.0276 0.0168 0.01 0 0 0 0 0 0 
0 0 0 0 0 0 0 0 0 0 0 0 0 0 0 0 0 0.0022 0.0982 0.8502 2.0116 2.2308 1.5376 0.859 0.3198 0.0748 0.0158 0 0 0 0 0 0 0 0 0 0.0018 0.0046 0.0732 0.2436 0.6468 1.0708 1.2486 1.3144 0.8104 0.3922 0.1578 0.0278 0.0028 0.0052 0 0 0 0 0 0 0 0.0054 0.016 0.0652 0.1466 0.3166 0.5436 0.7894 0.8352 0.62 0.364 0.1768 0.0882 0.0234 0.0054 0.0042 0 0 0 0 0 0 0.0018 0.008 0.0086 0.022 0.1134 0.1446 0.2468 0.3562 0.3984 0.2568 0.2272 0.0926 0.0576 0.0404 0.0192 0.0064 0 0 0 0 0 0 
0 0 0 0 0 0 0 0 0 0 0 0 0 0 0 0 0 0 0.0856 0.995 2.2264 2.319 1.3292 0.6794 0.2518 0.0756 0.0294 0.0086 0 0 0 0 0 0 0 0 0 0.0056 0.0584 0.2832 0.8242 1.2814 1.4384 1.0632 0.5786 0.2972 0.1116 0.038 0.0142 0.006 0 0 0 0 0 0 0.0026 0.0032 0.0168 0.061 0.2034 0.4772 0.784 0.8126 0.6618 0.4142 0.2842 0.1594 0.103 0.0092 0.0074 0 0 0 0 0 0 0 0.0034 0.0088 0.0204 0.0502 0.1716 0.2442 0.2954 0.3666 0.261 0.1708 0.1828 0.1444 0.0562 0.0138 0.01 0.0004 0 0 0 0 0 0 
0 0 0 0 0 0 0 0 0 0 0 0 0 0 0 0 0 0.0032 0.0952 0.8192 1.82 2.1024 1.6334 0.9724 0.4136 0.1 0.04 0.0006 0 0 0 0 0 0 0 0 0 0.0066 0.061 0.2178 0.5956 1.0738 1.3176 1.0846 0.8592 0.4442 0.2294 0.074 0.0302 0.006 0 0 0 0 0 0 0 0 0 0.0304 0.1268 0.3258 0.5674 0.7562 0.7992 0.5642 0.3906 0.245 0.1218 0.045 0.0214 0.0062 0 0 0 0 0 0 0 0.0022 0.0032 0.0114 0.0628 0.1416 0.2314 0.3356 0.3288 0.2998 0.2082 0.1474 0.1308 0.0452 0.0384 0.012 0.0012 0 0 0 0 0 
0 0 0 0 0 0 0 0 0 0 0 0 0 0 0 0 0 0 0.131 0.8672 1.9632 2.0288 1.4848 0.9002 0.4052 0.1242 0.0748 0.0128 0.0032 0.0046 0 0 0 0 0 0 0 0.0086 0.0522 0.2602 0.7528 1.149 1.1364 1.1172 0.738 0.4246 0.2242 0.0828 0.0312 0.0124 0.0072 0.0032 0 0 0 0 0 0 0.0046 0.027 0.1594 0.4006 0.6124 0.6862 0.7784 0.5738 0.3558 0.24 0.0954 0.0358 0.014 0.0152 0.0014 0 0 0 0 0 0 0 0.0046 0.04 0.0928 0.1716 0.2336 0.2904 0.2788 0.2976 0.1944 0.131 0.1336 0.0944 0.0178 0.014 0.0054 0 0 0 0 0 
0 0 0 0 0 0 0 0 0 0 0 0 0 0 0 0 0 0 0.0856 0.9284 1.9646 1.9958 1.53 0.878 0.413 0.1454 0.0404 0.0188 0 0 0 0 0 0 0 0 0 0.001 0.0384 0.2818 0.6952 1.2242 1.1988 1.0678 0.8444 0.4298 0.1438 0.0388 0.0246 0.0064 0.0032 0.0018 0 0 0 0 0 0 0.0048 0.0288 0.1 0.3892 0.6348 0.8988 0.7604 0.5462 0.3284 0.1966 0.055 0.0346 0.0132 0.0092 0 0 0 0 0 0 0 0 0.0018 0.0176 0.0522 0.155 0.2472 0.373 0.351 0.2538 0.2432 0.1442 0.069 0.0546 0.032 0.0054 0 0 0 0 0 0 
0 0 0 0 0 0 0 0 0 0 0 0 0 0 0 0 0 0.0014 0.1022 1.0204 2.133 2.0826 1.3768 0.7068 0.3194 0.172 0.077 0.0064 0.002 0 0 0 0 0 0 0 0 0.0058 0.0606 0.3374 0.8138 1.148 1.2826 0.9528 0.6652 0.4208 0.204 0.0608 0.0278 0.0134 0.0028 0.0042 0 0 0 0 0 0.0034 0.0272 0.0596 0.2254 0.39 0.732 0.6986 0.6166 0.5318 0.3512 0.2158 0.0862 0.0286 0.0078 0.0082 0.0108 0.003 0.0038 0 0 0 0.002 0.0098 0.0454 0.0724 0.0818 0.2144 0.2748 0.2808 0.259 0.222 0.2188 0.1524 0.0878 0.0434 0.0154 0.0028 0.0026 0.0038 0.005 0.0056 0 0 
0 0 0 0 0 0 0 0 0 0 0 0 0 0 0 0 0 0.0024 0.1174 0.8446 1.866 2.1602 1.6258 0.853 0.3724 0.1166 0.0338 0.0078 0 0 0 0 0 0 0 0 0 0.004 0.0822 0.275 0.5718 1.0764 1.3796 1.1956 0.7796 0.4332 0.149 0.0424 0.0112 0 0 0 0 0 0 0 0 0 0.0128 0.0548 0.156 0.3116 0.5666 0.7912 0.7938 0.6142 0.4166 0.1808 0.0862 0.0154 0 0 0 0 0 0 0 0 0 0.0058 0.0096 0.0244 0.0688 0.1514 0.2536 0.3032 0.298 0.338 0.2824 0.1506 0.0454 0.025 0.032 0.0118 0 0 0 0 0 0 
0 0 0 0 0 0 0 0 0 0 0 0 0 0 0 0 0 0.0016 0.1162 1.0178 2.1322 2.1016 1.3686 0.737 0.3004 0.1544 0.051 0.0192 0 0 0 0 0 0 0 0 0 0.0014 0.0348 0.3256 0.845 1.2628 1.388 1.0434 0.604 0.2474 0.1272 0.094 0.023 0.0034 0 0 0 0 0 0 0 0.0018 0.003 0.0564 0.1726 0.4866 0.6638 0.8928 0.7594 0.5192 0.2298 0.1406 0.0528 0.0132 0.008 0 0 0 0 0 0 0 0 0.0058 0.014 0.044 0.0936 0.2236 0.2908 0.2982 0.333 0.258 0.2374 0.1194 0.0406 0.0276 0.0132 0.0008 0 0 0 0 0 0 
0 0 0 0 0 0 0 0 0 0 0 0 0 0 0 0 0 0 0.0918 0.9662 2.0596 2.061 1.5804 0.7746 0.3002 0.1326 0.0274 0.0062 0 0 0 0 0 0 0 0 0 0 0.0528 0.3478 0.78 1.208 1.1634 1.0404 0.7906 0.3948 0.1394 0.0536 0.0156 0.0136 0 0 0 0 0 0 0 0 0.0056 0.093 0.2306 0.39 0.7176 0.6878 0.6476 0.5012 0.4066 0.205 0.0584 0.0406 0.0102 0.0058 0 0 0 0 0 0 0 0 0.0276 0.077 0.1302 0.2058 0.222 0.2916 0.2988 0.226 0.2174 0.1522 0.0796 0.0478 0.0068 0.007 0.0038 0.0064 0 0 0 0 
0 0 0 0 0 0 0 0 0 0 0 0 0 0 0 0 0 0 0.1022 0.9794 2.0386 2.289 1.393 0.672 0.3078 0.12 0.0422 0.0406 0.0128 0.0024 0 0 0 0 0 0 0 0.0058 0.06 0.2838 0.7748 1.301 1.2952 1.0304 0.6214 0.3382 0.1424 0.0828 0.0398 0.0148 0.005 0.0046 0 0 0 0 0.001 0.003 0.0174 0.07 0.181 0.4154 0.6888 0.8154 0.7348 0.4718 0.2398 0.185 0.0768 0.0538 0.0372 0.0066 0.0022 0 0 0 0 0 0.0048 0.0122 0.0226 0.0556 0.1028 0.1922 0.3048 0.3806 0.2398 0.1998 0.1884 0.098 0.0554 0.0524 0.0634 0.0244 0.0028 0 0 0 0 0 
0 0 0 0 0 0 0 0 0 0 0 0 0 0 0 0 0 0.0018 0.0616 0.9318 2.2854 2.0612 1.482 0.7468 0.2774 0.1134 0.029 0.0078 0.0018 0 0 0 0 0 0 0 0 0 0.0274 0.2914 0.822 1.2308 1.388 1.0786 0.6664 0.3244 0.1194 0.0332 0.0184 0 0 0 0 0 0 0 0 0 0.0062 0.0454 0.188 0.4218 0.7748 0.7818 0.7542 0.5054 0.3026 0.1128 0.0664 0.0246 0.0134 0.0026 0 0 0 0 0 0 0 0.0008 0.014 0.0544 0.1198 0.2274 0.2984 0.3076 0.2788 0.257 0.2076 0.1388 0.0462 0.018 0.0186 0.0104 0.0022 0 0 0 0 0 
0 0 0 0 0 0 0 0 0 0 0 0 0 0 0 0 0 0 0.1178 0.8322 2 2.1446 1.597 0.8304 0.3262 0.131 0.0208 0 0 0 0 0 0 0 0 0 0 0.0078 0.0752 0.2578 0.6894 1.2294 1.239 1.1106 0.7534 0.3728 0.1938 0.0628 0.008 0 0 0 0 0 0 0 0 0.0032 0.006 0.0424 0.1772 0.3994 0.6448 0.7336 0.723 0.6304 0.3538 0.1524 0.0886 0.0324 0.0128 0 0 0 0 0 0 0 0 0.0016 0.003 0.0418 0.1128 0.1506 0.2672 0.3078 0.3332 0.3056 0.1924 0.1182 0.0972 0.0596 0.009 0 0 0 0 0 0 0 
0 0 0 0 0 0 0 0 0 0 0 0 0 0 0 0 0 0.0022 0.0926 0.8478 1.941 2.0646 1.4598 0.8634 0.443 0.1866 0.084 0.015 0 0 0 0 0 0 0 0 0 0.0086 0.0738 0.2746 0.5716 1.1198 1.242 1.1162 0.73 0.4338 0.2756 0.1086 0.028 0.0098 0.0036 0.004 0 0 0 0 0 0.0004 0.0142 0.052 0.1546 0.4222 0.5242 0.5888 0.6934 0.5828 0.4676 0.321 0.1342 0.0268 0.0122 0.0044 0.0012 0 0 0 0 0 0 0.0014 0.0136 0.0274 0.114 0.1628 0.18 0.1968 0.286 0.3316 0.2438 0.1698 0.1602 0.064 0.0402 0.0084 0 0 0 0 0 0 
0 0 0 0 0 0 0 0 0 0 0 0 0 0 0 0 0 0 0.1222 1.142 2.2824 2.0298 1.2456 0.6948 0.3034 0.1256 0.0296 0.0116 0.0088 0.0042 0 0 0 0 0 0 0 0.0106 0.1278 0.4204 0.928 1.3206 1.215 0.9664 0.5162 0.2872 0.136 0.0578 0.004 0.0046 0.0054 0 0 0 0 0 0 0.0048 0.0288 0.1234 0.3072 0.529 0.7276 0.7342 0.6384 0.4708 0.2564 0.1028 0.0542 0.0128 0.0066 0.003 0 0 0 0 0 0 0.0022 0.0186 0.0366 0.0742 0.1538 0.2414 0.2706 0.316 0.289 0.2242 0.1822 0.1198 0.0342 0.0124 0.0108 0.0076 0.0064 0 0 0 0 0 
0 0 0 0 0 0 0 0 0 0 0 0 0 0 0 0 0 0 0.0898 0.8846 1.8884 2.367 1.702 0.712 0.2618 0.0672 0.0226 0.0046 0 0 0 0 0 0 0 0 0 0.005 0.0696 0.2682 0.6896 1.079 1.4012 1.1708 0.7658 0.3568 0.1386 0.0356 0.0168 0.003 0 0 0 0 0 0 0 0 0.0256 0.0888 0.1618 0.2862 0.6182 0.761 0.8456 0.594 0.3696 0.1654 0.0652 0.0186 0 0 0 0 0 0 0 0 0.0072 0.0098 0.0178 0.0448 0.0964 0.1716 0.2802 0.3066 0.297 0.3108 0.2152 0.1432 0.0566 0.027 0.0158 0 0 0 0 0 0 0 
0 0 0 0 0 0 0 0 0 0 0 0 0 0 0 0 0 0.0002 0.1044 0.8746 2.0014 2.1516 1.544 0.8222 0.3716 0.085 0.0144 0.017 0.0114 0.0022 0 0 0 0 0 0 0.0008 0.0054 0.0508 0.3026 0.6576 1.134 1.2754 1.1698 0.8102 0.3758 0.125 0.0552 0.0288 0.0086 0 0 0 0 0 0 0 0 0.0016 0.0626 0.179 0.353 0.634 0.747 0.774 0.5746 0.3626 0.1554 0.1026 0.0358 0.0178 0 0 0 0 0 0 0 0 0.0032 0.0186 0.0742 0.0902 0.1362 0.2648 0.339 0.3228 0.2364 0.1996 0.1242 0.0842 0.0398 0.0306 0.0218 0.0144 0 0 0 0 0 
0 0 0 0 0 0 0 0 0 0 0 0 0 0 0 0 0 0.0018 0.1412 0.9378 1.9812 2.0804 1.5362 0.7718 0.344 0.1298 0.0508 0.0202 0.0048 0 0 0 0 0 0 0 0 0.013 0.0598 0.3372 0.6884 1.1066 1.3056 1.1062 0.791 0.3784 0.1752 0.0218 0.0088 0.008 0 0 0 0 0 0 0 0.0058 0.0166 0.0608 0.1664 0.3224 0.6298 0.8408 0.7686 0.6068 0.3444 0.1612 0.0446 0.0204 0.0068 0.0046 0 0 0 0 0 0 0 0.01 0.0138 0.0422 0.089 0.148 0.2402 0.3288 0.3116 0.3372 0.2222 0.1356 0.0764 0.0174 0.012 0.0126 0.003 0 0 0 0 0 
0 0 0 0 0 0 0 0 0 0 0 0 0 0 0 0 0 0 0.0952 0.9006 1.9964 2.2558 1.695 0.7236 0.255 0.0598 0.0128 0.0022 0.0036 0 0 0 0 0 0 0 0 0.0054 0.0642 0.289 0.7614 1.1526 1.34 1.1158 0.6662 0.3528 0.1838 0.0532 0.0156 0 0 0 0 0 0 0 0 0 0.0096 0.0738 0.2114 0.4136 0.651 0.7746 0.7094 0.494 0.3224 0.189 0.1038 0.0376 0.0098 0 0 0 0 0 0 0.0016 0.002 0.0046 0.0188 0.0802 0.125 0.183 0.2486 0.3618 0.317 0.2046 0.1884 0.109 0.0856 0.0328 0.0278 0.0092 0 0 0 0 0 0 
0 0 0 0 0 0 0 0 0 0 0 0 0 0 0 0 0 0.0012 0.087 0.8436 2.1 2.187 1.411 0.7894 0.3704 0.1656 0.034 0.0068 0.004 0 0 0 0 0 0 0 0 0.0008 0.042 0.2426 0.7424 1.2056 1.365 0.9946 0.724 0.3594 0.1964 0.0848 0.0346 0.0078 0 0 0 0 0 0 0 0.0016 0.0082 0.0486 0.1286 0.4072 0.6122 0.8398 0.749 0.5164 0.3162 0.2068 0.1144 0.0382 0.0104 0.0024 0 0 0 0 0 0 0.0032 0.0082 0.0224 0.0322 0.1048 0.1548 0.2546 0.2796 0.279 0.3106 0.233 0.1344 0.1134 0.0544 0.0154 0 0 0 0 0 0 0 
