0.03 0.09 0.15 0.21 0.27 0.33 0.39 0.45 0.51 0.57 0.63 0.69 0.75 0.81 0.87 0.93 0.99 1.05 1.11 1.17 1.23 1.29 1.35 1.41 1.47 1.53 1.59 1.65 1.71 1.77 1.83 1.89 1.95 2.01 2.07 2.13 2.19 2.25 2.31 2.37 2.43 2.49 2.55 2.61 2.67 2.73 2.79 2.85 2.91 2.97 3.03 3.09 3.15 3.21 3.27 3.33 3.39 3.45 3.51 3.57 3.63 3.69 3.75 3.81 3.87 3.93 3.99 4.05 4.11 4.17 4.23 4.29 4.35 4.41 4.47 4.53 4.59 4.65 4.71 4.77 4.83 4.89 4.95 5.01 5.07 5.13 5.19 5.25 5.31 5.37 5.43 5.49 5.55 5.61 5.67 5.73 5.79 5.85 5.91 5.97 
0 0 0 0 0 0 0 0 0 0 0 0 0 0 0 0 0.1542 4.5864 5.549 1.8356 0.3956 0.0772 0.0034 0 0 0 0 0 0 0 0 0 0 0.0142 0.6768 3.1646 3.8214 2.1598 0.7172 0.216 0.0276 0.0036 0 0 0 0 0 0 0 0 0.001 0.086 0.7668 2.257 2.8372 1.9302 0.8218 0.235 0.0548 0.0112 0 0 0 0 0 0 0 0 0.0076 0.118 0.6296 1.5364 2.0906 1.6678 0.8044 0.2594 0.072 0.015 0 0 0 0 0 0 0 0 0.0124 0.0718 0.3948 0.947 1.3872 1.3946 0.8074 0.2714 0.09 0.024 0 0 0 0 
0 0 0 0 0 0 0 0 0 0 0 0 0 0 0 0 0.1834 5.0046 6.3348 1.9198 0.4562 0.0886 0.0126 0 0 0 0 0 0 0 0 0 0 0.0138 0.741 3.4546 4.4068 2.3512 0.7994 0.1926 0.0382 0.0024 0 0 0 0 0 0 0 0 0.0012 0.0648 0.8528 2.4364 3.3218 2.1372 0.9028 0.2348 0.0428 0.0054 0 0 0 0 0 0 0 0 0.0014 0.0974 0.629 1.7406 2.4762 1.8806 0.8614 0.2574 0.0498 0.0062 0 0 0 0 0 0 0 0 0.0034 0.069 0.376 1.0406 1.664 1.5694 0.91 0.2982 0.0622 0.0072 0 0 0 0 
0 0 0 0 0 0 0 0 0 0 0 0 0 0 0 0 0.2124 5.058 6.17 1.9706 0.4624 0.108 0.0186 0 0 0 0 0 0 0 0 0 0 0.0188 0.7366 3.5744 4.2552 2.3474 0.8072 0.2136 0.0346 0.0078 0.0036 0.0008 0 0 0 0 0 0 0.001 0.0898 0.8666 2.448 3.1946 2.1584 0.9298 0.2486 0.0528 0.0058 0.002 0.0026 0 0 0 0 0 0 0.0048 0.1178 0.6764 1.7564 2.315 1.8666 0.9304 0.2604 0.054 0.013 0.0038 0.0014 0 0 0 0 0 0 0.0086 0.0764 0.4276 1.0868 1.533 1.5562 0.9106 0.288 0.0892 0.0196 0.004 0 0 0 
0 0 0 0 0 0 0 0 0 0 0 0 0 0 0 0 0.1864 5.0944 6.1828 1.8952 0.4874 0.1298 0.024 0 0 0 0 0 0 0 0 0 0 0.0112 0.7448 3.5666 4.3592 2.2306 0.7642 0.2514 0.069 0.003 0 0 0 0 0 0 0 0 0 0.0772 0.856 2.5176 3.2692 2.0618 0.8526 0.2804 0.0772 0.0066 0.0014 0 0 0 0 0 0 0 0.006 0.113 0.6902 1.7204 2.3682 1.8274 0.9176 0.2702 0.0796 0.005 0.0024 0 0 0 0 0 0 0 0.0084 0.0916 0.4318 1.0412 1.5686 1.5526 0.869 0.3422 0.0776 0.0152 0.0018 0 0 0 
0 0 0 0 0 0 0 0 0 0 0 0 0 0 0 0 0.2064 5.0676 6.1908 2.0484 0.4072 0.0794 0.0002 0 0 0 0 0 0 0 0 0 0 0.019 0.7058 3.521 4.4506 2.3174 0.7742 0.1886 0.0234 0 0 0 0 0 0 0 0 0 0.0006 0.0616 0.7786 2.494 3.3634 2.2086 0.8046 0.2568 0.0308 0.001 0 0 0 0 0 0 0 0 0.0074 0.069 0.568 1.7626 2.5282 1.9388 0.85 0.2394 0.035 0.0016 0 0 0 0 0 0 0 0.001 0.0068 0.054 0.3322 1.0112 1.8028 1.6274 0.8472 0.268 0.043 0.0064 0 0 0 0 
0 0 0 0 0 0 0 0 0 0 0 0 0 0 0 0 0.2692 5.0344 6.032 2.1134 0.4548 0.0878 0.0084 0 0 0 0 0 0 0 0 0 0 0.019 0.7282 3.4814 4.469 2.3314 0.7418 0.1838 0.0378 0.004 0.0036 0 0 0 0 0 0 0 0.0026 0.0738 0.732 2.536 3.397 2.2068 0.7872 0.2052 0.0454 0.0126 0.0014 0 0 0 0 0 0 0 0.0108 0.0868 0.5416 1.73 2.6364 1.9398 0.7906 0.199 0.0556 0.0094 0 0 0 0 0 0 0 0.0016 0.007 0.061 0.2952 1.0378 1.8198 1.6898 0.7882 0.2222 0.0654 0.0094 0.0026 0 0 0 
0 0 0 0 0 0 0 0 0 0 0 0 0 0 0 0 0.2402 5.0904 6.082 2.0266 0.476 0.079 0.0058 0 0 0 0 0 0 0 0 0 0 0.02 0.8264 3.463 4.2952 2.322 0.8016 0.2382 0.0336 0 0 0 0 0 0 0 0 0 0.0016 0.1088 0.8994 2.4512 3.1526 2.0702 0.9582 0.3044 0.0536 0 0 0 0 0 0 0 0 0 0.0084 0.1414 0.7388 1.7012 2.2368 1.7708 0.9958 0.3458 0.0566 0.0044 0 0 0 0 0 0 0 0.0006 0.0104 0.1148 0.4834 1.069 1.4444 1.366 1.0254 0.4014 0.0774 0.0072 0 0 0 0 
0 0 0 0 0 0 0 0 0 0 0 0 0 0 0 0 0.1248 5.1062 6.3496 1.872 0.4546 0.0758 0.0148 0.0022 0 0 0 0 0 0 0 0 0 0.0086 0.6414 3.5978 4.4912 2.2668 0.763 0.1884 0.0372 0.0056 0 0 0 0 0 0 0 0 0.0014 0.0636 0.7472 2.5756 3.3172 2.0866 0.9174 0.2332 0.0534 0.0044 0 0 0 0 0 0 0 0 0.0058 0.0856 0.5862 1.7794 2.432 1.8574 0.9596 0.2298 0.055 0.0082 0.001 0 0 0 0 0 0 0 0.0062 0.0754 0.357 1.0692 1.6338 1.5456 0.9456 0.2864 0.0696 0.0102 0.001 0 0 0 
0 0 0 0 0 0 0 0 0 0 0 0 0 0 0 0 0.2202 5.0438 6.2472 2.019 0.3966 0.0684 0.0048 0 0 0 0 0 0 0 0 0 0 0.0212 0.7248 3.4626 4.4478 2.3772 0.756 0.1862 0.0234 0.0008 0 0 0 0 0 0 0 0 0.0014 0.0836 0.769 2.56 3.2392 2.1594 0.8938 0.2536 0.0334 0.0066 0 0 0 0 0 0 0 0 0.008 0.107 0.6052 1.787 2.354 1.916 0.8948 0.2742 0.0464 0.0074 0 0 0 0 0 0 0 0 0.009 0.0952 0.3926 1.0434 1.6014 1.527 0.9068 0.3434 0.0744 0.0068 0 0 0 0 
0 0 0 0 0 0 0 0 0 0 0 0 0 0 0 0 0.2398 5.1164 6.038 2.0198 0.4992 0.0746 0.0102 0.002 0 0 0 0 0 0 0 0 0 0.016 0.7846 3.5384 4.2156 2.2974 0.923 0.1868 0.0298 0.0084 0 0 0 0 0 0 0 0 0 0.0874 0.8844 2.4818 3.1576 2.0994 0.9806 0.2568 0.0464 0.0056 0 0 0 0 0 0 0 0 0.003 0.1302 0.675 1.742 2.3142 1.8514 0.9402 0.2646 0.06 0.0178 0.0016 0 0 0 0 0 0 0 0.0084 0.0958 0.4388 1.0346 1.5146 1.5686 0.905 0.3478 0.0654 0.0178 0.0032 0 0 0 
0 0 0 0 0 0 0 0 0 0 0 0 0 0 0 0 0.2322 5.0782 6.1338 2.0062 0.439 0.0972 0.0134 0 0 0 0 0 0 0 0 0 0 0.0184 0.807 3.4274 4.4028 2.2634 0.81 0.2304 0.0406 0 0 0 0 0 0 0 0 0 0.0012 0.103 0.8216 2.5008 3.2346 2.094 0.9024 0.2778 0.0634 0.0012 0 0 0 0 0 0 0 0 0.0088 0.1476 0.639 1.7084 2.3596 1.8708 0.9098 0.2798 0.069 0.0072 0 0 0 0 0 0 0 0 0.0082 0.1172 0.3914 1.0312 1.5842 1.5422 0.8966 0.3298 0.0814 0.0164 0.0014 0 0 0 
0 0 0 0 0 0 0 0 0 0 0 0 0 0 0 0 0.238 5.0954 6.0192 1.9654 0.5652 0.0962 0.0096 0.0092 0.0018 0 0 0 0 0 0 0 0 0.0064 0.721 3.627 4.3026 2.2538 0.8384 0.2038 0.0348 0.0064 0.0058 0 0 0 0 0 0 0 0 0.046 0.7942 2.6894 3.1838 2.0602 0.9208 0.2444 0.048 0.004 0.0092 0 0 0 0 0 0 0 0.0014 0.0752 0.6584 1.8646 2.3224 1.8398 0.9086 0.2718 0.0434 0.0108 0.0036 0 0 0 0 0 0 0 0.003 0.0674 0.3628 1.1564 1.6028 1.5304 0.8886 0.3068 0.069 0.012 0.0008 0 0 0 
0 0 0 0 0 0 0 0 0 0 0 0 0 0 0 0 0.2626 5.0392 6.1304 2.0196 0.4284 0.099 0.0196 0.0012 0 0 0 0 0 0 0 0 0 0.0096 0.687 3.5018 4.5188 2.3524 0.7026 0.1856 0.0422 0 0 0 0 0 0 0 0 0 0.0002 0.0494 0.7794 2.501 3.3266 2.2538 0.8212 0.21 0.0578 0.0006 0 0 0 0 0 0 0 0 0.0004 0.0708 0.5812 1.6624 2.5944 1.9862 0.8246 0.2334 0.0384 0.0082 0 0 0 0 0 0 0 0 0.0012 0.0728 0.3488 0.99 1.722 1.642 0.8982 0.2626 0.054 0.0084 0 0 0 0 
0 0 0 0 0 0 0 0 0 0 0 0 0 0 0 0 0.1844 5.0312 6.3134 1.9058 0.4692 0.088 0.008 0 0 0 0 0 0 0 0 0 0 0.0106 0.6466 3.5584 4.5562 2.2158 0.752 0.2264 0.0294 0.0046 0 0 0 0 0 0 0 0 0 0.0534 0.7492 2.5096 3.4912 2.0836 0.8202 0.2396 0.0436 0.0088 0.0008 0 0 0 0 0 0 0 0.004 0.077 0.5628 1.749 2.6124 1.8932 0.7714 0.2752 0.0448 0.0102 0 0 0 0 0 0 0 0 0.0058 0.0526 0.3224 1.0532 1.7888 1.6152 0.8278 0.274 0.0486 0.0116 0 0 0 0 
0 0 0 0 0 0 0 0 0 0 0 0 0 0 0 0 0.2836 5.151 5.9078 2.0288 0.4788 0.1242 0.0186 0.0044 0.0028 0 0 0 0 0 0 0 0 0.0218 0.7356 3.6582 4.2334 2.2708 0.815 0.2202 0.0348 0.0072 0.003 0 0 0 0 0 0 0 0.0008 0.0704 0.812 2.6404 3.1858 2.1056 0.8812 0.2606 0.032 0.007 0.0042 0 0 0 0 0 0 0 0.0028 0.08 0.6382 1.8154 2.466 1.7762 0.927 0.2562 0.0274 0.0062 0.0046 0 0 0 0 0 0 0 0.0016 0.056 0.3798 1.091 1.689 1.5462 0.9068 0.2746 0.043 0.0076 0.0044 0 0 0 
0 0 0 0 0 0 0 0 0 0 0 0 0 0 0 0 0.2292 5.0134 6.242 1.9938 0.444 0.0672 0.0104 0 0 0 0 0 0 0 0 0 0 0.0182 0.6532 3.6124 4.4004 2.2926 0.7602 0.2226 0.0358 0.0046 0 0 0 0 0 0 0 0 0.0012 0.0588 0.7502 2.644 3.2628 2.078 0.8602 0.2864 0.0518 0.0066 0 0 0 0 0 0 0 0 0.0012 0.097 0.608 1.8004 2.4516 1.7934 0.9042 0.285 0.0552 0.003 0.001 0 0 0 0 0 0 0 0.0026 0.0672 0.3894 1.0534 1.6388 1.5636 0.8934 0.322 0.0628 0.0068 0 0 0 0 
0 0 0 0 0 0 0 0 0 0 0 0 0 0 0 0 0.2966 4.9782 6.039 2.196 0.428 0.0598 0.0024 0 0 0 0 0 0 0 0 0 0 0.0266 0.8334 3.489 4.1654 2.413 0.8638 0.1864 0.0224 0 0 0 0 0 0 0 0 0 0.0024 0.1172 0.8904 2.5574 2.9692 2.1636 0.9784 0.2902 0.0312 0 0 0 0 0 0 0 0 0 0.0132 0.1378 0.7732 1.7354 2.1574 1.7744 1.0064 0.3558 0.0464 0 0 0 0 0 0 0 0 0 0.0106 0.106 0.517 1.1156 1.392 1.4076 0.9562 0.4078 0.085 0.0022 0 0 0 0 
0 0 0 0 0 0 0 0 0 0 0 0 0 0 0 0 0.2418 5.0226 6.2626 1.8954 0.4638 0.0928 0.021 0 0 0 0 0 0 0 0 0 0 0.0142 0.7024 3.6134 4.3728 2.2318 0.7874 0.2082 0.0646 0.0052 0 0 0 0 0 0 0 0 0 0.061 0.8238 2.5908 3.2288 2.102 0.8468 0.2704 0.0698 0.0066 0 0 0 0 0 0 0 0 0.0034 0.082 0.7044 1.7184 2.3914 1.8968 0.862 0.2624 0.0696 0.0096 0 0 0 0 0 0 0 0 0.0032 0.0624 0.4346 1.0106 1.6602 1.5774 0.86 0.2816 0.1028 0.0072 0 0 0 0 
0 0 0 0 0 0 0 0 0 0 0 0 0 0 0 0 0.1894 5.0588 6.2034 1.9584 0.4806 0.0874 0.0208 0.0012 0 0 0 0 0 0 0 0 0 0.0208 0.765 3.575 4.264 2.299 0.8054 0.2236 0.04 0.0054 0.0018 0 0 0 0 0 0 0 0.0022 0.0838 0.9328 2.4982 3.148 2.095 0.8986 0.278 0.055 0.0084 0 0 0 0 0 0 0 0 0.0098 0.1194 0.743 1.6998 2.3488 1.7928 0.9134 0.2924 0.0702 0.0104 0 0 0 0 0 0 0 0 0.0102 0.0968 0.4326 1.0682 1.5978 1.478 0.8914 0.3182 0.0966 0.0102 0 0 0 0 
0 0 0 0 0 0 0 0 0 0 0 0 0 0 0 0 0.1962 5.0312 6.3078 1.9338 0.423 0.0834 0.0242 0.0004 0 0 0 0 0 0 0 0 0 0.0192 0.6198 3.6434 4.4686 2.2602 0.7526 0.195 0.039 0.0022 0 0 0 0 0 0 0 0 0.002 0.0502 0.7398 2.706 3.182 2.1424 0.8898 0.2352 0.0504 0.0022 0 0 0 0 0 0 0 0 0.0028 0.0568 0.6602 1.8394 2.401 1.8156 0.9244 0.248 0.0488 0.003 0 0 0 0 0 0 0 0 0.0036 0.0352 0.4088 1.1284 1.6356 1.4968 0.9138 0.3228 0.0496 0.0054 0 0 0 0 
0 0 0 0 0 0 0 0 0 0 0 0 0 0 0 0 0.1506 5.0554 6.4082 1.8622 0.4316 0.0802 0.0118 0 0 0 0 0 0 0 0 0 0 0.0102 0.7228 3.5078 4.3802 2.3604 0.775 0.1996 0.0424 0.0016 0 0 0 0 0 0 0 0 0 0.0694 0.8222 2.528 3.1612 2.1428 0.9236 0.2886 0.0618 0.0024 0 0 0 0 0 0 0 0 0.0026 0.0982 0.692 1.7646 2.2524 1.8642 0.9402 0.3072 0.0756 0.003 0 0 0 0 0 0 0 0 0.0052 0.0796 0.4182 1.0756 1.5612 1.4568 0.9198 0.3946 0.0808 0.0082 0 0 0 0 
0 0 0 0 0 0 0 0 0 0 0 0 0 0 0 0 0.2668 5.0354 6.1062 1.9512 0.5256 0.0974 0.0158 0.0016 0 0 0 0 0 0 0 0 0 0.021 0.7986 3.5216 4.3064 2.2618 0.8274 0.213 0.0436 0.0066 0 0 0 0 0 0 0 0 0.0008 0.1116 0.9024 2.5012 3.0884 2.1144 0.9266 0.276 0.0638 0.0086 0.003 0.0032 0 0 0 0 0 0 0.0068 0.1394 0.724 1.7222 2.2798 1.7878 0.9488 0.3002 0.0756 0.0092 0.0024 0.0038 0 0 0 0 0 0 0.015 0.0948 0.4598 1.0936 1.4758 1.4666 0.9056 0.3902 0.082 0.0106 0.0022 0.0038 0 0 
0 0 0 0 0 0 0 0 0 0 0 0 0 0 0 0 0.1694 5.2368 6.0324 1.8628 0.4972 0.1152 0.0518 0.0266 0.0078 0 0 0 0 0 0 0 0 0.012 0.8054 3.7386 4.143 2.1074 0.8154 0.268 0.0742 0.0278 0.0082 0 0 0 0 0 0 0 0.0004 0.0854 0.9464 2.6606 3.0168 1.9664 0.8858 0.309 0.0928 0.0316 0.0048 0 0 0 0 0 0 0 0.007 0.137 0.7778 1.816 2.2252 1.6502 0.9398 0.329 0.0802 0.0304 0.0074 0 0 0 0 0 0 0 0.0048 0.112 0.503 1.147 1.4924 1.2966 0.9064 0.4116 0.0948 0.0234 0.008 0 0 0 
0 0 0 0 0 0 0 0 0 0 0 0 0 0 0 0 0.1586 5.0722 6.3126 2.002 0.393 0.0538 0.0078 0 0 0 0 0 0 0 0 0 0 0.0082 0.6042 3.5852 4.4882 2.3398 0.818 0.1378 0.0186 0 0 0 0 0 0 0 0 0 0.0014 0.0418 0.6974 2.5668 3.384 2.1208 0.9438 0.2152 0.0276 0.0012 0 0 0 0 0 0 0 0 0.005 0.0532 0.5812 1.7186 2.5722 1.8394 0.9272 0.2612 0.042 0 0 0 0 0 0 0 0 0 0.0028 0.0512 0.33 1.019 1.7454 1.5816 0.9028 0.3152 0.0488 0.0032 0 0 0 0 
0 0 0 0 0 0 0 0 0 0 0 0 0 0 0 0 0.2588 5.1086 6.0128 2.0192 0.4986 0.0962 0.0058 0 0 0 0 0 0 0 0 0 0 0.0282 0.8618 3.4682 4.1988 2.2872 0.8892 0.2268 0.037 0.0028 0 0 0 0 0 0 0 0 0 0.1368 0.9406 2.4784 2.9568 2.1682 0.9602 0.2876 0.0634 0.008 0 0 0 0 0 0 0 0 0.0084 0.1774 0.763 1.6782 2.1534 1.8736 0.9384 0.3082 0.0948 0.0046 0 0 0 0 0 0 0 0.0002 0.0132 0.1272 0.4982 0.9932 1.549 1.4146 0.8826 0.4154 0.0926 0.011 0.0028 0 0 0 
0 0 0 0 0 0 0 0 0 0 0 0 0 0 0 0 0.2228 5.025 6.2612 2.0078 0.4118 0.0656 0.0034 0.0024 0 0 0 0 0 0 0 0 0 0.024 0.8492 3.4012 4.2032 2.4942 0.8144 0.181 0.029 0.0032 0.0006 0 0 0 0 0 0 0 0.0062 0.1242 0.9094 2.4056 3.041 2.2354 0.9412 0.2752 0.054 0.0078 0 0 0 0 0 0 0 0 0.021 0.1824 0.7266 1.6308 2.2218 1.8346 0.9772 0.316 0.0816 0.008 0 0 0 0 0 0 0 0 0.0346 0.149 0.4556 0.9856 1.4956 1.4338 0.9098 0.388 0.1298 0.0182 0 0 0 0 
0 0 0 0 0 0 0 0 0 0 0 0 0 0 0 0 0.1758 5.1166 6.1016 2.037 0.4756 0.0822 0.0096 0.0016 0 0 0 0 0 0 0 0 0 0.0106 0.6978 3.658 4.2108 2.344 0.8216 0.2296 0.0258 0.0018 0 0 0 0 0 0 0 0 0 0.0578 0.804 2.6454 3.1872 2.0826 0.9102 0.2624 0.0472 0.0032 0 0 0 0 0 0 0 0 0 0.0744 0.6452 1.8598 2.3652 1.8384 0.8844 0.2828 0.0474 0.0024 0 0 0 0 0 0 0 0 0.0012 0.0386 0.3996 1.0984 1.6458 1.5376 0.8866 0.3478 0.0434 0.001 0 0 0 0 
0 0 0 0 0 0 0 0 0 0 0 0 0 0 0 0 0.1952 5.1452 6.1366 1.929 0.4696 0.1052 0.0156 0.0036 0 0 0 0 0 0 0 0 0 0.013 0.7042 3.5958 4.3432 2.2852 0.7956 0.2252 0.0332 0.0046 0 0 0 0 0 0 0 0 0 0.0758 0.7916 2.5054 3.2902 2.199 0.845 0.2386 0.0444 0.01 0 0 0 0 0 0 0 0 0.0014 0.0924 0.6396 1.7084 2.4448 1.9278 0.8742 0.248 0.0494 0.0116 0.0024 0 0 0 0 0 0 0 0.0036 0.0614 0.3784 1.0382 1.703 1.5828 0.867 0.2848 0.063 0.0178 0 0 0 0 
0 0 0 0 0 0 0 0 0 0 0 0 0 0 0 0 0.2508 5.1178 6.0888 2.0402 0.4322 0.0586 0.0116 0 0 0 0 0 0 0 0 0 0 0.0082 0.7746 3.5148 4.2798 2.4368 0.8116 0.1492 0.025 0 0 0 0 0 0 0 0 0 0.001 0.0622 0.775 2.6462 3.114 2.242 0.9096 0.2152 0.0348 0 0 0 0 0 0 0 0 0 0.0038 0.065 0.6552 1.7618 2.3946 1.9878 0.8422 0.2474 0.0416 0.0006 0 0 0 0 0 0 0 0 0.003 0.0482 0.3646 1.0742 1.7538 1.5026 0.8944 0.3094 0.0484 0.0014 0 0 0 0 
0 0 0 0 0 0 0 0 0 0 0 0 0 0 0 0 0.1728 5.2106 6.024 1.9398 0.5422 0.0948 0.0158 0 0 0 0 0 0 0 0 0 0 0.0152 0.7696 3.602 4.184 2.3058 0.894 0.1808 0.0406 0.008 0 0 0 0 0 0 0 0 0.0006 0.071 0.8882 2.55 3.0504 2.205 0.8922 0.286 0.0466 0.0098 0.0002 0 0 0 0 0 0 0 0.0014 0.1226 0.6698 1.7554 2.2958 1.9192 0.881 0.2988 0.0474 0.0064 0.0022 0 0 0 0 0 0 0 0.0066 0.0934 0.4236 0.9914 1.6024 1.582 0.8936 0.3384 0.0636 0.003 0.002 0 0 0 
0 0 0 0 0 0 0 0 0 0 0 0 0 0 0 0 0.2172 5.1578 6.0284 1.9878 0.49 0.099 0.0198 0 0 0 0 0 0 0 0 0 0 0.0174 0.7244 3.6574 4.293 2.2378 0.7914 0.2146 0.0502 0.0128 0.001 0 0 0 0 0 0 0 0 0.0952 0.7576 2.634 3.242 2.1436 0.8082 0.231 0.0606 0.0258 0.002 0 0 0 0 0 0 0 0.0052 0.0994 0.6228 1.7688 2.4856 1.9026 0.7938 0.2418 0.0554 0.0224 0.0022 0 0 0 0 0 0 0 0.0064 0.0628 0.3904 1.0378 1.7242 1.606 0.8264 0.2622 0.0552 0.0242 0.0044 0 0 0 
0 0 0 0 0 0 0 0 0 0 0 0 0 0 0 0 0.3244 5.0522 6.078 2.0504 0.41 0.064 0.02 0.001 0 0 0 0 0 0 0 0 0 0.013 0.6874 3.4774 4.4482 2.4528 0.746 0.1424 0.0306 0.0022 0 0 0 0 0 0 0 0 0.001 0.0482 0.7396 2.3874 3.5204 2.1906 0.8624 0.2094 0.0396 0.0014 0 0 0 0 0 0 0 0 0.0006 0.0672 0.5402 1.7054 2.5516 1.9662 0.8866 0.2368 0.0414 0.004 0 0 0 0 0 0 0 0 0 0.0604 0.2878 1.0076 1.78 1.6488 0.8772 0.2902 0.048 0 0 0 0 0 
0 0 0 0 0 0 0 0 0 0 0 0 0 0 0 0 0.238 4.9666 6.2992 1.9984 0.4422 0.0498 0.0058 0 0 0 0 0 0 0 0 0 0 0.0152 0.6836 3.5288 4.3764 2.4352 0.7542 0.177 0.0282 0.0014 0 0 0 0 0 0 0 0 0.001 0.0812 0.8192 2.4496 3.19 2.2454 0.921 0.245 0.0398 0.0066 0.0012 0 0 0 0 0 0 0 0.0042 0.1036 0.6832 1.6394 2.3476 1.9068 0.9602 0.2936 0.0524 0.009 0 0 0 0 0 0 0 0 0.0038 0.096 0.4472 0.9746 1.5508 1.5382 0.9344 0.3624 0.0796 0.0112 0.0018 0 0 0 
0 0 0 0 0 0 0 0 0 0 0 0 0 0 0 0 0.155 5.122 6.171 1.9618 0.4596 0.1044 0.0262 0 0 0 0 0 0 0 0 0 0 0.0074 0.651 3.6666 4.3868 2.2388 0.795 0.2008 0.0494 0.0042 0 0 0 0 0 0 0 0 0.0012 0.0584 0.749 2.6486 3.2128 2.1692 0.843 0.2508 0.061 0.006 0 0 0 0 0 0 0 0 0.0034 0.09 0.611 1.7558 2.4436 1.8682 0.8806 0.2618 0.0784 0.0072 0 0 0 0 0 0 0 0 0.0064 0.0686 0.3642 1.0194 1.7654 1.4626 0.942 0.2876 0.0706 0.0132 0 0 0 0 
0 0 0 0 0 0 0 0 0 0 0 0 0 0 0 0 0.1696 5.158 6.1252 2.0212 0.4592 0.064 0.0028 0 0 0 0 0 0 0 0 0 0 0.0122 0.7686 3.5122 4.2574 2.3804 0.8774 0.1734 0.016 0.0024 0 0 0 0 0 0 0 0 0.002 0.0848 0.8718 2.4678 3.1506 2.176 0.9696 0.2334 0.0394 0.004 0.0006 0 0 0 0 0 0 0 0.0058 0.1204 0.7028 1.7188 2.2462 1.9094 0.9622 0.2868 0.0432 0.0028 0.0016 0 0 0 0 0 0 0 0.0072 0.107 0.4404 0.9868 1.6 1.4794 0.9724 0.3308 0.0702 0.0058 0 0 0 0 
0 0 0 0 0 0 0 0 0 0 0 0 0 0 0 0 0.2686 5.0764 6.0292 2.0864 0.4528 0.067 0.0162 0.0034 0 0 0 0 0 0 0 0 0 0.0118 0.711 3.559 4.3368 2.3458 0.7914 0.2014 0.0326 0.0052 0.005 0 0 0 0 0 0 0 0 0.0592 0.7332 2.6026 3.3412 2.1594 0.846 0.2062 0.038 0.0092 0.005 0 0 0 0 0 0 0 0.0034 0.059 0.5626 1.7784 2.5972 1.9306 0.8166 0.1998 0.0424 0.0072 0.0028 0 0 0 0 0 0 0 0.002 0.0408 0.3204 1.0216 1.8286 1.6446 0.8452 0.2362 0.0506 0.0084 0.0016 0 0 0 
0 0 0 0 0 0 0 0 0 0 0 0 0 0 0 0 0.209 5.0996 5.988 2.1078 0.5066 0.0776 0.0114 0 0 0 0 0 0 0 0 0 0 0.0166 0.7574 3.5842 4.2358 2.2358 0.921 0.2116 0.0328 0.0048 0 0 0 0 0 0 0 0 0 0.0768 0.8534 2.6002 3.116 2.041 0.9594 0.3056 0.0444 0.0032 0 0 0 0 0 0 0 0 0.003 0.1112 0.6902 1.7702 2.2886 1.885 0.9068 0.2796 0.056 0.0094 0 0 0 0 0 0 0 0 0.0036 0.07 0.4482 1.0476 1.5906 1.5314 0.8738 0.355 0.0704 0.0094 0 0 0 0 
0 0 0 0 0 0 0 0 0 0 0 0 0 0 0 0 0.1778 5.1978 6.0022 1.9968 0.495 0.11 0.02 0.0004 0 0 0 0 0 0 0 0 0 0.0084 0.667 3.7162 4.3502 2.1078 0.867 0.241 0.0408 0.0016 0 0 0 0 0 0 0 0 0 0.0564 0.725 2.7688 3.2924 1.8998 0.8992 0.3148 0.0436 0 0 0 0 0 0 0 0 0 0 0.059 0.6078 1.899 2.5116 1.7354 0.8672 0.2738 0.0448 0.0014 0 0 0 0 0 0 0 0 0 0.0324 0.3358 1.0946 1.8386 1.5366 0.8376 0.272 0.0516 0.0008 0 0 0 0 
0 0 0 0 0 0 0 0 0 0 0 0 0 0 0 0 0.2504 5.0846 6.0328 2.1306 0.4342 0.0532 0.0124 0.0018 0 0 0 0 0 0 0 0 0 0.017 0.746 3.5094 4.3184 2.4256 0.7894 0.1576 0.0314 0.0052 0 0 0 0 0 0 0 0 0.0012 0.0704 0.8244 2.4754 3.2614 2.23 0.8344 0.248 0.0478 0.007 0 0 0 0 0 0 0 0 0.0052 0.0944 0.6876 1.7156 2.3552 1.9292 0.858 0.2802 0.0678 0.0068 0 0 0 0 0 0 0 0 0.0076 0.0542 0.4324 1.0914 1.5912 1.4954 0.9056 0.3244 0.0898 0.008 0 0 0 0 
0 0 0 0 0 0 0 0 0 0 0 0 0 0 0 0 0.2394 5.0842 6.081 2.028 0.4936 0.0688 0.0026 0.0024 0 0 0 0 0 0 0 0 0 0.0214 0.7946 3.468 4.3306 2.3446 0.8124 0.204 0.0232 0.0012 0 0 0 0 0 0 0 0 0.0012 0.0852 0.8756 2.4396 3.256 2.1854 0.8644 0.2506 0.0402 0.0018 0 0 0 0 0 0 0 0 0.0082 0.1316 0.6714 1.6932 2.3764 1.89 0.901 0.2794 0.0476 0.0012 0 0 0 0 0 0 0 0 0.0076 0.0996 0.4024 1.01 1.6106 1.615 0.8694 0.322 0.0562 0.0072 0 0 0 0 
0 0 0 0 0 0 0 0 0 0 0 0 0 0 0 0 0.238 5.02 6.2702 1.995 0.4066 0.0618 0.0084 0 0 0 0 0 0 0 0 0 0 0.0092 0.628 3.592 4.4898 2.3458 0.7164 0.1946 0.0218 0.0024 0 0 0 0 0 0 0 0 0.0016 0.0502 0.6778 2.6226 3.354 2.2218 0.7804 0.2314 0.0556 0.0046 0 0 0 0 0 0 0 0 0.0036 0.058 0.5134 1.8106 2.5564 2.0134 0.7578 0.2322 0.047 0.0076 0 0 0 0 0 0 0 0 0 0.0444 0.308 1.0332 1.7916 1.6654 0.8104 0.2858 0.0526 0.0086 0 0 0 0 
0 0 0 0 0 0 0 0 0 0 0 0 0 0 0 0 0.2272 5.0934 6.0624 2.0698 0.4784 0.0632 0.0056 0 0 0 0 0 0 0 0 0 0 0.0126 0.7692 3.6022 4.2656 2.316 0.7978 0.197 0.0388 0.0008 0 0 0 0 0 0 0 0 0.0006 0.0754 0.849 2.4972 3.2644 2.1272 0.8774 0.2708 0.038 0 0 0 0 0 0 0 0 0 0.0038 0.1106 0.6622 1.727 2.4396 1.8582 0.8722 0.2766 0.0498 0 0 0 0 0 0 0 0 0 0.0094 0.077 0.4038 1.0464 1.6988 1.5184 0.862 0.3138 0.068 0.0024 0 0 0 0 
0 0 0 0 0 0 0 0 0 0 0 0 0 0 0 0 0.216 5.0662 6.2466 1.9326 0.4262 0.1032 0.0092 0 0 0 0 0 0 0 0 0 0 0.0158 0.6892 3.5578 4.428 2.2972 0.7948 0.1746 0.0274 0.0124 0.0028 0 0 0 0 0 0 0 0 0.055 0.8082 2.538 3.283 2.1546 0.862 0.241 0.0418 0.0128 0.0036 0 0 0 0 0 0 0 0.005 0.0768 0.6536 1.759 2.3922 1.9196 0.871 0.259 0.053 0.0082 0.0026 0 0 0 0 0 0 0 0.0072 0.058 0.404 1.0394 1.6364 1.616 0.8874 0.2762 0.0642 0.0112 0 0 0 0 
0 0 0 0 0 0 0 0 0 0 0 0 0 0 0 0 0.2286 5.0248 6.2754 2.0004 0.3834 0.078 0.0058 0.0022 0.0014 0 0 0 0 0 0 0 0 0.014 0.7344 3.4492 4.4192 2.4346 0.7238 0.1778 0.0412 0.0046 0.0012 0 0 0 0 0 0 0 0.0008 0.0636 0.8394 2.4148 3.3 2.2378 0.8382 0.253 0.0432 0.0092 0 0 0 0 0 0 0 0 0.0026 0.0966 0.6564 1.7002 2.3648 1.899 0.9524 0.2668 0.0534 0.0078 0 0 0 0 0 0 0 0 0.005 0.063 0.3886 1.0544 1.6078 1.5448 0.9408 0.322 0.0634 0.0102 0 0 0 0 
0 0 0 0 0 0 0 0 0 0 0 0 0 0 0 0 0.285 5.0028 6.162 2.0252 0.4218 0.0888 0.0144 0 0 0 0 0 0 0 0 0 0 0.0104 0.6966 3.5154 4.4712 2.3746 0.7312 0.1676 0.033 0 0 0 0 0 0 0 0 0 0 0.0636 0.7078 2.5548 3.385 2.2246 0.795 0.2204 0.0476 0.0012 0 0 0 0 0 0 0 0 0.0016 0.0722 0.5498 1.7514 2.5572 2.001 0.7774 0.2376 0.0454 0.0064 0 0 0 0 0 0 0 0 0.0026 0.058 0.321 1.0626 1.7276 1.6648 0.8528 0.2574 0.0464 0.0068 0 0 0 0 
0 0 0 0 0 0 0 0 0 0 0 0 0 0 0 0 0.212 5.0178 6.2944 1.9602 0.4436 0.0644 0.0076 0 0 0 0 0 0 0 0 0 0 0.0152 0.7602 3.4742 4.3854 2.3562 0.808 0.1646 0.0358 0.0004 0 0 0 0 0 0 0 0 0.0016 0.0876 0.8136 2.4708 3.2516 2.1834 0.8778 0.2494 0.0584 0.0058 0 0 0 0 0 0 0 0 0.0064 0.1204 0.6912 1.693 2.369 1.8332 0.9028 0.309 0.067 0.0062 0.0018 0 0 0 0 0 0 0 0.0104 0.0842 0.4158 1.0942 1.5612 1.4528 0.936 0.342 0.0878 0.0156 0 0 0 0 
0 0 0 0 0 0 0 0 0 0 0 0 0 0 0 0 0.2126 5.071 6.157 2.0466 0.4408 0.0636 0.0084 0 0 0 0 0 0 0 0 0 0 0.0154 0.7324 3.5258 4.3322 2.3606 0.79 0.2102 0.0314 0.002 0 0 0 0 0 0 0 0 0.001 0.0656 0.7812 2.5702 3.2466 2.16 0.8418 0.2824 0.0512 0 0 0 0 0 0 0 0 0 0.0008 0.0948 0.579 1.8082 2.474 1.8598 0.8538 0.2588 0.0694 0.0014 0 0 0 0 0 0 0 0 0.0034 0.0596 0.3444 1.081 1.6834 1.598 0.8706 0.2738 0.0814 0.0044 0 0 0 0 
0 0 0 0 0 0 0 0 0 0 0 0 0 0 0 0 0.2292 5.149 6.0196 2.0664 0.4448 0.078 0.013 0 0 0 0 0 0 0 0 0 0 0.0156 0.7698 3.5414 4.2848 2.3692 0.7876 0.1952 0.035 0.0014 0 0 0 0 0 0 0 0 0.0008 0.0666 0.8334 2.5742 3.2032 2.1614 0.8668 0.2518 0.0378 0.004 0 0 0 0 0 0 0 0 0.001 0.0746 0.6582 1.7824 2.428 1.8744 0.8902 0.2468 0.0432 0.0012 0 0 0 0 0 0 0 0 0.0026 0.049 0.3804 1.107 1.6818 1.55 0.8936 0.2934 0.0412 0.001 0 0 0 0 
0 0 0 0 0 0 0 0 0 0 0 0 0 0 0 0 0.2078 5.0436 6.2976 1.8984 0.4386 0.0932 0.0194 0.0014 0 0 0 0 0 0 0 0 0 0.0154 0.6272 3.6264 4.4498 2.2678 0.7452 0.2196 0.0364 0.0122 0 0 0 0 0 0 0 0 0.003 0.0562 0.7008 2.6342 3.3762 2.0984 0.8242 0.2366 0.0488 0.0216 0 0 0 0 0 0 0 0 0.0068 0.0746 0.5806 1.7726 2.5032 1.921 0.8134 0.2596 0.0458 0.0206 0.0018 0 0 0 0 0 0 0 0.0038 0.0618 0.335 1.0824 1.6992 1.5778 0.8802 0.277 0.0618 0.015 0.006 0 0 0 
0 0 0 0 0 0 0 0 0 0 0 0 0 0 0 0 0.2594 5.0548 6.1062 1.9914 0.502 0.0816 0.0046 0 0 0 0 0 0 0 0 0 0 0.0148 0.7308 3.5968 4.2966 2.296 0.8038 0.231 0.027 0.0032 0 0 0 0 0 0 0 0 0.0016 0.0502 0.7628 2.6282 3.3298 2.0984 0.8418 0.2332 0.0476 0.0064 0 0 0 0 0 0 0 0 0.0054 0.0656 0.625 1.7544 2.563 1.8912 0.8164 0.219 0.0526 0.0074 0 0 0 0 0 0 0 0 0 0.0532 0.3478 1.0466 1.7708 1.6574 0.7964 0.26 0.0622 0.0056 0 0 0 0 
0 0 0 0 0 0 0 0 0 0 0 0 0 0 0 0 0.2152 5.1572 6.0234 1.9912 0.4586 0.129 0.0218 0.0036 0 0 0 0 0 0 0 0 0 0.0264 0.8828 3.4432 4.1098 2.3316 0.9136 0.2342 0.052 0.0042 0.0022 0 0 0 0 0 0 0 0.002 0.146 0.938 2.473 2.9354 2.1506 0.9664 0.312 0.0686 0.008 0 0 0 0 0 0 0 0 0.0132 0.1774 0.7686 1.7034 2.153 1.7256 0.9702 0.4016 0.0774 0.0096 0 0 0 0 0 0 0 0.0004 0.0212 0.1248 0.5236 1.0736 1.3734 1.348 0.9456 0.459 0.1164 0.014 0 0 0 0 
0 0 0 0 0 0 0 0 0 0 0 0 0 0 0 0 0.1892 5.1198 6.087 1.9952 0.5084 0.0908 0.0096 0 0 0 0 0 0 0 0 0 0.0004 0.014 0.7258 3.578 4.3474 2.2338 0.826 0.2398 0.0298 0.005 0 0 0 0 0 0 0 0 0.002 0.077 0.8462 2.5476 3.2466 2.0152 0.9202 0.2884 0.0514 0.0054 0 0 0 0 0 0 0 0 0.0042 0.1062 0.6776 1.7756 2.382 1.7902 0.864 0.327 0.0672 0.006 0 0 0 0 0 0 0 0 0.0074 0.0792 0.4062 1.053 1.6404 1.512 0.8802 0.3374 0.074 0.0102 0 0 0 0 
0 0 0 0 0 0 0 0 0 0 0 0 0 0 0 0 0.265 5.047 6.1502 2.0046 0.4356 0.0944 0.0032 0 0 0 0 0 0 0 0 0 0 0.0208 0.8508 3.3554 4.3218 2.4326 0.7738 0.2046 0.0342 0.006 0 0 0 0 0 0 0 0 0 0.1008 0.8918 2.3876 3.1686 2.2536 0.8624 0.269 0.0518 0.0144 0 0 0 0 0 0 0 0 0.0062 0.1418 0.6966 1.66 2.3526 1.8938 0.8666 0.2968 0.0726 0.013 0 0 0 0 0 0 0 0 0.0106 0.112 0.4116 1.0408 1.5542 1.5592 0.8324 0.3596 0.1008 0.0188 0 0 0 0 
0 0 0 0 0 0 0 0 0 0 0 0 0 0 0 0 0.2498 5.0538 6.0926 2.052 0.4604 0.0818 0.0096 0 0 0 0 0 0 0 0 0 0 0.0108 0.6794 3.5418 4.4828 2.26 0.7988 0.1978 0.0286 0 0 0 0 0 0 0 0 0 0.0006 0.0544 0.7102 2.5992 3.3486 2.1968 0.8184 0.2386 0.0332 0 0 0 0 0 0 0 0 0 0.0018 0.0628 0.5668 1.782 2.5508 1.9498 0.8156 0.2336 0.0364 0.0004 0 0 0 0 0 0 0 0 0.0006 0.0514 0.3012 1.042 1.83 1.6536 0.8272 0.2482 0.0392 0.0066 0 0 0 0 
0 0 0 0 0 0 0 0 0 0 0 0 0 0 0 0 0.2094 5.0036 6.246 2.0782 0.4114 0.048 0.0034 0 0 0 0 0 0 0 0 0 0 0.0132 0.6326 3.585 4.4686 2.3268 0.7972 0.1458 0.0292 0.0016 0 0 0 0 0 0 0 0 0.0044 0.0574 0.7212 2.508 3.389 2.2016 0.9008 0.1812 0.0364 0 0 0 0 0 0 0 0 0.0012 0.0062 0.061 0.5746 1.7126 2.5528 1.9948 0.8672 0.2062 0.0234 0 0 0 0 0 0 0 0 0 0.0068 0.0492 0.3054 1.042 1.7034 1.702 0.9164 0.2418 0.033 0 0 0 0 0 
0 0 0 0 0 0 0 0 0 0 0 0 0 0 0 0 0.2078 5.122 6.0396 1.9814 0.5202 0.1038 0.0252 0 0 0 0 0 0 0 0 0 0 0.013 0.7322 3.6618 4.2248 2.2424 0.831 0.225 0.065 0.0048 0 0 0 0 0 0 0 0 0.0016 0.069 0.8816 2.5842 3.1544 2.059 0.897 0.2772 0.0674 0.0086 0 0 0 0 0 0 0 0 0.0046 0.0984 0.715 1.7556 2.3442 1.8668 0.8438 0.3034 0.058 0.0102 0 0 0 0 0 0 0 0 0.0036 0.076 0.3994 1.0876 1.6226 1.5172 0.9162 0.2922 0.0762 0.009 0 0 0 0 
0 0 0 0 0 0 0 0 0 0 0 0 0 0 0 0 0.2622 5.125 5.968 1.9824 0.5366 0.1156 0.0096 0.0006 0 0 0 0 0 0 0 0 0 0.0178 0.807 3.5986 4.23 2.2792 0.7588 0.2742 0.029 0.0054 0 0 0 0 0 0 0 0 0.0008 0.0866 0.8892 2.5588 3.213 2.0346 0.8532 0.307 0.0536 0.0032 0 0 0 0 0 0 0 0 0.0066 0.1114 0.704 1.7428 2.4438 1.8018 0.8346 0.2878 0.0662 0.001 0 0 0 0 0 0 0 0 0.0058 0.084 0.4686 1.0404 1.6296 1.4876 0.9032 0.3158 0.064 0.001 0 0 0 0 
0 0 0 0 0 0 0 0 0 0 0 0 0 0 0 0 0.1964 5.0804 6.1624 2.0136 0.439 0.084 0.0206 0.0036 0 0 0 0 0 0 0 0 0 0.0136 0.6866 3.5522 4.3896 2.3206 0.7994 0.1864 0.047 0.0046 0 0 0 0 0 0 0 0 0 0.0626 0.7952 2.496 3.2964 2.1956 0.8404 0.2462 0.0654 0.0022 0 0 0 0 0 0 0 0 0.003 0.078 0.627 1.7216 2.4488 1.9222 0.8758 0.2456 0.07 0.008 0 0 0 0 0 0 0 0 0.0012 0.057 0.3738 1.034 1.6632 1.6096 0.9012 0.2702 0.0788 0.011 0 0 0 0 
0 0 0 0 0 0 0 0 0 0 0 0 0 0 0 0 0.2546 5.0924 6.0944 1.9886 0.4432 0.11 0.0114 0.0054 0 0 0 0 0 0 0 0 0 0.0128 0.7178 3.5488 4.4452 2.2686 0.7536 0.1894 0.0554 0.0084 0 0 0 0 0 0 0 0 0 0.0656 0.7916 2.526 3.3548 2.1378 0.822 0.2378 0.0528 0.0116 0 0 0 0 0 0 0 0 0.0036 0.0784 0.5904 1.7708 2.4818 1.9488 0.8036 0.2462 0.072 0.0044 0 0 0 0 0 0 0 0 0.0078 0.058 0.337 1.039 1.739 1.6404 0.819 0.291 0.0642 0.0046 0 0 0 0 
0 0 0 0 0 0 0 0 0 0 0 0 0 0 0 0 0.22 5.0954 6.1 1.9548 0.503 0.1048 0.022 0 0 0 0 0 0 0 0 0 0 0.0288 0.7694 3.5552 4.2858 2.2268 0.8592 0.2298 0.0346 0.0088 0.0016 0 0 0 0 0 0 0 0.0022 0.099 0.8284 2.643 3.106 2.0644 0.9418 0.253 0.0508 0.0114 0 0 0 0 0 0 0 0 0.0128 0.1164 0.6656 1.8556 2.2542 1.7786 0.9696 0.2808 0.052 0.0144 0 0 0 0 0 0 0 0.0014 0.014 0.07 0.4362 1.1178 1.5808 1.4558 0.896 0.3456 0.0646 0.0162 0.0016 0 0 0 
0 0 0 0 0 0 0 0 0 0 0 0 0 0 0 0 0.249 5.1396 6.0718 1.9604 0.4436 0.117 0.018 0.0006 0 0 0 0 0 0 0 0 0 0.0234 0.8202 3.5274 4.1976 2.3208 0.8558 0.2154 0.035 0.0022 0.0022 0 0 0 0 0 0 0 0.0038 0.1012 0.9052 2.4754 3.0962 2.1058 0.9672 0.2788 0.0562 0.0084 0.0018 0 0 0 0 0 0 0 0.0068 0.1448 0.783 1.604 2.2402 1.846 0.958 0.3344 0.0718 0.0088 0.0022 0 0 0 0 0 0 0 0.0134 0.1226 0.4978 1.0154 1.4352 1.4822 0.9116 0.401 0.1056 0.0128 0.0024 0 0 0 
0 0 0 0 0 0 0 0 0 0 0 0 0 0 0 0 0.1614 5.0444 6.3432 1.9916 0.3808 0.0674 0.0082 0.003 0 0 0 0 0 0 0 0 0 0.0228 0.727 3.4956 4.3612 2.351 0.8192 0.1942 0.0232 0.0058 0 0 0 0 0 0 0 0 0.0054 0.0926 0.8514 2.5102 3.1528 2.1744 0.906 0.2474 0.054 0.0058 0 0 0 0 0 0 0 0 0.0166 0.1546 0.6564 1.6848 2.3092 1.9308 0.8922 0.278 0.0706 0.0068 0 0 0 0 0 0 0 0.0024 0.0194 0.1208 0.4102 0.9662 1.6006 1.553 0.9044 0.3168 0.0964 0.0078 0.002 0 0 0 
0 0 0 0 0 0 0 0 0 0 0 0 0 0 0 0 0.2766 5.0762 6.1432 1.9512 0.4616 0.074 0.0152 0.002 0 0 0 0 0 0 0 0 0 0.0178 0.7544 3.4638 4.4452 2.319 0.754 0.2106 0.0288 0.0064 0 0 0 0 0 0 0 0 0.0004 0.0794 0.7808 2.4754 3.3266 2.174 0.8686 0.2524 0.0376 0.0048 0 0 0 0 0 0 0 0 0.0066 0.1076 0.6084 1.706 2.469 1.8806 0.902 0.266 0.0476 0.0062 0 0 0 0 0 0 0 0 0.0044 0.0766 0.3702 1.0546 1.6276 1.5766 0.9146 0.298 0.0708 0.0066 0 0 0 0 
0 0 0 0 0 0 0 0 0 0 0 0 0 0 0 0 0.2484 5.0362 6.146 2.0086 0.4774 0.0634 0.0188 0.0012 0 0 0 0 0 0 0 0 0 0.0154 0.7952 3.5552 4.342 2.2362 0.8104 0.1986 0.033 0.0106 0.0034 0 0 0 0 0 0 0 0.0006 0.0836 0.845 2.528 3.247 2.1116 0.847 0.2624 0.0574 0.015 0.0024 0 0 0 0 0 0 0 0.0066 0.1044 0.6838 1.7308 2.4424 1.7984 0.863 0.2934 0.059 0.0178 0.0004 0 0 0 0 0 0 0 0.0052 0.087 0.3976 1.0552 1.6688 1.5046 0.885 0.3142 0.07 0.0124 0 0 0 0 
0 0 0 0 0 0 0 0 0 0 0 0 0 0 0 0 0.2606 5.0252 6.1296 2.1392 0.3804 0.064 0.001 0 0 0 0 0 0 0 0 0 0 0.0192 0.7446 3.4616 4.3636 2.4928 0.7604 0.1482 0.0096 0 0 0 0 0 0 0 0 0 0.0022 0.0728 0.801 2.4388 3.2506 2.301 0.9236 0.1804 0.0278 0.0018 0 0 0 0 0 0 0 0 0.0056 0.0946 0.6554 1.6336 2.4186 1.9626 0.9464 0.2402 0.0394 0.0036 0 0 0 0 0 0 0 0 0.0048 0.0704 0.3962 1.0154 1.6512 1.5392 0.9514 0.3236 0.0444 0.0034 0 0 0 0 
0 0 0 0 0 0 0 0 0 0 0 0 0 0 0 0 0.1946 5.0484 6.2448 2.0932 0.3734 0.037 0.0086 0 0 0 0 0 0 0 0 0 0 0.0132 0.7454 3.4986 4.2496 2.4718 0.8272 0.1676 0.0232 0.0034 0 0 0 0 0 0 0 0 0 0.0788 0.8714 2.5174 3.024 2.2556 0.9342 0.2762 0.0342 0.0078 0.0004 0 0 0 0 0 0 0 0.0052 0.1196 0.712 1.6962 2.256 1.8942 0.9764 0.2828 0.0488 0.0088 0 0 0 0 0 0 0 0 0.0118 0.0872 0.4038 1.058 1.5304 1.5298 0.9268 0.37 0.0722 0.01 0 0 0 0 
0 0 0 0 0 0 0 0 0 0 0 0 0 0 0 0 0.1616 5.2414 5.9198 2.0152 0.5276 0.096 0.0308 0.0068 0.0008 0 0 0 0 0 0 0 0 0.0096 0.755 3.7242 4.0102 2.3238 0.8474 0.2522 0.0666 0.0088 0.0022 0 0 0 0 0 0 0 0 0.055 0.8648 2.6194 3.1046 2.1138 0.8744 0.269 0.0852 0.0128 0.001 0 0 0 0 0 0 0 0.0006 0.0884 0.695 1.7632 2.3894 1.805 0.881 0.2826 0.0758 0.0156 0.0034 0 0 0 0 0 0 0 0.0046 0.0602 0.4354 1.0064 1.6596 1.56 0.8754 0.2932 0.0864 0.0188 0 0 0 0 
0 0 0 0 0 0 0 0 0 0 0 0 0 0 0 0 0.2014 5.1438 6.0618 1.993 0.475 0.1048 0.0182 0.002 0 0 0 0 0 0 0 0 0 0.0178 0.801 3.4922 4.3266 2.2842 0.7904 0.232 0.0452 0.0094 0.0012 0 0 0 0 0 0 0 0.0024 0.107 0.8894 2.4392 3.2312 2.0806 0.9074 0.2596 0.065 0.0168 0.0014 0 0 0 0 0 0 0 0.005 0.1462 0.6834 1.7294 2.3076 1.8368 0.9264 0.2722 0.0776 0.0146 0.0008 0 0 0 0 0 0 0 0.005 0.1094 0.446 1.054 1.5358 1.4964 0.8832 0.3726 0.073 0.0222 0.0024 0 0 0 
0 0 0 0 0 0 0 0 0 0 0 0 0 0 0 0 0.1584 5.092 6.2796 1.902 0.4732 0.0762 0.0186 0 0 0 0 0 0 0 0 0 0 0.0086 0.712 3.5756 4.369 2.311 0.767 0.2118 0.0392 0.0058 0 0 0 0 0 0 0 0 0.0008 0.064 0.8116 2.5084 3.2696 2.1136 0.9512 0.2326 0.0414 0.0068 0 0 0 0 0 0 0 0 0.0018 0.106 0.611 1.7328 2.3936 1.828 0.9876 0.293 0.0422 0.004 0 0 0 0 0 0 0 0 0.008 0.0624 0.3772 1.0712 1.6168 1.5386 0.9162 0.3554 0.0496 0.0046 0 0 0 0 
0 0 0 0 0 0 0 0 0 0 0 0 0 0 0 0 0.1944 5.0754 6.176 2.052 0.4162 0.0606 0.014 0.006 0.0054 0 0 0 0 0 0 0 0 0.0156 0.7216 3.4938 4.4178 2.3246 0.7734 0.1988 0.0402 0.0084 0.0038 0.002 0 0 0 0 0 0 0.0024 0.0804 0.791 2.5368 3.2634 2.1194 0.8382 0.2886 0.0678 0.0068 0.0038 0.0014 0 0 0 0 0 0 0.012 0.1118 0.6586 1.7064 2.449 1.8014 0.8828 0.2864 0.0764 0.011 0.0042 0 0 0 0 0 0 0.0004 0.0208 0.0782 0.352 1.0878 1.6778 1.4576 0.8288 0.3794 0.0952 0.0194 0.0026 0 0 0 
0 0 0 0 0 0 0 0 0 0 0 0 0 0 0 0 0.184 5.108 6.191 1.957 0.4606 0.087 0.0112 0.0012 0 0 0 0 0 0 0 0 0 0.0202 0.8002 3.5016 4.1976 2.3248 0.8958 0.2194 0.034 0.0064 0 0 0 0 0 0 0 0 0 0.0812 0.8636 2.544 3.0526 2.146 0.9692 0.2856 0.0446 0.0132 0 0 0 0 0 0 0 0 0.0052 0.1028 0.6954 1.7674 2.2878 1.7876 0.9538 0.3382 0.0522 0.0096 0 0 0 0 0 0 0 0 0 0.1062 0.4152 1.0804 1.5162 1.4492 0.9642 0.3836 0.0756 0.0072 0.0022 0 0 0 
0 0 0 0 0 0 0 0 0 0 0 0 0 0 0 0 0.2144 5.1616 6.0404 1.8544 0.5344 0.1664 0.0254 0.003 0 0 0 0 0 0 0 0 0 0.0176 0.806 3.617 4.173 2.2606 0.7528 0.3066 0.0602 0.0062 0 0 0 0 0 0 0 0 0.0012 0.1078 0.971 2.4656 3.0424 2.0858 0.9102 0.3114 0.0956 0.009 0 0 0 0 0 0 0 0 0.0106 0.1714 0.7628 1.7102 2.1694 1.7316 0.9944 0.3368 0.1006 0.0122 0 0 0 0 0 0 0 0 0.0228 0.1484 0.5004 1.0266 1.4378 1.3418 0.9498 0.412 0.1398 0.019 0.0016 0 0 0 
0 0 0 0 0 0 0 0 0 0 0 0 0 0 0 0 0.1806 5.1496 6.1296 1.9332 0.493 0.1056 0.0084 0 0 0 0 0 0 0 0 0 0 0.0174 0.7686 3.5488 4.2496 2.3634 0.7588 0.2378 0.0514 0.0042 0 0 0 0 0 0 0 0 0.0028 0.077 0.8512 2.5548 3.1584 2.17 0.8364 0.278 0.062 0.0078 0.0016 0 0 0 0 0 0 0 0.0032 0.133 0.6898 1.7614 2.2872 1.8718 0.8868 0.2844 0.069 0.0106 0.0028 0 0 0 0 0 0 0 0.0052 0.108 0.449 1.0976 1.515 1.4586 0.9172 0.3464 0.0884 0.012 0.0026 0 0 0 
0 0 0 0 0 0 0 0 0 0 0 0 0 0 0 0 0.1754 5.1274 6.178 1.9558 0.4604 0.1004 0.0026 0 0 0 0 0 0 0 0 0 0 0.0056 0.755 3.5432 4.3344 2.2696 0.8464 0.2172 0.0286 0 0 0 0 0 0 0 0 0 0 0.055 0.8522 2.528 3.1982 2.2074 0.8562 0.2608 0.0416 0.0006 0 0 0 0 0 0 0 0 0.0018 0.0892 0.6816 1.73 2.2982 2.028 0.8638 0.2586 0.0468 0.002 0 0 0 0 0 0 0 0 0.008 0.0662 0.3756 1.0716 1.6438 1.583 0.8796 0.3034 0.0584 0.0104 0 0 0 0 
0 0 0 0 0 0 0 0 0 0 0 0 0 0 0 0 0.2154 5.1624 6.018 1.9974 0.5164 0.0826 0.0078 0 0 0 0 0 0 0 0 0 0 0.0182 0.8154 3.531 4.1854 2.3254 0.8536 0.2336 0.0338 0.0036 0 0 0 0 0 0 0 0 0 0.0876 0.913 2.491 3.1292 2.0854 0.9688 0.2688 0.0504 0.0058 0 0 0 0 0 0 0 0 0.005 0.1268 0.7196 1.6982 2.3218 1.8696 0.9348 0.2654 0.0448 0.014 0 0 0 0 0 0 0 0 0.0086 0.0808 0.4738 1.0268 1.5556 1.5406 0.8812 0.3474 0.0698 0.014 0.0014 0 0 0 
0 0 0 0 0 0 0 0 0 0 0 0 0 0 0 0 0.2542 5.063 6.0904 2.0068 0.4744 0.0802 0.0298 0.0012 0 0 0 0 0 0 0 0 0 0.0156 0.7656 3.4826 4.3528 2.3136 0.8172 0.2124 0.03 0.0066 0.0036 0 0 0 0 0 0 0 0 0.066 0.8738 2.4856 3.247 2.1284 0.8642 0.2732 0.054 0.0048 0.003 0 0 0 0 0 0 0 0.0056 0.1114 0.6386 1.7486 2.4116 1.8764 0.885 0.2612 0.0542 0.0064 0.001 0 0 0 0 0 0 0 0.0076 0.0846 0.4064 1.0138 1.6362 1.5906 0.8498 0.3318 0.0676 0.0116 0 0 0 0 
0 0 0 0 0 0 0 0 0 0 0 0 0 0 0 0 0.2146 5.0768 6.1786 1.9976 0.4048 0.104 0.0166 0.004 0.003 0 0 0 0 0 0 0 0 0.0168 0.6688 3.5968 4.3926 2.3146 0.7712 0.1896 0.0364 0.0078 0.0054 0 0 0 0 0 0 0 0.0014 0.0434 0.7554 2.5932 3.2858 2.1478 0.8774 0.246 0.0364 0.0096 0.0036 0 0 0 0 0 0 0 0.0012 0.0648 0.62 1.7948 2.387 1.9172 0.9054 0.2636 0.0346 0.0076 0.0038 0 0 0 0 0 0 0 0.0022 0.0372 0.3718 1.0286 1.6942 1.6034 0.9162 0.2946 0.0392 0.0062 0.0048 0.0016 0 0 
0 0 0 0 0 0 0 0 0 0 0 0 0 0 0 0 0.1734 5.1716 6.096 1.9038 0.5174 0.1216 0.0162 0 0 0 0 0 0 0 0 0 0 0.0088 0.6608 3.7006 4.371 2.1536 0.8014 0.2554 0.0484 0 0 0 0 0 0 0 0 0 0 0.0546 0.7316 2.6586 3.3886 1.951 0.8704 0.2864 0.0556 0.0032 0 0 0 0 0 0 0 0 0.0032 0.0514 0.5594 1.8734 2.5776 1.7368 0.8606 0.2908 0.0426 0.0042 0 0 0 0 0 0 0 0 0.0024 0.0366 0.3084 1.1228 1.7754 1.5746 0.8274 0.3032 0.0434 0.0058 0 0 0 0 
0 0 0 0 0 0 0 0 0 0 0 0 0 0 0 0 0.1826 5.1674 6.0828 1.939 0.5232 0.102 0.003 0 0 0 0 0 0 0 0 0 0 0.0104 0.7138 3.5714 4.3716 2.2804 0.772 0.243 0.0368 0.0006 0 0 0 0 0 0 0 0 0 0.046 0.7828 2.6672 3.2524 2.056 0.8708 0.2742 0.0506 0 0 0 0 0 0 0 0 0 0.0012 0.069 0.6304 1.8548 2.393 1.8246 0.8912 0.2972 0.0342 0.0044 0 0 0 0 0 0 0 0 0.0016 0.0512 0.3834 1.1148 1.6556 1.4988 0.917 0.3198 0.056 0.0018 0 0 0 0 
0 0 0 0 0 0 0 0 0 0 0 0 0 0 0 0 0.1956 5.0834 6.0806 2.0692 0.4822 0.0834 0.0056 0 0 0 0 0 0 0 0 0 0 0.0136 0.764 3.5726 4.2142 2.3602 0.8276 0.2058 0.037 0.005 0 0 0 0 0 0 0 0 0.0008 0.078 0.9048 2.5364 3.0874 2.1862 0.9094 0.247 0.0446 0.0054 0 0 0 0 0 0 0 0 0.0056 0.123 0.6842 1.7846 2.2982 1.8934 0.8934 0.2594 0.052 0.0062 0 0 0 0 0 0 0 0 0.0062 0.0782 0.3902 1.1344 1.5812 1.502 0.9152 0.3158 0.0698 0.007 0 0 0 0 
0 0 0 0 0 0 0 0 0 0 0 0 0 0 0 0 0.2602 5.0726 6.0694 2.1028 0.4384 0.0566 0 0 0 0 0 0 0 0 0 0 0 0.0196 0.7146 3.5138 4.3524 2.4238 0.7994 0.1572 0.0192 0 0 0 0 0 0 0 0 0 0.0018 0.0634 0.7592 2.5186 3.3514 2.1884 0.8608 0.2254 0.03 0.001 0 0 0 0 0 0 0 0 0.003 0.0622 0.5862 1.7052 2.6404 1.888 0.8364 0.2362 0.0404 0.002 0 0 0 0 0 0 0 0 0 0.0416 0.3268 1.0252 1.8314 1.6226 0.8296 0.2674 0.0528 0.0026 0 0 0 0 
0 0 0 0 0 0 0 0 0 0 0 0 0 0 0 0 0.2326 4.972 6.2952 2.008 0.4168 0.0682 0.0068 0.0004 0 0 0 0 0 0 0 0 0 0.0226 0.7962 3.397 4.442 2.3362 0.7738 0.1948 0.0324 0.005 0 0 0 0 0 0 0 0 0.0024 0.0936 0.832 2.4342 3.2432 2.2092 0.8604 0.2696 0.0502 0.0052 0 0 0 0 0 0 0 0 0.0054 0.1366 0.6666 1.7126 2.263 1.9328 0.9678 0.2424 0.069 0.0038 0 0 0 0 0 0 0 0 0.0088 0.0912 0.4176 1.0888 1.5136 1.5068 0.9294 0.3676 0.0666 0.0096 0 0 0 0 
0 0 0 0 0 0 0 0 0 0 0 0 0 0 0 0 0.2062 5.1398 6.1684 1.922 0.438 0.1104 0.0128 0.0024 0 0 0 0 0 0 0 0 0 0.0118 0.7582 3.5284 4.4038 2.2628 0.7786 0.2016 0.0496 0.0052 0 0 0 0 0 0 0 0 0.0012 0.0728 0.854 2.532 3.218 2.1536 0.8406 0.2688 0.0562 0.0028 0 0 0 0 0 0 0 0 0.0058 0.1106 0.6636 1.7284 2.3454 1.943 0.8638 0.2666 0.068 0.0048 0 0 0 0 0 0 0 0 0.0114 0.0742 0.4222 1.0552 1.6124 1.5218 0.9204 0.301 0.0756 0.0058 0 0 0 0 
0 0 0 0 0 0 0 0 0 0 0 0 0 0 0 0 0.1846 5.155 6.1136 1.9688 0.488 0.0838 0.0062 0 0 0 0 0 0 0 0 0 0 0.0178 0.744 3.6056 4.2836 2.2492 0.8352 0.2154 0.0424 0.0068 0 0 0 0 0 0 0 0 0.0006 0.0824 0.8104 2.6022 3.191 2.0742 0.9144 0.262 0.0536 0.0092 0 0 0 0 0 0 0 0 0.0066 0.1138 0.652 1.7646 2.4036 1.7932 0.8978 0.2914 0.0686 0.0084 0 0 0 0 0 0 0 0.0004 0.0192 0.067 0.4162 1.0778 1.6062 1.5118 0.907 0.277 0.1022 0.0152 0 0 0 0 
0 0 0 0 0 0 0 0 0 0 0 0 0 0 0 0 0.2688 5.0562 6.1698 1.9224 0.456 0.1182 0.0058 0.0028 0 0 0 0 0 0 0 0 0 0.0182 0.6882 3.584 4.4704 2.223 0.7428 0.2244 0.0426 0.0064 0 0 0 0 0 0 0 0 0.0026 0.0712 0.7916 2.5676 3.3034 2.0852 0.8182 0.2834 0.07 0.0068 0 0 0 0 0 0 0 0 0.0038 0.1062 0.5986 1.7936 2.4082 1.814 0.8774 0.3036 0.0918 0.0028 0 0 0 0 0 0 0 0 0.0038 0.076 0.419 1.0722 1.6292 1.4666 0.892 0.3354 0.0962 0.0096 0 0 0 0 
0 0 0 0 0 0 0 0 0 0 0 0 0 0 0 0 0.1904 5.1212 6.1142 1.9414 0.5202 0.0968 0.0136 0.0022 0 0 0 0 0 0 0 0 0 0.0136 0.6892 3.6476 4.2928 2.2626 0.8128 0.2398 0.0356 0.005 0.001 0 0 0 0 0 0 0 0.0008 0.0576 0.7962 2.6668 3.1774 2.1 0.8768 0.265 0.0522 0.0058 0.0014 0 0 0 0 0 0 0 0.0026 0.0702 0.6602 1.8196 2.3734 1.9208 0.8244 0.2534 0.0628 0.0118 0.0008 0 0 0 0 0 0 0 0.002 0.0606 0.3578 1.0982 1.6928 1.5302 0.9264 0.2514 0.0692 0.0096 0.0018 0 0 0 
0 0 0 0 0 0 0 0 0 0 0 0 0 0 0 0 0.168 5.0286 6.3552 1.9808 0.4082 0.0572 0.002 0 0 0 0 0 0 0 0 0 0 0.0074 0.6586 3.514 4.486 2.3602 0.785 0.159 0.0298 0 0 0 0 0 0 0 0 0 0 0.0498 0.7326 2.5542 3.289 2.2338 0.897 0.2036 0.037 0.003 0 0 0 0 0 0 0 0 0.0002 0.0786 0.595 1.7898 2.374 1.9552 0.9212 0.2266 0.0538 0.0056 0 0 0 0 0 0 0 0 0.002 0.0706 0.3426 1.0556 1.6572 1.6094 0.9198 0.2808 0.0514 0.0106 0 0 0 0 
0 0 0 0 0 0 0 0 0 0 0 0 0 0 0 0 0.2052 5.2394 5.8602 2.0342 0.5464 0.0858 0.0246 0.003 0.0012 0 0 0 0 0 0 0 0 0.0134 0.7982 3.6228 4.173 2.2294 0.89 0.2152 0.0454 0.011 0.0016 0 0 0 0 0 0 0 0.0014 0.0726 0.8266 2.6536 3.174 2.0686 0.8742 0.2628 0.0542 0.012 0 0 0 0 0 0 0 0 0.0044 0.088 0.6382 1.8714 2.4318 1.775 0.872 0.2674 0.0426 0.0092 0 0 0 0 0 0 0 0 0.0042 0.0706 0.3718 1.0832 1.7334 1.5372 0.8484 0.2848 0.0598 0.0066 0 0 0 0 
0 0 0 0 0 0 0 0 0 0 0 0 0 0 0 0 0.202 5.1658 6.0268 1.9686 0.496 0.1174 0.0234 0 0 0 0 0 0 0 0 0 0 0.0202 0.7884 3.5362 4.273 2.2238 0.7894 0.2874 0.0706 0.011 0 0 0 0 0 0 0 0 0.0036 0.1074 0.9048 2.4528 3.1998 2.0084 0.9134 0.304 0.0918 0.014 0 0 0 0 0 0 0 0 0.0108 0.1636 0.6944 1.6568 2.3548 1.8224 0.8608 0.3224 0.0942 0.0198 0 0 0 0 0 0 0 0 0.0166 0.1224 0.4158 1.0202 1.5476 1.5446 0.868 0.334 0.0962 0.0312 0.0034 0 0 0 
0 0 0 0 0 0 0 0 0 0 0 0 0 0 0 0 0.1872 5.1022 6.1534 1.9568 0.4776 0.1156 0.0072 0 0 0 0 0 0 0 0 0 0 0.0122 0.6552 3.6618 4.3502 2.2306 0.8406 0.2058 0.0428 0.0008 0 0 0 0 0 0 0 0 0.0002 0.0488 0.7502 2.634 3.3186 2.0866 0.8724 0.2458 0.0416 0.0018 0 0 0 0 0 0 0 0 0.0034 0.0532 0.571 1.8612 2.541 1.8382 0.8544 0.2346 0.038 0.005 0 0 0 0 0 0 0 0 0 0.0394 0.3456 1.0752 1.7674 1.5746 0.8482 0.293 0.048 0.0086 0 0 0 0 
0 0 0 0 0 0 0 0 0 0 0 0 0 0 0 0 0.1838 5.0696 6.2266 1.9382 0.4794 0.086 0.0146 0.0018 0 0 0 0 0 0 0 0 0 0.0084 0.639 3.635 4.4118 2.2912 0.7784 0.1984 0.0348 0.003 0 0 0 0 0 0 0 0 0 0.0464 0.7782 2.5738 3.2342 2.153 0.9018 0.2554 0.0512 0.006 0 0 0 0 0 0 0 0 0.0008 0.0596 0.6354 1.778 2.4234 1.829 0.926 0.2878 0.052 0.008 0 0 0 0 0 0 0 0 0 0.0512 0.3594 1.1404 1.599 1.4936 0.9474 0.3278 0.0716 0.0096 0 0 0 0 
0 0 0 0 0 0 0 0 0 0 0 0 0 0 0 0 0.2598 5.1666 5.9512 1.9268 0.5418 0.1312 0.0202 0.0024 0 0 0 0 0 0 0 0 0 0.0176 0.777 3.6306 4.2554 2.1554 0.861 0.2428 0.0502 0.01 0 0 0 0 0 0 0 0 0 0.0694 0.8598 2.6244 3.1668 2.0084 0.8844 0.318 0.0608 0.008 0 0 0 0 0 0 0 0 0.0022 0.0882 0.7128 1.8146 2.3208 1.752 0.8968 0.3396 0.0622 0.0108 0 0 0 0 0 0 0 0 0.0022 0.0688 0.4108 1.1588 1.5742 1.4684 0.8772 0.3488 0.0838 0.007 0 0 0 0 
0 0 0 0 0 0 0 0 0 0 0 0 0 0 0 0 0.1964 5.1282 6.0942 1.9936 0.4804 0.1036 0.0036 0 0 0 0 0 0 0 0 0 0 0.0156 0.7952 3.5446 4.206 2.3262 0.8644 0.217 0.0286 0.0024 0 0 0 0 0 0 0 0 0.0026 0.0824 0.8188 2.5502 3.1814 2.109 0.934 0.281 0.0368 0.0038 0 0 0 0 0 0 0 0 0.0056 0.1062 0.6508 1.7446 2.385 1.8606 0.9248 0.2652 0.0522 0.005 0 0 0 0 0 0 0 0 0.003 0.0768 0.4108 1.0212 1.6642 1.533 0.8788 0.3462 0.0592 0.0068 0 0 0 0 
0 0 0 0 0 0 0 0 0 0 0 0 0 0 0 0 0.2926 4.9312 6.2464 2.0488 0.3966 0.0758 0.0086 0 0 0 0 0 0 0 0 0 0 0.0282 0.7318 3.4168 4.5236 2.317 0.7608 0.2036 0.0182 0 0 0 0 0 0 0 0 0 0.0016 0.1164 0.7982 2.412 3.2596 2.2088 0.8866 0.276 0.04 0.0008 0 0 0 0 0 0 0 0.0008 0.0154 0.1434 0.619 1.654 2.42 1.8636 0.8978 0.3056 0.0778 0.0026 0 0 0 0 0 0 0 0.0002 0.0254 0.1234 0.3646 1.0016 1.6424 1.5256 0.8466 0.35 0.0994 0.0208 0 0 0 0 
0 0 0 0 0 0 0 0 0 0 0 0 0 0 0 0 0.2546 5.0116 6.2266 1.9506 0.4476 0.0886 0.0196 0.0008 0 0 0 0 0 0 0 0 0 0.0144 0.7174 3.5624 4.3454 2.3628 0.7802 0.1728 0.038 0.0066 0 0 0 0 0 0 0 0 0.0006 0.084 0.7628 2.562 3.2082 2.207 0.8834 0.23 0.0438 0.0176 0.0006 0 0 0 0 0 0 0 0.0066 0.11 0.6024 1.6976 2.4918 1.8354 0.9224 0.2732 0.051 0.0096 0 0 0 0 0 0 0 0 0.0062 0.081 0.3882 1.0026 1.7142 1.509 0.862 0.3662 0.0688 0.0018 0 0 0 0 
0 0 0 0 0 0 0 0 0 0 0 0 0 0 0 0 0.17 5.1232 6.222 1.8896 0.4612 0.1022 0.0308 0.001 0 0 0 0 0 0 0 0 0 0.0176 0.7222 3.573 4.3602 2.316 0.7348 0.2158 0.0548 0.0056 0 0 0 0 0 0 0 0 0.0006 0.0696 0.8142 2.5826 3.1896 2.174 0.8436 0.2394 0.0774 0.009 0 0 0 0 0 0 0 0 0.0012 0.0918 0.6502 1.867 2.2972 1.831 0.8974 0.295 0.0562 0.013 0 0 0 0 0 0 0 0 0.0022 0.061 0.4206 1.1398 1.597 1.448 0.8926 0.338 0.0884 0.0122 0.0002 0 0 0 
0 0 0 0 0 0 0 0 0 0 0 0 0 0 0 0 0.1618 5.1846 6.0606 2.0002 0.4688 0.1062 0.0146 0.0032 0 0 0 0 0 0 0 0 0 0.018 0.6954 3.594 4.321 2.3164 0.7718 0.2386 0.0368 0.008 0 0 0 0 0 0 0 0 0.0012 0.0856 0.7316 2.6206 3.2786 2.0828 0.8564 0.283 0.0528 0.0054 0.002 0 0 0 0 0 0 0 0.0146 0.099 0.5782 1.823 2.43 1.837 0.8398 0.3112 0.06 0.0048 0.0024 0 0 0 0 0 0 0.0002 0.0152 0.0734 0.3344 1.0888 1.6856 1.5658 0.8096 0.3214 0.0962 0.0094 0 0 0 0 
0 0 0 0 0 0 0 0 0 0 0 0 0 0 0 0 0.258 5.1634 5.9742 1.992 0.4696 0.1084 0.029 0.0054 0 0 0 0 0 0 0 0 0 0.0242 0.8048 3.5706 4.2242 2.3196 0.772 0.2202 0.053 0.0096 0.0018 0 0 0 0 0 0 0 0 0.0794 0.9036 2.4904 3.1768 2.1532 0.8446 0.2654 0.0736 0.0116 0.0014 0 0 0 0 0 0 0 0.0018 0.1166 0.6654 1.7766 2.3422 1.8502 0.8612 0.2984 0.0724 0.0134 0.0018 0 0 0 0 0 0 0 0.009 0.089 0.383 1.1114 1.6004 1.5398 0.835 0.3296 0.087 0.014 0.0018 0 0 0 
0 0 0 0 0 0 0 0 0 0 0 0 0 0 0 0 0.2808 5.0474 6.0826 2.0516 0.4794 0.0522 0.0048 0.0012 0 0 0 0 0 0 0 0 0 0.0246 0.817 3.5312 4.18 2.3594 0.8348 0.2226 0.027 0.0034 0 0 0 0 0 0 0 0 0.0048 0.1168 0.8796 2.5102 3.0958 2.0872 0.924 0.3274 0.0462 0.008 0 0 0 0 0 0 0 0 0.018 0.1394 0.7016 1.6984 2.2706 1.799 0.9516 0.339 0.071 0.0114 0 0 0 0 0 0 0 0.0004 0.0138 0.1208 0.4448 1.0366 1.5452 1.4164 0.9244 0.394 0.0868 0.016 0.0008 0 0 0 
0 0 0 0 0 0 0 0 0 0 0 0 0 0 0 0 0.2154 5.0942 6.1616 1.9202 0.4986 0.0956 0.012 0.0024 0 0 0 0 0 0 0 0 0 0.0132 0.7172 3.615 4.3196 2.2722 0.7948 0.222 0.0402 0.0042 0.0016 0 0 0 0 0 0 0 0 0.061 0.7568 2.6276 3.3048 2.1124 0.8356 0.2412 0.0524 0.0082 0 0 0 0 0 0 0 0 0.001 0.087 0.6222 1.738 2.5828 1.8206 0.8434 0.2534 0.0402 0.0114 0 0 0 0 0 0 0 0 0.0008 0.0666 0.3336 1.0828 1.724 1.6318 0.8108 0.2834 0.0602 0.005 0.001 0 0 0 
