0.03 0.09 0.15 0.21 0.27 0.33 0.39 0.45 0.51 0.57 0.63 0.69 0.75 0.81 0.87 0.93 0.99 1.05 1.11 1.17 1.23 1.29 1.35 1.41 1.47 1.53 1.59 1.65 1.71 1.77 1.83 1.89 1.95 2.01 2.07 2.13 2.19 2.25 2.31 2.37 2.43 2.49 2.55 2.61 2.67 2.73 2.79 2.85 2.91 2.97 3.03 3.09 3.15 3.21 3.27 3.33 3.39 3.45 3.51 3.57 3.63 3.69 3.75 3.81 3.87 3.93 3.99 4.05 4.11 4.17 4.23 4.29 4.35 4.41 4.47 4.53 4.59 4.65 4.71 4.77 4.83 4.89 4.95 5.01 5.07 5.13 5.19 5.25 5.31 5.37 5.43 5.49 5.55 5.61 5.67 5.73 5.79 5.85 5.91 5.97 
0 0 0 0 0 0 0 0 0 0 0 0 0 0 0 0 0 0.4152 4.391 4.362 1.7778 1.082 0.4418 0.1054 0.0262 0 0 0 0 0 0 0 0 0 0 0.039 1.0678 3.115 3.0658 1.4548 1.1884 0.5614 0.273 0.036 0 0 0 0 0 0 0 0 0 0.0044 0.148 1.0548 2.4392 2.1028 1.3108 1.1192 0.5892 0.2202 0.0124 0 0 0 0 0 0 0 0 0 0.0036 0.186 0.7592 1.6306 1.6872 1.2634 0.8754 0.4924 0.2766 0.0264 0 0 0 0 0 0 0 0 0 0 0.11 0.3522 0.9034 1.3672 1.1804 0.8266 0.4112 0.2274 
0 0 0 0 0 0 0 0 0 0 0 0 0 0 0 0 0 0.2796 4.169 4.9074 2.6776 1.269 0.5952 0.093 0.0092 0 0 0 0 0 0 0 0 0 0 0.0164 0.7968 2.7446 3.4574 2.2132 1.5154 0.7632 0.384 0.097 0.012 0 0 0 0 0 0 0 0 0 0.0516 0.7808 1.9236 2.4728 2.0656 1.3136 0.8056 0.408 0.1584 0.02 0 0 0 0 0 0 0 0 0 0.0664 0.4446 1.3768 1.665 1.808 1.3192 0.705 0.4216 0.1672 0.0262 0 0 0 0 0 0 0 0 0 0.001 0.2188 0.6644 1.0288 1.4542 1.1742 0.7482 0.4256 
0 0 0 0 0 0 0 0 0 0 0 0 0 0 0 0 0 0.3866 4.0668 4.8602 2.5116 1.385 0.667 0.1228 0 0 0 0 0 0 0 0 0 0 0 0.0542 0.836 2.7574 3.1208 2.2968 1.4522 0.8984 0.4394 0.1252 0.0196 0 0 0 0 0 0 0 0 0.0028 0.0972 0.8472 2.0462 2.112 1.9184 1.3718 0.8558 0.5284 0.1766 0.016 0.0276 0 0 0 0 0 0 0 0 0.0974 0.5094 1.429 1.63 1.5422 1.066 0.9686 0.439 0.2518 0.0402 0.0138 0.0126 0 0 0 0 0 0 0 0.0282 0.2218 0.6572 1.235 1.2618 0.9894 0.6112 0.566 
0 0 0 0 0 0 0 0 0 0 0 0 0 0 0 0 0 0.5272 4.7084 4.4084 2.0432 1.4192 0.6616 0.17 0.062 0 0 0 0 0 0 0 0 0 0 0.0704 1.2176 3.221 2.7986 1.8068 1.5054 0.9364 0.3462 0.0936 0.004 0 0 0 0 0 0 0 0 0.015 0.2788 1.2138 2.0826 1.88 1.691 1.5498 0.8414 0.3342 0.1134 0 0 0 0 0 0 0 0 0 0.0394 0.2714 0.9096 1.3664 1.3854 1.4074 1.2898 0.8504 0.3558 0.099 0.0254 0 0 0 0 0 0 0 0.004 0.0144 0.1356 0.5066 0.7394 0.9636 1.286 1.114 0.5828 0.4466 
0 0 0 0 0 0 0 0 0 0 0 0 0 0 0 0 0 0.3128 4.2114 4.5784 2.525 1.4124 0.737 0.1912 0.0318 0 0 0 0 0 0 0 0 0 0 0.0516 0.7594 2.9666 3.1204 1.963 1.4776 0.9422 0.4932 0.1576 0.0548 0.0136 0 0 0 0 0 0 0 0 0.1488 0.6932 1.9522 2.3612 1.676 1.4958 0.9168 0.4532 0.2076 0.0552 0.0318 0.0082 0 0 0 0 0 0 0.0156 0.1432 0.4556 1.1 1.695 1.6268 1.392 0.8842 0.3912 0.219 0.0416 0.0196 0.0162 0 0 0 0 0 0 0.0174 0.0582 0.2036 0.5074 0.9214 1.248 1.3198 0.96 0.4544 
0 0 0 0 0 0 0 0 0 0 0 0 0 0 0 0 0.0026 0.3956 4.1018 5.0276 2.5094 1.1812 0.4992 0.2206 0.062 0 0 0 0 0 0 0 0 0 0 0.0886 0.8728 2.8098 3.2154 2.2376 1.4774 0.756 0.3704 0.147 0.025 0 0 0 0 0 0 0 0 0.0028 0.176 0.8516 1.967 2.2744 2.0022 1.3216 0.7782 0.4552 0.1404 0.0306 0 0 0 0 0 0 0 0 0 0.1564 0.5476 1.316 1.7422 1.6866 1.1834 0.7012 0.5012 0.1146 0.0508 0 0 0 0 0 0 0 0 0 0.0512 0.2628 0.6596 1.0892 1.3046 1.2264 0.771 0.4734 
0 0 0 0 0 0 0 0 0 0 0 0 0 0 0 0 0 0.2942 3.5764 5.1836 2.6708 1.426 0.6852 0.1072 0.0566 0 0 0 0 0 0 0 0 0 0 0.028 0.587 2.2044 3.6444 2.2318 1.6688 0.94 0.5236 0.1498 0.0128 0.0094 0 0 0 0 0 0 0 0 0.0708 0.517 1.449 2.4972 2.1218 1.4686 1.0746 0.5006 0.268 0.0168 0.0156 0 0 0 0 0 0 0 0 0.0616 0.283 0.8262 1.5894 1.9514 1.3496 1.05 0.553 0.278 0.0578 0 0 0 0 0 0 0 0 0 0.0102 0.104 0.3522 0.8762 1.1744 1.3356 1.0436 0.6584 
0 0 0 0 0 0 0 0 0 0 0 0 0 0 0 0 0 0.3246 3.9948 4.9342 2.526 1.2092 0.654 0.2568 0.0814 0.019 0 0 0 0 0 0 0 0 0 0.0348 0.7132 2.7174 3.3474 2.1674 1.4282 0.8756 0.4546 0.19 0.0438 0.0118 0.0158 0 0 0 0 0 0 0.0046 0.1046 0.6688 1.815 2.4986 1.8594 1.348 0.9288 0.4248 0.2326 0.0782 0.0352 0.0014 0 0 0 0 0 0 0 0.1022 0.4288 1.258 1.6004 1.5798 1.4432 0.7872 0.4062 0.2296 0.1298 0.0212 0.0136 0 0 0 0 0 0 0 0.035 0.2076 0.6032 0.844 1.3686 1.167 0.863 0.5244 
0 0 0 0 0 0 0 0 0 0 0 0 0 0 0 0 0 0.469 4.7556 4.6928 2.336 1.1842 0.3902 0.0878 0.045 0.0162 0.0232 0 0 0 0 0 0 0 0 0.0526 1.0184 3.5402 3.1742 1.7938 1.3572 0.6612 0.183 0.1416 0.0288 0.0426 0.0064 0 0 0 0 0 0 0.0086 0.1656 1.1026 2.4658 2.4912 1.6596 1.0608 0.6212 0.2266 0.1198 0.0414 0.0268 0.01 0 0 0 0 0 0 0.015 0.1288 0.718 1.7592 2.0756 1.5334 0.9088 0.4434 0.2628 0.0732 0.0506 0.023 0.0082 0 0 0 0 0 0 0.0086 0.0286 0.3008 0.946 1.6396 1.4002 0.8684 0.462 0.2144 
0 0 0 0 0 0 0 0 0 0 0 0 0 0 0 0 0.0026 0.38 4.468 4.8614 2.3732 1.1962 0.4286 0.2018 0.0398 0.03 0.0184 0 0 0 0 0 0 0 0.0058 0.0524 1.0506 3.0152 3.2038 1.9772 1.3862 0.7388 0.4158 0.0838 0.05 0.0204 0 0 0 0 0 0 0 0.011 0.1924 1.022 2.1072 2.2794 1.769 1.2258 0.7894 0.4242 0.115 0.0238 0.0408 0 0 0 0 0 0 0 0.0174 0.1194 0.8142 1.3766 1.7648 1.3638 1.2152 0.8218 0.3468 0.0804 0.0542 0.0254 0 0 0 0 0 0 0 0 0.0946 0.3606 0.8 1.1316 1.2542 0.9506 0.8172 0.3788 
0 0 0 0 0 0 0 0 0 0 0 0 0 0 0 0 0 0.3478 4.0196 4.8504 2.6502 1.238 0.633 0.23 0.0254 0.0056 0 0 0 0 0 0 0 0 0 0.013 0.6922 2.862 3.1414 2.358 1.3674 0.8768 0.5128 0.1466 0.013 0.0168 0 0 0 0 0 0 0 0 0.0522 0.6476 1.9732 2.371 1.796 1.4044 0.9648 0.5798 0.166 0.0382 0.0068 0 0 0 0 0 0 0 0.001 0.0682 0.437 1.2648 1.5304 1.7424 1.123 0.9502 0.5974 0.2078 0.0692 0.0086 0 0 0 0 0 0 0 0 0.0286 0.1792 0.4606 1.0612 1.3912 1.1108 0.7988 0.623 
0 0 0 0 0 0 0 0 0 0 0 0 0 0 0 0 0 0.5166 4.6902 4.3616 2.3528 1.2332 0.5478 0.2356 0.0482 0.014 0 0 0 0 0 0 0 0 0.002 0.0736 1.2202 3.2618 2.8054 2.0514 1.228 0.8464 0.3358 0.0972 0.0566 0.0216 0 0 0 0 0 0 0 0.0276 0.2662 1.1416 2.216 1.9774 1.9336 1.1826 0.7354 0.3288 0.103 0.0772 0.0106 0 0 0 0 0 0 0.0096 0.0468 0.186 0.9978 1.3334 1.585 1.5452 1.1312 0.6508 0.3106 0.1122 0.0914 0 0 0 0 0 0 0 0.0114 0.023 0.0742 0.4732 0.8484 1.2732 1.108 0.9704 0.6252 0.2902 
0 0 0 0 0 0 0 0 0 0 0 0 0 0 0 0 0 0.5198 4.6976 4.5996 2.311 1.336 0.4396 0.0872 0.0092 0 0 0 0 0 0 0 0 0 0 0.0886 1.2976 3.1932 2.9654 1.9042 1.4482 0.829 0.2494 0.0244 0 0 0 0 0 0 0 0 0 0 0.2196 1.377 2.2376 1.9956 1.746 1.3994 0.8186 0.1798 0.0264 0 0 0 0 0 0 0 0 0 0 0.1994 0.9792 1.5838 1.6144 1.5892 1.1164 0.6474 0.2186 0.041 0.0106 0 0 0 0 0 0 0 0 0 0.1308 0.4148 0.8932 1.402 1.2236 1.0198 0.5988 0.2384 
0 0 0 0 0 0 0 0 0 0 0 0 0 0 0 0 0 0.4056 4.4772 4.5368 2.2608 1.3504 0.6644 0.235 0.0634 0.0064 0 0 0 0 0 0 0 0 0 0.028 0.9648 3.162 3.0648 1.8292 1.2768 1.0498 0.4624 0.1294 0.0268 0.006 0 0 0 0 0 0 0 0 0.0932 0.9464 2.3338 2.2224 1.607 1.1858 0.9526 0.4216 0.1814 0.0364 0.0194 0 0 0 0 0 0 0 0 0.089 0.693 1.4698 1.6964 1.4008 1.2536 0.806 0.4092 0.1216 0.0554 0.0052 0 0 0 0 0 0 0 0.0032 0.047 0.2984 0.7832 1.053 1.233 1.0474 0.8296 0.5622 
0 0 0 0 0 0 0 0 0 0 0 0 0 0 0 0 0 0.5612 4.7384 4.6024 2.2288 1.2874 0.4616 0.0894 0.0284 0.0024 0 0 0 0 0 0 0 0 0 0.1416 1.247 3.253 3.1074 1.8856 1.2792 0.689 0.3066 0.0606 0.03 0 0 0 0 0 0 0 0 0.0232 0.3658 1.1956 2.2058 2.3924 1.5584 1.1916 0.6378 0.3098 0.0764 0.0432 0 0 0 0 0 0 0 0.0078 0.0936 0.3106 0.7106 1.6398 1.848 1.5222 0.9026 0.574 0.2758 0.0676 0.0386 0.0088 0 0 0 0 0 0 0.008 0.07 0.2024 0.3554 0.9032 1.2412 1.3056 1.0334 0.4896 0.261 
0 0 0 0 0 0 0 0 0 0 0 0 0 0 0 0 0.0026 0.2958 3.858 4.855 2.4438 1.4686 0.8092 0.2592 0.0078 0 0 0 0 0 0 0 0 0 0.0078 0.0344 0.6952 2.6974 3.0652 2.1468 1.566 1.0042 0.5738 0.1646 0.0378 0.0068 0 0 0 0 0 0 0 0 0.0908 0.6482 1.733 2.377 1.8462 1.4878 0.9148 0.5262 0.3006 0.0754 0 0 0 0 0 0 0 0 0 0.0436 0.4166 0.9552 1.6794 1.7334 1.4418 0.899 0.4968 0.2882 0.046 0 0 0 0 0 0 0 0 0 0.0088 0.168 0.34 0.9154 1.2378 1.4254 1.0218 0.5876 
0 0 0 0 0 0 0 0 0 0 0 0 0 0 0 0 0 0.3612 4.4276 4.7996 2.4172 1.3738 0.4902 0.0888 0.0416 0 0 0 0 0 0 0 0 0 0 0.0202 0.8962 3.1154 3.0598 2.0804 1.6832 0.7338 0.2626 0.0912 0.0282 0.029 0 0 0 0 0 0 0 0 0.0506 0.9798 2.2488 1.9996 1.9314 1.504 0.8348 0.3092 0.0762 0.0178 0.0256 0.0172 0.005 0 0 0 0 0 0 0.08 0.7282 1.5388 1.4388 1.5806 1.2226 0.8464 0.4292 0.0686 0.0094 0.0124 0.045 0 0 0 0 0 0 0 0.0412 0.3036 0.8616 1.1552 1.201 0.9378 0.783 0.4292 
0 0 0 0 0 0 0 0 0 0 0 0 0 0 0 0 0 0.4356 3.9282 4.7542 2.9486 1.042 0.6168 0.1874 0.0834 0.0038 0 0 0 0 0 0 0 0 0 0.0502 0.8816 2.541 3.2228 2.2812 1.5032 0.9234 0.4304 0.1202 0.0434 0.0026 0 0 0 0 0 0 0 0 0.1624 0.778 1.7208 2.3274 2.0616 1.378 0.809 0.4582 0.2116 0.088 0.005 0 0 0 0 0 0 0 0.0204 0.191 0.3606 1.0194 1.8226 1.8314 1.2296 0.7412 0.4458 0.182 0.1514 0.0046 0 0 0 0 0 0 0 0.0272 0.09 0.1558 0.3774 1.106 1.5164 1.214 0.6582 0.4152 
0 0 0 0 0 0 0 0 0 0 0 0 0 0 0 0 0 0.3824 4.027 5.03 2.4858 1.3424 0.5466 0.1816 0.0042 0 0 0 0 0 0 0 0 0 0 0.0608 0.7506 2.7034 3.4086 2.1514 1.5312 0.8422 0.4004 0.136 0.0154 0 0 0 0 0 0 0 0 0.0076 0.1034 0.7164 1.9108 2.4096 1.8582 1.484 0.9186 0.3742 0.1616 0.0556 0 0 0 0 0 0 0 0 0.01 0.1376 0.4506 1.13 1.7424 1.4562 1.6454 0.847 0.3358 0.1418 0.1032 0 0 0 0 0 0 0 0 0 0.1018 0.1976 0.5196 0.967 1.3502 1.2988 0.9026 0.3982 
0 0 0 0 0 0 0 0 0 0 0 0 0 0 0 0 0 0.3924 4.292 4.7722 2.51 1.242 0.6166 0.1312 0.036 0.0076 0 0 0 0 0 0 0 0 0 0.0642 0.8518 3.0532 3.1846 2.0144 1.4922 0.8064 0.3938 0.1158 0.0236 0 0 0 0 0 0 0 0 0.0224 0.1382 0.8212 2.0712 2.4652 1.7018 1.4362 0.782 0.3764 0.1556 0.0298 0 0 0 0 0 0 0 0 0.0456 0.1034 0.571 1.2896 1.7384 1.7508 1.295 0.6494 0.3844 0.1392 0.0332 0 0 0 0 0 0 0 0 0.0294 0.0694 0.2012 0.6318 1.1588 1.399 1.2238 0.7266 0.3846 
0 0 0 0 0 0 0 0 0 0 0 0 0 0 0 0 0 0.2908 3.8768 5.109 2.8146 1.1856 0.4832 0.1516 0.044 0.037 0.0074 0 0 0 0 0 0 0 0 0.0244 0.646 2.565 3.3178 2.6708 1.4458 0.7154 0.3488 0.1536 0.0644 0.048 0 0 0 0 0 0 0 0 0.0416 0.6068 1.6942 2.5034 2.2354 1.4222 0.776 0.4102 0.2062 0.0608 0.0306 0.0126 0 0 0 0 0 0 0 0.0446 0.3718 1.0072 1.642 2.1402 1.2672 0.8236 0.4148 0.1798 0.0706 0.0332 0.005 0 0 0 0 0 0 0 0.0182 0.1276 0.4656 0.872 1.5732 1.3576 0.7552 0.416 
0 0 0 0 0 0 0 0 0 0 0 0 0 0 0 0 0 0.326 4.0736 4.7522 2.4854 1.428 0.7344 0.176 0.0244 0 0 0 0 0 0 0 0 0 0 0.0486 0.7526 2.8544 3.0478 2.1032 1.3978 1.033 0.5646 0.1872 0.0108 0 0 0 0 0 0 0 0 0.0024 0.1236 0.7512 1.9186 2.1778 1.7906 1.4624 0.9558 0.524 0.2238 0.0698 0 0 0 0 0 0 0 0 0.0014 0.1198 0.565 1.0336 1.7608 1.3944 1.3436 0.9462 0.4878 0.2372 0.1018 0.0084 0 0 0 0 0 0 0 0 0.0556 0.2462 0.543 0.9318 1.208 1.188 0.9112 0.482 
0 0 0 0 0 0 0 0 0 0 0 0 0 0 0 0 0 0.3732 4.4688 4.6834 2.3778 1.4274 0.4854 0.1558 0.026 0.0022 0 0 0 0 0 0 0 0 0 0.0318 0.8464 3.262 3.1066 2.0818 1.3446 0.8964 0.3018 0.1152 0.0134 0 0 0 0 0 0 0 0 0 0.093 0.9308 2.1226 2.3414 2.026 1.2192 0.7564 0.3864 0.123 0.0012 0 0 0 0 0 0 0 0 0 0.0862 0.5686 1.4494 1.7436 1.774 1.1874 0.7532 0.3228 0.1128 0.002 0 0 0 0 0 0 0 0 0 0.0238 0.2156 0.6778 1.2384 1.611 1.0546 0.6916 0.3992 
0 0 0 0 0 0 0 0 0 0 0 0 0 0 0 0 0 0.3858 3.9998 4.7414 2.1708 1.5954 0.7876 0.292 0.0272 0 0 0 0 0 0 0 0 0 0 0.111 0.6736 2.8074 3.0444 1.9752 1.4802 0.9894 0.5878 0.2842 0.0448 0.002 0 0 0 0 0 0 0 0.0192 0.1132 0.722 1.659 2.3636 2.0228 1.13 0.9034 0.6666 0.3086 0.0916 0 0 0 0 0 0 0 0 0.0232 0.0712 0.4692 0.9302 1.8818 1.5974 1.1508 0.8926 0.621 0.3176 0.0404 0.0046 0 0 0 0 0 0 0 0.0078 0.0176 0.2142 0.451 1.0116 1.228 0.9876 0.9908 0.6672 
0 0 0 0 0 0 0 0 0 0 0 0 0 0 0 0 0.0032 0.322 4.0834 5.1 2.6482 1.2686 0.4912 0.0834 0 0 0 0 0 0 0 0 0 0 0.0032 0.0622 0.796 2.666 3.3134 2.3786 1.6968 0.7702 0.2116 0.0968 0.0052 0 0 0 0 0 0 0 0 0 0.1576 0.7108 1.7526 2.5044 1.9926 1.6648 0.884 0.1996 0.0934 0.0402 0 0 0 0 0 0 0 0 0.0116 0.1112 0.4516 1.0836 1.8756 1.7582 1.624 0.6944 0.2198 0.1302 0.03 0.0098 0 0 0 0 0 0 0 0.0082 0.0386 0.1572 0.6158 1.0958 1.4608 1.3702 0.6992 0.2972 
0 0 0 0 0 0 0 0 0 0 0 0 0 0 0 0 0 0.4988 4.27 4.6472 2.4218 1.3324 0.5884 0.2034 0.029 0.009 0 0 0 0 0 0 0 0 0 0.057 1.1102 2.7388 3.241 2.0574 1.2718 0.8932 0.4524 0.133 0.0452 0 0 0 0 0 0 0 0 0.0096 0.2144 1.0666 1.966 2.147 1.7486 1.3492 0.8236 0.3976 0.2384 0.0206 0.0184 0 0 0 0 0 0 0 0.0214 0.2142 0.7164 1.2862 1.5852 1.5216 1.365 0.5914 0.3818 0.2702 0.0318 0.0148 0 0 0 0 0 0 0 0.0248 0.0658 0.472 0.6366 0.8676 1.2814 1.316 0.6506 0.3548 
0 0 0 0 0 0 0 0 0 0 0 0 0 0 0 0 0 0.507 3.894 4.9296 2.5488 1.4546 0.473 0.1192 0.0694 0.0044 0 0 0 0 0 0 0 0 0 0.1278 1.0242 2.3576 3.2076 2.389 1.3252 1.0758 0.3016 0.1114 0.079 0.0008 0 0 0 0 0 0 0 0.0152 0.334 0.7652 1.6386 2.2412 2.05 1.3452 0.96 0.4174 0.1134 0.0846 0.0352 0 0 0 0 0 0 0.0026 0.0946 0.2528 0.4538 1.0966 1.5364 1.6156 1.368 0.9044 0.4408 0.1304 0.0656 0.0312 0.0072 0 0 0 0 0 0.0084 0.073 0.1506 0.1968 0.5682 0.9328 1.1456 1.1472 0.9668 0.5144 
0 0 0 0 0 0 0 0 0 0 0 0 0 0 0 0 0.0026 0.3592 4.288 4.7688 2.8172 1.1448 0.4056 0.1714 0.0336 0.0088 0 0 0 0 0 0 0 0 0 0.074 0.8776 2.9282 3.1588 2.2962 1.4132 0.7138 0.2788 0.124 0.1052 0.0302 0 0 0 0 0 0 0 0 0.2036 0.7628 2.0552 2.3714 1.9458 1.3262 0.7594 0.3006 0.1488 0.0828 0.043 0.0004 0 0 0 0 0 0 0.0058 0.1484 0.5328 1.3514 1.7674 1.6856 1.2806 0.6618 0.2962 0.1734 0.0556 0.041 0 0 0 0 0 0 0 0 0.0184 0.3112 0.5302 1.4062 1.3808 0.9694 0.6998 0.4002 
0 0 0 0 0 0 0 0 0 0 0 0 0 0 0 0 0 0.3896 4.157 4.97 2.3306 1.1384 0.6996 0.2868 0.028 0 0 0 0 0 0 0 0 0 0 0.0556 0.9068 2.736 3.3092 2.1094 1.3872 0.8472 0.4196 0.217 0.012 0 0 0 0 0 0 0 0 0 0.1338 0.8054 1.8878 2.4544 1.863 1.2568 0.9112 0.4162 0.2662 0.0052 0 0 0 0 0 0 0 0 0 0.1142 0.5416 1.231 1.8236 1.5408 1.2564 0.7666 0.5048 0.1744 0.0412 0.0054 0 0 0 0 0 0 0 0.0066 0.0292 0.2384 0.5824 1.1256 1.2698 1.2764 0.7302 0.4844 
0 0 0 0 0 0 0 0 0 0 0 0 0 0 0 0 0 0.3554 3.5708 5.058 2.5614 1.4712 0.5258 0.312 0.0928 0.039 0.0136 0 0 0 0 0 0 0 0 0.0706 0.711 2.305 3.2302 2.3778 1.3502 1.0882 0.5106 0.2006 0.1008 0.0454 0.0096 0 0 0 0 0 0 0.0194 0.1226 0.6134 1.7232 2.091 1.9072 1.2944 1.0656 0.6822 0.2698 0.1504 0.058 0.0028 0 0 0 0 0 0.0026 0.029 0.1036 0.4106 0.9264 1.7726 1.2924 1.1486 1.0716 0.6558 0.284 0.192 0.1046 0.0062 0 0 0 0 0 0 0.0074 0.0818 0.1834 0.3982 0.9626 1.1436 0.9728 0.8488 0.6282 
0 0 0 0 0 0 0 0 0 0 0 0 0 0 0 0 0 0.3926 4.3406 4.7234 2.5566 1.1918 0.5592 0.173 0.0628 0 0 0 0 0 0 0 0 0 0 0.069 0.8992 3.0524 3.2188 2.085 1.3162 0.8424 0.3404 0.1424 0.0342 0 0 0 0 0 0 0 0 0.0196 0.138 0.8832 2.041 2.308 1.898 1.301 0.839 0.4102 0.1242 0.033 0.0048 0 0 0 0 0 0 0 0.0224 0.1844 0.6144 1.1918 1.6562 1.751 1.2498 0.7952 0.3786 0.1274 0.0288 0 0 0 0 0 0 0 0 0.0122 0.0492 0.395 0.6214 0.988 1.3258 1.2186 0.7932 0.401 
0 0 0 0 0 0 0 0 0 0 0 0 0 0 0 0 0 0.5322 4.2324 4.4144 2.571 1.2858 0.679 0.2348 0.0404 0.01 0 0 0 0 0 0 0 0 0 0.0976 1.135 2.7538 2.734 2.122 1.4284 1.025 0.467 0.1746 0.0626 0 0 0 0 0 0 0 0 0.0158 0.239 0.9066 2.0652 2.0458 1.5892 1.2782 0.9414 0.5418 0.2714 0.0746 0.0192 0.0118 0 0 0 0 0 0 0.026 0.2298 0.5946 1.343 1.8056 1.2108 1.0842 0.7534 0.4604 0.3278 0.097 0.043 0.0244 0 0 0 0 0 0 0.0218 0.1156 0.2514 0.6768 1.1714 1.2642 0.873 0.6334 0.404 
0 0 0 0 0 0 0 0 0 0 0 0 0 0 0 0 0.003 0.3224 3.8964 4.7744 2.7302 1.3338 0.638 0.1954 0.1008 0.0056 0 0 0 0 0 0 0 0 0 0.0542 0.7628 2.5072 3.0902 2.4294 1.6156 0.828 0.4474 0.1824 0.0658 0.017 0 0 0 0 0 0 0 0.012 0.1288 0.638 1.6234 2.2712 2.0336 1.6938 0.7746 0.4358 0.2478 0.1062 0.0348 0 0 0 0 0 0 0 0.01 0.122 0.331 1.0406 1.6928 1.6218 1.4466 0.888 0.409 0.248 0.1212 0.042 0.027 0 0 0 0 0 0 0.012 0.0454 0.1148 0.4358 1.053 1.2086 1.285 0.8736 0.48 
0 0 0 0 0 0 0 0 0 0 0 0 0 0 0 0 0 0.4458 4.2226 4.8628 2.308 1.3902 0.4326 0.2612 0.073 0.0038 0 0 0 0 0 0 0 0 0.0034 0.067 0.9892 2.776 3.1268 2.3632 1.2586 0.8234 0.3474 0.1368 0.0934 0.0148 0 0 0 0 0 0 0 0.0094 0.1614 0.9852 1.9502 2.1136 1.9586 1.459 0.6614 0.4398 0.1782 0.075 0.0082 0 0 0 0 0 0 0 0.0196 0.2182 0.5912 1.2352 1.644 1.6254 1.3024 0.707 0.3568 0.2184 0.0818 0 0 0 0 0 0 0 0 0.0122 0.1152 0.206 0.7952 1.0122 1.1092 1.2288 0.8 0.387 
0 0 0 0 0 0 0 0 0 0 0 0 0 0 0 0 0.0006 0.5682 4.615 4.5624 2.2552 1.0884 0.6252 0.221 0.064 0 0 0 0 0 0 0 0 0 0.0078 0.1732 1.128 3.251 2.9032 1.9382 1.192 0.722 0.472 0.157 0.0556 0 0 0 0 0 0 0 0.0026 0.0598 0.2822 1.1276 2.2368 2.1484 1.657 1.1088 0.7292 0.4578 0.1342 0.0518 0.0038 0 0 0 0 0 0 0.048 0.0552 0.241 0.728 1.4416 1.8776 1.4378 0.8652 0.7776 0.362 0.127 0.039 0 0 0 0 0 0 0.013 0.0516 0.0608 0.0966 0.3436 0.7568 1.2552 1.1202 1.0866 0.6712 0.378 
0 0 0 0 0 0 0 0 0 0 0 0 0 0 0 0 0 0.4466 4.8482 4.5366 2.341 1.094 0.5036 0.1856 0.0384 0.006 0 0 0 0 0 0 0 0 0 0.07 0.987 3.3702 3.3288 1.8546 1.3744 0.5956 0.2406 0.1458 0.033 0 0 0 0 0 0 0 0 0.0184 0.167 0.9756 2.3466 2.5516 1.5508 1.3438 0.6302 0.259 0.1282 0.0288 0 0 0 0 0 0 0 0.007 0.033 0.1632 0.6778 1.5226 1.8436 1.6452 1.23 0.5086 0.2298 0.1246 0.0146 0 0 0 0 0 0 0 0.0076 0.0384 0.091 0.3702 0.7892 1.1416 1.56 1.1048 0.5372 0.2084 
0 0 0 0 0 0 0 0 0 0 0 0 0 0 0 0 0 0.4752 4.5076 4.2916 2.1904 1.6588 0.599 0.1858 0.0672 0.0244 0 0 0 0 0 0 0 0 0 0.0454 1.2252 3.0298 2.8114 1.7014 1.4688 1.0082 0.4452 0.1752 0.0542 0.0218 0.0134 0 0 0 0 0 0 0 0.224 1.1334 2.0896 2.1362 1.4932 1.1942 0.9358 0.4532 0.1762 0.123 0.0296 0.0116 0 0 0 0 0 0 0.03 0.1632 0.7374 1.4472 1.5854 1.327 1.236 0.804 0.3784 0.1566 0.1214 0.0134 0 0 0 0 0 0 0 0.0108 0.0768 0.2776 0.7848 1.1732 1.113 1.126 0.712 0.3708 
0 0 0 0 0 0 0 0 0 0 0 0 0 0 0 0 0 0.5196 4.1516 4.7682 2.7186 1.1306 0.5068 0.176 0.022 0.0066 0 0 0 0 0 0 0 0 0 0.1076 1.0504 2.8136 3.0382 2.3046 1.4294 0.5804 0.4934 0.1598 0.0226 0 0 0 0 0 0 0 0 0.0156 0.1938 1.0426 1.958 2.0992 2.0022 1.335 0.627 0.4858 0.192 0.0272 0.0216 0 0 0 0 0 0 0.008 0.0314 0.2366 0.6854 1.1616 1.6838 1.512 1.2884 0.7596 0.4188 0.1596 0.0258 0.0116 0.0174 0 0 0 0 0 0 0.0442 0.0982 0.3668 0.6508 1.0172 1.2328 1.1546 0.7626 0.455 
0 0 0 0 0 0 0 0 0 0 0 0 0 0 0 0 0 0.4286 4.7424 5.164 2.0578 0.9874 0.44 0.1524 0.0274 0 0 0 0 0 0 0 0 0 0 0.0664 1.1842 3.2402 3.4426 1.9276 1.2012 0.5908 0.2376 0.0832 0.0262 0 0 0 0 0 0 0 0 0.0084 0.194 1.1842 2.3434 2.3608 1.8106 1.28 0.5392 0.1636 0.1158 0 0 0 0 0 0 0 0 0 0.0156 0.2316 0.8366 1.5898 1.7782 1.7926 1.0506 0.3982 0.2476 0.0592 0 0 0 0 0 0 0 0 0 0.0024 0.1136 0.4352 0.9436 1.3278 1.4014 1.0264 0.4642 0.2182 
0 0 0 0 0 0 0 0 0 0 0 0 0 0 0 0 0 0.4488 4.455 5.0354 2.2894 1.0372 0.4786 0.1976 0.058 0 0 0 0 0 0 0 0 0 0 0.1104 0.9612 3.0226 3.3722 2.1686 1.259 0.6638 0.2592 0.137 0.046 0 0 0 0 0 0 0 0 0.0152 0.2554 0.8744 2.098 2.5194 1.7616 1.3334 0.6388 0.2894 0.1576 0.0376 0.0192 0 0 0 0 0 0 0 0.0344 0.2604 0.5744 1.4304 1.7316 1.681 1.2142 0.539 0.3274 0.1436 0.044 0.0196 0 0 0 0 0 0 0.0088 0.0626 0.106 0.3796 0.6966 1.1458 1.2684 1.1198 0.5976 0.3996 
0 0 0 0 0 0 0 0 0 0 0 0 0 0 0 0 0 0.4408 4.264 4.9362 2.5156 1.1778 0.449 0.1428 0.0604 0.0134 0 0 0 0 0 0 0 0 0.003 0.0732 0.8358 2.9084 3.359 2.2332 1.2516 0.8354 0.3774 0.0576 0.0368 0.0212 0.0074 0 0 0 0 0 0 0.0096 0.1942 0.75 2.0332 2.311 2.0496 1.2128 0.878 0.3904 0.08 0.0506 0.0406 0 0 0 0 0 0 0 0.0324 0.1688 0.4822 1.3934 1.6868 1.6144 1.2146 0.8178 0.398 0.0974 0.0758 0.0184 0 0 0 0 0 0 0.01 0.0246 0.1082 0.2286 0.6018 1.2784 1.1236 1.0794 0.844 0.4374 
0 0 0 0 0 0 0 0 0 0 0 0 0 0 0 0 0 0.5634 4.4706 4.651 2.1228 1.3316 0.565 0.2016 0.094 0 0 0 0 0 0 0 0 0 0 0.0862 1.3082 2.8366 2.9514 2.174 1.2364 0.7694 0.4282 0.147 0.0604 0.0022 0 0 0 0 0 0 0 0.0046 0.3182 1.12 1.9938 2.1452 1.7882 1.2902 0.7368 0.334 0.1918 0.0684 0.0088 0 0 0 0 0 0 0 0.0254 0.305 0.7366 1.333 1.6388 1.5088 1.2164 0.6488 0.3578 0.153 0.0736 0.0028 0 0 0 0 0 0 0 0.0226 0.1488 0.2564 0.8226 1.232 1.2768 0.8992 0.7052 0.411 
0 0 0 0 0 0 0 0 0 0 0 0 0 0 0 0 0 0.5326 4.4014 4.8086 2.2558 1.3214 0.5052 0.1674 0.0076 0 0 0 0 0 0 0 0 0 0.0052 0.1192 1.011 3.1186 3.0936 2.0072 1.3552 0.8438 0.3448 0.1014 0 0 0 0 0 0 0 0 0.0148 0.028 0.2462 1.0362 1.9822 2.3522 1.783 1.2032 0.7412 0.471 0.1354 0.0066 0 0 0 0 0 0 0.0096 0.0076 0.05 0.2704 0.7288 1.4022 1.4654 1.5876 1.1942 0.695 0.425 0.1372 0.027 0 0 0 0 0 0 0 0.031 0.0352 0.1372 0.4604 0.6764 1.0918 1.226 0.9652 0.7134 0.3942 
0 0 0 0 0 0 0 0 0 0 0 0 0 0 0 0 0 0.3802 3.7568 5.1788 2.445 1.525 0.523 0.1154 0.0606 0.0152 0 0 0 0 0 0 0 0 0 0.037 0.7646 2.6598 3.2166 2.2984 1.5442 0.9534 0.332 0.1396 0.0438 0.0106 0 0 0 0 0 0 0 0 0.1094 0.6262 1.9922 2.1524 2.1314 1.338 0.9106 0.5246 0.1386 0.064 0.0126 0 0 0 0 0 0 0 0.004 0.094 0.3858 1.187 1.759 1.7602 1.209 0.9186 0.4618 0.1828 0.0378 0 0 0 0 0 0 0 0 0.002 0.0598 0.1094 0.4634 1.1754 1.169 1.3496 0.9332 0.44 
0 0 0 0 0 0 0 0 0 0 0 0 0 0 0 0 0 0.2922 4.526 4.7996 2.5526 1.2072 0.4442 0.1432 0.0224 0.0126 0 0 0 0 0 0 0 0 0 0.0334 0.9332 3.1494 3.176 2.1344 1.2694 0.8174 0.3052 0.1416 0.0338 0.0062 0 0 0 0 0 0 0 0 0.097 0.9182 2.3278 2.2454 1.853 1.3086 0.683 0.3596 0.1606 0.0394 0.0074 0 0 0 0 0 0 0 0 0.0982 0.5782 1.559 1.8152 1.6756 1.0434 0.6712 0.3244 0.186 0.0398 0.009 0 0 0 0 0 0 0 0 0.051 0.2168 0.7138 1.3418 1.4308 1.12 0.566 0.3182 
0 0 0 0 0 0 0 0 0 0 0 0 0 0 0 0 0 0.408 4.4698 4.5356 2.8512 1.1066 0.4644 0.1346 0.0298 0 0 0 0 0 0 0 0 0 0 0.0354 1.0824 2.8796 3.076 2.2952 1.4814 0.6722 0.3406 0.1164 0.0208 0 0 0 0 0 0 0 0 0.0086 0.1728 1.039 1.9446 2.3354 2.004 1.276 0.666 0.397 0.1234 0.0332 0 0 0 0 0 0 0 0 0.038 0.1568 0.572 1.4836 1.6668 1.6518 1.3806 0.6276 0.2674 0.1336 0.0218 0 0 0 0 0 0 0 0.0076 0.0134 0.0826 0.2648 0.7668 1.199 1.3196 1.076 0.7454 0.356 
0 0 0 0 0 0 0 0 0 0 0 0 0 0 0 0 0 0.3876 4.3526 4.8154 2.3098 1.3264 0.6294 0.1062 0.0658 0.0068 0 0 0 0 0 0 0 0 0 0.0796 0.8836 3.0026 3.27 2.1242 1.3358 0.8002 0.3956 0.0794 0.0244 0.0046 0 0 0 0 0 0 0 0.0092 0.1348 0.8534 2.1312 2.3088 2.0278 1.291 0.654 0.457 0.0984 0.014 0.0204 0 0 0 0 0 0 0 0.0148 0.1302 0.5764 1.348 1.7628 1.8576 1.2044 0.6668 0.3422 0.0612 0.0182 0.0174 0 0 0 0 0 0 0 0.025 0.0544 0.2582 0.5578 1.1934 1.6108 1.1378 0.6364 0.399 
0 0 0 0 0 0 0 0 0 0 0 0 0 0 0 0 0 0.3992 4.2462 4.6918 2.5076 1.3914 0.592 0.1718 0 0 0 0 0 0 0 0 0 0 0 0.0718 0.9522 2.8342 3.173 2.0582 1.3588 0.8974 0.5178 0.1258 0.0108 0 0 0 0 0 0 0 0 0.0036 0.1568 0.8876 2.0386 2.3224 1.8002 1.2602 0.7958 0.5128 0.181 0.0356 0.0054 0 0 0 0 0 0 0 0.001 0.152 0.5802 1.2826 1.711 1.6648 1.3058 0.6902 0.4228 0.1584 0.0312 0 0 0 0 0 0 0 0 0 0.052 0.221 0.6704 1.033 1.4048 1.2776 0.6676 0.4452 
0 0 0 0 0 0 0 0 0 0 0 0 0 0 0 0 0 0.4732 4.7296 4.5572 2.4314 1.0428 0.558 0.167 0.0316 0.0092 0 0 0 0 0 0 0 0 0 0.0948 1.223 3.1992 3.0996 1.9284 1.1692 0.7598 0.3472 0.1564 0.0224 0 0 0 0 0 0 0 0 0.0052 0.258 1.21 2.2702 2.2588 1.5378 1.2576 0.6642 0.3492 0.1372 0.0518 0 0 0 0 0 0 0 0 0.0694 0.231 0.8424 1.547 1.7762 1.4544 0.8518 0.6214 0.3514 0.2328 0.0222 0 0 0 0 0 0 0 0.0014 0.031 0.1576 0.3978 0.9022 1.396 1.0518 0.8174 0.6482 0.3452 
0 0 0 0 0 0 0 0 0 0 0 0 0 0 0 0 0.0026 0.4536 4.5166 4.6814 2.4656 1.3292 0.472 0.0578 0.0212 0 0 0 0 0 0 0 0 0 0 0.0836 1.052 3.1266 3.1828 1.9696 1.3944 0.8702 0.2626 0.0446 0.0136 0 0 0 0 0 0 0 0 0 0.2268 1.041 2.1854 2.3242 1.756 1.3522 0.747 0.2758 0.0818 0.0098 0 0 0 0 0 0 0 0 0.0088 0.1568 0.711 1.486 1.8728 1.597 1.3038 0.5606 0.2194 0.0572 0.0266 0 0 0 0 0 0 0 0 0 0.0578 0.343 0.7514 1.251 1.485 1.3764 0.434 0.187 
0 0 0 0 0 0 0 0 0 0 0 0 0 0 0 0 0 0.4558 4.211 4.5562 2.3058 1.3664 0.7028 0.3168 0.0608 0.0244 0 0 0 0 0 0 0 0 0 0.071 0.9532 2.775 3.3108 1.8268 1.2902 0.9052 0.4926 0.2678 0.0864 0.021 0 0 0 0 0 0 0 0.0072 0.1416 0.9334 1.9502 2.3408 1.755 1.0032 0.8862 0.5722 0.3106 0.0888 0.0108 0 0 0 0 0 0 0 0 0.1772 0.5552 1.228 1.8176 1.5368 0.8576 0.9552 0.499 0.2496 0.112 0.0118 0 0 0 0 0 0 0 0.005 0.068 0.3192 0.4724 1.0326 1.3406 1.0286 0.8732 0.4974 
0 0 0 0 0 0 0 0 0 0 0 0 0 0 0 0 0 0.355 3.7716 5.19 2.729 1.3072 0.4456 0.134 0.0608 0.0068 0 0 0 0 0 0 0 0 0 0.0552 0.752 2.3166 3.5976 2.4152 1.5036 0.7966 0.3566 0.1166 0.0514 0.0386 0 0 0 0 0 0 0 0.0152 0.1518 0.559 1.5364 2.4054 2.3004 1.5992 0.7386 0.418 0.1702 0.0754 0.0304 0 0 0 0 0 0 0 0.0366 0.1302 0.3234 1.0042 1.7098 1.5386 1.6072 0.8846 0.4882 0.1596 0.104 0.0136 0 0 0 0 0 0 0.0022 0.0216 0.0834 0.175 0.4192 0.9452 1.1904 1.3298 0.837 0.6128 
0 0 0 0 0 0 0 0 0 0 0 0 0 0 0 0 0 0.3436 4.284 4.8988 2.316 1.254 0.5782 0.2004 0.0862 0.0388 0 0 0 0 0 0 0 0 0 0.0304 0.8272 2.9456 3.2756 2.025 1.3868 0.9754 0.3232 0.1238 0.0594 0.0152 0.0124 0 0 0 0 0 0 0.0008 0.0978 0.7484 1.9864 2.463 1.8458 1.408 0.8632 0.3678 0.1186 0.0536 0.034 0.0126 0 0 0 0 0 0 0.0164 0.0758 0.523 1.0794 1.9698 1.6208 1.4578 0.7656 0.266 0.1104 0.063 0.0222 0.0298 0 0 0 0 0 0 0.0062 0.0464 0.1872 0.4876 1.1874 1.4532 1.2586 0.7816 0.3328 
0 0 0 0 0 0 0 0 0 0 0 0 0 0 0 0 0 0.4022 4.0474 5.0574 2.438 1.3784 0.6018 0.0572 0.0176 0 0 0 0 0 0 0 0 0 0 0.0676 0.9254 2.8698 2.8706 2.4574 1.4294 0.9956 0.2918 0.0762 0.0162 0 0 0 0 0 0 0 0 0.0058 0.1864 0.8558 1.977 2.0514 1.923 1.3524 1.1224 0.3704 0.1396 0.0102 0.0056 0 0 0 0 0 0 0 0.0278 0.1482 0.5932 1.3592 1.3524 1.5854 1.3104 1.0078 0.4216 0.159 0.035 0 0 0 0 0 0 0 0.0042 0.0264 0.0848 0.3412 0.6934 0.858 1.1026 1.1296 0.9188 0.5796 
0 0 0 0 0 0 0 0 0 0 0 0 0 0 0 0 0 0.3686 4.3164 4.8122 2.4428 1.4362 0.4806 0.1262 0.017 0 0 0 0 0 0 0 0 0 0 0.0422 0.8168 2.9614 3.3136 2.1042 1.4902 0.9574 0.2798 0.0344 0 0 0 0 0 0 0 0 0 0 0.1254 0.7192 2.1938 2.2956 1.977 1.4562 0.9136 0.2496 0.0696 0 0 0 0 0 0 0 0 0 0 0.142 0.531 1.2952 1.5882 1.771 1.4844 0.92 0.2254 0.0428 0 0 0 0 0 0 0 0 0 0.003 0.0822 0.2368 0.5162 1.1088 1.3658 1.5362 0.8272 0.3154 
0 0 0 0 0 0 0 0 0 0 0 0 0 0 0 0 0 0.3438 4.2586 4.5134 2.3364 1.536 0.7416 0.2002 0.0612 0.0088 0 0 0 0 0 0 0 0 0 0.0286 0.8134 2.8388 3.1614 1.9294 1.5106 0.9722 0.4486 0.1956 0.0826 0.0188 0 0 0 0 0 0 0 0 0.1064 0.7966 1.9006 2.1844 1.9222 1.3764 1.0092 0.4076 0.1756 0.071 0.05 0 0 0 0 0 0 0 0.0114 0.0658 0.5408 1.2532 1.5304 1.6122 1.3 0.8684 0.5364 0.1558 0.0938 0.0318 0 0 0 0 0 0 0 0 0.0142 0.2504 0.5136 1.001 1.2822 1.089 0.9866 0.564 
0 0 0 0 0 0 0 0 0 0 0 0 0 0 0 0 0 0.4448 4.2744 4.803 2.5042 1.1086 0.6216 0.19 0.0534 0 0 0 0 0 0 0 0 0 0 0.061 0.8526 3.0036 3.3182 2.1194 1.2498 0.8306 0.4044 0.1414 0.019 0 0 0 0 0 0 0 0 0 0.1002 0.8108 2.0876 2.5392 1.8504 1.1616 0.9562 0.3586 0.1194 0.016 0 0 0 0 0 0 0 0 0 0.0594 0.603 1.2906 1.9398 1.5732 1.1966 0.9568 0.2924 0.0808 0.0074 0 0 0 0 0 0 0 0 0 0.0104 0.2006 0.733 0.9988 1.4946 1.3154 0.892 0.2564 
0 0 0 0 0 0 0 0 0 0 0 0 0 0 0 0 0 0.3366 4.083 4.8374 2.474 1.5654 0.545 0.1144 0.0322 0.012 0 0 0 0 0 0 0 0 0 0.0302 0.8582 2.6166 3.2452 2.108 1.5994 0.867 0.5716 0.0982 0.0056 0 0 0 0 0 0 0 0 0.0042 0.1308 0.668 1.8896 2.4048 1.7206 1.4192 0.9528 0.4762 0.2974 0.0322 0.0042 0 0 0 0 0 0 0 0.0232 0.0898 0.4664 1.16 1.723 1.4288 1.4998 0.8402 0.4508 0.2008 0.1106 0.0066 0 0 0 0 0 0 0 0.0196 0.0146 0.198 0.518 1.0388 1.3028 1.2122 0.7242 0.5846 
0 0 0 0 0 0 0 0 0 0 0 0 0 0 0 0 0 0.2868 3.6078 5.0086 2.689 1.3424 0.7328 0.2506 0.0632 0.0136 0.0052 0 0 0 0 0 0 0 0 0.0298 0.6398 2.3928 3.3412 2.2414 1.386 1.0906 0.551 0.256 0.0484 0.019 0.004 0 0 0 0 0 0 0.0038 0.0834 0.5642 1.5448 2.4116 2.011 1.3334 1.0042 0.6224 0.3082 0.0806 0.0324 0 0 0 0 0 0 0 0.0066 0.088 0.3638 0.9304 1.5414 1.4732 1.5302 1.0436 0.5386 0.3282 0.1454 0.0106 0 0 0 0 0 0 0 0 0.0316 0.1694 0.4254 0.8534 1.0048 1.2342 1.065 0.6194 
0 0 0 0 0 0 0 0 0 0 0 0 0 0 0 0 0 0.3298 3.7862 5.1798 2.5384 1.2592 0.6366 0.1944 0.0664 0.0092 0 0 0 0 0 0 0 0 0 0.0356 0.6208 2.6372 3.4298 2.2934 1.4694 0.786 0.3138 0.2634 0.1506 0 0 0 0 0 0 0 0 0 0.076 0.502 1.6384 2.6142 2.1144 1.4874 0.7002 0.4268 0.2594 0.1568 0.0244 0 0 0 0 0 0 0 0 0.0976 0.296 0.8682 1.832 1.9172 1.3396 0.8294 0.4368 0.2156 0.1348 0.0328 0 0 0 0 0 0 0 0 0.0278 0.1632 0.4172 0.8492 1.4198 1.2466 0.8276 0.6194 
0 0 0 0 0 0 0 0 0 0 0 0 0 0 0 0 0 0.3802 3.993 4.9256 2.45 1.366 0.601 0.2156 0.0644 0.0042 0 0 0 0 0 0 0 0 0 0.0708 0.8486 2.6792 3.1526 2.3418 1.1684 0.894 0.611 0.187 0.0466 0 0 0 0 0 0 0 0 0 0.1726 0.7306 1.783 2.5256 1.7632 1.2708 0.859 0.6234 0.22 0.0518 0 0 0 0 0 0 0 0 0 0.1412 0.4372 1.1958 1.6792 1.7238 1.1266 0.892 0.5142 0.2354 0.052 0.0026 0 0 0 0 0 0 0 0.0014 0.043 0.2166 0.5908 0.9428 1.2374 1.188 0.8588 0.5588 
0 0 0 0 0 0 0 0 0 0 0 0 0 0 0 0 0 0.4366 4.2162 4.9674 2.3882 1.1876 0.5434 0.1868 0.0738 0 0 0 0 0 0 0 0 0 0 0.072 0.8712 3.0064 3.2638 2.0468 1.3118 0.879 0.3674 0.1758 0.0058 0 0 0 0 0 0 0 0 0.006 0.14 0.8284 2.0078 2.614 1.7626 1.26 0.7824 0.3706 0.21 0.0182 0 0 0 0 0 0 0 0 0 0.0848 0.5176 1.4454 1.927 1.5986 1.1196 0.7144 0.4518 0.1408 0 0 0 0 0 0 0 0 0 0 0.0224 0.179 0.7208 1.2584 1.4634 0.9954 0.7272 0.5026 
0 0 0 0 0 0 0 0 0 0 0 0 0 0 0 0 0 0.505 4.43 5.1308 2.2194 1.1462 0.4746 0.0916 0.0024 0 0 0 0 0 0 0 0 0 0 0.0408 1.1142 3.0928 3.5094 1.8788 1.2332 0.7764 0.2882 0.0662 0 0 0 0 0 0 0 0 0 0.007 0.1654 1.0452 2.2742 2.6236 1.607 1.249 0.6998 0.2486 0.061 0.0192 0 0 0 0 0 0 0 0 0.0054 0.162 0.6894 1.5246 1.9858 1.6452 1.0812 0.6182 0.2232 0.065 0 0 0 0 0 0 0 0 0 0 0.085 0.3104 0.8262 1.3422 1.5214 1.0718 0.571 0.2366 
0 0 0 0 0 0 0 0 0 0 0 0 0 0 0 0 0.003 0.5086 4.331 4.3182 2.528 1.3692 0.7294 0.1554 0.0572 0 0 0 0 0 0 0 0 0 0 0.1212 1.1244 2.7616 2.9912 2.0958 1.1828 0.9636 0.5114 0.186 0.062 0 0 0 0 0 0 0 0 0 0.2104 1.0064 2.011 2.2308 1.645 1.1102 0.9604 0.5894 0.192 0.0444 0 0 0 0 0 0 0 0 0 0.216 0.5764 1.2796 1.8416 1.3834 1.0844 0.9974 0.4884 0.0742 0.0516 0.007 0 0 0 0 0 0 0 0.0172 0.087 0.1932 0.6958 1.056 1.121 1.3574 0.9094 0.4056 
0 0 0 0 0 0 0 0 0 0 0 0 0 0 0 0 0 0.382 4.3814 4.9482 2.299 1.1748 0.5302 0.2086 0.053 0.0132 0.0096 0 0 0 0 0 0 0 0 0.0458 0.8736 2.9216 3.4046 2.12 1.3692 0.752 0.308 0.163 0.0202 0.0116 0.0104 0 0 0 0 0 0 0 0.1052 0.8358 2.0274 2.5202 1.9146 1.3252 0.6616 0.3476 0.229 0.0112 0.0222 0 0 0 0 0 0 0 0 0.088 0.5862 1.456 1.5864 1.7758 1.2974 0.7002 0.2698 0.196 0.0276 0.0166 0 0 0 0 0 0 0 0 0.0404 0.2636 0.7754 1.0546 1.2142 1.3618 0.6662 0.3628 
0 0 0 0 0 0 0 0 0 0 0 0 0 0 0 0 0 0.4498 4.5356 4.3994 2.4538 1.3156 0.5718 0.2288 0.0452 0 0 0 0 0 0 0 0 0 0 0.0774 1.1406 3.003 2.8602 2.1048 1.23 1.0024 0.3974 0.1324 0.0518 0 0 0 0 0 0 0 0 0.0092 0.2136 1.1198 2.0266 2.2448 1.6168 1.2158 0.888 0.4132 0.1706 0.0538 0.0278 0 0 0 0 0 0 0 0.019 0.1898 0.7318 1.3504 1.7706 1.5254 1.0568 0.8086 0.386 0.0996 0.026 0.0176 0.0184 0 0 0 0 0 0 0.0152 0.0768 0.3414 0.6504 1.2176 1.2376 1.143 0.737 0.3406 
0 0 0 0 0 0 0 0 0 0 0 0 0 0 0 0 0 0.3678 3.948 4.7266 2.5024 1.3226 0.8028 0.2582 0.0716 0 0 0 0 0 0 0 0 0 0 0.0592 0.878 2.4734 3.2686 2.0724 1.3916 0.9738 0.5552 0.2782 0.0496 0 0 0 0 0 0 0 0 0 0.1802 0.7408 1.731 2.1648 1.856 1.3208 1.081 0.6184 0.216 0.0828 0.0082 0 0 0 0 0 0 0 0.0132 0.122 0.564 1.0156 1.5312 1.5106 1.162 1.1518 0.5482 0.2528 0.1038 0.0248 0 0 0 0 0 0 0 0 0.048 0.242 0.605 0.8878 1.0356 1.037 0.9752 0.6924 
0 0 0 0 0 0 0 0 0 0 0 0 0 0 0 0 0 0.3426 4.1422 5.23 2.428 1.2958 0.4236 0.128 0.0098 0 0 0 0 0 0 0 0 0 0 0.0374 0.8966 2.6568 3.4402 2.4368 1.4242 0.723 0.277 0.0942 0.0138 0 0 0 0 0 0 0 0 0.002 0.1496 0.7466 1.909 2.4338 2.0896 1.4132 0.7248 0.4132 0.076 0.0422 0 0 0 0 0 0 0 0 0 0.1014 0.5026 1.255 1.8226 1.762 1.2348 0.7972 0.3944 0.0768 0.0338 0.0194 0 0 0 0 0 0 0 0 0.0394 0.1986 0.7212 1.0976 1.3764 1.1586 0.7708 0.4516 
0 0 0 0 0 0 0 0 0 0 0 0 0 0 0 0 0 0.5716 4.3708 4.6774 2.4496 1.2684 0.5042 0.1092 0.0488 0 0 0 0 0 0 0 0 0 0 0.0966 1.1432 3.15 2.8256 2.2294 1.2978 0.7878 0.3116 0.1374 0.0206 0 0 0 0 0 0 0 0 0.0124 0.2362 1.0678 2.2358 2.1844 1.64 1.3404 0.839 0.3264 0.1016 0.016 0 0 0 0 0 0 0 0 0.0306 0.2176 0.7366 1.4696 1.6984 1.3752 1.3502 0.7342 0.3288 0.0476 0.0112 0 0 0 0 0 0 0 0 0 0.1218 0.4138 0.778 1.0416 1.3564 1.111 0.8214 0.2566 
0 0 0 0 0 0 0 0 0 0 0 0 0 0 0 0 0 0.329 4.195 4.9908 2.4078 1.3324 0.512 0.1904 0.0388 0.0038 0 0 0 0 0 0 0 0 0 0.0528 0.8202 2.8482 3.2278 2.3106 1.41 0.784 0.3486 0.1582 0.0274 0.0122 0 0 0 0 0 0 0 0 0.1198 0.7436 1.9432 2.4278 2.0038 1.3178 0.8058 0.4784 0.1092 0.0506 0 0 0 0 0 0 0 0 0 0.0998 0.3662 1.4696 1.7658 1.5872 1.3046 0.7886 0.427 0.112 0.056 0.0232 0 0 0 0 0 0 0 0 0.0186 0.186 0.5926 1.269 1.3444 1.161 0.7016 0.4134 
0 0 0 0 0 0 0 0 0 0 0 0 0 0 0 0 0 0.3026 3.704 4.7328 2.7224 1.6418 0.6394 0.2046 0.0466 0.0058 0 0 0 0 0 0 0 0 0 0.0176 0.6758 2.351 3.2034 2.309 1.4832 1.2114 0.551 0.1408 0.0322 0.0246 0 0 0 0 0 0 0 0 0.0846 0.5732 1.4724 2.2904 1.941 1.5416 1.1124 0.685 0.2032 0.0752 0.021 0 0 0 0 0 0 0 0.0056 0.0678 0.354 0.8528 1.548 1.638 1.3622 1.0944 0.6904 0.2298 0.1168 0.0402 0 0 0 0 0 0 0 0 0.0222 0.1182 0.4298 0.8826 0.9356 1.222 1.149 0.7786 
0 0 0 0 0 0 0 0 0 0 0 0 0 0 0 0 0.0008 0.3704 4.5118 4.617 2.3378 1.327 0.6022 0.166 0.0572 0.0098 0 0 0 0 0 0 0 0 0 0.047 0.87 3.1374 3.108 1.8908 1.4638 0.9936 0.3352 0.1056 0.0486 0 0 0 0 0 0 0 0 0.0134 0.1366 0.7708 2.1568 2.5184 1.6226 1.2478 0.8916 0.4214 0.1754 0.0452 0 0 0 0 0 0 0 0 0.0286 0.158 0.4442 1.346 2.0024 1.4862 1.2186 0.7306 0.3552 0.1936 0.0366 0 0 0 0 0 0 0 0 0.009 0.0738 0.238 0.5662 1.2898 1.2654 1.1792 0.829 0.3088 
0 0 0 0 0 0 0 0 0 0 0 0 0 0 0 0 0 0.2388 3.6514 5.0144 2.5146 1.4582 0.9254 0.148 0.0492 0 0 0 0 0 0 0 0 0 0 0.019 0.5198 2.4826 3.2282 2.3832 1.5784 0.977 0.604 0.1408 0.049 0.018 0 0 0 0 0 0 0 0 0.067 0.435 1.6276 2.2482 2.2008 1.4514 0.9992 0.6024 0.2548 0.0974 0.0162 0 0 0 0 0 0 0 0 0.0372 0.3566 0.7606 1.551 1.8852 1.397 1.0134 0.592 0.2536 0.0984 0.0496 0.0054 0 0 0 0 0 0 0 0.0016 0.1292 0.2906 0.7714 1.3208 1.3728 0.9762 0.638 
0 0 0 0 0 0 0 0 0 0 0 0 0 0 0 0 0 0.4038 4.4204 4.9088 2.283 1.3572 0.4646 0.15 0.0122 0 0 0 0 0 0 0 0 0 0 0.0286 0.816 3.2828 3.1478 2.0962 1.4354 0.739 0.2998 0.1128 0.0388 0.0028 0 0 0 0 0 0 0 0.0026 0.096 0.8176 2.0916 2.555 1.944 1.2364 0.754 0.2812 0.138 0.0642 0.0194 0 0 0 0 0 0 0 0.0076 0.1222 0.5704 1.4422 1.685 1.6362 1.3672 0.688 0.299 0.0786 0.0882 0.0154 0 0 0 0 0 0 0 0.0268 0.0722 0.265 0.7276 0.9984 1.4588 1.134 0.8132 0.3024 
0 0 0 0 0 0 0 0 0 0 0 0 0 0 0 0 0.0026 0.517 4.7748 4.6046 2.0224 1.3958 0.5178 0.1204 0.0446 0 0 0 0 0 0 0 0 0 0 0.1014 1.1836 3.4482 3.0278 1.737 1.1354 0.9156 0.321 0.13 0 0 0 0 0 0 0 0 0 0.0318 0.2096 1.233 2.408 2.3168 1.3494 1.2126 0.7548 0.2878 0.1952 0.001 0 0 0 0 0 0 0 0 0.0484 0.2388 0.958 1.4998 1.7734 1.3376 1.0344 0.6928 0.2548 0.1092 0.0454 0.0074 0 0 0 0 0 0 0 0.0212 0.1788 0.4602 0.8042 1.286 1.1942 1.0284 0.642 0.2628 
0 0 0 0 0 0 0 0 0 0 0 0 0 0 0 0 0 0.3906 4.3406 4.78 2.5334 1.353 0.449 0.1166 0.0368 0 0 0 0 0 0 0 0 0 0 0.0658 0.931 2.7922 3.4818 2.0364 1.4834 0.706 0.3834 0.12 0 0 0 0 0 0 0 0 0 0.0016 0.1904 0.838 1.9858 2.4508 1.9066 1.3474 0.7918 0.3386 0.1448 0.0042 0 0 0 0 0 0 0 0 0.0204 0.1184 0.5708 1.291 1.7424 1.985 1.0036 0.823 0.318 0.1118 0.0156 0 0 0 0 0 0 0 0 0.0066 0.0454 0.258 0.57 1.2888 1.425 1.1728 0.676 0.4484 
0 0 0 0 0 0 0 0 0 0 0 0 0 0 0 0 0 0.3688 3.904 4.9248 2.8832 1.39 0.3418 0.1494 0.032 0.006 0 0 0 0 0 0 0 0 0 0.0446 0.7774 2.608 3.1824 2.345 1.6874 0.8564 0.3278 0.1458 0.0172 0.008 0 0 0 0 0 0 0 0 0.1138 0.799 1.5942 2.3272 2.0788 1.483 0.959 0.4578 0.1318 0.0554 0 0 0 0 0 0 0 0 0.0028 0.035 0.6508 1.0462 1.4188 1.771 1.5128 0.9242 0.468 0.15 0.0178 0.0026 0 0 0 0 0 0 0 0.003 0.0182 0.2952 0.5406 0.8326 1.057 1.4822 1.0556 0.4478 
0 0 0 0 0 0 0 0 0 0 0 0 0 0 0 0 0 0.4038 4.4086 4.7442 2.5666 1.0058 0.5696 0.23 0.0396 0.0166 0.0152 0 0 0 0 0 0 0 0 0.0586 0.8982 2.9998 3.3042 2.0632 1.455 0.696 0.3502 0.1014 0.0392 0.0342 0 0 0 0 0 0 0 0 0.1864 0.9592 1.8306 2.556 1.8652 1.275 0.7516 0.3294 0.1552 0.0476 0.0212 0.0226 0 0 0 0 0 0 0 0.1698 0.6994 1.153 1.8086 1.7612 1.1646 0.6704 0.3258 0.1514 0.0454 0.0302 0.0202 0 0 0 0 0 0 0.0022 0.0712 0.3652 0.6226 1.1324 1.3594 1.111 0.6572 0.3868 
0 0 0 0 0 0 0 0 0 0 0 0 0 0 0 0 0 0.286 3.5456 5.0126 2.5644 1.4094 0.7972 0.3306 0.0542 0 0 0 0 0 0 0 0 0 0 0.048 0.5278 2.4146 3.32 1.9842 1.605 1.1984 0.611 0.2628 0.0282 0 0 0 0 0 0 0 0 0.0032 0.0738 0.4586 1.6308 2.3168 1.7722 1.4154 1.1944 0.6956 0.334 0.1052 0 0 0 0 0 0 0 0 0 0.0576 0.2934 0.8862 1.486 1.6084 1.4422 1.0608 0.7038 0.3284 0.0806 0.0526 0 0 0 0 0 0 0 0 0.016 0.0816 0.332 0.785 1.1534 1.351 0.8618 0.7464 
0 0 0 0 0 0 0 0 0 0 0 0 0 0 0 0 0 0.3482 4.2098 5.238 2.1676 1.228 0.638 0.1458 0.0158 0.0088 0 0 0 0 0 0 0 0 0.004 0.0256 0.7116 3.1956 3.311 2.133 1.2444 0.8508 0.399 0.1056 0.0144 0.005 0 0 0 0 0 0 0 0 0.0838 0.7784 2.0772 2.5748 1.9042 1.1746 0.8458 0.4272 0.1174 0.0166 0 0 0 0 0 0 0 0 0 0.0702 0.5976 1.3026 1.8782 1.6414 1.1236 0.7456 0.534 0.1068 0 0 0 0 0 0 0 0 0 0 0.0172 0.2172 0.7568 1.274 1.1356 1.1754 0.776 0.5298 
0 0 0 0 0 0 0 0 0 0 0 0 0 0 0 0 0 0.461 4.7464 4.7504 2.3738 0.9048 0.6228 0.1008 0.011 0.0186 0.0104 0 0 0 0 0 0 0 0 0.0354 1.1436 3.3114 3.2694 1.9838 1.1242 0.655 0.2748 0.1562 0.0406 0.0056 0 0 0 0 0 0 0 0.0086 0.1064 1.103 2.5754 2.4318 1.6912 1.0204 0.5922 0.2764 0.1316 0.063 0 0 0 0 0 0 0 0 0.0152 0.1298 0.7266 1.7524 2.1544 1.3214 0.9738 0.5416 0.2326 0.1156 0.0366 0 0 0 0 0 0 0 0 0.0026 0.0534 0.3418 0.9362 1.5506 1.3164 0.8658 0.6254 0.1552 
0 0 0 0 0 0 0 0 0 0 0 0 0 0 0 0 0 0.3394 4.0034 4.7094 2.6024 1.5504 0.59 0.1654 0.0396 0 0 0 0 0 0 0 0 0 0 0.053 0.7998 2.6232 3.1486 2.1722 1.483 0.8734 0.5278 0.234 0.0738 0.0112 0 0 0 0 0 0 0 0.0144 0.0846 0.7234 1.7332 2.3306 1.9572 1.4134 0.8194 0.5566 0.176 0.1426 0.0428 0.0058 0 0 0 0 0 0 0.0288 0.0808 0.4406 1.1086 1.5678 1.7236 1.3206 0.8186 0.4984 0.234 0.1324 0.0298 0.016 0 0 0 0 0 0 0.01 0.043 0.213 0.4834 0.8594 1.323 1.3472 0.6882 0.4534 
0 0 0 0 0 0 0 0 0 0 0 0 0 0 0 0 0 0.434 4.4162 4.5972 2.3664 1.4088 0.5318 0.1794 0.0662 0 0 0 0 0 0 0 0 0 0 0.0386 1.0924 2.8462 3.2714 2.0118 1.2462 0.8466 0.5118 0.1172 0.0178 0 0 0 0 0 0 0 0 0.005 0.1744 1.0292 1.9744 2.2758 1.921 1.2014 0.7764 0.4496 0.1808 0.012 0 0 0 0 0 0 0 0 0.0038 0.126 0.7114 1.2526 1.889 1.6258 1.0336 0.7712 0.4042 0.1732 0.0092 0 0 0 0 0 0 0 0 0 0.0698 0.2278 0.6868 1.3218 1.331 1.0168 0.6884 0.5172 
0 0 0 0 0 0 0 0 0 0 0 0 0 0 0 0 0 0.3014 4.2708 5.0172 2.2252 1.4344 0.5234 0.176 0.0516 0 0 0 0 0 0 0 0 0 0 0.042 0.8088 2.7472 3.498 2.1406 1.3914 0.795 0.437 0.0996 0.036 0.0044 0 0 0 0 0 0 0 0 0.1378 0.738 1.879 2.5584 1.9838 1.23 0.8588 0.4444 0.1132 0.0566 0 0 0 0 0 0 0 0 0 0.1404 0.4286 1.313 1.7476 1.7638 1.2464 0.8316 0.3242 0.1534 0.0464 0.0046 0 0 0 0 0 0 0 0 0.0572 0.1458 0.5914 1.1922 1.3596 1.2362 0.811 0.3808 
0 0 0 0 0 0 0 0 0 0 0 0 0 0 0 0 0 0.3386 3.7852 4.8944 2.6632 1.6818 0.4604 0.1132 0.0632 0 0 0 0 0 0 0 0 0 0 0.0658 0.6976 2.4764 3.232 2.316 1.7534 0.9806 0.2828 0.1452 0.0434 0.0068 0 0 0 0 0 0 0 0.0042 0.0936 0.6462 1.6956 2.2788 1.9334 1.8244 0.911 0.3948 0.1694 0.0486 0 0 0 0 0 0 0 0 0.0142 0.0474 0.3918 1.1548 1.4438 1.7302 1.5962 0.9448 0.4396 0.1878 0.0422 0.0072 0 0 0 0 0 0 0 0 0.0304 0.1328 0.5142 0.8352 1.442 1.2714 0.9516 0.5204 
0 0 0 0 0 0 0 0 0 0 0 0 0 0 0 0 0 0.5696 4.684 4.8648 2.0962 1.138 0.4786 0.1008 0.0594 0.0086 0 0 0 0 0 0 0 0 0 0.145 1.1466 3.4422 3.1876 1.7528 1.2372 0.652 0.2818 0.1096 0.0452 0 0 0 0 0 0 0 0 0.0436 0.242 1.2126 2.3682 2.3818 1.5268 1.1894 0.6424 0.2304 0.0922 0.0606 0.01 0 0 0 0 0 0 0 0.0588 0.1958 0.9892 1.708 1.6534 1.3832 1.0454 0.5924 0.2432 0.0626 0.068 0 0 0 0 0 0 0 0 0.0242 0.1576 0.5078 1.021 1.2428 1.192 0.799 0.6954 0.2276 
0 0 0 0 0 0 0 0 0 0 0 0 0 0 0 0 0 0.3838 3.8934 4.8902 2.434 1.4372 0.662 0.2076 0.0878 0.004 0 0 0 0 0 0 0 0 0 0.0666 0.9416 2.561 3.0666 1.9382 1.6974 0.9936 0.5034 0.1594 0.0592 0.013 0 0 0 0 0 0 0 0 0.1886 0.8358 1.868 1.7514 1.9546 1.505 1.0276 0.582 0.2092 0.0572 0.0206 0 0 0 0 0 0 0 0.0106 0.1552 0.5934 1.1576 1.2768 1.4366 1.458 1.0254 0.5198 0.3106 0.0394 0.0166 0 0 0 0 0 0 0 0 0.0464 0.2452 0.566 0.9342 1.0666 1.121 0.968 0.6056 
0 0 0 0 0 0 0 0 0 0 0 0 0 0 0 0 0 0.4672 4.3592 4.5782 2.456 1.5238 0.4646 0.0778 0.0732 0 0 0 0 0 0 0 0 0 0 0.049 1.0396 2.9174 3.1506 1.9622 1.5988 0.7674 0.344 0.1124 0.0586 0 0 0 0 0 0 0 0 0 0.1542 0.9864 2.1046 2.2708 1.8272 1.4004 0.6134 0.4128 0.171 0.0508 0.0084 0 0 0 0 0 0 0 0 0.1474 0.6956 1.4062 1.7214 1.4412 1.355 0.62 0.3766 0.1766 0.06 0 0 0 0 0 0 0 0 0 0.0466 0.329 0.7872 1.1646 1.3026 1.0908 0.5356 0.498 
0 0 0 0 0 0 0 0 0 0 0 0 0 0 0 0 0.0006 0.4352 4.348 4.6316 2.4916 1.3508 0.569 0.1486 0.0246 0 0 0 0 0 0 0 0 0 0 0.0904 0.9324 2.905 3.2882 1.7844 1.5682 0.9468 0.3868 0.0868 0.011 0 0 0 0 0 0 0 0 0.0246 0.1762 0.8794 2.0046 2.4756 1.58 1.4034 1.0222 0.3264 0.1076 0 0 0 0 0 0 0 0 0.0124 0.0434 0.1202 0.566 1.3672 1.7666 1.4458 1.3236 0.9254 0.3378 0.0754 0.0162 0 0 0 0 0 0 0 0.0106 0.0372 0.0914 0.2246 0.5574 1.0914 1.3472 1.3526 0.8936 0.3308 
0 0 0 0 0 0 0 0 0 0 0 0 0 0 0 0 0 0.4904 4.7384 4.5742 2.5432 1.0186 0.4244 0.1894 0.0214 0 0 0 0 0 0 0 0 0 0 0.0594 1.1942 3.1952 3.06 2.1334 1.2566 0.6626 0.3066 0.1198 0.0122 0 0 0 0 0 0 0 0 0 0.1088 1.2156 2.3082 2.3486 1.7538 1.2232 0.6102 0.2794 0.0882 0.0514 0.0126 0 0 0 0 0 0 0 0.006 0.1354 0.7862 1.7136 1.7192 1.6946 1.0114 0.576 0.183 0.1242 0.033 0.0174 0 0 0 0 0 0 0 0 0.058 0.4058 0.999 1.232 1.33 0.959 0.6322 0.2432 
0 0 0 0 0 0 0 0 0 0 0 0 0 0 0 0 0.005 0.5508 4.7008 4.6914 2.348 1.092 0.4244 0.108 0.0408 0.035 0.0038 0 0 0 0 0 0 0 0 0.0796 1.3258 3.2314 2.9606 2.2212 1.0898 0.5914 0.2876 0.1074 0.075 0.0302 0 0 0 0 0 0 0 0.0172 0.2672 1.2144 2.3122 2.4528 1.6552 1.0712 0.4876 0.256 0.1502 0.0646 0.0514 0 0 0 0 0 0 0 0.0226 0.2946 0.8038 1.645 1.931 1.417 1.0182 0.4518 0.2092 0.1014 0.0466 0.0518 0.007 0 0 0 0 0 0 0.0168 0.1578 0.4082 1.0098 1.3378 1.2908 0.9394 0.3696 0.2542 
0 0 0 0 0 0 0 0 0 0 0 0 0 0 0 0 0.0048 0.4888 4.2766 4.853 2.5452 1.1266 0.5646 0.1202 0.0202 0 0 0 0 0 0 0 0 0 0 0.0858 1.0052 2.8784 3.2282 1.9508 1.5458 0.7944 0.4032 0.0756 0.0214 0.0112 0 0 0 0 0 0 0 0.0098 0.1732 0.9562 2.0884 2.2598 1.8296 1.2528 0.7848 0.4536 0.1224 0.0288 0.0406 0 0 0 0 0 0 0 0.0056 0.1456 0.758 1.3436 1.5352 1.7086 1.1358 0.7324 0.4036 0.0834 0.1022 0.0372 0.0088 0 0 0 0 0 0 0 0.0612 0.3866 0.8478 0.9104 1.1908 1.2174 0.7654 0.3426 
0 0 0 0 0 0 0 0 0 0 0 0 0 0 0 0 0.0012 0.4326 4.189 4.8666 2.2034 1.1778 0.8658 0.2166 0.047 0 0 0 0 0 0 0 0 0 0.0046 0.0688 0.9124 2.7676 3.2958 2.0676 1.2452 0.8638 0.5304 0.1954 0.0484 0 0 0 0 0 0 0 0 0.0156 0.2166 0.7996 1.9344 2.2342 1.7962 1.2982 0.9064 0.5406 0.1942 0.0488 0.0152 0 0 0 0 0 0 0 0.0166 0.1642 0.6254 1.2622 1.5256 1.5062 1.2474 0.8114 0.517 0.2522 0.049 0.0228 0 0 0 0 0 0 0 0.0108 0.0754 0.332 0.7162 0.9414 1.037 1.0952 0.8686 0.5446 
0 0 0 0 0 0 0 0 0 0 0 0 0 0 0 0 0 0.3458 4.1992 4.6218 2.647 1.4272 0.4978 0.2206 0.023 0.0176 0 0 0 0 0 0 0 0 0 0.076 0.7808 2.8986 2.9966 2.1398 1.5552 0.8876 0.5046 0.1276 0.0332 0 0 0 0 0 0 0 0 0.0176 0.1632 0.753 1.8864 2.1644 2.0052 1.3928 0.8258 0.5608 0.174 0.0488 0.008 0 0 0 0 0 0 0 0.0344 0.1206 0.5046 1.1172 1.6486 1.706 1.1978 0.9564 0.4212 0.2252 0.068 0 0 0 0 0 0 0 0 0.0054 0.0526 0.2068 0.5622 1.0928 1.068 1.2886 0.9998 0.3408 
0 0 0 0 0 0 0 0 0 0 0 0 0 0 0 0 0 0.636 4.6504 4.5192 2.4112 1.1764 0.4706 0.1362 0 0 0 0 0 0 0 0 0 0 0 0.1852 1.2954 3.0024 3.1048 2.0006 1.2152 0.8118 0.2964 0.0776 0.0106 0 0 0 0 0 0 0 0 0.0256 0.4122 1.1096 2.075 2.334 1.8092 1.063 0.7352 0.3512 0.085 0 0 0 0 0 0 0 0 0 0.0866 0.325 0.7036 1.4456 1.9338 1.4524 1.044 0.6166 0.2714 0.0844 0.035 0.0016 0 0 0 0 0 0 0.0104 0.0766 0.1738 0.3138 0.8842 1.341 1.2168 0.9958 0.5474 0.317 
0 0 0 0 0 0 0 0 0 0 0 0 0 0 0 0 0 0.4788 4.3024 4.7942 2.3704 1.2062 0.6424 0.178 0.0276 0 0 0 0 0 0 0 0 0 0 0.082 1.121 2.7844 3.2252 2.0196 1.3176 0.8974 0.4572 0.0956 0 0 0 0 0 0 0 0 0 0.0134 0.2328 0.966 1.9562 2.3276 1.8174 1.2852 0.8308 0.437 0.1214 0.0122 0 0 0 0 0 0 0 0 0.0082 0.1948 0.7448 1.2342 1.6478 1.6526 1.2636 0.6904 0.4096 0.1146 0.0394 0 0 0 0 0 0 0 0 0 0.0954 0.3394 0.652 1.1842 1.3272 1.0944 0.7122 0.3664 
0 0 0 0 0 0 0 0 0 0 0 0 0 0 0 0 0 0.3008 4.4522 5.0956 2.3038 1.1524 0.5568 0.1204 0.01 0.008 0 0 0 0 0 0 0 0 0 0.0152 1.0194 2.893 3.2214 2.2884 1.4336 0.7804 0.1934 0.15 0.0052 0 0 0 0 0 0 0 0 0 0.0964 1.0402 2.019 2.3184 1.967 1.2742 0.8106 0.322 0.1522 0 0 0 0 0 0 0 0 0 0 0.1372 0.7206 1.086 2.0542 1.6522 1.1058 0.7794 0.3158 0.1488 0 0 0 0 0 0 0 0 0 0 0.1 0.2876 0.613 1.2314 1.4104 1.0454 0.8214 0.3136 
0 0 0 0 0 0 0 0 0 0 0 0 0 0 0 0 0 0.3496 3.7884 5.0292 2.7168 1.4766 0.451 0.1476 0.0362 0.0046 0 0 0 0 0 0 0 0 0 0.0358 0.7206 2.4348 3.396 2.316 1.4758 1.0828 0.391 0.1378 0.0094 0 0 0 0 0 0 0 0 0 0.0642 0.6196 1.6262 2.5882 2.0148 1.3884 0.9846 0.5324 0.1816 0 0 0 0 0 0 0 0 0 0 0.0672 0.39 0.9518 1.8004 1.6692 1.4274 1.016 0.4938 0.1662 0.018 0 0 0 0 0 0 0 0 0 0.023 0.1358 0.5156 0.8804 1.2774 1.3488 0.9578 0.6342 
0 0 0 0 0 0 0 0 0 0 0 0 0 0 0 0 0 0.3186 4.4496 4.9898 2.2322 1.3646 0.498 0.1058 0.0256 0.0112 0.0046 0 0 0 0 0 0 0 0 0.0566 0.7568 3.1592 3.2984 2.0822 1.4464 0.8266 0.28 0.0776 0.0162 0 0 0 0 0 0 0 0 0.0014 0.1758 0.7494 2.0218 2.5826 1.8654 1.3428 0.7748 0.344 0.1174 0.0246 0 0 0 0 0 0 0 0 0.0026 0.1904 0.4732 1.2582 1.8164 1.854 1.2122 0.685 0.418 0.0734 0.011 0.0056 0 0 0 0 0 0 0 0 0.098 0.25 0.6472 1.0514 1.5532 1.1134 0.7732 0.3702 
0 0 0 0 0 0 0 0 0 0 0 0 0 0 0 0 0 0.3564 4.412 4.901 2.3976 1.2196 0.5432 0.1386 0.0316 0 0 0 0 0 0 0 0 0 0 0.0408 0.9666 3.116 3.0862 2.2328 1.2154 0.8174 0.3874 0.1374 0 0 0 0 0 0 0 0 0 0 0.0968 1.0402 1.9656 2.5194 1.9888 1.0494 0.6984 0.4942 0.1472 0 0 0 0 0 0 0 0 0 0 0.0922 0.61 1.5314 1.8176 1.6284 1.0912 0.734 0.3704 0.1072 0.0176 0 0 0 0 0 0 0 0 0 0.0532 0.218 0.7994 1.2032 1.3796 1.0656 0.8138 0.3572 
