0.03 0.09 0.15 0.21 0.27 0.33 0.39 0.45 0.51 0.57 0.63 0.69 0.75 0.81 0.87 0.93 0.99 1.05 1.11 1.17 1.23 1.29 1.35 1.41 1.47 1.53 1.59 1.65 1.71 1.77 1.83 1.89 1.95 2.01 2.07 2.13 2.19 2.25 2.31 2.37 2.43 2.49 2.55 2.61 2.67 2.73 2.79 2.85 2.91 2.97 3.03 3.09 3.15 3.21 3.27 3.33 3.39 3.45 3.51 3.57 3.63 3.69 3.75 3.81 3.87 3.93 3.99 4.05 4.11 4.17 4.23 4.29 4.35 4.41 4.47 4.53 4.59 4.65 4.71 4.77 4.83 4.89 4.95 5.01 5.07 5.13 5.19 5.25 5.31 5.37 5.43 5.49 5.55 5.61 5.67 5.73 5.79 5.85 5.91 5.97 
0 0 0 0 0 0 0 0 0 0 0 0 0 0 0 0 0 0.0068 0.622 3.9344 3.6388 1.7342 1.3552 0.8924 0.3176 0.0868 0.0132 0 0 0 0 0 0 0 0 0 0.0046 0.1482 1.221 2.6572 2.3446 1.4126 1.1328 0.9826 0.5446 0.2338 0.1022 0.017 0 0 0 0 0 0 0 0.0004 0.0174 0.2796 1.1376 1.844 1.6404 1.2636 1.1226 0.8766 0.4866 0.2118 0.0938 0.0224 0.0042 0 0 0 0 0 0 0.0008 0.0338 0.2464 0.7402 1.1808 1.3122 1.1996 1.0694 0.7404 0.3962 0.1576 0.0806 0.0312 0.0104 0.0012 0 0 0 0 0 0.0044 0.0152 0.1106 0.2542 0.6462 
0 0 0 0 0 0 0 0 0 0 0 0 0 0 0 0 0 0.0084 0.5362 3.7854 4.371 2.3746 1.6816 0.9008 0.2706 0.0634 0.008 0 0 0 0 0 0 0 0 0 0.0062 0.1234 0.9884 2.5876 2.7258 1.9602 1.455 1.0994 0.674 0.2862 0.082 0.0118 0 0 0 0 0 0 0 0 0.012 0.209 0.8716 1.8166 1.957 1.6278 1.3412 0.972 0.7332 0.3226 0.1146 0.0224 0 0 0 0 0 0 0 0 0.0104 0.151 0.5204 1.1268 1.515 1.4882 1.243 0.9464 0.6008 0.2724 0.0916 0.03 0.004 0 0 0 0 0 0 0 0.003 0.0516 0.206 0.4858 
0 0 0 0 0 0 0 0 0 0 0 0 0 0 0 0 0 0.0026 0.554 4.121 4.3952 2.2998 1.5158 0.804 0.2738 0.0338 0 0 0 0 0 0 0 0 0 0 0.004 0.1242 1.0142 2.8604 2.8362 1.8838 1.406 1.0426 0.5768 0.202 0.0482 0.0016 0 0 0 0 0 0 0 0.0018 0.0234 0.1996 0.9266 1.979 2.0614 1.6708 1.3044 1.0286 0.537 0.204 0.0534 0.0076 0.0024 0 0 0 0 0 0 0.0044 0.0318 0.146 0.6304 1.2554 1.487 1.5446 1.2324 0.8976 0.509 0.1978 0.0544 0.0092 0 0 0 0 0 0 0 0.0004 0.02 0.074 0.234 0.6104 
0 0 0 0 0 0 0 0 0 0 0 0 0 0 0 0 0 0.0038 0.5452 3.8 4.4054 2.2554 1.52 0.94 0.3864 0.1204 0.0226 0.0008 0 0 0 0 0 0 0 0 0.0022 0.1232 1.0468 2.597 2.6296 1.8664 1.4422 1.148 0.6608 0.3238 0.12 0.0304 0.0096 0 0 0 0 0 0 0.001 0.02 0.2282 0.9096 1.7674 1.9186 1.5612 1.2672 1.0986 0.655 0.3762 0.1408 0.0468 0.0082 0.0012 0 0 0 0 0 0.0014 0.0156 0.1774 0.6276 1.0608 1.3982 1.3458 1.1516 1.0338 0.6172 0.3714 0.1434 0.0426 0.0126 0.0006 0 0 0 0 0 0 0.0028 0.051 0.2432 0.5444 
0 0 0 0 0 0 0 0 0 0 0 0 0 0 0 0 0 0.0082 0.5468 3.751 4.357 2.1652 1.5332 1.0464 0.4472 0.12 0.0176 0.007 0.0004 0 0 0 0 0 0 0 0.0016 0.1172 1.0198 2.492 2.7648 1.7746 1.4064 1.1548 0.8252 0.326 0.0902 0.0182 0.007 0.0022 0 0 0 0 0 0.0002 0.0288 0.2142 0.8734 1.694 1.9342 1.5896 1.2442 1.0506 0.7702 0.4084 0.1558 0.0266 0.0088 0.001 0 0 0 0 0 0.0062 0.0354 0.1472 0.5452 1.0656 1.3304 1.3896 1.244 1.0174 0.6546 0.3708 0.1512 0.0292 0.0112 0.002 0 0 0 0 0 0.0054 0.0162 0.0526 0.2056 0.4616 
0 0 0 0 0 0 0 0 0 0 0 0 0 0 0 0 0 0.005 0.716 4.024 4.115 2.4102 1.5316 0.8644 0.2638 0.0594 0.0088 0.0018 0 0 0 0 0 0 0 0 0.0018 0.1462 1.253 2.7722 2.663 1.7154 1.3528 1.1118 0.6696 0.2228 0.0682 0.0174 0.0058 0 0 0 0 0 0 0.0018 0.0262 0.2882 1.0306 1.9586 2.007 1.5192 1.1886 1.0248 0.6066 0.2436 0.0798 0.0164 0.0074 0.0012 0 0 0 0 0 0.003 0.0412 0.2034 0.6784 1.2256 1.5076 1.4706 1.1774 0.9228 0.4884 0.1964 0.0604 0.016 0.006 0.0028 0 0 0 0 0 0.002 0.0132 0.0764 0.2694 0.6006 
0 0 0 0 0 0 0 0 0 0 0 0 0 0 0 0 0 0.003 0.6972 4.0604 4.1468 2.3196 1.487 0.922 0.3076 0.0534 0.003 0 0 0 0 0 0 0 0 0 0.0102 0.1764 1.173 2.867 2.6666 1.7112 1.2802 1.0848 0.6686 0.2682 0.0858 0.0068 0.0012 0 0 0 0 0 0 0.006 0.0504 0.288 1.0714 1.8944 2.0172 1.616 1.121 0.9324 0.6174 0.2786 0.0876 0.0178 0.0018 0 0 0 0 0 0 0.007 0.0492 0.233 0.7046 1.238 1.5568 1.3228 1.167 0.8606 0.53 0.2408 0.073 0.015 0.0022 0 0 0 0 0 0 0.0022 0.0226 0.081 0.327 0.6336 
0 0 0 0 0 0 0 0 0 0 0 0 0 0 0 0 0 0.0016 0.566 3.838 4.443 2.212 1.5712 0.9074 0.3624 0.0942 0.0042 0 0 0 0 0 0 0 0 0 0.0018 0.0954 0.9992 2.6922 2.942 1.7108 1.2486 1.2286 0.7222 0.2952 0.0534 0.0098 0.0008 0 0 0 0 0 0 0.0014 0.0168 0.1966 0.8752 1.8706 2.0352 1.5698 1.2698 1.0916 0.687 0.3132 0.0646 0.0062 0.002 0 0 0 0 0 0 0.0022 0.0112 0.1592 0.5732 1.1758 1.4766 1.3856 1.178 1.016 0.6296 0.2914 0.0864 0.0136 0.0012 0 0 0 0 0 0 0.0012 0.005 0.04 0.218 0.521 
0 0 0 0 0 0 0 0 0 0 0 0 0 0 0 0 0 0.004 0.5468 3.9192 4.2638 2.5396 1.5652 0.7996 0.2846 0.071 0.0062 0 0 0 0 0 0 0 0 0 0.0028 0.1148 1.1482 2.5468 2.6332 2.0534 1.4936 1.0652 0.5912 0.265 0.0728 0.013 0 0 0 0 0 0 0 0 0.0246 0.2518 1.005 1.675 1.9752 1.6638 1.3014 0.9996 0.6666 0.3246 0.0894 0.0192 0.0038 0 0 0 0 0 0 0.0022 0.0302 0.2128 0.5894 1.1408 1.4608 1.4118 1.226 0.9142 0.605 0.2856 0.0946 0.0252 0.0014 0 0 0 0 0 0.0004 0.0024 0.023 0.0828 0.2292 0.593 
0 0 0 0 0 0 0 0 0 0 0 0 0 0 0 0 0 0.0054 0.7288 4.0324 4.0674 2.211 1.4542 0.9162 0.4506 0.109 0.0172 0.0068 0.001 0 0 0 0 0 0 0 0.0064 0.1722 1.4004 2.5954 2.5298 1.7316 1.2542 1.102 0.7654 0.3388 0.0852 0.015 0.0036 0 0 0 0 0 0 0 0.0292 0.352 1.1892 1.8328 1.8102 1.4212 1.2026 1.0138 0.687 0.3434 0.08 0.0334 0.0052 0 0 0 0 0 0 0.0004 0.0412 0.2442 0.704 1.2808 1.3716 1.4036 1.2218 0.8914 0.4834 0.241 0.085 0.0288 0.0028 0 0 0 0 0 0 0 0.0084 0.0662 0.272 0.5766 
0 0 0 0 0 0 0 0 0 0 0 0 0 0 0 0 0 0.0014 0.6232 4.188 4.1408 2.1376 1.4592 0.9102 0.385 0.1246 0.027 0.003 0 0 0 0 0 0 0 0 0.0022 0.1398 1.227 2.786 2.7086 1.7174 1.283 1.008 0.6448 0.319 0.1224 0.0316 0.0102 0 0 0 0 0 0 0.0012 0.0292 0.2756 1.0506 1.9506 1.9798 1.5026 1.2014 0.9152 0.5854 0.3064 0.16 0.034 0.008 0 0 0 0 0 0 0 0.0314 0.2092 0.6528 1.2532 1.562 1.3894 1.1536 0.8234 0.496 0.2848 0.1136 0.0216 0.0064 0.0026 0 0 0 0 0 0 0.0094 0.0554 0.2732 0.576 
0 0 0 0 0 0 0 0 0 0 0 0 0 0 0 0 0 0.0058 0.666 4.095 4.1062 2.2012 1.616 0.912 0.3038 0.0716 0.0158 0.0058 0.0008 0 0 0 0 0 0 0 0.0052 0.1358 1.284 2.7456 2.625 1.6768 1.3684 1.1246 0.6612 0.2908 0.0632 0.0128 0.003 0.0036 0 0 0 0 0 0 0.0222 0.268 1.1364 1.9568 1.9132 1.4694 1.199 0.9478 0.6198 0.337 0.1006 0.0224 0.0074 0 0 0 0 0 0 0 0.0316 0.1842 0.6848 1.2868 1.541 1.388 1.1514 0.934 0.5022 0.2162 0.0638 0.013 0.003 0 0 0 0 0 0 0.0032 0.011 0.0746 0.2414 0.611 
0 0 0 0 0 0 0 0 0 0 0 0 0 0 0 0 0 0.004 0.639 4.1438 4.17 2.1702 1.5204 0.934 0.3208 0.0906 0.0068 0.0004 0 0 0 0 0 0 0 0 0.001 0.1364 1.26 2.7276 2.6504 1.8856 1.3116 1.0196 0.6652 0.2642 0.0718 0.0062 0.0004 0 0 0 0 0 0 0 0.017 0.277 1.1282 1.9588 1.8694 1.476 1.2642 0.97 0.632 0.2982 0.0972 0.0112 0.0008 0 0 0 0 0 0 0.0024 0.029 0.2092 0.7264 1.2364 1.5058 1.4222 1.1736 0.836 0.4796 0.2826 0.0768 0.0192 0.0008 0 0 0 0 0 0 0.0016 0.0134 0.077 0.3074 0.6552 
0 0 0 0 0 0 0 0 0 0 0 0 0 0 0 0 0 0.008 0.8198 4.1348 4.1196 2.2274 1.4874 0.8558 0.2562 0.0758 0.0128 0.0024 0 0 0 0 0 0 0 0 0.004 0.2282 1.4108 2.7888 2.6206 1.7214 1.3572 0.9666 0.5724 0.2056 0.0894 0.0282 0.0048 0.002 0 0 0 0 0 0.0022 0.045 0.3824 1.2564 1.9608 1.882 1.4706 1.2888 0.8832 0.4956 0.1922 0.092 0.0338 0.0102 0.0016 0.0032 0 0 0 0 0.0064 0.0566 0.3044 0.8202 1.3126 1.4766 1.4038 1.1644 0.7676 0.3796 0.1744 0.0916 0.0274 0.011 0.0022 0.0012 0 0 0 0 0.0078 0.0182 0.1248 0.349 0.7716 
0 0 0 0 0 0 0 0 0 0 0 0 0 0 0 0 0 0.0062 0.6718 3.8238 4.0546 2.2708 1.587 1.003 0.4466 0.1082 0.0264 0.0016 0 0 0 0 0 0 0 0 0.0042 0.1492 1.1996 2.5196 2.5468 1.7678 1.3924 1.1078 0.7282 0.3254 0.1684 0.0606 0.0206 0.0056 0.0038 0 0 0 0 0.001 0.0306 0.2442 0.9604 1.8268 1.8764 1.4698 1.2428 1.0148 0.6982 0.3384 0.1838 0.0766 0.0218 0.0058 0.0074 0.0012 0 0 0 0.0064 0.0244 0.1672 0.5488 1.1772 1.4472 1.3368 1.2088 0.9122 0.6068 0.2852 0.1788 0.0686 0.0208 0.006 0.0048 0 0 0 0.0006 0.0048 0.014 0.0464 0.2042 0.4972 
0 0 0 0 0 0 0 0 0 0 0 0 0 0 0 0 0 0.0034 0.6416 4.1754 4.2078 2.2626 1.527 0.776 0.3148 0.0808 0.0106 0 0 0 0 0 0 0 0 0 0.0056 0.1702 1.228 2.723 2.7424 1.7934 1.4094 1.002 0.5686 0.275 0.0758 0.0066 0 0 0 0 0 0 0 0.0032 0.0394 0.305 1.03 1.8436 2.089 1.5974 1.2678 0.895 0.5628 0.2714 0.0782 0.0162 0.001 0 0 0 0 0 0.0014 0.005 0.0506 0.2618 0.6548 1.215 1.5178 1.4414 1.176 0.8728 0.4702 0.2434 0.0742 0.0156 0 0 0 0 0 0 0.0008 0.0024 0.0222 0.101 0.3016 0.6712 
0 0 0 0 0 0 0 0 0 0 0 0 0 0 0 0 0 0.0034 0.7112 3.8906 4.1222 2.3738 1.6394 0.8502 0.3222 0.0702 0.013 0.0038 0 0 0 0 0 0 0 0 0.0034 0.1652 1.2206 2.6228 2.6922 1.782 1.3012 1.1072 0.6766 0.2958 0.1034 0.025 0.0032 0.0014 0 0 0 0 0 0 0.031 0.2758 1.013 1.852 2.0384 1.5136 1.2198 0.9932 0.617 0.2832 0.1046 0.0456 0.0102 0.0026 0 0 0 0 0 0.0034 0.019 0.1838 0.6558 1.2078 1.5116 1.4276 1.2332 0.881 0.5124 0.2204 0.0982 0.0358 0.0092 0.0008 0 0 0 0 0 0 0.0086 0.036 0.207 0.5842 
0 0 0 0 0 0 0 0 0 0 0 0 0 0 0 0 0 0.0028 0.7284 4.1046 4.188 2.3172 1.4888 0.7978 0.2706 0.0826 0.0184 0.0008 0 0 0 0 0 0 0 0 0.0018 0.1448 1.4094 2.6744 2.7604 1.7196 1.3226 0.9952 0.5928 0.2602 0.0846 0.0278 0.0064 0 0 0 0 0 0 0.0008 0.022 0.3128 1.209 2.033 1.8798 1.437 1.2858 0.9024 0.5468 0.2512 0.093 0.0242 0.0022 0 0 0 0 0 0 0 0.0342 0.2226 0.7968 1.3538 1.5076 1.4402 1.1398 0.7832 0.4242 0.215 0.0706 0.0098 0.0022 0 0 0 0 0 0 0.0012 0.0134 0.078 0.2892 0.6898 
0 0 0 0 0 0 0 0 0 0 0 0 0 0 0 0 0 0.0048 0.6008 3.9094 4.2218 2.3434 1.6094 0.9274 0.28 0.0792 0.0194 0.0044 0 0 0 0 0 0 0 0 0.0024 0.161 1.1352 2.569 2.689 1.8558 1.4156 1.122 0.6648 0.2586 0.1018 0.0186 0.0062 0 0 0 0 0 0 0.0006 0.031 0.3028 0.9886 1.6994 1.961 1.628 1.2748 1.0116 0.6352 0.3 0.112 0.0422 0.009 0.0028 0.001 0 0 0 0 0.0028 0.0576 0.241 0.5866 1.052 1.4676 1.4664 1.262 0.8748 0.5646 0.2696 0.1058 0.0322 0.0138 0.0014 0.0018 0 0 0 0 0.002 0.0292 0.0702 0.2766 0.5686 
0 0 0 0 0 0 0 0 0 0 0 0 0 0 0 0 0 0.006 0.5246 3.7814 4.484 2.2616 1.4956 0.951 0.3748 0.0934 0.0238 0.0038 0 0 0 0 0 0 0 0 0.0044 0.1118 0.9646 2.5934 2.822 1.9098 1.3654 1.1088 0.6716 0.307 0.1202 0.021 0 0 0 0 0 0 0 0 0.0194 0.2026 0.842 1.8144 1.9852 1.6154 1.237 1.0564 0.6818 0.3842 0.1376 0.0206 0.0034 0 0 0 0 0 0 0 0.0182 0.1532 0.5346 1.1016 1.4344 1.4266 1.2658 0.9738 0.6054 0.293 0.1532 0.031 0.0092 0 0 0 0 0 0 0 0.007 0.0526 0.1944 0.4858 
0 0 0 0 0 0 0 0 0 0 0 0 0 0 0 0 0 0.0028 0.6608 3.9618 4.3514 2.2266 1.5328 0.8918 0.312 0.0538 0.0062 0 0 0 0 0 0 0 0 0 0.002 0.1568 1.1752 2.6704 2.73 1.853 1.4246 1.075 0.6002 0.2466 0.0586 0.0076 0 0 0 0 0 0 0 0 0.0222 0.2952 1.0388 1.8466 1.9562 1.6032 1.3288 1.0012 0.5482 0.2676 0.0818 0.0102 0 0 0 0 0 0 0 0.002 0.0358 0.2008 0.6938 1.235 1.4432 1.4726 1.2198 0.8798 0.4744 0.2456 0.0882 0.009 0 0 0 0 0 0 0 0.0012 0.0138 0.0704 0.2532 0.6192 
0 0 0 0 0 0 0 0 0 0 0 0 0 0 0 0 0 0.009 0.6942 4.0508 4.3286 2.2802 1.4024 0.8464 0.2964 0.0828 0.009 0.0002 0 0 0 0 0 0 0 0 0.0032 0.178 1.3098 2.7906 2.621 1.79 1.3126 1.0456 0.602 0.2724 0.0632 0.0116 0 0 0 0 0 0 0 0.002 0.0324 0.3396 1.1268 1.9782 2.0402 1.4394 1.1238 0.9334 0.5826 0.2646 0.0998 0.0326 0.0046 0 0 0 0 0 0 0.0038 0.0486 0.2528 0.7248 1.321 1.5628 1.3912 1.1452 0.7978 0.4564 0.1706 0.0976 0.024 0.0034 0 0 0 0 0 0 0.002 0.02 0.1038 0.3322 0.6732 
0 0 0 0 0 0 0 0 0 0 0 0 0 0 0 0 0 0.0054 0.7284 4.3198 4.2094 2.0882 1.4678 0.8074 0.3036 0.0602 0.0078 0.002 0 0 0 0 0 0 0 0 0.0082 0.1798 1.3198 2.9774 2.6846 1.6804 1.379 1.0406 0.5058 0.1716 0.0438 0.009 0 0 0 0 0 0 0 0.0018 0.0492 0.3198 1.212 2.0218 1.9238 1.5532 1.28 0.8912 0.4608 0.1996 0.0706 0.0152 0.001 0 0 0 0 0 0 0.0062 0.053 0.319 0.8178 1.2962 1.5224 1.3894 1.1102 0.7526 0.4366 0.2174 0.0678 0.0092 0.0022 0 0 0 0 0 0 0.0016 0.0362 0.1628 0.385 0.7504 
0 0 0 0 0 0 0 0 0 0 0 0 0 0 0 0 0 0.0022 0.5232 4.0954 4.3542 2.1892 1.5216 0.8456 0.3774 0.0792 0.0116 0.0004 0 0 0 0 0 0 0 0 0.001 0.1126 1.0522 2.765 2.7976 1.7732 1.4732 1.023 0.6134 0.2906 0.0798 0.0172 0.0012 0 0 0 0 0 0 0 0.0188 0.2014 0.9702 1.8622 1.977 1.6556 1.2786 1.0272 0.6216 0.2702 0.0844 0.025 0.0078 0 0 0 0 0 0 0.0012 0.0268 0.1638 0.6344 1.1832 1.462 1.3936 1.2252 0.978 0.5796 0.245 0.0736 0.0264 0.0056 0.0016 0 0 0 0 0 0.0006 0.0108 0.0668 0.2588 0.5648 
0 0 0 0 0 0 0 0 0 0 0 0 0 0 0 0 0 0.0054 0.569 3.8686 4.1832 2.4266 1.5992 0.8182 0.3542 0.1248 0.0436 0.0072 0 0 0 0 0 0 0 0 0.0022 0.1258 1.0512 2.5714 2.6982 1.881 1.4254 1.097 0.6576 0.3018 0.125 0.0464 0.0166 0.0004 0 0 0 0 0 0 0.0262 0.232 0.9274 1.6878 1.9654 1.578 1.38 1.0162 0.6254 0.341 0.1424 0.0546 0.0174 0.0062 0 0 0 0 0.0004 0.004 0.042 0.175 0.5444 1.0656 1.418 1.3974 1.319 0.9932 0.5546 0.2934 0.1238 0.0476 0.0198 0.0018 0 0 0 0 0 0.0062 0.021 0.0664 0.236 0.4562 
0 0 0 0 0 0 0 0 0 0 0 0 0 0 0 0 0 0.0042 0.7634 4.2896 4.0922 2.1324 1.5812 0.8054 0.2616 0.0636 0.0064 0 0 0 0 0 0 0 0 0.0004 0.006 0.214 1.419 2.9124 2.5276 1.6386 1.4212 1.0434 0.5764 0.2052 0.032 0.0038 0 0 0 0 0 0 0 0 0.048 0.4024 1.2814 1.9416 1.8778 1.4732 1.262 0.932 0.5394 0.2004 0.037 0.0048 0 0 0 0 0 0 0 0.0026 0.0638 0.2944 0.9118 1.278 1.4492 1.3674 1.1898 0.8072 0.4468 0.1502 0.036 0.0028 0 0 0 0 0 0 0 0.0014 0.0202 0.114 0.3984 0.702 
0 0 0 0 0 0 0 0 0 0 0 0 0 0 0 0 0 0.002 0.5772 3.8572 4.1622 2.5352 1.6048 0.8966 0.292 0.0528 0.016 0.004 0 0 0 0 0 0 0 0 0.0008 0.1206 1.0652 2.5654 2.7414 1.8574 1.4298 1.1628 0.6544 0.2956 0.0914 0.0124 0.0028 0 0 0 0 0 0 0 0.0238 0.239 0.8778 1.7242 2.0456 1.6676 1.2456 0.9904 0.7076 0.343 0.112 0.019 0.0044 0 0 0 0 0 0 0.003 0.0368 0.1914 0.552 1.029 1.4402 1.4912 1.242 0.944 0.6382 0.3004 0.099 0.032 0.0008 0 0 0 0 0 0 0.003 0.0114 0.0894 0.24 0.4854 
0 0 0 0 0 0 0 0 0 0 0 0 0 0 0 0 0 0.0022 0.641 4.051 4.166 2.3308 1.6114 0.8456 0.273 0.0706 0.0084 0 0 0 0 0 0 0 0 0 0.0002 0.156 1.1952 2.6668 2.707 1.857 1.3798 1.0774 0.621 0.2496 0.069 0.021 0 0 0 0 0 0 0 0 0.0292 0.2994 1.0706 1.7346 1.9696 1.633 1.3028 1.0514 0.583 0.2252 0.0784 0.0228 0 0 0 0 0 0 0 0.0062 0.0464 0.242 0.6778 1.0694 1.5122 1.4746 1.2052 0.911 0.5178 0.2406 0.07 0.0218 0.005 0 0 0 0 0 0 0.0032 0.022 0.114 0.2826 0.5802 
0 0 0 0 0 0 0 0 0 0 0 0 0 0 0 0 0 0.0016 0.5814 4.0218 4.1524 2.1528 1.6434 0.9678 0.3812 0.089 0.0086 0 0 0 0 0 0 0 0 0 0.0008 0.1064 1.1408 2.6806 2.7566 1.7152 1.3342 1.0796 0.7416 0.3216 0.097 0.0256 0 0 0 0 0 0 0 0 0.017 0.1812 1.0002 1.9424 1.9914 1.462 1.2154 1.0222 0.6806 0.326 0.1302 0.0298 0.0016 0 0 0 0 0 0 0.001 0.0164 0.1542 0.5882 1.2416 1.4748 1.3942 1.2372 0.8966 0.5602 0.2994 0.1146 0.0216 0 0 0 0 0 0 0 0 0.0074 0.069 0.2096 0.5382 
0 0 0 0 0 0 0 0 0 0 0 0 0 0 0 0 0 0.0036 0.6046 4.0452 4.3524 2.2436 1.4112 0.87 0.3596 0.0962 0.0126 0.001 0 0 0 0 0 0 0 0 0.0032 0.1366 1.1476 2.6884 2.8218 1.8116 1.3668 1.0106 0.6358 0.2724 0.0926 0.0126 0 0 0 0 0 0 0 0.0018 0.031 0.25 1.02 1.8324 2.004 1.5764 1.2468 0.9968 0.597 0.3094 0.109 0.0236 0.0018 0 0 0 0 0 0 0.0036 0.05 0.2348 0.6288 1.2038 1.4126 1.4088 1.1618 0.888 0.5598 0.2912 0.1084 0.0428 0.0056 0 0 0 0 0 0 0.0026 0.0266 0.0994 0.2898 0.6162 
0 0 0 0 0 0 0 0 0 0 0 0 0 0 0 0 0 0.0032 0.7154 4.1652 4.156 2.1332 1.3386 0.8918 0.3926 0.156 0.04 0.0064 0.0016 0 0 0 0 0 0 0 0.0064 0.1796 1.3122 2.7818 2.599 1.7898 1.2334 0.9684 0.647 0.315 0.1274 0.0348 0.0036 0.0016 0 0 0 0 0 0.0028 0.0426 0.3238 1.1496 1.948 1.8982 1.5162 1.1034 0.8602 0.6304 0.3434 0.109 0.0556 0.0168 0 0 0 0 0 0 0.0056 0.0552 0.2602 0.754 1.2382 1.5332 1.352 1.0992 0.7438 0.4972 0.2844 0.1198 0.04 0.0152 0.002 0 0 0 0 0 0.0044 0.0276 0.099 0.3144 0.6902 
0 0 0 0 0 0 0 0 0 0 0 0 0 0 0 0 0 0.0028 0.6144 3.9574 4.2762 2.2016 1.5004 0.9682 0.372 0.093 0.013 0.001 0 0 0 0 0 0 0 0 0.0008 0.1246 1.1568 2.7908 2.6198 1.7042 1.3158 1.1686 0.708 0.308 0.0794 0.0192 0.004 0 0 0 0 0 0 0 0.0156 0.2286 0.9954 2.0218 1.9128 1.4404 1.2346 1.0226 0.6662 0.313 0.1082 0.0354 0.005 0.0004 0 0 0 0 0 0.0008 0.0216 0.1532 0.6402 1.279 1.5018 1.343 1.1668 0.9428 0.532 0.2838 0.1064 0.0216 0.007 0 0 0 0 0 0 0.0018 0.0078 0.049 0.2116 0.5676 
0 0 0 0 0 0 0 0 0 0 0 0 0 0 0 0 0 0.0018 0.586 4.134 4.2484 2.2068 1.5016 0.9158 0.291 0.088 0.0248 0.0018 0 0 0 0 0 0 0 0 0 0.1102 1.1742 2.6608 2.8226 1.8526 1.3852 1.0554 0.6094 0.2146 0.082 0.022 0.008 0.003 0 0 0 0 0 0 0.0142 0.2498 1.0776 1.7694 1.9936 1.6026 1.3194 0.9858 0.6012 0.2182 0.1202 0.0356 0.0096 0.0028 0 0 0 0 0 0.0026 0.0252 0.237 0.6552 1.1098 1.474 1.4534 1.1864 0.923 0.563 0.239 0.1006 0.0216 0.0086 0.0006 0 0 0 0 0.0008 0.0014 0.0144 0.1076 0.2638 0.5408 
0 0 0 0 0 0 0 0 0 0 0 0 0 0 0 0 0 0.0008 0.5958 4.1738 4.1552 2.0474 1.6268 1.01 0.316 0.0616 0.0126 0 0 0 0 0 0 0 0 0 0.0008 0.1038 1.2158 2.873 2.6234 1.6244 1.413 1.1852 0.618 0.2312 0.0932 0.0172 0.001 0 0 0 0 0 0 0.0012 0.018 0.2402 1.0592 1.9902 1.883 1.5146 1.3372 0.9848 0.6186 0.235 0.0874 0.0254 0.0052 0 0 0 0 0 0 0.0018 0.0326 0.2028 0.6826 1.1826 1.457 1.5166 1.2194 0.8416 0.5402 0.2156 0.0724 0.0292 0.0038 0.0018 0 0 0 0 0 0 0.0128 0.0764 0.2648 0.5418 
0 0 0 0 0 0 0 0 0 0 0 0 0 0 0 0 0 0.0036 0.679 3.8936 4.0932 2.3184 1.4568 0.9588 0.4598 0.1188 0.0158 0.0022 0 0 0 0 0 0 0 0 0.0068 0.1996 1.1792 2.5464 2.6002 1.7212 1.3852 1.1162 0.741 0.321 0.1396 0.0386 0.005 0 0 0 0 0 0 0.0026 0.0284 0.3254 1.0106 1.7444 1.8228 1.5616 1.2216 1.0178 0.6846 0.3628 0.1604 0.053 0.004 0 0 0 0 0 0 0.0014 0.035 0.2018 0.7182 1.0946 1.3318 1.3486 1.2224 0.9416 0.6178 0.2948 0.146 0.0422 0.0038 0 0 0 0 0 0 0 0.0082 0.0656 0.266 0.5534 
0 0 0 0 0 0 0 0 0 0 0 0 0 0 0 0 0 0.0028 0.6988 4.2194 4.3036 2.3366 1.4464 0.6224 0.2606 0.0904 0.0174 0.0016 0 0 0 0 0 0 0 0 0.0096 0.1726 1.2664 2.8724 2.7542 1.8032 1.4072 0.9336 0.4738 0.207 0.0802 0.017 0.0028 0 0 0 0 0 0 0 0.0336 0.316 1.1232 2.0332 2.0326 1.5784 1.2228 0.9064 0.47 0.1904 0.0624 0.0204 0.0076 0.003 0 0 0 0 0 0 0.0418 0.2528 0.7206 1.4364 1.5332 1.4878 1.1328 0.757 0.365 0.1824 0.0648 0.0184 0.005 0.002 0 0 0 0 0 0 0.0162 0.112 0.3316 0.707 
0 0 0 0 0 0 0 0 0 0 0 0 0 0 0 0 0 0.0036 0.7308 4.1578 4.0824 2.277 1.5014 0.8432 0.318 0.0802 0.0056 0 0 0 0 0 0 0 0 0 0.002 0.1464 1.374 2.864 2.4838 1.7398 1.435 1.0464 0.5964 0.2124 0.0792 0.0174 0.0032 0 0 0 0 0 0 0.0008 0.033 0.324 1.2038 1.9006 1.8824 1.5386 1.3314 0.9038 0.5276 0.2448 0.08 0.024 0.0038 0.0014 0 0 0 0 0 0.0028 0.0556 0.272 0.759 1.2192 1.4986 1.4162 1.2124 0.8524 0.4312 0.1878 0.0642 0.0232 0.004 0.0014 0 0 0 0 0 0 0.0212 0.1284 0.3218 0.6334 
0 0 0 0 0 0 0 0 0 0 0 0 0 0 0 0 0 0.004 0.6774 4.0174 4.3162 2.1688 1.479 0.8894 0.3512 0.0882 0.0084 0 0 0 0 0 0 0 0 0 0.0096 0.186 1.1048 2.8092 2.7676 1.777 1.2778 1.0912 0.6584 0.2398 0.0698 0.0088 0 0 0 0 0 0 0 0.0008 0.0388 0.2802 1.0224 2.0226 1.971 1.4464 1.2254 0.985 0.6304 0.302 0.0674 0.0056 0.002 0 0 0 0 0 0 0.0004 0.0292 0.1978 0.6888 1.2504 1.5276 1.4594 1.1976 0.8972 0.5174 0.1978 0.029 0.0042 0.0032 0 0 0 0 0 0 0.0002 0.009 0.0564 0.2676 0.6578 
0 0 0 0 0 0 0 0 0 0 0 0 0 0 0 0 0 0.01 0.711 4.1914 3.9756 2.0362 1.4884 1.0436 0.417 0.0936 0.0194 0.0112 0.0026 0 0 0 0 0 0 0 0.0042 0.1818 1.3806 2.7806 2.515 1.5704 1.2642 1.0826 0.7614 0.3294 0.099 0.0242 0.0066 0 0 0 0 0 0 0.0004 0.0272 0.3498 1.1934 1.9078 1.8662 1.3966 1.0962 1.0012 0.69 0.3222 0.0974 0.0388 0.012 0.0008 0 0 0 0 0 0.001 0.033 0.2688 0.7754 1.2492 1.4334 1.3058 1.1404 0.842 0.531 0.301 0.079 0.0332 0.0068 0 0 0 0 0 0 0 0.012 0.0986 0.2964 0.6344 
0 0 0 0 0 0 0 0 0 0 0 0 0 0 0 0 0 0.003 0.5852 4.1888 4.2156 1.9588 1.416 0.9832 0.4544 0.1668 0.0242 0.004 0 0 0 0 0 0 0 0 0.0016 0.152 1.141 2.8014 2.7738 1.656 1.2036 1.048 0.7318 0.3488 0.1056 0.0272 0.008 0.0012 0 0 0 0 0 0 0.0226 0.2744 1.0098 1.9376 1.9758 1.4818 1.1752 0.9722 0.6198 0.3504 0.1248 0.0364 0.013 0.005 0.0012 0 0 0 0 0.0018 0.0264 0.2104 0.6752 1.2222 1.516 1.3088 1.0878 0.9118 0.5352 0.3222 0.1126 0.043 0.018 0.0056 0.003 0 0 0 0 0.0008 0.0092 0.072 0.2528 0.6276 
0 0 0 0 0 0 0 0 0 0 0 0 0 0 0 0 0 0.0028 0.481 3.8544 4.4552 2.259 1.5668 0.9158 0.3428 0.1008 0.019 0.0024 0 0 0 0 0 0 0 0 0.0024 0.092 0.92 2.5714 2.9116 1.9544 1.4362 1.089 0.6176 0.2714 0.1066 0.023 0.0044 0 0 0 0 0 0 0 0.0082 0.1538 0.8404 1.7636 2.0668 1.694 1.3596 0.9616 0.6484 0.3354 0.1346 0.027 0.0066 0 0 0 0 0 0 0 0.0112 0.113 0.4874 1.0844 1.5376 1.553 1.2258 0.9372 0.5876 0.2972 0.1112 0.044 0.0066 0.0038 0 0 0 0 0 0 0.0082 0.0322 0.1498 0.4832 
0 0 0 0 0 0 0 0 0 0 0 0 0 0 0 0 0 0.0046 0.8108 4.0666 4.2506 2.1714 1.5316 0.8588 0.2602 0.0424 0.003 0 0 0 0 0 0 0 0 0 0.0088 0.2102 1.3146 2.843 2.68 1.7362 1.3012 1.0368 0.631 0.1728 0.0538 0.0116 0 0 0 0 0 0 0 0.0068 0.0564 0.3518 1.1154 2.0266 1.9184 1.5782 1.2282 0.905 0.5498 0.1882 0.0528 0.0208 0.0016 0 0 0 0 0 0 0.0136 0.0602 0.2996 0.764 1.2934 1.4904 1.4368 1.133 0.7748 0.4824 0.18 0.054 0.0104 0.0074 0 0 0 0 0 0 0.0092 0.0266 0.1384 0.3654 0.6802 
0 0 0 0 0 0 0 0 0 0 0 0 0 0 0 0 0 0.0006 0.6056 4.1018 4.2292 2.118 1.5196 0.935 0.3506 0.1078 0.0286 0.0016 0.0016 0 0 0 0 0 0 0 0.0018 0.1266 1.1674 2.7484 2.717 1.8242 1.1948 1.084 0.6728 0.3052 0.1002 0.043 0.0132 0.0014 0 0 0 0 0 0 0.0196 0.2616 1.021 1.875 2.0076 1.5326 1.1946 0.96 0.6488 0.3078 0.11 0.0468 0.0098 0.0048 0 0 0 0 0 0.0006 0.0212 0.1822 0.6888 1.2424 1.4114 1.4204 1.124 0.9206 0.5396 0.278 0.103 0.0486 0.0146 0.0046 0 0 0 0 0 0 0.0088 0.0794 0.242 0.5662 
0 0 0 0 0 0 0 0 0 0 0 0 0 0 0 0 0 0.0032 0.5032 3.8298 4.3502 2.2604 1.54 0.9656 0.4372 0.0974 0.013 0 0 0 0 0 0 0 0 0 0.0016 0.0912 0.9824 2.5472 2.8524 1.798 1.4032 1.1386 0.7002 0.3536 0.107 0.022 0.0016 0.001 0 0 0 0 0 0.0016 0.0164 0.188 0.879 1.742 1.8876 1.6708 1.349 1.0292 0.6724 0.3766 0.1332 0.0472 0.005 0.002 0 0 0 0 0 0 0.0262 0.1544 0.5316 1.0906 1.3416 1.4474 1.2716 0.945 0.6382 0.36 0.1298 0.047 0.0156 0.001 0 0 0 0 0 0.0014 0.0072 0.0602 0.1618 0.4802 
0 0 0 0 0 0 0 0 0 0 0 0 0 0 0 0 0 0.0054 0.6666 4.071 4.2 2.1686 1.513 0.9204 0.338 0.0884 0.0212 0.0052 0.0022 0 0 0 0 0 0 0 0.0044 0.1676 1.234 2.6828 2.678 1.774 1.3438 1.0614 0.6796 0.2826 0.0672 0.0232 0.0014 0 0 0 0 0 0 0.0002 0.034 0.3494 1.052 1.8092 1.9176 1.4924 1.2964 0.9882 0.6546 0.2966 0.0798 0.0288 0.0008 0 0 0 0 0 0 0.0028 0.0508 0.2698 0.6452 1.1968 1.3982 1.3976 1.3006 0.888 0.5118 0.234 0.081 0.02 0.0034 0 0 0 0 0 0 0.0014 0.0314 0.0914 0.252 0.618 
0 0 0 0 0 0 0 0 0 0 0 0 0 0 0 0 0 0.003 0.7074 3.9926 4.1468 2.0908 1.5316 0.9038 0.4312 0.141 0.042 0.0084 0.0014 0 0 0 0 0 0 0 0.0016 0.1734 1.2078 2.7318 2.6526 1.6014 1.353 1.1404 0.635 0.3184 0.1318 0.0426 0.0082 0.002 0 0 0 0 0 0.0006 0.0402 0.3306 1.0642 1.8118 1.7976 1.5202 1.3054 0.9918 0.6306 0.3112 0.1288 0.0542 0.0114 0.0014 0 0 0 0 0 0.0072 0.0532 0.2554 0.6762 1.1176 1.3768 1.42 1.1658 0.8904 0.5734 0.2682 0.1212 0.0584 0.0162 0 0 0 0 0 0.002 0.0062 0.0306 0.0938 0.2504 0.5292 
0 0 0 0 0 0 0 0 0 0 0 0 0 0 0 0 0 0.0016 0.5474 3.7456 4.4572 2.4798 1.489 0.8658 0.3342 0.0696 0.0098 0 0 0 0 0 0 0 0 0 0.0028 0.1438 0.9558 2.485 2.8422 1.8904 1.491 1.226 0.6568 0.2416 0.0574 0.0052 0.002 0 0 0 0 0 0 0 0.0334 0.2558 0.771 1.7044 2.0588 1.6574 1.3558 1.071 0.6598 0.3296 0.0832 0.0152 0.0046 0 0 0 0 0 0 0.0032 0.0374 0.2036 0.4622 0.9942 1.4476 1.535 1.3858 0.9732 0.5936 0.286 0.0548 0.0182 0.0044 0.0008 0 0 0 0 0 0.0014 0.0144 0.0916 0.1848 0.4458 
0 0 0 0 0 0 0 0 0 0 0 0 0 0 0 0 0 0.002 0.5306 3.8394 4.3322 2.3328 1.5316 0.9222 0.3884 0.087 0.0228 0.0106 0.0004 0 0 0 0 0 0 0 0.0014 0.1246 1.0258 2.6354 2.6816 1.8242 1.434 1.0828 0.6818 0.3574 0.1142 0.0292 0.0058 0.0018 0 0 0 0 0 0.0004 0.0202 0.2102 0.887 1.7922 1.982 1.5896 1.2534 1.0598 0.6504 0.3672 0.1348 0.043 0.0098 0 0 0 0 0 0 0 0.0342 0.1428 0.5422 1.1136 1.4418 1.4606 1.2252 0.9732 0.6008 0.3026 0.1198 0.0322 0.011 0 0 0 0 0 0 0.0002 0.0096 0.0468 0.181 0.498 
0 0 0 0 0 0 0 0 0 0 0 0 0 0 0 0 0 0.0038 0.6628 4.1654 4.2282 2.2732 1.5322 0.8158 0.233 0.0612 0.019 0.0054 0 0 0 0 0 0 0 0 0.003 0.201 1.222 2.8028 2.609 1.835 1.3992 1.118 0.562 0.194 0.0394 0.0142 0.0004 0 0 0 0 0 0 0.0008 0.0352 0.361 1.1246 1.8164 1.917 1.5888 1.3536 0.9526 0.5808 0.2016 0.0548 0.01 0.0028 0 0 0 0 0 0 0 0.0608 0.2738 0.812 1.1722 1.3876 1.4626 1.2316 0.8284 0.4722 0.232 0.05 0.0122 0.0028 0.0018 0 0 0 0 0 0 0.0244 0.1102 0.3472 0.6834 
0 0 0 0 0 0 0 0 0 0 0 0 0 0 0 0 0 0.006 0.649 3.9722 4.104 2.383 1.6274 0.9152 0.275 0.0588 0.0064 0.003 0 0 0 0 0 0 0 0 0.0046 0.1512 1.1572 2.6216 2.6938 1.8542 1.3016 1.2204 0.6842 0.232 0.063 0.0098 0.0064 0 0 0 0 0 0 0 0.0244 0.2482 1.0078 1.8276 1.953 1.5672 1.29 1.0582 0.6444 0.2708 0.0778 0.0266 0.004 0 0 0 0 0 0 0.0008 0.0292 0.1856 0.6334 1.2358 1.3864 1.3526 1.2444 1.0174 0.583 0.2318 0.077 0.0188 0.0038 0 0 0 0 0 0 0 0.0122 0.0788 0.243 0.5304 
0 0 0 0 0 0 0 0 0 0 0 0 0 0 0 0 0 0.0022 0.6444 4.2864 3.947 2.1816 1.5052 0.88 0.3704 0.1334 0.0444 0.0038 0.0012 0 0 0 0 0 0 0 0.0044 0.1602 1.3232 2.8418 2.499 1.6452 1.343 1.0294 0.6638 0.2974 0.1248 0.0552 0.0126 0 0 0 0 0 0 0 0.0178 0.3178 1.2074 1.9316 1.8476 1.4474 1.1768 0.952 0.5964 0.298 0.1354 0.056 0.014 0.0018 0 0 0 0 0 0.0004 0.0342 0.2572 0.7488 1.3548 1.394 1.2738 1.1244 0.8558 0.5214 0.2284 0.13 0.0572 0.0146 0.0042 0.0008 0 0 0 0 0.0002 0.0132 0.1122 0.3022 0.6408 
0 0 0 0 0 0 0 0 0 0 0 0 0 0 0 0 0 0.002 0.5212 3.8558 4.2882 2.363 1.5528 0.9556 0.3492 0.0924 0.017 0.0028 0 0 0 0 0 0 0 0 0 0.103 1.0238 2.5872 2.7504 1.7964 1.4688 1.1376 0.6614 0.326 0.1126 0.024 0.0088 0 0 0 0 0 0 0 0.0084 0.199 0.8906 1.7702 1.964 1.6146 1.3068 1.022 0.6832 0.3542 0.1436 0.0368 0.0066 0 0 0 0 0 0 0 0.0132 0.143 0.5482 1.102 1.4858 1.3924 1.227 0.9656 0.6032 0.33 0.144 0.0382 0.0056 0.0018 0 0 0 0 0 0 0.0048 0.0474 0.1944 0.4958 
0 0 0 0 0 0 0 0 0 0 0 0 0 0 0 0 0 0.0048 0.714 4.0788 3.9782 2.3064 1.6792 0.839 0.296 0.0834 0.0196 0.0006 0 0 0 0 0 0 0 0 0.0054 0.2032 1.3688 2.6146 2.5454 1.6708 1.4362 1.1412 0.6424 0.276 0.0772 0.0174 0.0014 0 0 0 0 0 0 0 0.0324 0.3586 1.0988 1.9246 1.8824 1.3926 1.2954 0.986 0.5954 0.312 0.0944 0.0244 0.003 0 0 0 0 0 0 0.0046 0.0378 0.2246 0.6848 1.3016 1.4538 1.4326 1.188 0.882 0.4966 0.214 0.0658 0.0126 0.0012 0 0 0 0 0 0 0.0004 0.0136 0.0664 0.264 0.5844 
0 0 0 0 0 0 0 0 0 0 0 0 0 0 0 0 0 0.0036 0.6056 3.9234 4.2494 2.4052 1.5622 0.8462 0.3134 0.07 0.0184 0.0026 0 0 0 0 0 0 0 0 0.003 0.123 1.0852 2.6102 2.7692 1.9338 1.4108 1.0516 0.623 0.2826 0.075 0.0202 0.0098 0.0026 0 0 0 0 0 0.001 0.0234 0.2188 0.8818 1.8018 2.1212 1.636 1.3072 0.9416 0.6304 0.3028 0.0992 0.0218 0.0118 0.0012 0 0 0 0 0 0.0022 0.0264 0.1468 0.533 1.2044 1.4702 1.5136 1.2882 0.8998 0.5656 0.2424 0.0758 0.0208 0.0074 0.0034 0 0 0 0 0 0 0.0118 0.0548 0.1914 0.5156 
0 0 0 0 0 0 0 0 0 0 0 0 0 0 0 0 0 0.007 0.7186 3.9748 4.0556 2.5354 1.6446 0.7718 0.229 0.0474 0.0154 0.0004 0 0 0 0 0 0 0 0 0.005 0.1694 1.3888 2.563 2.6492 1.6624 1.5058 1.1638 0.5658 0.2348 0.0756 0.0136 0.0028 0 0 0 0 0 0 0.001 0.032 0.3318 1.1368 1.8866 1.854 1.5684 1.316 0.9582 0.5304 0.2374 0.1082 0.0362 0.003 0 0 0 0 0 0 0.0028 0.0406 0.2378 0.77 1.1802 1.4618 1.455 1.2608 0.8376 0.4388 0.1852 0.1024 0.0254 0.0016 0 0 0 0 0 0.0012 0.0038 0.02 0.0744 0.275 0.6222 
0 0 0 0 0 0 0 0 0 0 0 0 0 0 0 0 0 0.0028 0.7082 3.98 4.0868 2.1732 1.6598 0.9742 0.3444 0.0598 0.0108 0 0 0 0 0 0 0 0 0 0.0032 0.188 1.2628 2.708 2.489 1.7336 1.3566 1.1544 0.719 0.298 0.0708 0.0156 0.001 0 0 0 0 0 0 0.0008 0.023 0.3016 1.1218 1.9546 1.8558 1.3522 1.13 1.0704 0.733 0.2936 0.1212 0.0282 0.0122 0.0016 0 0 0 0 0 0.0012 0.0314 0.2286 0.7158 1.243 1.4504 1.3122 1.1536 0.9114 0.5418 0.2624 0.0958 0.0264 0.0198 0.0054 0.0008 0 0 0 0 0.0002 0.0138 0.0844 0.2802 0.6418 
0 0 0 0 0 0 0 0 0 0 0 0 0 0 0 0 0 0.0028 0.6286 4.0668 4.1012 2.1854 1.6076 0.9586 0.3722 0.0668 0.0096 0.0004 0 0 0 0 0 0 0 0 0.0018 0.1326 1.2612 2.6894 2.668 1.648 1.3112 1.2334 0.7084 0.2508 0.0564 0.0278 0.0096 0.0014 0 0 0 0 0 0 0.018 0.2176 1.1116 1.973 1.9386 1.37 1.2518 1.0912 0.6384 0.2688 0.093 0.0216 0.0058 0.0006 0 0 0 0 0 0.0004 0.0136 0.164 0.7212 1.2724 1.4196 1.401 1.2206 0.9628 0.5086 0.2136 0.07 0.024 0.007 0.0012 0 0 0 0 0 0 0.0046 0.0568 0.2482 0.5944 
0 0 0 0 0 0 0 0 0 0 0 0 0 0 0 0 0 0.0006 0.5596 4.048 4.1594 2.2748 1.5176 0.8546 0.3828 0.1346 0.0466 0.0176 0.0038 0 0 0 0 0 0 0 0.0042 0.1324 1.0154 2.6866 2.7734 1.841 1.3626 1.018 0.6518 0.3268 0.1312 0.0406 0.0126 0.0024 0.001 0 0 0 0 0.0006 0.0262 0.2324 0.889 1.7782 2.0238 1.6072 1.2922 1.0036 0.5962 0.3558 0.1412 0.0396 0.0106 0.0026 0.0008 0 0 0 0 0.001 0.0296 0.1806 0.5484 1.138 1.4398 1.3848 1.2804 0.8846 0.6042 0.3144 0.1362 0.0408 0.0122 0.005 0 0 0 0 0 0.0014 0.0132 0.0658 0.2186 0.5084 
0 0 0 0 0 0 0 0 0 0 0 0 0 0 0 0 0 0.0012 0.5722 3.9038 4.2904 2.2282 1.6268 0.982 0.3068 0.0776 0.0096 0.0014 0 0 0 0 0 0 0 0 0.0008 0.1048 1.061 2.7394 2.7532 1.7042 1.4082 1.111 0.721 0.2976 0.0834 0.0138 0.0016 0 0 0 0 0 0 0 0.009 0.1978 0.9734 1.8534 1.9 1.6096 1.325 1.0328 0.6406 0.2864 0.1244 0.0372 0.0076 0.0028 0 0 0 0 0 0.0004 0.0174 0.1812 0.658 1.0604 1.3948 1.4484 1.2968 0.9202 0.573 0.2814 0.1076 0.0406 0.0178 0.002 0 0 0 0 0 0 0.0038 0.0716 0.2428 0.5094 
0 0 0 0 0 0 0 0 0 0 0 0 0 0 0 0 0 0.0004 0.4652 3.684 4.3954 2.4962 1.6444 0.9102 0.315 0.0572 0.026 0.0046 0.0014 0 0 0 0 0 0 0 0.0026 0.098 0.7926 2.4514 2.897 2.0916 1.425 1.05 0.743 0.3184 0.0978 0.0236 0.0066 0.0024 0 0 0 0 0 0.0004 0.0204 0.156 0.6938 1.6048 2.0082 1.8264 1.4196 1.0928 0.6686 0.3332 0.1244 0.0366 0.0134 0.0014 0 0 0 0 0 0 0.0134 0.1204 0.3826 1.0464 1.4218 1.4616 1.296 1.0574 0.672 0.3082 0.1566 0.0492 0.0144 0 0 0 0 0 0 0 0.0096 0.0336 0.1328 0.4252 
0 0 0 0 0 0 0 0 0 0 0 0 0 0 0 0 0 0.0044 0.5716 3.821 4.2948 2.1398 1.5528 1.0658 0.4536 0.091 0.0052 0 0 0 0 0 0 0 0 0 0.0054 0.1302 1.0172 2.4852 2.8234 1.7468 1.3078 1.2804 0.814 0.3104 0.0724 0.0068 0 0 0 0 0 0 0 0.001 0.0298 0.232 0.859 1.6844 1.93 1.5368 1.287 1.2154 0.7814 0.335 0.0932 0.0124 0.0026 0 0 0 0 0 0 0.0012 0.037 0.1632 0.5408 1.0738 1.3416 1.354 1.1612 1.1312 0.7094 0.334 0.1202 0.0256 0.0048 0.0012 0.0008 0 0 0 0 0 0.0082 0.057 0.214 0.4786 
0 0 0 0 0 0 0 0 0 0 0 0 0 0 0 0 0 0.0058 0.761 4.0562 4.0348 2.1664 1.6832 0.8846 0.3084 0.0852 0.0114 0.003 0 0 0 0 0 0 0 0 0.0054 0.205 1.3124 2.7836 2.565 1.6132 1.3474 1.1314 0.6266 0.265 0.1126 0.0286 0.0038 0 0 0 0 0 0 0.002 0.0492 0.3574 1.1368 1.9472 1.8768 1.3986 1.1976 1.0268 0.5646 0.3036 0.1114 0.0228 0.0052 0 0 0 0 0 0 0.0032 0.0578 0.258 0.7708 1.242 1.4252 1.4038 1.1794 0.8314 0.463 0.2544 0.092 0.0164 0.0026 0 0 0 0 0 0.0006 0.0054 0.0168 0.0954 0.2926 0.6008 
0 0 0 0 0 0 0 0 0 0 0 0 0 0 0 0 0 0.0008 0.6138 4.1592 4.1628 2.3158 1.6438 0.7902 0.2464 0.0568 0.0104 0 0 0 0 0 0 0 0 0 0.0022 0.1348 1.2318 2.7796 2.7072 1.6934 1.4278 1.152 0.5832 0.2162 0.0562 0.0156 0 0 0 0 0 0 0 0 0.0196 0.2436 1.0406 2.0426 1.9508 1.5662 1.2724 0.9742 0.5556 0.2536 0.0658 0.0116 0.0034 0 0 0 0 0 0 0.0002 0.0172 0.1756 0.665 1.3376 1.5042 1.4608 1.246 0.8652 0.4952 0.1754 0.0422 0.0122 0.0032 0 0 0 0 0 0 0 0.008 0.0478 0.23 0.6312 
0 0 0 0 0 0 0 0 0 0 0 0 0 0 0 0 0 0.0048 0.7774 4.159 3.9984 2.2284 1.6918 0.8442 0.2308 0.0514 0.0116 0.0022 0 0 0 0 0 0 0 0 0.0066 0.2272 1.3504 2.8014 2.5382 1.626 1.4746 1.085 0.6128 0.2182 0.0458 0.0108 0.003 0 0 0 0 0 0 0.0008 0.0474 0.3484 1.2014 2.0048 1.8086 1.4832 1.2648 0.9776 0.545 0.2318 0.0648 0.016 0.0054 0 0 0 0 0 0 0.0024 0.0618 0.2868 0.7702 1.3104 1.4536 1.4102 1.1364 0.8342 0.4746 0.171 0.0636 0.0202 0.0046 0 0 0 0 0 0 0.0008 0.023 0.1172 0.3296 0.6708 
0 0 0 0 0 0 0 0 0 0 0 0 0 0 0 0 0 0.0044 0.5408 3.8896 4.1082 2.3874 1.6872 0.9612 0.322 0.0768 0.0216 0.0008 0 0 0 0 0 0 0 0 0.0022 0.1288 0.9878 2.5028 2.7654 1.8832 1.4294 1.137 0.7188 0.3314 0.0984 0.0122 0.0026 0 0 0 0 0 0 0.0004 0.0254 0.2296 0.8268 1.6696 1.9892 1.6142 1.3704 1.093 0.674 0.3658 0.119 0.0208 0.0018 0 0 0 0 0 0 0.001 0.0364 0.152 0.5136 1.0102 1.374 1.4848 1.316 1.0124 0.63 0.3302 0.1102 0.0256 0.0036 0 0 0 0 0 0 0.0032 0.012 0.0538 0.2086 0.4164 
0 0 0 0 0 0 0 0 0 0 0 0 0 0 0 0 0 0.003 0.5044 3.881 4.2742 2.3328 1.5824 1 0.3342 0.076 0.012 0 0 0 0 0 0 0 0 0 0.0028 0.1196 0.9674 2.5402 2.7358 1.9784 1.4352 1.0972 0.7162 0.2836 0.103 0.02 0.0006 0 0 0 0 0 0 0 0.0294 0.1996 0.8552 1.7096 1.9112 1.6882 1.3182 1.0742 0.6966 0.3374 0.1378 0.0374 0.0052 0 0 0 0 0 0 0.0014 0.0326 0.1534 0.513 1.0538 1.3962 1.4366 1.3362 0.9488 0.5932 0.3364 0.1262 0.056 0.0142 0.002 0 0 0 0 0 0 0.0062 0.066 0.206 0.4798 
0 0 0 0 0 0 0 0 0 0 0 0 0 0 0 0 0 0.0044 0.637 4.1774 4.2052 2.1746 1.4928 0.856 0.3424 0.0952 0.0134 0.0016 0 0 0 0 0 0 0 0 0.001 0.1624 1.2238 2.814 2.7206 1.7346 1.3374 0.9962 0.6206 0.3 0.0778 0.0116 0 0 0 0 0 0 0 0.0004 0.0212 0.3104 1.1272 1.9044 1.9156 1.5574 1.3216 0.8676 0.5716 0.2828 0.104 0.0152 0.0006 0 0 0 0 0 0 0 0.0398 0.2442 0.7016 1.2676 1.4544 1.5088 1.1708 0.7734 0.4842 0.2478 0.085 0.0224 0 0 0 0 0 0 0 0 0.0078 0.1052 0.2762 0.6112 
0 0 0 0 0 0 0 0 0 0 0 0 0 0 0 0 0 0.0044 0.6744 4.0344 4.0744 2.2522 1.6012 0.933 0.3342 0.0798 0.012 0 0 0 0 0 0 0 0 0 0.0046 0.1656 1.276 2.6918 2.536 1.7342 1.3962 1.1466 0.651 0.2892 0.088 0.0174 0.0034 0 0 0 0 0 0 0 0.0368 0.3206 1.1158 1.8366 1.8156 1.4864 1.2746 1.0032 0.6442 0.3312 0.1166 0.0144 0.004 0 0 0 0 0 0 0.0006 0.049 0.2578 0.6774 1.147 1.4396 1.364 1.2734 0.893 0.5652 0.2414 0.0772 0.0118 0.0026 0 0 0 0 0 0 0.0006 0.0212 0.1022 0.2576 0.5562 
0 0 0 0 0 0 0 0 0 0 0 0 0 0 0 0 0 0.0042 0.8434 3.965 3.9976 2.219 1.6646 0.9368 0.2868 0.0638 0.017 0.0018 0 0 0 0 0 0 0 0 0.0114 0.244 1.445 2.6106 2.4152 1.682 1.38 1.1908 0.6646 0.2428 0.0804 0.0242 0.009 0 0 0 0 0 0 0.0074 0.065 0.3962 1.195 1.8324 1.7784 1.3976 1.3308 1.0748 0.5722 0.239 0.0744 0.0298 0.007 0 0 0 0 0 0 0.012 0.069 0.306 0.7964 1.1912 1.3184 1.3744 1.2604 0.9044 0.4552 0.2026 0.0812 0.0216 0.0072 0 0 0 0 0 0 0.0066 0.0274 0.1126 0.3192 0.601 
0 0 0 0 0 0 0 0 0 0 0 0 0 0 0 0 0 0.0074 0.6952 3.9678 4.1566 2.1382 1.5838 0.9638 0.3792 0.088 0.0182 0.0018 0 0 0 0 0 0 0 0 0.008 0.166 1.2484 2.682 2.5678 1.7304 1.3086 1.1068 0.7098 0.3742 0.078 0.013 0.0044 0.0026 0 0 0 0 0 0.0006 0.027 0.3184 1.1256 1.8148 1.8206 1.5214 1.1894 0.9578 0.6926 0.3676 0.1302 0.0264 0.005 0.0026 0 0 0 0 0.0006 0.003 0.0388 0.2566 0.699 1.1668 1.3738 1.374 1.19 0.877 0.5966 0.2882 0.103 0.0248 0.0062 0.0016 0 0 0 0 0 0.0026 0.012 0.1036 0.3082 0.6012 
0 0 0 0 0 0 0 0 0 0 0 0 0 0 0 0 0 0.0078 0.5822 3.9542 4.2262 2.0892 1.4686 1.0664 0.4776 0.1136 0.0142 0 0 0 0 0 0 0 0 0 0.0066 0.1564 1.0476 2.6696 2.7718 1.6488 1.2596 1.2312 0.7804 0.3236 0.0822 0.0204 0.0018 0 0 0 0 0 0 0.0008 0.0308 0.277 0.9362 1.7694 1.9324 1.4172 1.301 1.1794 0.7196 0.2986 0.105 0.0274 0.0052 0 0 0 0 0 0 0.003 0.0454 0.211 0.585 1.136 1.3308 1.2754 1.264 1.088 0.6396 0.2664 0.1124 0.035 0.0044 0.0028 0.0008 0 0 0 0 0 0.0172 0.0892 0.226 0.526 
0 0 0 0 0 0 0 0 0 0 0 0 0 0 0 0 0 0.0094 0.6618 3.9616 4.1602 2.2642 1.5332 0.9354 0.369 0.0884 0.0154 0.0014 0 0 0 0 0 0 0 0 0.006 0.1492 1.1382 2.7258 2.7098 1.7038 1.3492 1.1154 0.653 0.3256 0.0986 0.0204 0.005 0 0 0 0 0 0 0.0018 0.0352 0.2464 1.0028 1.8392 2.035 1.4828 1.2488 1.0304 0.633 0.2854 0.0956 0.049 0.014 0.0006 0 0 0 0 0 0.0032 0.0386 0.2122 0.6088 1.196 1.4764 1.39 1.1796 0.9202 0.5516 0.2576 0.111 0.045 0.0098 0 0 0 0 0 0 0.002 0.0132 0.0694 0.243 0.5654 
0 0 0 0 0 0 0 0 0 0 0 0 0 0 0 0 0 0.004 0.5962 4.3162 3.9936 2.1558 1.5508 0.8844 0.3988 0.0914 0.0082 0.0006 0 0 0 0 0 0 0 0 0.0018 0.1436 1.2178 2.9912 2.602 1.6418 1.1916 1.0576 0.7036 0.3054 0.1172 0.0224 0.004 0 0 0 0 0 0 0 0.017 0.267 1.1204 2.0682 1.938 1.4298 1.1498 1.0022 0.5754 0.2986 0.1088 0.0238 0.001 0 0 0 0 0 0 0.0008 0.0288 0.184 0.768 1.3114 1.4692 1.3846 1.196 0.8214 0.4644 0.2562 0.0898 0.0242 0.0012 0 0 0 0 0 0 0 0.0118 0.0706 0.267 0.6658 
0 0 0 0 0 0 0 0 0 0 0 0 0 0 0 0 0 0.0042 0.6096 3.9662 4.2962 2.4488 1.514 0.7912 0.2816 0.0676 0.0192 0.0014 0 0 0 0 0 0 0 0 0.0048 0.1474 1.1268 2.6612 2.746 1.8752 1.434 1.0468 0.5866 0.2542 0.0848 0.0224 0.0098 0 0 0 0 0 0 0.0016 0.0392 0.2966 0.9382 1.7694 2.0762 1.6598 1.242 0.9586 0.5642 0.286 0.1174 0.0444 0.0064 0 0 0 0 0 0.0008 0.0054 0.0442 0.2632 0.6522 1.1068 1.3938 1.4676 1.2096 0.887 0.5556 0.2626 0.1004 0.043 0.0066 0.0012 0 0 0 0 0 0.0022 0.023 0.111 0.34 0.5822 
0 0 0 0 0 0 0 0 0 0 0 0 0 0 0 0 0 0.0028 0.6316 3.9288 4.2168 2.315 1.4694 0.9672 0.3826 0.0766 0.0092 0 0 0 0 0 0 0 0 0 0.0006 0.1666 1.1416 2.6886 2.6964 1.7916 1.2854 1.101 0.7138 0.3154 0.0848 0.0108 0.0034 0 0 0 0 0 0 0.0006 0.0318 0.2448 1.0254 1.8712 1.9628 1.5182 1.229 1.0176 0.67 0.2958 0.0976 0.0308 0.0044 0 0 0 0 0 0 0.0024 0.0248 0.1982 0.6276 1.2488 1.452 1.3784 1.2084 0.9478 0.5356 0.2458 0.0974 0.0254 0.0074 0 0 0 0 0 0 0 0.0076 0.0536 0.224 0.5874 
0 0 0 0 0 0 0 0 0 0 0 0 0 0 0 0 0 0.0026 0.6048 4.0732 4.1656 2.3276 1.5926 0.8036 0.2936 0.1014 0.0322 0.0028 0 0 0 0 0 0 0 0 0.004 0.1146 1.1818 2.7582 2.6228 1.8362 1.4412 1.0442 0.5858 0.2692 0.1008 0.0382 0.003 0 0 0 0 0 0 0 0.0196 0.2616 1.0482 1.8884 1.8648 1.5664 1.3072 1.0006 0.6106 0.3002 0.101 0.028 0.0034 0 0 0 0 0 0 0.0008 0.036 0.2178 0.6802 1.136 1.4542 1.4782 1.1798 0.8516 0.54 0.313 0.082 0.0276 0.0028 0 0 0 0 0 0 0.0008 0.0152 0.0778 0.299 0.5648 
0 0 0 0 0 0 0 0 0 0 0 0 0 0 0 0 0 0.002 0.5734 3.87 4.4962 2.3856 1.4982 0.8288 0.29 0.0528 0.003 0 0 0 0 0 0 0 0 0 0.0014 0.146 1.0572 2.6462 2.8068 1.9532 1.398 1.0424 0.5952 0.272 0.0748 0.0068 0 0 0 0 0 0 0 0.0008 0.0228 0.2354 0.952 1.804 2.0072 1.7492 1.3116 0.9508 0.5516 0.2934 0.096 0.0246 0.0006 0 0 0 0 0 0 0.0002 0.026 0.1848 0.5996 1.1904 1.4526 1.4878 1.269 0.9178 0.5182 0.2432 0.0888 0.0212 0.0004 0 0 0 0 0 0 0 0.0044 0.0774 0.231 0.5432 
0 0 0 0 0 0 0 0 0 0 0 0 0 0 0 0 0 0.0044 0.6938 4.0248 4.0636 2.1882 1.5922 1.0096 0.3584 0.0602 0.004 0.0008 0 0 0 0 0 0 0 0 0.0038 0.1792 1.2034 2.7358 2.6472 1.6522 1.2792 1.163 0.7652 0.317 0.0488 0.004 0.0012 0 0 0 0 0 0 0.0008 0.0454 0.2994 1.0514 1.8198 1.9648 1.5192 1.2264 1.014 0.6842 0.2748 0.0772 0.0212 0.0014 0 0 0 0 0 0 0.0034 0.049 0.2326 0.6328 1.2848 1.4524 1.3172 1.1356 0.9398 0.5878 0.2686 0.0676 0.025 0.0034 0 0 0 0 0 0 0.0026 0.0132 0.0724 0.2354 0.6712 
0 0 0 0 0 0 0 0 0 0 0 0 0 0 0 0 0 0.0022 0.5876 3.8102 4.28 2.29 1.5956 1.0056 0.3408 0.0834 0.0046 0 0 0 0 0 0 0 0 0 0.0034 0.1308 1.1142 2.5252 2.728 1.7966 1.3518 1.2002 0.716 0.3086 0.1088 0.0152 0.0012 0 0 0 0 0 0 0.0016 0.0156 0.2518 0.9694 1.742 1.8862 1.5706 1.3164 1.081 0.6674 0.3266 0.1378 0.0322 0.0014 0 0 0 0 0 0.0006 0.0026 0.0226 0.1738 0.5944 1.1566 1.3492 1.3906 1.3418 0.9124 0.61 0.2778 0.1242 0.0406 0.0028 0 0 0 0 0 0 0.0012 0.0074 0.0484 0.224 0.535 
0 0 0 0 0 0 0 0 0 0 0 0 0 0 0 0 0 0.0068 0.6388 3.9436 4.2518 2.2382 1.4846 0.9696 0.3644 0.0888 0.0134 0 0 0 0 0 0 0 0 0 0.003 0.1352 1.0956 2.7146 2.752 1.8256 1.3274 1.0198 0.6926 0.322 0.092 0.0184 0.0018 0 0 0 0 0 0 0 0.0162 0.2322 1.0012 1.9048 1.925 1.5016 1.272 1.0516 0.6532 0.313 0.0992 0.026 0.004 0 0 0 0 0 0 0 0.0208 0.2046 0.6516 1.2052 1.416 1.3388 1.204 0.9426 0.5836 0.2764 0.104 0.0424 0.01 0 0 0 0 0 0 0.0016 0.0116 0.0558 0.2612 0.622 
0 0 0 0 0 0 0 0 0 0 0 0 0 0 0 0 0 0.0006 0.5766 4.0268 4.3274 2.2094 1.6182 0.8716 0.2816 0.068 0.0174 0.0024 0 0 0 0 0 0 0 0 0.0024 0.1104 1.071 2.7426 2.7636 1.8534 1.4964 1.0482 0.5674 0.26 0.0638 0.0176 0.0032 0 0 0 0 0 0 0 0.009 0.2006 0.9994 1.9172 1.9614 1.6022 1.3176 0.9642 0.631 0.2886 0.0784 0.0208 0.0096 0 0 0 0 0 0 0.001 0.013 0.1458 0.675 1.2396 1.4608 1.3832 1.1722 0.9526 0.59 0.2668 0.0676 0.029 0.0034 0 0 0 0 0 0 0.0018 0.004 0.0478 0.2592 0.6078 
0 0 0 0 0 0 0 0 0 0 0 0 0 0 0 0 0 0.0014 0.6008 4.0696 4.1358 2.1486 1.5808 0.9214 0.3958 0.107 0.0338 0.005 0 0 0 0 0 0 0 0 0.0012 0.1186 1.2116 2.6944 2.6962 1.6592 1.337 1.1016 0.6746 0.3542 0.1126 0.0344 0.0044 0 0 0 0 0 0 0 0.0218 0.2684 1.039 1.8716 1.9342 1.4314 1.2514 1.0294 0.6484 0.3028 0.14 0.046 0.0144 0.0012 0 0 0 0 0 0.0034 0.0352 0.2158 0.6862 1.1422 1.3942 1.4036 1.199 0.9184 0.537 0.276 0.124 0.0524 0.0126 0 0 0 0 0 0 0.0008 0.0188 0.0948 0.2758 0.5362 
0 0 0 0 0 0 0 0 0 0 0 0 0 0 0 0 0 0.0014 0.5454 4.0416 4.4562 2.3108 1.4342 0.844 0.3108 0.049 0.0042 0.0024 0 0 0 0 0 0 0 0 0.0044 0.1204 1.1232 2.6706 2.8184 1.905 1.4392 1.033 0.5874 0.2364 0.053 0.0058 0.0032 0 0 0 0 0 0 0.0012 0.0236 0.259 1.004 1.828 2.0126 1.6932 1.299 0.9498 0.5814 0.2488 0.0814 0.0144 0.0026 0.001 0 0 0 0 0 0.004 0.0378 0.187 0.6496 1.2374 1.442 1.4824 1.2244 0.9148 0.5082 0.2438 0.0584 0.0092 0.001 0 0 0 0 0 0 0 0.0082 0.0828 0.2524 0.6326 
0 0 0 0 0 0 0 0 0 0 0 0 0 0 0 0 0 0.0016 0.5598 3.926 4.329 2.1728 1.5438 0.9798 0.375 0.099 0.012 0.0012 0 0 0 0 0 0 0 0 0.0016 0.1222 1.034 2.6822 2.7352 1.801 1.3874 1.1682 0.693 0.247 0.1122 0.0158 0.0002 0 0 0 0 0 0 0 0.0174 0.2134 0.9206 1.9242 1.9122 1.5104 1.3238 1.0166 0.6738 0.3164 0.1298 0.0414 0 0 0 0 0 0 0 0.001 0.0218 0.1738 0.579 1.1674 1.4424 1.4248 1.215 0.9546 0.5742 0.2686 0.1282 0.0476 0.0016 0 0 0 0 0 0 0 0.0108 0.0616 0.2366 0.5306 
0 0 0 0 0 0 0 0 0 0 0 0 0 0 0 0 0 0.0014 0.4934 3.8772 4.3944 2.3016 1.5848 0.9086 0.3324 0.0886 0.0136 0.004 0 0 0 0 0 0 0 0 0.0014 0.1052 0.9336 2.6196 2.8838 1.8164 1.4644 1.1264 0.6454 0.2916 0.079 0.0284 0.0048 0 0 0 0 0 0 0.0012 0.0178 0.177 0.7954 1.8432 2.049 1.6218 1.3538 1.0208 0.6598 0.3224 0.1142 0.0202 0.0034 0 0 0 0 0 0 0.0006 0.022 0.1254 0.4964 1.1584 1.4838 1.4688 1.2466 0.9296 0.6156 0.3082 0.113 0.0288 0.0028 0 0 0 0 0 0 0.0008 0.0044 0.0322 0.1646 0.5102 
0 0 0 0 0 0 0 0 0 0 0 0 0 0 0 0 0 0.0046 0.6132 3.7182 4.1388 2.293 1.7168 1.0774 0.3632 0.0632 0.0104 0.0012 0 0 0 0 0 0 0 0 0.0008 0.1526 1.083 2.5158 2.5674 1.7742 1.364 1.251 0.795 0.332 0.1114 0.0456 0.0072 0 0 0 0 0 0 0.0008 0.0236 0.2514 0.9582 1.6572 1.8088 1.5194 1.3738 1.1086 0.7428 0.366 0.1262 0.0402 0.0186 0.0034 0.001 0 0 0 0 0.001 0.025 0.1844 0.5984 1.0178 1.2732 1.3892 1.2662 1.0522 0.6706 0.34 0.1312 0.034 0.013 0.0018 0.002 0 0 0 0 0 0.009 0.062 0.2176 0.4796 
0 0 0 0 0 0 0 0 0 0 0 0 0 0 0 0 0 0.0034 0.621 3.9888 4.2262 2.1778 1.5386 0.9488 0.3572 0.1164 0.0204 0.0014 0 0 0 0 0 0 0 0 0.002 0.1238 1.1246 2.7448 2.6916 1.755 1.3708 1.0728 0.6662 0.28 0.1162 0.0444 0.0078 0 0 0 0 0 0 0.0008 0.018 0.1954 1.0058 1.984 1.9252 1.5248 1.2068 0.9838 0.6578 0.3036 0.1364 0.0432 0.0136 0.0008 0 0 0 0 0 0.0014 0.0268 0.1496 0.6084 1.2702 1.4572 1.3862 1.172 0.944 0.526 0.3054 0.113 0.0294 0.0092 0.0012 0 0 0 0 0 0 0.0144 0.0544 0.213 0.569 
0 0 0 0 0 0 0 0 0 0 0 0 0 0 0 0 0 0.0052 0.546 3.8458 4.2952 2.2798 1.6254 0.9392 0.3692 0.0814 0.0118 0.001 0 0 0 0 0 0 0 0 0.0018 0.119 1.0126 2.566 2.7742 1.8836 1.364 1.1466 0.6892 0.3294 0.09 0.0218 0.0018 0 0 0 0 0 0 0.0004 0.0176 0.1986 0.91 1.7394 2.0122 1.5764 1.2898 1.026 0.74 0.3518 0.1164 0.0192 0.0022 0 0 0 0 0 0 0.0008 0.0266 0.1144 0.5654 1.0988 1.4764 1.4544 1.2212 0.9994 0.5862 0.3292 0.1088 0.0182 0.0002 0 0 0 0 0 0 0.0018 0.0086 0.04 0.1882 0.5088 
0 0 0 0 0 0 0 0 0 0 0 0 0 0 0 0 0 0.0032 0.628 3.8974 4.3462 2.2426 1.552 0.8962 0.3246 0.094 0.015 0.0008 0 0 0 0 0 0 0 0 0.0012 0.1364 1.145 2.6658 2.6814 1.8082 1.4532 1.0854 0.609 0.2636 0.107 0.0394 0.0044 0 0 0 0 0 0 0 0.0276 0.2556 0.978 1.7976 1.8898 1.718 1.3222 0.9944 0.552 0.2964 0.1112 0.0514 0.0058 0 0 0 0 0 0.0006 0.0032 0.0376 0.1782 0.5888 1.1116 1.4852 1.5256 1.2424 0.9076 0.5264 0.2594 0.1018 0.0292 0.0024 0 0 0 0 0 0.0012 0.0036 0.0198 0.0658 0.1886 0.4918 
0 0 0 0 0 0 0 0 0 0 0 0 0 0 0 0 0 0.0068 0.7262 4.3196 4.0126 2.1532 1.4616 0.8348 0.3644 0.1084 0.0124 0 0 0 0 0 0 0 0 0 0.0056 0.1898 1.3274 2.945 2.6198 1.6376 1.2726 0.9904 0.6078 0.2846 0.1054 0.014 0 0 0 0 0 0 0 0.001 0.0376 0.3342 1.2404 1.9498 1.9596 1.459 1.2226 0.8556 0.5498 0.2734 0.097 0.0186 0.0014 0 0 0 0 0 0 0.0016 0.0424 0.255 0.8406 1.3882 1.4744 1.2858 1.0356 0.8286 0.5064 0.2466 0.0748 0.02 0 0 0 0 0 0 0 0 0.0088 0.1108 0.3572 0.7422 
0 0 0 0 0 0 0 0 0 0 0 0 0 0 0 0 0 0.0058 0.6318 4.052 4.1766 2.1238 1.4634 0.9622 0.4538 0.1168 0.0138 0 0 0 0 0 0 0 0 0 0.004 0.1442 1.1606 2.6886 2.6794 1.7846 1.3124 1.069 0.7546 0.2934 0.0792 0.026 0.004 0 0 0 0 0 0 0.0006 0.0396 0.2508 0.9886 1.8306 1.9432 1.5136 1.2618 1.0412 0.6754 0.3188 0.1018 0.0268 0.0058 0.0014 0 0 0 0 0 0.001 0.0484 0.212 0.6602 1.109 1.3648 1.4118 1.2274 0.931 0.5942 0.3116 0.0988 0.0252 0.0046 0 0 0 0 0 0 0.0028 0.022 0.096 0.2558 0.5988 
0 0 0 0 0 0 0 0 0 0 0 0 0 0 0 0 0 0.0044 0.6792 3.8816 4.3068 2.2196 1.4938 0.881 0.3626 0.1272 0.0348 0.007 0.002 0 0 0 0 0 0 0 0.0044 0.1632 1.1802 2.6548 2.625 1.8842 1.3478 1.048 0.6272 0.2684 0.1318 0.0512 0.012 0.0018 0 0 0 0 0 0.0022 0.0242 0.2788 1.023 1.8596 1.8722 1.6158 1.2278 0.9778 0.5982 0.3074 0.1472 0.0482 0.016 0.0016 0 0 0 0 0 0.0044 0.043 0.1896 0.6688 1.1564 1.4486 1.4578 1.2122 0.8114 0.5504 0.269 0.1162 0.0518 0.0192 0.0012 0 0 0 0 0 0.002 0.0282 0.0676 0.271 0.5948 
0 0 0 0 0 0 0 0 0 0 0 0 0 0 0 0 0 0.0056 0.6466 4.0274 4.2304 2.0138 1.4998 0.9864 0.4496 0.1196 0.0208 0 0 0 0 0 0 0 0 0 0.0008 0.1482 1.1484 2.7998 2.6024 1.682 1.3 1.1252 0.7714 0.308 0.0894 0.0214 0.003 0 0 0 0 0 0 0 0.0258 0.2696 1.0728 1.8702 1.8514 1.501 1.1956 1.0206 0.7104 0.342 0.1134 0.0228 0.0038 0.0006 0 0 0 0 0 0.0014 0.0394 0.2298 0.6246 1.173 1.4826 1.3254 1.1806 0.9214 0.6028 0.2874 0.1032 0.0236 0.0048 0 0 0 0 0 0 0.0006 0.021 0.0914 0.25 0.5496 
0 0 0 0 0 0 0 0 0 0 0 0 0 0 0 0 0 0.0032 0.6242 4.0544 4.1516 2.1524 1.6726 0.918 0.3112 0.0798 0.0296 0.003 0 0 0 0 0 0 0 0 0.0042 0.1682 1.1762 2.6262 2.7134 1.735 1.4106 1.1546 0.6412 0.2756 0.0764 0.017 0.0014 0 0 0 0 0 0 0.0022 0.0364 0.3016 1.0542 1.7632 1.8724 1.6336 1.2958 1.009 0.5888 0.279 0.1096 0.0438 0.0084 0.002 0 0 0 0 0 0.0008 0.0556 0.2344 0.6576 1.1312 1.404 1.4844 1.1794 0.9082 0.5634 0.226 0.101 0.0432 0.0098 0.001 0 0 0 0 0 0.0054 0.0328 0.0914 0.2512 0.5618 
0 0 0 0 0 0 0 0 0 0 0 0 0 0 0 0 0 0.005 0.5604 3.701 4.3362 2.4722 1.5014 0.8828 0.3918 0.1116 0.0322 0.0054 0 0 0 0 0 0 0 0 0.001 0.1156 1.0096 2.4908 2.709 1.8884 1.4452 1.0848 0.7648 0.3412 0.1172 0.0312 0.0012 0 0 0 0 0 0 0 0.0132 0.2048 0.8 1.7798 1.9572 1.588 1.333 1.0438 0.6818 0.3988 0.141 0.0482 0.008 0.0024 0 0 0 0 0 0.0032 0.019 0.1196 0.5014 1.105 1.4448 1.4472 1.223 0.944 0.6172 0.3574 0.1362 0.0606 0.018 0.0034 0 0 0 0 0 0.0012 0.0104 0.0346 0.1746 0.469 
0 0 0 0 0 0 0 0 0 0 0 0 0 0 0 0 0 0.006 0.6844 4.0094 4.3162 2.23 1.3818 0.8722 0.3678 0.1032 0.0234 0.0034 0.0018 0.0004 0 0 0 0 0 0 0.0104 0.165 1.1642 2.7282 2.7038 1.8712 1.4084 0.9964 0.5672 0.2734 0.0866 0.02 0.0052 0 0 0 0 0 0 0.0024 0.0326 0.2846 1.0886 1.8446 1.8854 1.6092 1.389 0.9186 0.5244 0.267 0.104 0.0388 0.0094 0.0014 0 0 0 0 0 0.0026 0.0446 0.2228 0.698 1.156 1.4634 1.494 1.2416 0.8174 0.4746 0.2554 0.087 0.0364 0.0062 0 0 0 0 0 0 0.0012 0.0108 0.086 0.2816 0.5974 
0 0 0 0 0 0 0 0 0 0 0 0 0 0 0 0 0 0.0026 0.6024 3.935 4.1056 2.3342 1.5576 0.9758 0.382 0.0844 0.0176 0.0028 0 0 0 0 0 0 0 0 0.002 0.1278 1.18 2.6162 2.6416 1.7228 1.3786 1.1252 0.7546 0.3384 0.089 0.0226 0.0012 0 0 0 0 0 0 0.0008 0.0192 0.2364 1.0114 1.8676 1.8982 1.466 1.2582 1.038 0.673 0.3644 0.126 0.0342 0.0066 0 0 0 0 0 0 0.0016 0.0312 0.1754 0.6028 1.1768 1.439 1.4016 1.199 0.9906 0.5476 0.2818 0.112 0.0348 0.0058 0 0 0 0 0 0 0 0.0036 0.0516 0.2052 0.555 
0 0 0 0 0 0 0 0 0 0 0 0 0 0 0 0 0 0.0018 0.6558 4.1024 4.0192 2.1178 1.4944 1.0302 0.4432 0.1098 0.022 0.002 0.0014 0 0 0 0 0 0 0 0.0028 0.1652 1.204 2.7542 2.652 1.5914 1.2434 1.121 0.786 0.3532 0.0998 0.015 0.012 0 0 0 0 0 0 0.0002 0.0318 0.2756 1.0412 1.9684 1.88 1.3822 1.2424 0.947 0.6972 0.3528 0.1356 0.0374 0.005 0.0032 0 0 0 0 0 0.002 0.0286 0.2066 0.69 1.2216 1.4758 1.2914 1.1416 0.857 0.6068 0.3126 0.1116 0.0414 0.013 0 0 0 0 0 0 0.0016 0.008 0.058 0.2678 0.6328 
0 0 0 0 0 0 0 0 0 0 0 0 0 0 0 0 0 0.0028 0.6116 4.1342 4.1612 2.1908 1.5656 0.9134 0.3528 0.0572 0.0104 0 0 0 0 0 0 0 0 0 0.0084 0.1326 1.1254 2.7636 2.7082 1.8184 1.351 1.0628 0.6656 0.2656 0.078 0.0112 0.0068 0.0024 0 0 0 0 0 0.003 0.0256 0.2374 1.055 1.8546 1.9688 1.5686 1.2842 0.943 0.6204 0.3204 0.0822 0.0216 0.0124 0.0028 0 0 0 0 0 0.003 0.0296 0.2222 0.6986 1.1264 1.4394 1.455 1.2046 0.879 0.5546 0.2534 0.0962 0.026 0.0096 0.0024 0 0 0 0 0 0.0006 0.016 0.0928 0.2732 0.603 
0 0 0 0 0 0 0 0 0 0 0 0 0 0 0 0 0 0.0046 0.677 3.8564 4.3572 2.2074 1.4636 0.925 0.3932 0.098 0.017 0.0006 0 0 0 0 0 0 0 0 0.005 0.1762 1.1336 2.6062 2.7104 1.8232 1.3546 1.0546 0.7002 0.3044 0.1042 0.0252 0.0022 0 0 0 0 0 0 0 0.0312 0.3066 0.9374 1.77 1.9646 1.6646 1.2352 0.9808 0.6264 0.3058 0.1214 0.048 0.008 0 0 0 0 0 0 0.0006 0.0432 0.208 0.573 1.205 1.4758 1.3906 1.1584 0.9172 0.5834 0.2672 0.1238 0.0392 0.0132 0.0014 0 0 0 0 0 0 0.014 0.0808 0.2312 0.558 
