0.03 0.09 0.15 0.21 0.27 0.33 0.39 0.45 0.51 0.57 0.63 0.69 0.75 0.81 0.87 0.93 0.99 1.05 1.11 1.17 1.23 1.29 1.35 1.41 1.47 1.53 1.59 1.65 1.71 1.77 1.83 1.89 1.95 2.01 2.07 2.13 2.19 2.25 2.31 2.37 2.43 2.49 2.55 2.61 2.67 2.73 2.79 2.85 2.91 2.97 3.03 3.09 3.15 3.21 3.27 3.33 3.39 3.45 3.51 3.57 3.63 3.69 3.75 3.81 3.87 3.93 3.99 4.05 4.11 4.17 4.23 4.29 4.35 4.41 4.47 4.53 4.59 4.65 4.71 4.77 4.83 4.89 4.95 5.01 5.07 5.13 5.19 5.25 5.31 5.37 5.43 5.49 5.55 5.61 5.67 5.73 5.79 5.85 5.91 5.97 
0 0 0 0 0 0 0 0 0 0 0 0 0 0 0 0 0 0.0212 0.304 1.2208 2.2948 2.555 2.1016 1.4878 1.0166 0.6052 0.4272 0.2608 0.1302 0.0738 0.049 0.027 0.0102 0.0046 0.0044 0.0036 0.0082 0.0444 0.1554 0.4724 0.896 1.293 1.5256 1.5398 1.2528 1.0216 0.8228 0.5834 0.4026 0.323 0.1878 0.1224 0.0736 0.0358 0.0142 0.0154 0.011 0.0232 0.074 0.168 0.3482 0.6374 0.9064 1.069 1.0508 0.9852 0.8666 0.7626 0.6248 0.4482 0.3384 0.2516 0.1694 0.121 0.066 0.0326 0.0276 0.0214 0.0338 0.0558 0.11 0.2234 0.4146 0.5982 0.6838 0.8052 0.7634 0.6882 0.615 0.5698 0.4456 0.3506 0.2676 0.1866 0.1596 0.1002 0.0624 0.0354 0.0182 0.0242 
0 0 0 0 0 0 0 0 0 0 0 0 0 0 0 0 0.0004 0.0154 0.2724 1.2132 2.4312 2.8156 2.4404 1.7512 1.149 0.7702 0.5066 0.2934 0.1652 0.0818 0.051 0.0254 0.009 0.0044 0.0008 0.0008 0.0048 0.0276 0.1308 0.4002 0.8904 1.3908 1.6542 1.6404 1.493 1.1754 0.9636 0.7794 0.5294 0.3386 0.2154 0.1582 0.0974 0.0568 0.03 0.0116 0.0074 0.0196 0.0494 0.1166 0.3274 0.6052 0.8952 1.093 1.1906 1.1194 1.0172 0.9482 0.76 0.6084 0.3964 0.3038 0.2216 0.1442 0.1052 0.039 0.0238 0.0148 0.0134 0.0338 0.0848 0.2116 0.3666 0.5504 0.6914 0.7854 0.87 0.841 0.7174 0.7006 0.5704 0.461 0.3536 0.2802 0.193 0.1282 0.0686 0.0368 0.0236 0.0136 
0 0 0 0 0 0 0 0 0 0 0 0 0 0 0 0 0.0006 0.018 0.2938 1.1266 2.18 2.7534 2.5274 1.9026 1.2184 0.7382 0.4986 0.3184 0.1966 0.1052 0.058 0.0374 0.0186 0.0054 0.0028 0 0.0042 0.0324 0.1322 0.395 0.8042 1.2312 1.533 1.5438 1.4384 1.2592 1.061 0.8184 0.5952 0.4294 0.2912 0.1792 0.1132 0.072 0.044 0.0122 0.0066 0.0166 0.065 0.1418 0.3078 0.5086 0.7968 0.9832 0.9986 1.0728 1.0162 0.8984 0.8034 0.661 0.5242 0.386 0.2826 0.2 0.132 0.0894 0.056 0.036 0.0366 0.0504 0.0998 0.1834 0.3532 0.4758 0.592 0.6398 0.728 0.7598 0.724 0.703 0.6182 0.5244 0.4298 0.3076 0.2642 0.1632 0.1492 0.0812 0.0616 0.0486 
0 0 0 0 0 0 0 0 0 0 0 0 0 0 0 0 0 0.0168 0.2568 1.1372 2.221 2.7304 2.4752 1.9068 1.2834 0.8128 0.5054 0.2784 0.1678 0.1044 0.054 0.0264 0.0136 0.0058 0.0038 0.0006 0.0032 0.0214 0.1128 0.358 0.7146 1.2062 1.5782 1.6742 1.5284 1.2784 1.0424 0.822 0.5624 0.4202 0.2606 0.1618 0.11 0.0718 0.0398 0.0208 0.008 0.0088 0.0428 0.1116 0.2186 0.4872 0.762 0.9614 1.1122 1.1882 1.0716 1.0136 0.8232 0.675 0.481 0.335 0.2486 0.1752 0.1128 0.0772 0.0408 0.0284 0.0356 0.0344 0.0564 0.1364 0.2808 0.4452 0.5986 0.7166 0.7606 0.8362 0.808 0.7398 0.615 0.553 0.4392 0.3034 0.2588 0.1572 0.09 0.0654 0.0442 0.0384 
0 0 0 0 0 0 0 0 0 0 0 0 0 0 0 0 0.0002 0.0202 0.2734 1.2038 2.3486 2.7166 2.3106 1.815 1.2526 0.8198 0.4994 0.3194 0.1794 0.089 0.059 0.0304 0.0228 0.0138 0.016 0.008 0.0064 0.0346 0.1516 0.4344 0.8152 1.2622 1.5086 1.5484 1.547 1.357 1.0352 0.7502 0.5374 0.3468 0.2214 0.1746 0.0976 0.0686 0.0374 0.0198 0.02 0.0468 0.0722 0.1704 0.3118 0.5306 0.7654 0.9474 1.0658 1.124 1.1294 1.0038 0.7884 0.6164 0.4444 0.3064 0.225 0.1632 0.108 0.082 0.0494 0.0494 0.0368 0.0772 0.1236 0.1914 0.3104 0.43 0.6034 0.6754 0.806 0.8732 0.801 0.7326 0.5956 0.4762 0.368 0.2824 0.203 0.1568 0.1032 0.0684 0.0544 0.0396 
0 0 0 0 0 0 0 0 0 0 0 0 0 0 0 0 0 0.0216 0.3008 1.1714 2.3304 2.7682 2.4786 1.7198 1.1582 0.7878 0.5098 0.3246 0.1844 0.1126 0.075 0.031 0.016 0.008 0.0018 0 0.006 0.034 0.1426 0.4254 0.7944 1.3164 1.6786 1.6398 1.4278 1.2334 0.9722 0.7274 0.5392 0.391 0.261 0.1598 0.1134 0.0762 0.035 0.0128 0.0116 0.0234 0.0598 0.1378 0.309 0.553 0.8216 0.9948 1.1298 1.1576 1.0598 0.923 0.7804 0.625 0.4536 0.3302 0.2256 0.1608 0.1132 0.0818 0.0306 0.0192 0.0214 0.0452 0.1018 0.185 0.3596 0.4578 0.6274 0.74 0.7956 0.8262 0.7916 0.749 0.573 0.4636 0.3926 0.2984 0.2214 0.1364 0.0894 0.0664 0.0352 0.0146 
0 0 0 0 0 0 0 0 0 0 0 0 0 0 0 0 0 0.0128 0.2566 1.1228 2.321 2.851 2.4582 1.8098 1.1956 0.7488 0.477 0.2908 0.2058 0.1004 0.0634 0.0408 0.0252 0.0072 0.0028 0.0016 0.0054 0.0252 0.1266 0.3638 0.772 1.2342 1.6704 1.7108 1.4904 1.2472 0.9878 0.7386 0.5374 0.3778 0.253 0.1814 0.1254 0.061 0.045 0.0212 0.0134 0.0148 0.05 0.1228 0.288 0.4892 0.7614 1.049 1.1638 1.1904 1.0966 0.956 0.7712 0.581 0.4062 0.36 0.2432 0.1828 0.1132 0.0732 0.0458 0.0296 0.0334 0.0404 0.0642 0.1576 0.2802 0.4866 0.6478 0.7348 0.8268 0.8696 0.8188 0.7062 0.5808 0.4758 0.3754 0.279 0.2022 0.167 0.1094 0.0718 0.052 0.032 
0 0 0 0 0 0 0 0 0 0 0 0 0 0 0 0 0 0.0222 0.3132 1.1778 2.295 2.7914 2.514 1.7528 1.1538 0.7644 0.4532 0.2928 0.2 0.1216 0.068 0.0324 0.0146 0.0164 0.006 0.0056 0.0068 0.0438 0.1592 0.409 0.8618 1.312 1.5504 1.5832 1.5286 1.2976 0.9428 0.7008 0.5364 0.3684 0.2396 0.1732 0.0968 0.0608 0.0522 0.0368 0.022 0.0236 0.0752 0.1882 0.3158 0.5486 0.8068 1.0494 1.1312 1.1334 1.0336 0.9078 0.7826 0.5796 0.4574 0.328 0.2144 0.148 0.0988 0.0714 0.0444 0.043 0.042 0.0668 0.1248 0.1926 0.3354 0.4734 0.6292 0.7216 0.834 0.8662 0.8234 0.7436 0.587 0.4394 0.3406 0.2176 0.1912 0.1338 0.0904 0.0664 0.0464 0.0436 
0 0 0 0 0 0 0 0 0 0 0 0 0 0 0 0 0.0002 0.0232 0.3076 1.169 2.3524 2.7818 2.4478 1.7656 1.2054 0.8304 0.4398 0.2834 0.1786 0.1034 0.0564 0.0264 0.0078 0.0058 0.0052 0.0054 0.0106 0.0504 0.1498 0.402 0.8386 1.2682 1.6148 1.6952 1.478 1.3046 0.9738 0.7188 0.4728 0.3482 0.2494 0.1786 0.1082 0.0714 0.0338 0.0198 0.0152 0.028 0.0674 0.1432 0.319 0.5552 0.8272 0.987 1.1748 1.212 1.1042 0.935 0.7262 0.5418 0.4302 0.3114 0.2282 0.1346 0.1056 0.069 0.05 0.0334 0.0422 0.0546 0.1018 0.1986 0.3312 0.5044 0.6394 0.7584 0.8396 0.872 0.8102 0.7314 0.5456 0.4028 0.345 0.2714 0.1816 0.1214 0.096 0.0722 0.0582 0.0376 
0 0 0 0 0 0 0 0 0 0 0 0 0 0 0 0 0 0.0202 0.3136 1.2048 2.4004 2.878 2.4566 1.8182 1.1388 0.7334 0.468 0.2708 0.1358 0.0864 0.0352 0.027 0.0046 0.0038 0.0044 0 0.0022 0.0308 0.1404 0.3998 0.8058 1.361 1.7214 1.6828 1.523 1.268 1.0094 0.7008 0.5068 0.3718 0.2032 0.123 0.0652 0.0398 0.0174 0.0174 0.0086 0.01 0.0406 0.1336 0.3154 0.5282 0.8554 1.105 1.2418 1.195 1.098 0.9224 0.7538 0.5966 0.443 0.2968 0.1846 0.1198 0.069 0.0466 0.0222 0.0132 0.0132 0.0424 0.0872 0.181 0.3158 0.5022 0.686 0.8396 0.8874 0.8918 0.804 0.6844 0.582 0.4632 0.3682 0.246 0.1666 0.1104 0.065 0.0354 0.0234 0.0136 
0 0 0 0 0 0 0 0 0 0 0 0 0 0 0 0 0.0004 0.0282 0.3566 1.292 2.3986 2.6228 2.3758 1.7396 1.171 0.8 0.4864 0.2966 0.1626 0.1176 0.062 0.0468 0.0192 0.0106 0.0076 0.0042 0.0098 0.0596 0.2112 0.499 0.9436 1.3384 1.5274 1.5276 1.4144 1.191 0.917 0.719 0.5262 0.4038 0.2466 0.1752 0.1136 0.0824 0.0442 0.0212 0.0206 0.0292 0.0912 0.2086 0.4214 0.5932 0.8958 1.0582 1.099 1.0774 0.9702 0.8842 0.7342 0.5548 0.393 0.333 0.2348 0.1618 0.104 0.0634 0.0422 0.0364 0.0352 0.072 0.1492 0.2324 0.4094 0.4952 0.7088 0.8166 0.8118 0.7854 0.7536 0.6772 0.5464 0.43 0.3346 0.2642 0.1756 0.1274 0.0812 0.0452 0.0368 0.0254 
0 0 0 0 0 0 0 0 0 0 0 0 0 0 0 0 0 0.0286 0.345 1.3122 2.5076 2.7638 2.305 1.6704 1.1432 0.714 0.4212 0.2948 0.1972 0.1134 0.0674 0.0318 0.029 0.013 0.0112 0.0092 0.0128 0.0474 0.1848 0.5156 0.9668 1.3904 1.6382 1.682 1.4366 1.1768 0.8056 0.5934 0.53 0.3664 0.2358 0.1362 0.0992 0.0488 0.0478 0.0424 0.0314 0.0362 0.0806 0.2184 0.4028 0.6706 0.9074 1.1168 1.1352 1.1296 1.0138 0.824 0.6988 0.522 0.3882 0.2748 0.2132 0.1254 0.0904 0.0538 0.0366 0.0428 0.051 0.0786 0.1516 0.257 0.3894 0.5484 0.7706 0.8036 0.841 0.8418 0.7556 0.6482 0.495 0.3836 0.3136 0.2454 0.1506 0.1024 0.069 0.0616 0.0444 0.04 
0 0 0 0 0 0 0 0 0 0 0 0 0 0 0 0 0 0.0128 0.2266 1.109 2.2694 2.87 2.5902 1.7472 1.162 0.728 0.5084 0.3082 0.2204 0.1136 0.058 0.0308 0.0278 0.0098 0.0052 0.0022 0.0028 0.0202 0.0976 0.3556 0.7834 1.279 1.5776 1.7504 1.5302 1.2504 0.9522 0.707 0.5332 0.39 0.2726 0.201 0.1292 0.0834 0.0364 0.0172 0.0094 0.0196 0.0356 0.1068 0.2986 0.5274 0.7584 0.9766 1.1834 1.1924 1.0792 0.9146 0.7692 0.5962 0.4362 0.3486 0.2506 0.189 0.1332 0.0836 0.0494 0.0296 0.0208 0.0322 0.0676 0.1748 0.3224 0.433 0.6172 0.7428 0.8256 0.855 0.829 0.7078 0.613 0.4528 0.3664 0.2802 0.2296 0.17 0.1136 0.073 0.0436 0.032 
0 0 0 0 0 0 0 0 0 0 0 0 0 0 0 0 0 0.022 0.304 1.2592 2.4908 2.8074 2.3758 1.732 1.1246 0.7398 0.4766 0.302 0.1794 0.091 0.0438 0.0198 0.0108 0.007 0.0064 0.0056 0.0026 0.0314 0.1614 0.4546 0.9128 1.4122 1.6374 1.6544 1.462 1.1702 0.905 0.7042 0.4984 0.3664 0.2702 0.1598 0.0882 0.0518 0.0278 0.0152 0.0114 0.0354 0.0648 0.1806 0.3778 0.577 0.79 1.0884 1.2056 1.1234 1.041 0.9246 0.7474 0.5838 0.4166 0.2768 0.191 0.1574 0.101 0.0518 0.0446 0.025 0.0398 0.0748 0.131 0.2152 0.3416 0.4914 0.6438 0.8196 0.8292 0.827 0.7936 0.6824 0.574 0.463 0.3282 0.2384 0.176 0.1222 0.0828 0.055 0.0442 0.0354 
0 0 0 0 0 0 0 0 0 0 0 0 0 0 0 0 0 0.0162 0.25 1.1414 2.3336 2.8062 2.4316 1.812 1.2456 0.6848 0.4924 0.3012 0.2186 0.1226 0.0628 0.0356 0.023 0.0076 0.0074 0.0068 0.0072 0.0318 0.1114 0.3798 0.797 1.2192 1.5642 1.6666 1.6086 1.282 0.9864 0.6862 0.5184 0.4084 0.2822 0.1862 0.1186 0.0668 0.0372 0.022 0.0198 0.0266 0.0562 0.12 0.2948 0.5052 0.7318 0.9424 1.0896 1.2562 1.1298 0.963 0.7686 0.6104 0.4434 0.335 0.2484 0.1742 0.134 0.082 0.0456 0.0248 0.0332 0.0482 0.0946 0.189 0.271 0.4246 0.5732 0.704 0.7808 0.9022 0.8282 0.7418 0.616 0.4748 0.4038 0.2848 0.2158 0.1538 0.1036 0.0764 0.044 0.035 
0 0 0 0 0 0 0 0 0 0 0 0 0 0 0 0 0.0008 0.02 0.263 1.0724 2.1724 2.725 2.4678 1.9214 1.349 0.8264 0.5122 0.27 0.172 0.0898 0.0508 0.035 0.0162 0.0118 0.011 0.0076 0.0078 0.0296 0.131 0.3362 0.7134 1.1768 1.5062 1.6332 1.5404 1.358 1.0666 0.816 0.6232 0.358 0.2554 0.175 0.0996 0.0682 0.0472 0.0176 0.0248 0.0306 0.051 0.135 0.2524 0.4802 0.6714 0.909 1.0452 1.1526 1.1354 1.0524 0.8794 0.6964 0.512 0.3532 0.2426 0.1486 0.0902 0.0578 0.0416 0.0334 0.0386 0.0582 0.0996 0.1626 0.2904 0.3694 0.5134 0.6458 0.7598 0.8312 0.8222 0.7902 0.7602 0.5894 0.4494 0.295 0.175 0.1302 0.0812 0.0594 0.045 0.0392 
0 0 0 0 0 0 0 0 0 0 0 0 0 0 0 0 0 0.0256 0.3008 1.1372 2.2508 2.6514 2.407 1.8656 1.2314 0.8452 0.565 0.3214 0.1768 0.0934 0.05 0.0254 0.0178 0.0178 0.007 0.0062 0.0124 0.031 0.1468 0.401 0.7736 1.1972 1.4796 1.5682 1.4858 1.3134 1.0658 0.8574 0.562 0.4236 0.2698 0.1744 0.096 0.0552 0.0278 0.0232 0.0212 0.0268 0.0744 0.1532 0.284 0.4758 0.7128 0.9086 1.0844 1.1714 1.1266 0.9236 0.8118 0.6714 0.4946 0.3502 0.2594 0.1912 0.1206 0.0766 0.0466 0.02 0.0258 0.061 0.1344 0.174 0.2668 0.4176 0.5244 0.6572 0.7848 0.8482 0.826 0.7362 0.679 0.5478 0.4056 0.2958 0.2104 0.1762 0.1028 0.0582 0.042 0.0328 
0 0 0 0 0 0 0 0 0 0 0 0 0 0 0 0 0.0004 0.0144 0.2592 1.2468 2.3114 2.7364 2.3528 1.7548 1.19 0.7668 0.5116 0.3088 0.2158 0.145 0.09 0.041 0.0224 0.0128 0.0104 0.0052 0.0058 0.0206 0.126 0.4322 0.846 1.3152 1.5862 1.6614 1.448 1.1594 0.9624 0.7124 0.534 0.3794 0.2742 0.177 0.1196 0.0798 0.0592 0.045 0.0278 0.0252 0.0582 0.14 0.3058 0.583 0.802 1.033 1.1386 1.1508 1.0068 0.858 0.74 0.5962 0.4694 0.3434 0.2362 0.1814 0.126 0.0836 0.067 0.0454 0.027 0.0378 0.1002 0.2128 0.3248 0.4612 0.6316 0.794 0.8054 0.8326 0.737 0.679 0.575 0.467 0.3958 0.2688 0.225 0.1432 0.0992 0.0808 0.0622 0.0432 
0 0 0 0 0 0 0 0 0 0 0 0 0 0 0 0 0.0004 0.0214 0.3198 1.2448 2.2824 2.8374 2.4338 1.7822 1.1636 0.7594 0.4724 0.249 0.1572 0.106 0.0654 0.0308 0.0328 0.0186 0.0136 0.0038 0.0038 0.0392 0.1554 0.4056 0.8106 1.3164 1.6722 1.664 1.5618 1.2122 0.9548 0.7246 0.4988 0.3362 0.2352 0.148 0.0952 0.0594 0.039 0.0364 0.0218 0.028 0.0702 0.1408 0.3084 0.523 0.8268 1.0732 1.2198 1.1706 1.0536 0.9354 0.7416 0.5778 0.4258 0.3054 0.2496 0.1466 0.0772 0.0498 0.0404 0.0278 0.031 0.0492 0.093 0.1786 0.3214 0.4814 0.6708 0.808 0.8762 0.8382 0.7888 0.7056 0.545 0.5134 0.393 0.2512 0.1946 0.1056 0.0674 0.0492 0.0306 0.0234 
0 0 0 0 0 0 0 0 0 0 0 0 0 0 0 0 0 0.0208 0.3076 1.2948 2.306 2.6224 2.3034 1.7602 1.2828 0.8448 0.547 0.34 0.1776 0.1038 0.0442 0.0168 0.0078 0.007 0.0106 0.003 0.003 0.0298 0.1614 0.471 0.9602 1.2584 1.5134 1.5066 1.4372 1.1412 0.9552 0.792 0.6188 0.441 0.293 0.1826 0.1112 0.0506 0.0206 0.0176 0.0172 0.024 0.0826 0.1858 0.3994 0.5712 0.7754 0.9754 1.1544 1.0646 0.9778 0.8938 0.7492 0.594 0.4692 0.3884 0.2826 0.1656 0.115 0.063 0.036 0.0254 0.0302 0.0752 0.1522 0.2412 0.3274 0.4534 0.6332 0.7354 0.854 0.7908 0.7028 0.672 0.5752 0.4766 0.39 0.3108 0.225 0.151 0.0958 0.0646 0.0338 0.0228 
0 0 0 0 0 0 0 0 0 0 0 0 0 0 0 0 0 0.0174 0.2714 1.174 2.2284 2.7642 2.4886 1.771 1.173 0.7726 0.5242 0.2882 0.2224 0.1326 0.0868 0.0352 0.026 0.0188 0.0026 0.001 0.0048 0.022 0.1188 0.3772 0.802 1.3258 1.6266 1.5644 1.4946 1.169 1.0066 0.76 0.5694 0.4008 0.2678 0.1904 0.1152 0.0736 0.05 0.0356 0.0182 0.0094 0.0374 0.116 0.267 0.5342 0.8454 1.1016 1.1116 1.0464 1.0254 0.9512 0.7702 0.623 0.4822 0.3274 0.2452 0.1848 0.1374 0.0848 0.053 0.0222 0.0168 0.0322 0.0814 0.1712 0.3152 0.4834 0.6094 0.7922 0.8206 0.8024 0.7414 0.705 0.5992 0.5232 0.3656 0.2864 0.2056 0.1674 0.1402 0.0802 0.0434 0.0206 
0 0 0 0 0 0 0 0 0 0 0 0 0 0 0 0 0.0006 0.024 0.2962 1.1714 2.2856 2.86 2.491 1.8112 1.1798 0.7576 0.4546 0.2958 0.15 0.1126 0.0686 0.0288 0.0062 0.0022 0.002 0.0024 0.0066 0.0458 0.1646 0.4004 0.8478 1.232 1.5888 1.6824 1.5896 1.282 0.9462 0.6786 0.5174 0.3848 0.2804 0.1484 0.1142 0.043 0.0232 0.0176 0.0122 0.0302 0.083 0.1496 0.2858 0.506 0.7622 1.0292 1.1546 1.2506 1.0946 0.9754 0.7512 0.5776 0.4466 0.3108 0.2568 0.1392 0.0746 0.0568 0.0466 0.0282 0.033 0.0592 0.101 0.1956 0.2882 0.431 0.6034 0.7156 0.828 0.863 0.895 0.7662 0.625 0.4854 0.3812 0.2774 0.1716 0.1128 0.0736 0.0486 0.023 0.0288 
0 0 0 0 0 0 0 0 0 0 0 0 0 0 0 0 0.0004 0.0238 0.3172 1.2504 2.415 2.773 2.3744 1.703 1.1654 0.7996 0.4546 0.2972 0.1984 0.1038 0.0508 0.0234 0.0108 0.0152 0.006 0.006 0.0102 0.0408 0.1312 0.44 0.8928 1.408 1.6724 1.604 1.3824 1.1578 0.9414 0.7698 0.5194 0.3674 0.2636 0.183 0.0808 0.046 0.0314 0.0206 0.0184 0.0256 0.0606 0.1574 0.3628 0.6194 0.9048 1.1126 1.1156 1.0754 0.984 0.8648 0.7338 0.5802 0.4222 0.356 0.2258 0.1598 0.114 0.0526 0.0346 0.0266 0.026 0.0456 0.1418 0.247 0.4004 0.5358 0.6452 0.7444 0.8298 0.8024 0.7708 0.6378 0.5642 0.4364 0.345 0.2722 0.1968 0.16 0.0886 0.0484 0.031 0.0258 
0 0 0 0 0 0 0 0 0 0 0 0 0 0 0 0 0.0004 0.0216 0.2666 1.2098 2.4032 2.7848 2.4388 1.7388 1.1818 0.7942 0.4618 0.2914 0.1514 0.1044 0.0668 0.0426 0.0206 0.0124 0.0074 0.0012 0.0012 0.023 0.1222 0.424 0.8874 1.3616 1.6292 1.5332 1.5074 1.2764 0.9966 0.707 0.5156 0.3594 0.2402 0.1422 0.091 0.066 0.0532 0.0328 0.0194 0.0204 0.038 0.1532 0.3282 0.592 0.8828 1.048 1.0998 1.0968 1.0642 0.9666 0.7674 0.604 0.4094 0.3032 0.2102 0.1494 0.1008 0.0716 0.0474 0.0346 0.0292 0.0422 0.1186 0.2026 0.3608 0.529 0.6528 0.7638 0.7812 0.8446 0.7644 0.65 0.6042 0.4576 0.3652 0.2648 0.2124 0.1372 0.0818 0.0634 0.0402 0.0366 
0 0 0 0 0 0 0 0 0 0 0 0 0 0 0 0 0 0.0204 0.2742 1.2196 2.3864 2.7922 2.4266 1.7908 1.2082 0.7622 0.4766 0.2956 0.1678 0.091 0.0456 0.0224 0.0116 0.0058 0.003 0 0.0042 0.0332 0.1658 0.413 0.8634 1.2482 1.6022 1.6594 1.5358 1.3342 0.9538 0.7158 0.526 0.35 0.236 0.1462 0.0942 0.0542 0.0278 0.0146 0.0152 0.0278 0.0802 0.1742 0.3396 0.5542 0.733 1.0004 1.2086 1.1946 1.085 0.9346 0.7218 0.5886 0.4394 0.3394 0.2278 0.1462 0.0954 0.0554 0.0306 0.024 0.0274 0.0634 0.1138 0.234 0.3512 0.4574 0.5906 0.7654 0.8618 0.8406 0.8222 0.66 0.6034 0.4722 0.3666 0.2794 0.1894 0.1162 0.0762 0.0434 0.0336 0.0296 
0 0 0 0 0 0 0 0 0 0 0 0 0 0 0 0 0.0002 0.0258 0.3324 1.2572 2.3346 2.8142 2.3772 1.764 1.1656 0.7252 0.5096 0.2776 0.185 0.1068 0.0566 0.0318 0.0178 0.009 0.0052 0.0022 0.0056 0.0506 0.194 0.4742 0.8802 1.265 1.5426 1.6444 1.5346 1.1922 0.972 0.7238 0.5172 0.3452 0.2662 0.169 0.098 0.0558 0.0318 0.0208 0.0206 0.0252 0.075 0.1904 0.3546 0.58 0.819 0.9918 1.096 1.1624 1.1118 0.9382 0.731 0.576 0.441 0.3164 0.2182 0.1514 0.0798 0.0688 0.0344 0.027 0.0372 0.0648 0.1318 0.2216 0.3436 0.4894 0.6492 0.708 0.7916 0.8922 0.7854 0.7002 0.6008 0.486 0.3556 0.2464 0.179 0.1164 0.0764 0.066 0.042 0.0292 
0 0 0 0 0 0 0 0 0 0 0 0 0 0 0 0 0.0006 0.023 0.3014 1.1046 2.2618 2.8038 2.5482 1.863 1.1986 0.7862 0.4594 0.2506 0.1552 0.1096 0.0598 0.0284 0.0138 0.0128 0.0114 0.0024 0.0078 0.033 0.136 0.3744 0.7696 1.205 1.5534 1.7016 1.6278 1.3522 1.0396 0.6844 0.5666 0.3498 0.2342 0.1248 0.086 0.0636 0.0348 0.0256 0.0236 0.0244 0.0446 0.141 0.2994 0.4688 0.7222 0.9696 1.1464 1.1912 1.1712 1.0152 0.816 0.62 0.4858 0.3222 0.1924 0.131 0.0814 0.059 0.0428 0.0274 0.0322 0.0534 0.0868 0.167 0.3168 0.4146 0.5604 0.7454 0.8288 0.8768 0.852 0.756 0.6534 0.5244 0.3656 0.2514 0.188 0.1272 0.0968 0.0436 0.0388 0.022 
0 0 0 0 0 0 0 0 0 0 0 0 0 0 0 0 0 0.0266 0.335 1.3074 2.451 2.7922 2.4016 1.7644 1.1234 0.7144 0.4558 0.264 0.1738 0.1066 0.0502 0.0174 0.0114 0.0048 0 0.0006 0.0098 0.0408 0.1934 0.4832 0.9006 1.3796 1.6342 1.6576 1.5578 1.2138 0.928 0.6924 0.4478 0.308 0.2052 0.1344 0.0916 0.0568 0.0346 0.022 0.014 0.03 0.0782 0.194 0.3712 0.6358 0.821 1.0524 1.1784 1.1848 1.1156 0.9412 0.678 0.5172 0.3776 0.2976 0.2176 0.144 0.078 0.0456 0.0258 0.0152 0.0324 0.0638 0.1516 0.22 0.38 0.5216 0.6614 0.8112 0.85 0.853 0.8022 0.693 0.532 0.4216 0.3448 0.2566 0.1716 0.1098 0.062 0.0284 0.0148 0.0194 
0 0 0 0 0 0 0 0 0 0 0 0 0 0 0 0 0 0.0244 0.2998 1.2046 2.2562 2.6408 2.3324 1.8676 1.2558 0.8464 0.5224 0.3202 0.172 0.1154 0.059 0.0446 0.0178 0.0058 0.0066 0.0044 0.0066 0.0324 0.1676 0.4216 0.8026 1.2442 1.5192 1.5024 1.412 1.2752 1.0332 0.8294 0.599 0.4216 0.29 0.175 0.1084 0.063 0.043 0.0294 0.0186 0.0168 0.066 0.1424 0.3092 0.5404 0.798 0.9682 1.022 1.1254 1.0596 0.9058 0.7792 0.6448 0.4676 0.3758 0.2714 0.1814 0.1148 0.086 0.0648 0.0448 0.0404 0.0616 0.1028 0.1738 0.2876 0.4386 0.6154 0.7388 0.7664 0.7916 0.726 0.7342 0.644 0.5168 0.4098 0.3142 0.214 0.1446 0.1058 0.0786 0.0564 0.041 
0 0 0 0 0 0 0 0 0 0 0 0 0 0 0 0 0 0.015 0.246 1.1196 2.1724 2.7856 2.4672 1.821 1.225 0.7926 0.519 0.32 0.1942 0.156 0.083 0.046 0.0212 0.011 0.0036 0.0016 0.0048 0.032 0.1272 0.3082 0.6868 1.2554 1.5268 1.6718 1.571 1.2938 0.9868 0.766 0.5658 0.3928 0.2412 0.1868 0.1376 0.0932 0.0738 0.0418 0.0262 0.034 0.0458 0.1132 0.238 0.4724 0.6768 0.913 1.1282 1.1878 1.1136 0.9836 0.7798 0.6326 0.5214 0.362 0.2492 0.1706 0.1256 0.0928 0.0732 0.0538 0.0372 0.0482 0.0798 0.1568 0.2638 0.3594 0.5798 0.698 0.8154 0.8436 0.7684 0.748 0.6432 0.5026 0.404 0.2958 0.2392 0.1992 0.1432 0.0856 0.0452 0.0366 
0 0 0 0 0 0 0 0 0 0 0 0 0 0 0 0 0.0004 0.0198 0.323 1.2184 2.2944 2.8448 2.4342 1.6864 1.144 0.755 0.4712 0.3254 0.2024 0.121 0.0628 0.0306 0.0212 0.0134 0.012 0.006 0.011 0.0312 0.1484 0.4706 0.8674 1.292 1.5478 1.7156 1.6008 1.1996 0.8914 0.638 0.501 0.3638 0.2568 0.174 0.117 0.0586 0.0342 0.0344 0.0282 0.0248 0.0684 0.1538 0.3634 0.5524 0.7764 1.0104 1.227 1.2602 1.0988 0.9044 0.7052 0.5518 0.407 0.2718 0.205 0.1634 0.0918 0.059 0.0476 0.0392 0.0354 0.0574 0.114 0.1968 0.3012 0.4514 0.6894 0.7994 0.9058 0.9022 0.8148 0.7092 0.5536 0.4328 0.354 0.2318 0.1628 0.1102 0.0764 0.0578 0.0296 0.03 
0 0 0 0 0 0 0 0 0 0 0 0 0 0 0 0 0 0.016 0.2554 1.1474 2.2472 2.8006 2.4074 1.78 1.1944 0.8318 0.5354 0.3374 0.2072 0.115 0.051 0.0196 0.0268 0.014 0.0116 0.0018 0.003 0.0292 0.1188 0.3156 0.7822 1.2734 1.5738 1.615 1.53 1.3006 0.9844 0.7848 0.5786 0.393 0.2682 0.1748 0.1114 0.0672 0.0452 0.0302 0.0164 0.0176 0.049 0.1154 0.2544 0.4676 0.742 1.0052 1.1368 1.1964 1.0924 0.9536 0.7744 0.6444 0.5318 0.363 0.243 0.1482 0.1022 0.0748 0.0418 0.0272 0.024 0.0354 0.0848 0.1548 0.2604 0.4132 0.5972 0.6958 0.8358 0.8504 0.8392 0.7306 0.6556 0.556 0.4054 0.28 0.195 0.139 0.0918 0.0652 0.0474 0.038 
0 0 0 0 0 0 0 0 0 0 0 0 0 0 0 0 0 0.0192 0.3216 1.2924 2.3776 2.8344 2.4004 1.8624 1.1438 0.6672 0.421 0.2544 0.1606 0.106 0.0746 0.0284 0.0124 0.0142 0.005 0.0022 0.0064 0.0386 0.1602 0.4794 0.892 1.352 1.6922 1.6222 1.4956 1.236 0.9874 0.7158 0.4572 0.302 0.2042 0.1402 0.0986 0.0494 0.0324 0.0206 0.0136 0.0226 0.0682 0.167 0.3714 0.5832 0.8698 1.1172 1.1804 1.2082 1.109 0.8962 0.6916 0.544 0.3894 0.2766 0.1906 0.1278 0.0742 0.042 0.0404 0.0212 0.0284 0.059 0.1218 0.1976 0.3714 0.5418 0.704 0.8358 0.8596 0.8804 0.8514 0.6502 0.5506 0.4328 0.2992 0.2386 0.13 0.0884 0.06 0.0394 0.035 0.0296 
0 0 0 0 0 0 0 0 0 0 0 0 0 0 0 0 0 0.0166 0.3276 1.295 2.4312 2.8842 2.3656 1.64 1.161 0.705 0.4744 0.28 0.1758 0.103 0.0588 0.0326 0.0278 0.013 0.008 0.0008 0.007 0.034 0.145 0.4692 0.9462 1.3774 1.6818 1.6498 1.4914 1.1734 0.9038 0.7024 0.4892 0.3564 0.2008 0.1314 0.0822 0.0668 0.0466 0.0218 0.0142 0.024 0.0618 0.1906 0.384 0.6128 0.8876 1.0554 1.2018 1.1154 1.0748 0.8986 0.7334 0.523 0.3774 0.2974 0.192 0.152 0.0878 0.0796 0.0338 0.0176 0.0274 0.0576 0.1224 0.2566 0.3872 0.5316 0.6726 0.7834 0.873 0.8208 0.7834 0.6828 0.5256 0.4378 0.311 0.2318 0.1652 0.1332 0.0864 0.0452 0.0366 0.0298 
0 0 0 0 0 0 0 0 0 0 0 0 0 0 0 0 0 0.018 0.2786 1.2114 2.3584 2.7182 2.4902 1.7342 1.1998 0.7728 0.5156 0.2996 0.1682 0.1014 0.06 0.0322 0.021 0.0126 0.0066 0.002 0.0038 0.03 0.122 0.401 0.9014 1.2694 1.593 1.7226 1.473 1.2412 0.9714 0.7192 0.5432 0.3836 0.232 0.1488 0.1008 0.0542 0.0324 0.0268 0.016 0.0178 0.0438 0.1496 0.3018 0.567 0.8464 1.0296 1.1236 1.1792 1.063 0.9826 0.7666 0.5898 0.459 0.305 0.2206 0.141 0.091 0.0488 0.0334 0.0216 0.0328 0.0458 0.0856 0.1924 0.3126 0.5 0.635 0.7436 0.8366 0.8636 0.8694 0.7424 0.6128 0.4554 0.359 0.2548 0.1808 0.1188 0.0764 0.0476 0.0312 0.022 
0 0 0 0 0 0 0 0 0 0 0 0 0 0 0 0 0 0.016 0.2668 1.1774 2.3006 2.7478 2.3958 1.838 1.2164 0.7398 0.501 0.3394 0.218 0.1208 0.062 0.0272 0.0192 0.0072 0.005 0.0016 0.0024 0.0284 0.1372 0.393 0.8224 1.2908 1.5364 1.6102 1.505 1.2368 0.9858 0.7728 0.557 0.374 0.255 0.1846 0.1112 0.0942 0.0572 0.0208 0.0148 0.0204 0.061 0.1644 0.2964 0.5268 0.7628 1.0016 1.136 1.1352 1.0434 0.9308 0.769 0.642 0.463 0.3198 0.231 0.1948 0.1208 0.0838 0.0532 0.032 0.0312 0.057 0.0864 0.1986 0.362 0.4678 0.5824 0.7214 0.7566 0.7866 0.7836 0.7236 0.5996 0.508 0.412 0.332 0.197 0.1584 0.1248 0.0594 0.0422 0.0308 
0 0 0 0 0 0 0 0 0 0 0 0 0 0 0 0 0.0002 0.0164 0.3058 1.3456 2.454 2.782 2.3364 1.7028 1.176 0.737 0.4456 0.2726 0.1814 0.1006 0.056 0.0362 0.019 0.0164 0.0108 0.0012 0.002 0.035 0.192 0.4926 0.9326 1.3636 1.635 1.6534 1.457 1.1982 0.9542 0.6694 0.5058 0.3238 0.2022 0.1254 0.084 0.056 0.0454 0.0316 0.0208 0.032 0.0874 0.1914 0.4028 0.581 0.8762 1.0952 1.0918 1.1866 1.0978 0.8924 0.6928 0.5538 0.4198 0.2692 0.1904 0.1124 0.087 0.0566 0.0332 0.0404 0.039 0.0744 0.153 0.2448 0.3636 0.5056 0.6788 0.8074 0.823 0.8104 0.8088 0.6542 0.5544 0.4798 0.356 0.2338 0.1556 0.0904 0.064 0.0432 0.0422 0.0386 
0 0 0 0 0 0 0 0 0 0 0 0 0 0 0 0 0 0.02 0.2728 1.0922 2.2236 2.6918 2.392 1.825 1.2558 0.8554 0.5578 0.351 0.2094 0.1188 0.0742 0.0252 0.021 0.0104 0.0016 0.002 0.0016 0.0228 0.1314 0.3598 0.7662 1.2278 1.478 1.5176 1.4592 1.3102 1.0284 0.8216 0.6002 0.437 0.324 0.215 0.1326 0.088 0.0306 0.0254 0.0122 0.0116 0.0362 0.1076 0.2696 0.5092 0.7906 0.9756 1.0306 1.059 0.9954 0.93 0.8108 0.7016 0.5498 0.4296 0.2874 0.2086 0.1268 0.0846 0.0412 0.0314 0.0208 0.0282 0.0694 0.1382 0.2538 0.4524 0.6078 0.7666 0.7688 0.7738 0.7444 0.6582 0.6206 0.5254 0.4534 0.3586 0.2726 0.1942 0.1172 0.082 0.0584 0.0408 
0 0 0 0 0 0 0 0 0 0 0 0 0 0 0 0 0.001 0.0238 0.2576 1.1392 2.2496 2.7834 2.4422 1.7622 1.2464 0.7878 0.5218 0.3184 0.202 0.1166 0.0592 0.0278 0.0214 0.011 0.0086 0.0026 0.0066 0.0388 0.16 0.3654 0.7554 1.2308 1.5884 1.6636 1.5186 1.2588 0.9962 0.7538 0.543 0.37 0.294 0.1678 0.112 0.0684 0.047 0.0236 0.0178 0.0242 0.0736 0.1344 0.2608 0.4798 0.7924 1.0012 1.167 1.1688 1.0614 0.9352 0.7662 0.6312 0.473 0.3318 0.257 0.1568 0.0962 0.0734 0.0604 0.037 0.0312 0.0518 0.1012 0.1694 0.2762 0.4514 0.6182 0.7648 0.8396 0.8272 0.7218 0.7102 0.652 0.5096 0.3632 0.2782 0.226 0.1354 0.1256 0.0782 0.0464 0.037 
0 0 0 0 0 0 0 0 0 0 0 0 0 0 0 0 0.0014 0.0258 0.2934 1.1898 2.2582 2.7324 2.3944 1.8028 1.2184 0.8234 0.5184 0.3174 0.1772 0.1176 0.0584 0.033 0.0196 0.0072 0.0046 0.0066 0.0042 0.0382 0.1468 0.4174 0.85 1.2342 1.543 1.5954 1.4356 1.2602 1.0382 0.7886 0.5628 0.3718 0.2508 0.1606 0.115 0.0796 0.0502 0.022 0.0172 0.033 0.0624 0.1448 0.3272 0.527 0.7926 0.9902 1.069 1.1416 1.0146 0.9148 0.7836 0.6478 0.5222 0.3752 0.2238 0.1488 0.12 0.069 0.05 0.0332 0.0336 0.0448 0.098 0.2062 0.333 0.4552 0.5872 0.7376 0.7822 0.7742 0.7686 0.709 0.687 0.529 0.3858 0.28 0.2124 0.131 0.1026 0.068 0.0464 0.0316 
0 0 0 0 0 0 0 0 0 0 0 0 0 0 0 0 0.0004 0.0232 0.3138 1.167 2.2274 2.6538 2.362 1.8442 1.1904 0.847 0.5116 0.3664 0.2372 0.1192 0.0664 0.0424 0.0134 0.012 0.0022 0 0.0052 0.032 0.1692 0.4486 0.7872 1.1928 1.5078 1.5432 1.428 1.2654 1.0314 0.7504 0.5676 0.4344 0.3196 0.2146 0.1334 0.072 0.0518 0.0224 0.0136 0.0246 0.0774 0.1768 0.3048 0.483 0.7654 0.9428 1.0328 1.0574 1.0968 0.9842 0.8172 0.6486 0.4984 0.352 0.2548 0.1662 0.1404 0.0806 0.0552 0.0262 0.0324 0.0628 0.1228 0.2054 0.287 0.4162 0.5464 0.6938 0.7682 0.7812 0.7462 0.7486 0.6846 0.543 0.4578 0.2938 0.2014 0.1716 0.0928 0.0842 0.0402 0.031 
0 0 0 0 0 0 0 0 0 0 0 0 0 0 0 0 0.0004 0.0202 0.2868 1.175 2.284 2.82 2.3838 1.8468 1.236 0.7284 0.4788 0.3078 0.194 0.0994 0.068 0.0344 0.0152 0.011 0.0074 0.0018 0.003 0.0342 0.1506 0.4034 0.8754 1.2676 1.5584 1.6048 1.5178 1.2532 0.9554 0.7506 0.5344 0.3352 0.275 0.1802 0.118 0.0706 0.0596 0.0256 0.0138 0.0246 0.0586 0.1464 0.3206 0.5392 0.831 0.9964 1.0986 1.1576 1.0688 0.9546 0.7212 0.6076 0.4618 0.3224 0.2232 0.17 0.1278 0.0838 0.0504 0.025 0.035 0.0576 0.0986 0.195 0.325 0.479 0.6116 0.7324 0.7912 0.8208 0.7758 0.7068 0.612 0.5132 0.4014 0.2826 0.2006 0.1416 0.102 0.061 0.0416 0.0318 
0 0 0 0 0 0 0 0 0 0 0 0 0 0 0 0 0.0002 0.0252 0.254 1.2282 2.2548 2.8142 2.4326 1.7762 1.2014 0.7398 0.4952 0.3078 0.202 0.1288 0.0582 0.037 0.0168 0.0098 0.0082 0.0038 0.0062 0.0398 0.1348 0.3866 0.8164 1.2502 1.5558 1.678 1.545 1.336 0.9804 0.7286 0.5594 0.356 0.2388 0.1538 0.0924 0.0638 0.031 0.0214 0.0134 0.022 0.062 0.1402 0.2802 0.5274 0.7724 0.9766 1.135 1.209 1.104 0.9606 0.7556 0.616 0.4606 0.3346 0.2512 0.1524 0.0992 0.0594 0.0382 0.0292 0.0326 0.0512 0.1006 0.1982 0.2878 0.4354 0.5716 0.7504 0.8556 0.8592 0.8486 0.7228 0.5912 0.4752 0.353 0.2908 0.217 0.1432 0.1086 0.058 0.0356 0.029 
0 0 0 0 0 0 0 0 0 0 0 0 0 0 0 0 0 0.0218 0.287 1.1268 2.2148 2.88 2.5358 1.78 1.2024 0.7656 0.4878 0.282 0.176 0.0934 0.0684 0.031 0.023 0.0098 0.0104 0.004 0.0004 0.0234 0.1232 0.3866 0.7938 1.267 1.5714 1.7416 1.575 1.281 0.9922 0.701 0.5092 0.3672 0.2312 0.1614 0.1136 0.0714 0.0422 0.021 0.009 0.0152 0.063 0.1208 0.2496 0.498 0.799 1.0436 1.1608 1.234 1.0992 0.9612 0.7976 0.6146 0.4646 0.2914 0.21 0.1458 0.0886 0.0664 0.0356 0.0224 0.0304 0.0338 0.0684 0.1366 0.3008 0.4684 0.6194 0.7644 0.8852 0.9446 0.7976 0.7146 0.6296 0.507 0.3646 0.277 0.2 0.12 0.065 0.0296 0.027 0.0254 
0 0 0 0 0 0 0 0 0 0 0 0 0 0 0 0 0 0.0154 0.2368 1.1364 2.3592 2.8202 2.5766 1.8048 1.154 0.7568 0.4848 0.2844 0.1476 0.0934 0.0504 0.03 0.0206 0.0116 0.0038 0.0046 0.007 0.017 0.094 0.3266 0.7834 1.3108 1.6338 1.7194 1.5842 1.3374 1.0474 0.7236 0.4892 0.355 0.2218 0.1466 0.0812 0.058 0.0224 0.013 0.0152 0.0152 0.0414 0.1022 0.2336 0.5122 0.7876 1.018 1.1592 1.257 1.1186 1.014 0.7736 0.598 0.4234 0.3352 0.2288 0.156 0.1054 0.0594 0.0324 0.0152 0.0196 0.0296 0.0656 0.1568 0.2952 0.4398 0.6376 0.7714 0.8228 0.8692 0.8692 0.7154 0.6018 0.5058 0.3718 0.2828 0.2164 0.1476 0.0848 0.0414 0.031 0.0214 
0 0 0 0 0 0 0 0 0 0 0 0 0 0 0 0 0 0.0198 0.3074 1.2234 2.3752 2.6784 2.4314 1.8832 1.1428 0.7822 0.5 0.309 0.1686 0.0742 0.0498 0.0316 0.0124 0.0032 0.003 0.0028 0.0054 0.0318 0.1728 0.4764 0.9066 1.3032 1.5468 1.56 1.4898 1.2666 0.9826 0.7254 0.5606 0.3528 0.2304 0.1552 0.0964 0.053 0.0398 0.0212 0.016 0.0248 0.0784 0.195 0.3984 0.5756 0.8226 1.0298 1.0664 1.109 1.0786 0.9794 0.7646 0.5714 0.412 0.291 0.1882 0.125 0.1128 0.0794 0.0454 0.0336 0.0356 0.0804 0.1598 0.2256 0.364 0.5128 0.6464 0.7356 0.8068 0.8288 0.7762 0.7244 0.5546 0.4404 0.3196 0.2352 0.1816 0.1368 0.1032 0.0594 0.0478 0.0378 
0 0 0 0 0 0 0 0 0 0 0 0 0 0 0 0 0 0.0168 0.2638 1.2022 2.2612 2.7822 2.47 1.7706 1.2284 0.7356 0.4872 0.3062 0.2014 0.1018 0.0626 0.0384 0.022 0.0198 0.0154 0.0066 0.0064 0.0406 0.1358 0.388 0.7982 1.2058 1.6158 1.6708 1.6218 1.2922 0.9404 0.7136 0.4912 0.3424 0.2876 0.1754 0.1062 0.066 0.0408 0.0228 0.0176 0.0324 0.065 0.141 0.2934 0.4968 0.7442 0.9764 1.1988 1.2448 1.1432 0.926 0.7818 0.5804 0.3926 0.3106 0.2316 0.175 0.1076 0.0772 0.0476 0.0286 0.0382 0.0474 0.089 0.191 0.287 0.4322 0.6116 0.7642 0.8396 0.8546 0.8224 0.7922 0.5958 0.4268 0.3298 0.2636 0.2332 0.137 0.0972 0.0726 0.0476 0.0356 
0 0 0 0 0 0 0 0 0 0 0 0 0 0 0 0 0 0.0186 0.2828 1.1532 2.258 2.7166 2.5342 1.8366 1.195 0.8116 0.5016 0.2798 0.1892 0.1058 0.0604 0.024 0.0202 0.0092 0.0012 0.002 0.003 0.024 0.1392 0.3716 0.7886 1.232 1.5998 1.6382 1.5262 1.28 1.007 0.7462 0.5318 0.4 0.2666 0.1634 0.11 0.0816 0.0378 0.018 0.0192 0.0174 0.045 0.1286 0.2854 0.5384 0.7536 0.964 1.0954 1.2196 1.1202 0.9382 0.78 0.5894 0.4916 0.335 0.2566 0.1684 0.1 0.0724 0.046 0.0292 0.0368 0.0384 0.0808 0.1594 0.3118 0.4616 0.6232 0.7472 0.7888 0.78 0.8178 0.691 0.5706 0.5256 0.4428 0.3492 0.2176 0.1516 0.086 0.0646 0.033 0.0328 
0 0 0 0 0 0 0 0 0 0 0 0 0 0 0 0 0 0.0248 0.2928 1.2844 2.349 2.714 2.2748 1.6996 1.15 0.8606 0.5588 0.3304 0.2002 0.1198 0.0666 0.0314 0.0298 0.0106 0.002 0.0004 0.0034 0.0258 0.147 0.5044 0.9202 1.33 1.5896 1.542 1.3336 1.2076 0.9622 0.7356 0.5044 0.4042 0.2888 0.205 0.1174 0.0918 0.0476 0.017 0.0146 0.02 0.0492 0.1768 0.381 0.6204 0.8702 1.053 1.0898 1.0492 1.0018 0.8714 0.726 0.5812 0.4656 0.3602 0.2466 0.1608 0.1016 0.0768 0.056 0.0256 0.0288 0.0486 0.1158 0.243 0.3868 0.4984 0.6586 0.7496 0.8098 0.8058 0.7484 0.663 0.602 0.4702 0.3772 0.2614 0.202 0.1256 0.0968 0.0668 0.0334 0.0234 
0 0 0 0 0 0 0 0 0 0 0 0 0 0 0 0 0.0004 0.0164 0.2938 1.3364 2.4528 2.7378 2.3576 1.7438 1.1494 0.703 0.4718 0.2882 0.1962 0.1076 0.0634 0.0332 0.0166 0.0088 0.007 0.0036 0.0058 0.0266 0.1594 0.4678 1.041 1.405 1.5944 1.5658 1.4442 1.1592 0.9176 0.6782 0.4968 0.3758 0.2442 0.1548 0.1196 0.0702 0.0394 0.0196 0.0126 0.0156 0.057 0.1738 0.4156 0.7034 0.9176 1.0292 1.1324 1.0944 1.0058 0.8508 0.752 0.5624 0.4182 0.3122 0.2154 0.1496 0.0952 0.0534 0.0308 0.0136 0.02 0.0548 0.1358 0.2586 0.396 0.5728 0.6932 0.7678 0.824 0.7978 0.809 0.641 0.5496 0.4108 0.3392 0.289 0.1706 0.133 0.0644 0.0396 0.0272 0.0228 
0 0 0 0 0 0 0 0 0 0 0 0 0 0 0 0 0 0.0204 0.2976 1.2194 2.3054 2.7754 2.4162 1.696 1.1068 0.7422 0.5042 0.3498 0.2414 0.1336 0.0864 0.048 0.0244 0.013 0.0094 0.0066 0.0088 0.0254 0.1336 0.403 0.8684 1.3168 1.6458 1.636 1.45 1.1938 0.9036 0.7024 0.5226 0.3974 0.275 0.2066 0.1106 0.0656 0.0502 0.0418 0.0198 0.0208 0.0554 0.153 0.3118 0.5824 0.83 1.002 1.1216 1.1592 1.0444 0.8928 0.7198 0.5938 0.4462 0.3484 0.232 0.163 0.1268 0.0776 0.067 0.0344 0.0514 0.0614 0.0824 0.1898 0.3064 0.4924 0.6656 0.764 0.8186 0.8096 0.8094 0.6774 0.555 0.4798 0.3562 0.267 0.2022 0.1666 0.0958 0.08 0.0532 0.0358 
0 0 0 0 0 0 0 0 0 0 0 0 0 0 0 0 0 0.022 0.3014 1.2648 2.407 2.8688 2.326 1.7004 1.1584 0.7858 0.4576 0.254 0.173 0.0948 0.0626 0.0454 0.04 0.0178 0.0078 0.0052 0.0084 0.0364 0.1544 0.433 0.9472 1.4386 1.6626 1.6768 1.4006 1.154 0.8948 0.6742 0.5016 0.3684 0.2272 0.1586 0.0858 0.0564 0.0394 0.0356 0.0236 0.0266 0.0616 0.1612 0.3532 0.6418 0.9374 1.1312 1.1634 1.169 1.0326 0.8644 0.6794 0.544 0.3714 0.273 0.209 0.1536 0.0958 0.0624 0.0436 0.0242 0.0226 0.0442 0.1056 0.2206 0.3514 0.6024 0.7394 0.7888 0.882 0.8628 0.802 0.6698 0.5094 0.3972 0.3472 0.2344 0.1592 0.099 0.0668 0.052 0.025 0.0196 
0 0 0 0 0 0 0 0 0 0 0 0 0 0 0 0 0 0.0268 0.298 1.2476 2.4034 2.8064 2.4584 1.7566 1.2008 0.753 0.4734 0.2432 0.1358 0.0866 0.0506 0.0292 0.0088 0.006 0.0062 0.0058 0.006 0.0402 0.1414 0.3808 0.84 1.3638 1.6494 1.701 1.5502 1.2314 0.9836 0.703 0.5044 0.3224 0.2032 0.1536 0.0994 0.056 0.0314 0.0214 0.015 0.0298 0.044 0.1304 0.3262 0.5712 0.8224 1.027 1.178 1.1984 1.0908 0.9648 0.7404 0.5008 0.4188 0.3122 0.2198 0.1682 0.108 0.0654 0.0378 0.0312 0.0316 0.0474 0.09 0.2012 0.333 0.524 0.6284 0.7652 0.843 0.832 0.825 0.6918 0.5842 0.462 0.3226 0.255 0.1928 0.1416 0.0872 0.0536 0.0442 0.0368 
0 0 0 0 0 0 0 0 0 0 0 0 0 0 0 0 0 0.0276 0.3 1.2162 2.3596 2.8076 2.3688 1.711 1.1942 0.7764 0.4932 0.317 0.1864 0.0968 0.0668 0.0308 0.0186 0.013 0.0058 0.0048 0.0084 0.0318 0.175 0.4428 0.8856 1.3166 1.5366 1.6076 1.4766 1.275 1.0162 0.6924 0.531 0.3354 0.216 0.1694 0.1026 0.0648 0.0532 0.0328 0.0148 0.0256 0.0764 0.173 0.35 0.5584 0.8214 1.0196 1.1038 1.178 1.0826 0.911 0.7484 0.611 0.4034 0.3068 0.213 0.1504 0.1064 0.0816 0.0366 0.0214 0.0226 0.0698 0.1206 0.215 0.3324 0.4798 0.6372 0.7638 0.8304 0.881 0.8076 0.6926 0.5828 0.4408 0.329 0.2796 0.1972 0.1466 0.0864 0.0556 0.0278 0.0204 
0 0 0 0 0 0 0 0 0 0 0 0 0 0 0 0 0 0.0216 0.2934 1.1316 2.2056 2.658 2.3256 1.8174 1.2642 0.8618 0.5376 0.3426 0.2362 0.1128 0.0706 0.0364 0.036 0.0168 0.0166 0.0098 0.0044 0.037 0.1564 0.394 0.7754 1.2106 1.4688 1.5428 1.4644 1.3048 1.011 0.769 0.5722 0.4184 0.31 0.1836 0.115 0.0886 0.064 0.0372 0.0244 0.0394 0.0762 0.165 0.2746 0.4746 0.7104 0.9388 1.1318 1.1068 1.0586 0.9536 0.8072 0.641 0.4906 0.364 0.245 0.1786 0.1168 0.1116 0.0676 0.0328 0.0374 0.0558 0.1092 0.169 0.2734 0.4168 0.5474 0.643 0.7872 0.8106 0.8418 0.8266 0.659 0.5204 0.3864 0.3128 0.2198 0.139 0.0962 0.0736 0.0532 0.034 
0 0 0 0 0 0 0 0 0 0 0 0 0 0 0 0 0.0002 0.024 0.2794 1.1218 2.2654 2.817 2.3788 1.763 1.2036 0.7278 0.5014 0.3454 0.2152 0.1606 0.0864 0.0564 0.0336 0.0134 0.0026 0.0018 0.0092 0.0188 0.1358 0.3824 0.7278 1.2016 1.5846 1.6596 1.5122 1.312 0.9984 0.7492 0.5152 0.324 0.2678 0.2094 0.1382 0.1046 0.0702 0.0382 0.0202 0.024 0.0566 0.1254 0.2246 0.4782 0.7398 1.0248 1.1542 1.2484 1.0654 0.934 0.7914 0.5676 0.445 0.3344 0.2242 0.2028 0.14 0.0908 0.055 0.0374 0.0288 0.0426 0.0704 0.146 0.2864 0.4442 0.6032 0.7596 0.8492 0.8342 0.756 0.7272 0.6222 0.497 0.3956 0.2854 0.1952 0.1596 0.1192 0.0984 0.0618 0.0306 
0 0 0 0 0 0 0 0 0 0 0 0 0 0 0 0 0 0.0228 0.3082 1.3166 2.3804 2.766 2.3684 1.7232 1.1164 0.744 0.513 0.3168 0.1716 0.1164 0.0598 0.0372 0.0214 0.0098 0.006 0.003 0.0062 0.042 0.1854 0.4556 0.8782 1.3408 1.615 1.663 1.493 1.189 0.9056 0.692 0.4776 0.3716 0.2524 0.1712 0.101 0.053 0.044 0.0278 0.0224 0.0378 0.0726 0.1892 0.3432 0.6 0.8234 1.0748 1.1902 1.1094 1.0316 0.89 0.6692 0.5868 0.4628 0.3138 0.2292 0.1438 0.0832 0.0506 0.0414 0.0356 0.0536 0.0652 0.1134 0.2148 0.3608 0.5134 0.71 0.8252 0.8276 0.79 0.7418 0.6386 0.5534 0.4452 0.3824 0.2752 0.154 0.1112 0.079 0.0634 0.0554 0.0446 
0 0 0 0 0 0 0 0 0 0 0 0 0 0 0 0 0.0002 0.0212 0.2708 1.186 2.3892 2.7734 2.3338 1.6926 1.1852 0.8084 0.5134 0.3446 0.19 0.1286 0.0736 0.037 0.0236 0.0098 0.007 0.0078 0.0056 0.0322 0.1394 0.4314 0.8832 1.279 1.5996 1.657 1.4684 1.2038 0.9108 0.705 0.5354 0.3854 0.268 0.1778 0.1232 0.0774 0.0428 0.0292 0.022 0.0286 0.0606 0.1578 0.3328 0.5712 0.8272 1.0252 1.112 1.1736 1.0432 0.914 0.7746 0.6152 0.43 0.3012 0.2268 0.1656 0.081 0.0738 0.0448 0.0292 0.035 0.0458 0.1 0.1946 0.3104 0.5022 0.6352 0.7856 0.8404 0.8558 0.7522 0.7108 0.6528 0.5004 0.3498 0.241 0.1874 0.1376 0.0684 0.043 0.0402 0.0308 
0 0 0 0 0 0 0 0 0 0 0 0 0 0 0 0 0 0.0164 0.2654 1.1426 2.2138 2.7166 2.4948 1.9404 1.2242 0.7584 0.544 0.319 0.1736 0.0936 0.0636 0.0248 0.0032 0.0014 0.0022 0.002 0.0016 0.0212 0.1288 0.3536 0.7582 1.1868 1.525 1.7192 1.607 1.3226 1.0122 0.7548 0.5696 0.3842 0.27 0.1846 0.1006 0.0584 0.0238 0.0062 0.0078 0.0138 0.0522 0.1174 0.273 0.4832 0.7208 0.9608 1.1304 1.2166 1.113 0.9742 0.8398 0.6356 0.4684 0.3684 0.2546 0.1392 0.1084 0.0674 0.0314 0.0188 0.0256 0.0456 0.0736 0.1618 0.287 0.4178 0.563 0.7122 0.8502 0.8506 0.7856 0.7218 0.677 0.5418 0.4094 0.2986 0.2176 0.148 0.0944 0.0528 0.0352 0.026 
0 0 0 0 0 0 0 0 0 0 0 0 0 0 0 0 0.0004 0.0202 0.2882 1.1682 2.2312 2.6466 2.4016 1.789 1.2622 0.8378 0.548 0.3084 0.2012 0.1058 0.086 0.0396 0.018 0.0138 0.0106 0.0078 0.0144 0.045 0.1456 0.4114 0.8004 1.2084 1.4786 1.585 1.4922 1.267 1.0682 0.7506 0.5632 0.382 0.245 0.1826 0.1342 0.087 0.049 0.0356 0.0288 0.0388 0.0684 0.1534 0.295 0.4878 0.7814 0.9694 1.0246 1.1308 1.075 0.9748 0.819 0.6316 0.4578 0.3346 0.259 0.177 0.1232 0.0808 0.047 0.0358 0.041 0.0704 0.0982 0.1754 0.2882 0.4308 0.5668 0.7396 0.798 0.8186 0.798 0.7544 0.655 0.4896 0.3844 0.2612 0.2348 0.1554 0.1106 0.0662 0.035 0.0368 
0 0 0 0 0 0 0 0 0 0 0 0 0 0 0 0 0.0006 0.0276 0.3164 1.2378 2.4058 2.8828 2.4044 1.6884 1.1226 0.7508 0.4832 0.267 0.1606 0.0948 0.063 0.0362 0.0208 0.0224 0.01 0.004 0.007 0.0414 0.1454 0.4184 0.9238 1.4168 1.6654 1.6822 1.4476 1.2038 0.935 0.687 0.4722 0.3136 0.1842 0.1556 0.1106 0.0734 0.0638 0.0258 0.015 0.0228 0.0606 0.17 0.332 0.6248 0.891 1.0846 1.216 1.1456 1.0096 0.9578 0.7656 0.5268 0.3792 0.267 0.193 0.1256 0.0754 0.0584 0.0382 0.037 0.0276 0.0682 0.1248 0.2186 0.3708 0.525 0.6982 0.804 0.8658 0.8074 0.8334 0.6906 0.568 0.441 0.3234 0.238 0.1404 0.0958 0.0636 0.0478 0.0318 0.0274 
0 0 0 0 0 0 0 0 0 0 0 0 0 0 0 0 0.0008 0.031 0.3064 1.2794 2.3278 2.7338 2.344 1.8026 1.2396 0.7824 0.4448 0.2842 0.1668 0.1102 0.071 0.04 0.0196 0.0082 0.0064 0.001 0.005 0.0322 0.1632 0.4536 0.8696 1.2712 1.5644 1.6 1.5128 1.31 1.0178 0.7162 0.5064 0.3448 0.2308 0.156 0.1074 0.0728 0.031 0.0238 0.0082 0.0224 0.0664 0.1656 0.3522 0.566 0.7886 0.9792 1.1546 1.127 1.0704 0.945 0.8274 0.6142 0.4158 0.2922 0.2254 0.1578 0.1084 0.0554 0.029 0.0214 0.0308 0.0658 0.1216 0.2096 0.3354 0.4924 0.6168 0.7418 0.8324 0.849 0.8 0.711 0.612 0.4862 0.348 0.257 0.193 0.1288 0.0782 0.0522 0.0318 0.0302 
0 0 0 0 0 0 0 0 0 0 0 0 0 0 0 0 0 0.0164 0.2542 1.1632 2.3894 2.7586 2.4938 1.768 1.2538 0.806 0.467 0.2844 0.144 0.094 0.0542 0.0276 0.0152 0.0038 0.0038 0.0026 0.0014 0.0252 0.1204 0.4016 0.8304 1.308 1.618 1.6438 1.4866 1.2802 0.9994 0.758 0.5172 0.3894 0.2516 0.1816 0.0898 0.0556 0.0258 0.0118 0.0032 0.0118 0.0458 0.1378 0.312 0.5414 0.814 0.994 1.1452 1.1152 1.0844 0.9774 0.7744 0.6192 0.4626 0.3808 0.239 0.1622 0.1044 0.0408 0.0206 0.012 0.0118 0.0388 0.1074 0.1826 0.326 0.454 0.599 0.7284 0.8308 0.8514 0.8408 0.708 0.6302 0.4984 0.3808 0.2982 0.2064 0.134 0.0802 0.0436 0.0324 0.0214 
0 0 0 0 0 0 0 0 0 0 0 0 0 0 0 0 0 0.0218 0.2934 1.2696 2.3336 2.7968 2.3298 1.644 1.1776 0.7534 0.5138 0.3512 0.2266 0.1288 0.0876 0.035 0.0236 0.0078 0.0024 0.0032 0.0046 0.0336 0.1788 0.424 0.9374 1.3048 1.5906 1.5404 1.4334 1.1958 0.9584 0.718 0.5078 0.4066 0.2608 0.1872 0.1146 0.0778 0.064 0.0288 0.0214 0.029 0.0678 0.1626 0.339 0.5932 0.8614 1.08 1.1016 1.081 1.0098 0.8772 0.7286 0.5446 0.4548 0.317 0.2636 0.1912 0.1212 0.0708 0.0556 0.0302 0.0302 0.0646 0.1038 0.2178 0.366 0.5314 0.7086 0.763 0.7538 0.7668 0.7686 0.6628 0.5688 0.4502 0.361 0.2644 0.2024 0.1548 0.1082 0.0702 0.0586 0.0382 
0 0 0 0 0 0 0 0 0 0 0 0 0 0 0 0 0 0.0248 0.3314 1.2626 2.3934 2.8456 2.3942 1.755 1.1566 0.742 0.454 0.2668 0.1678 0.0944 0.0606 0.0188 0.0114 0.0096 0.0044 0.0024 0.0046 0.029 0.1662 0.4786 0.9348 1.3932 1.6056 1.6288 1.471 1.1892 0.9666 0.7414 0.5158 0.3308 0.194 0.1206 0.0996 0.059 0.0404 0.0132 0.0084 0.0228 0.0766 0.1752 0.3792 0.637 0.8678 1.0138 1.1668 1.1976 1.0666 0.9178 0.682 0.5522 0.4592 0.287 0.1574 0.1376 0.0922 0.0464 0.0342 0.0174 0.023 0.0668 0.1566 0.2172 0.3722 0.5214 0.6892 0.7868 0.8486 0.8768 0.8012 0.687 0.5656 0.451 0.3222 0.206 0.1584 0.0982 0.0606 0.0496 0.0296 0.0198 
0 0 0 0 0 0 0 0 0 0 0 0 0 0 0 0 0 0.0274 0.3094 1.2446 2.3956 2.731 2.369 1.8016 1.2072 0.8142 0.4686 0.275 0.1396 0.086 0.0572 0.034 0.0222 0.008 0.0026 0.0018 0.0054 0.0294 0.1596 0.4952 0.8534 1.3114 1.5294 1.5708 1.554 1.2616 1.0076 0.7332 0.4884 0.345 0.2284 0.1728 0.1066 0.0632 0.0298 0.0252 0.0158 0.0282 0.0616 0.174 0.389 0.5834 0.8104 0.967 1.1368 1.1004 1.0668 0.9244 0.766 0.6038 0.4486 0.345 0.211 0.1454 0.0898 0.0474 0.044 0.038 0.036 0.056 0.1414 0.2314 0.3416 0.5248 0.609 0.7732 0.793 0.8092 0.74 0.7212 0.6022 0.4904 0.3626 0.2362 0.1876 0.1278 0.077 0.0628 0.049 0.0336 
0 0 0 0 0 0 0 0 0 0 0 0 0 0 0 0 0 0.0116 0.2858 1.2772 2.4608 2.7984 2.3212 1.6302 1.201 0.8206 0.5356 0.3072 0.174 0.0954 0.0452 0.0156 0.0114 0.0088 0 0 0.0016 0.0258 0.14 0.4372 0.954 1.3762 1.645 1.6668 1.362 1.1528 0.9592 0.7586 0.5674 0.3794 0.2504 0.1656 0.0774 0.0312 0.0204 0.0144 0.0122 0.0108 0.0628 0.1598 0.3514 0.6218 0.8662 1.039 1.146 1.1422 1.0828 0.8568 0.7536 0.5984 0.4666 0.3506 0.1944 0.1178 0.0876 0.0356 0.0292 0.0204 0.0236 0.044 0.0992 0.2264 0.3698 0.486 0.6388 0.8114 0.8862 0.8286 0.7844 0.733 0.6034 0.4724 0.3722 0.2364 0.155 0.1096 0.0558 0.0266 0.024 0.0144 
0 0 0 0 0 0 0 0 0 0 0 0 0 0 0 0 0 0.014 0.2476 1.09 2.208 2.7138 2.443 1.8974 1.2992 0.813 0.5282 0.3288 0.1942 0.1164 0.0544 0.0284 0.0112 0.0094 0.003 0 0.0008 0.0148 0.0972 0.348 0.7426 1.204 1.5668 1.6064 1.4916 1.251 1.0656 0.8332 0.591 0.4284 0.3166 0.2022 0.119 0.0524 0.0296 0.016 0.012 0.0108 0.0344 0.0876 0.2612 0.5018 0.6778 0.9488 1.1154 1.1286 1.0678 0.9802 0.829 0.6894 0.5394 0.3726 0.2648 0.183 0.1378 0.0868 0.0508 0.0226 0.0176 0.025 0.06 0.1384 0.2816 0.4014 0.5672 0.6838 0.8096 0.7934 0.8274 0.748 0.6242 0.5222 0.4018 0.3272 0.2812 0.174 0.1202 0.0962 0.0506 0.042 
0 0 0 0 0 0 0 0 0 0 0 0 0 0 0 0 0 0.0106 0.2554 1.1984 2.405 2.7704 2.445 1.7704 1.2284 0.7632 0.482 0.2562 0.1658 0.1096 0.0752 0.0282 0.0158 0.0084 0.0042 0.004 0.0034 0.033 0.1388 0.3878 0.804 1.3258 1.5862 1.676 1.487 1.2962 0.9926 0.7408 0.5438 0.391 0.2458 0.1406 0.1006 0.0434 0.0236 0.016 0.0128 0.031 0.0778 0.148 0.2688 0.5378 0.7876 0.9956 1.1632 1.1462 1.1058 0.9566 0.7858 0.6076 0.4394 0.3458 0.2214 0.1366 0.0834 0.0676 0.0448 0.044 0.0366 0.0558 0.1098 0.1826 0.3148 0.4336 0.604 0.775 0.842 0.8494 0.7952 0.7398 0.603 0.4592 0.3546 0.2944 0.191 0.117 0.073 0.0744 0.0494 0.0366 
0 0 0 0 0 0 0 0 0 0 0 0 0 0 0 0 0 0.022 0.2806 1.2158 2.3242 2.7982 2.3894 1.7322 1.1916 0.7654 0.5038 0.3184 0.1988 0.1094 0.0568 0.0338 0.0248 0.0138 0.0122 0.0052 0.0048 0.0324 0.1444 0.4588 0.8692 1.275 1.5632 1.5912 1.4462 1.2574 0.9742 0.7424 0.544 0.3554 0.2798 0.1822 0.1104 0.0702 0.0404 0.0294 0.0214 0.0234 0.0778 0.1736 0.3226 0.5586 0.8302 1.0268 1.1164 1.0828 0.982 0.9164 0.772 0.63 0.4972 0.3472 0.2176 0.1478 0.0936 0.0734 0.044 0.043 0.042 0.0702 0.1168 0.2188 0.3012 0.5136 0.6374 0.7562 0.8272 0.7956 0.6986 0.6532 0.6108 0.5392 0.3844 0.2868 0.189 0.1362 0.0884 0.0654 0.0416 0.0328 
0 0 0 0 0 0 0 0 0 0 0 0 0 0 0 0 0 0.0172 0.289 1.2488 2.3284 2.7616 2.387 1.7982 1.1766 0.7592 0.465 0.2982 0.2154 0.1268 0.0586 0.0316 0.0196 0.008 0.0044 0.004 0.0052 0.0338 0.1512 0.4456 0.8496 1.2764 1.5484 1.595 1.5346 1.2836 0.921 0.7426 0.5138 0.3658 0.258 0.19 0.1218 0.0738 0.033 0.0212 0.018 0.0304 0.0648 0.1484 0.3332 0.5944 0.8228 0.9812 1.0938 1.0646 1.0592 0.9454 0.7888 0.5902 0.47 0.337 0.2288 0.1448 0.1242 0.0768 0.0542 0.0304 0.0314 0.0486 0.1206 0.2012 0.3634 0.498 0.6408 0.7164 0.8036 0.8144 0.78 0.6728 0.5602 0.4872 0.3592 0.2768 0.1982 0.15 0.115 0.0894 0.0576 0.0284 
0 0 0 0 0 0 0 0 0 0 0 0 0 0 0 0 0.0002 0.0282 0.3036 1.224 2.3288 2.8076 2.4498 1.8126 1.191 0.7396 0.45 0.287 0.155 0.1 0.0684 0.0296 0.0176 0.0046 0.0024 0 0.0028 0.0308 0.1554 0.4526 0.8696 1.295 1.6112 1.6818 1.4946 1.2226 0.9448 0.7208 0.5164 0.3622 0.242 0.1722 0.0872 0.0664 0.0332 0.026 0.0108 0.018 0.0546 0.1696 0.332 0.6058 0.8316 1.0688 1.156 1.1354 1.0964 0.9112 0.7506 0.5826 0.4004 0.2954 0.1938 0.1406 0.094 0.0658 0.0458 0.0338 0.0364 0.0536 0.1112 0.2044 0.3284 0.5102 0.6894 0.804 0.84 0.8582 0.7656 0.7174 0.6058 0.4358 0.31 0.2316 0.1716 0.1064 0.0804 0.0692 0.055 0.035 
0 0 0 0 0 0 0 0 0 0 0 0 0 0 0 0 0.0004 0.0118 0.2454 1.1866 2.228 2.6894 2.5046 1.855 1.2512 0.7942 0.4992 0.3152 0.191 0.1024 0.0528 0.0342 0.028 0.0106 0 0 0.0026 0.022 0.1176 0.3946 0.7886 1.196 1.4752 1.5886 1.5144 1.373 1.0896 0.7868 0.5866 0.3982 0.2508 0.1628 0.1014 0.0588 0.0396 0.024 0.014 0.0144 0.0434 0.1332 0.2934 0.5044 0.7662 0.9298 1.0784 1.0658 1.0572 1.047 0.8826 0.6754 0.493 0.3546 0.2398 0.1562 0.1082 0.063 0.046 0.0214 0.025 0.044 0.0844 0.1644 0.2884 0.4614 0.5638 0.663 0.7526 0.8664 0.7932 0.8314 0.6924 0.5236 0.406 0.2882 0.2058 0.1436 0.086 0.0622 0.0324 0.0272 
0 0 0 0 0 0 0 0 0 0 0 0 0 0 0 0 0.0008 0.0188 0.2766 1.2104 2.3306 2.7984 2.461 1.6844 1.2218 0.731 0.4922 0.3176 0.19 0.1076 0.0828 0.041 0.0248 0.0102 0 0 0.0028 0.0396 0.14 0.4326 0.8854 1.2574 1.5718 1.6704 1.4962 1.2184 0.902 0.7082 0.5794 0.3864 0.2466 0.159 0.121 0.079 0.0544 0.0276 0.0162 0.0164 0.0458 0.1482 0.3596 0.5912 0.8116 1.0586 1.193 1.0836 0.963 0.851 0.764 0.5806 0.499 0.3542 0.228 0.1486 0.1106 0.0742 0.0482 0.0344 0.0334 0.0634 0.1122 0.188 0.3276 0.5644 0.6534 0.7714 0.7786 0.7944 0.7402 0.6588 0.5762 0.499 0.3964 0.26 0.2136 0.1294 0.0918 0.0656 0.0494 0.0434 
0 0 0 0 0 0 0 0 0 0 0 0 0 0 0 0 0 0.0228 0.2778 1.2332 2.343 2.859 2.5038 1.7468 1.1616 0.7504 0.4508 0.2854 0.1578 0.0908 0.0494 0.0312 0.0256 0.0068 0.0038 0 0.0062 0.044 0.138 0.4302 0.8168 1.2676 1.6702 1.7186 1.5354 1.269 0.9746 0.7334 0.4714 0.3392 0.196 0.1338 0.1054 0.0636 0.0436 0.0312 0.0098 0.0192 0.0664 0.1754 0.3414 0.5678 0.8308 0.9914 1.0916 1.1536 1.091 0.9348 0.7874 0.6204 0.4386 0.3292 0.1836 0.1166 0.0966 0.0658 0.0376 0.0372 0.0316 0.0596 0.1226 0.2438 0.385 0.4888 0.647 0.7206 0.7856 0.8394 0.7802 0.6298 0.564 0.5038 0.3792 0.287 0.1764 0.1426 0.0742 0.0486 0.042 0.0464 
0 0 0 0 0 0 0 0 0 0 0 0 0 0 0 0 0 0.014 0.2282 1.0702 2.2386 2.74 2.4734 1.8928 1.2306 0.8246 0.5562 0.3198 0.1824 0.1064 0.0482 0.0336 0.0212 0.006 0.0046 0.0038 0.004 0.0268 0.1162 0.3458 0.7244 1.1348 1.5108 1.6272 1.6278 1.3674 1.0614 0.792 0.5646 0.4134 0.2562 0.157 0.0918 0.07 0.0544 0.0322 0.0126 0.0234 0.0542 0.1174 0.2584 0.4496 0.6506 0.9246 1.0938 1.1412 1.158 0.993 0.8604 0.7244 0.5234 0.3664 0.1932 0.15 0.1236 0.0832 0.0596 0.0392 0.038 0.042 0.0796 0.1464 0.2552 0.395 0.5134 0.664 0.7424 0.8604 0.8188 0.8192 0.734 0.5446 0.431 0.2854 0.213 0.1472 0.0964 0.076 0.07 0.0318 
0 0 0 0 0 0 0 0 0 0 0 0 0 0 0 0 0 0.02 0.3162 1.3006 2.303 2.6428 2.3554 1.791 1.2472 0.8394 0.505 0.3046 0.1754 0.0952 0.0618 0.0266 0.012 0.0038 0 0.0004 0.005 0.0346 0.187 0.5054 0.8778 1.235 1.4922 1.5446 1.4448 1.2356 1.019 0.791 0.557 0.377 0.2806 0.1834 0.1056 0.0622 0.0332 0.0126 0.0112 0.023 0.0764 0.1804 0.391 0.6142 0.7772 0.9214 1.0584 1.1252 1.0324 0.8836 0.7512 0.631 0.5186 0.3776 0.2434 0.179 0.096 0.0628 0.0286 0.0212 0.0282 0.0542 0.1246 0.2292 0.3764 0.4858 0.635 0.7134 0.809 0.7562 0.7428 0.6448 0.5656 0.497 0.3936 0.3272 0.2454 0.1454 0.1012 0.0672 0.039 0.0326 
0 0 0 0 0 0 0 0 0 0 0 0 0 0 0 0 0.0002 0.0206 0.2658 1.1722 2.3008 2.796 2.4416 1.811 1.2096 0.7408 0.4456 0.3192 0.2096 0.101 0.063 0.0462 0.027 0.009 0.0062 0.0062 0.0072 0.0312 0.1294 0.4092 0.8108 1.2522 1.6266 1.675 1.5364 1.1852 0.9636 0.7312 0.5204 0.3908 0.2622 0.1666 0.1104 0.079 0.0502 0.0298 0.0186 0.0236 0.059 0.1314 0.2946 0.5162 0.8212 1.0388 1.1218 1.1984 1.0522 0.8708 0.7422 0.6446 0.4466 0.3332 0.2334 0.194 0.116 0.0714 0.039 0.0332 0.035 0.046 0.103 0.1752 0.3256 0.4626 0.618 0.7234 0.8162 0.899 0.7714 0.7138 0.6312 0.445 0.3436 0.2922 0.2054 0.1354 0.098 0.0678 0.038 0.0402 
0 0 0 0 0 0 0 0 0 0 0 0 0 0 0 0 0.0022 0.0288 0.309 1.2368 2.5128 2.8508 2.4022 1.738 1.1466 0.6716 0.3944 0.2594 0.164 0.1146 0.069 0.0408 0.0246 0.0168 0.013 0.0052 0.007 0.0332 0.158 0.4396 0.9254 1.365 1.6996 1.6742 1.5626 1.2158 0.904 0.6382 0.451 0.3288 0.2174 0.1458 0.0888 0.0728 0.0318 0.0252 0.0146 0.0294 0.0706 0.1658 0.3262 0.5938 0.8514 1.1336 1.2238 1.218 1.1028 0.8692 0.676 0.5192 0.372 0.2816 0.2216 0.1276 0.0872 0.0692 0.033 0.0284 0.0324 0.0624 0.1194 0.1976 0.33 0.5292 0.676 0.8644 0.901 0.9146 0.788 0.6738 0.5102 0.3916 0.3128 0.2068 0.1718 0.1248 0.0744 0.0528 0.0344 0.038 
0 0 0 0 0 0 0 0 0 0 0 0 0 0 0 0 0.0006 0.0128 0.2874 1.2258 2.355 2.8586 2.4052 1.7712 1.1316 0.7676 0.4956 0.2802 0.1684 0.1076 0.059 0.035 0.0162 0.0146 0.0076 0 0.0004 0.0288 0.1398 0.4238 0.8878 1.35 1.5774 1.6458 1.4788 1.3066 0.9782 0.7256 0.4962 0.3416 0.249 0.1698 0.0814 0.0528 0.0318 0.0168 0.008 0.0134 0.0508 0.1556 0.3498 0.5562 0.857 1.0776 1.1174 1.1362 1.0472 0.9784 0.7964 0.6262 0.4172 0.2888 0.1986 0.1364 0.0876 0.0516 0.0352 0.0134 0.0224 0.0378 0.0914 0.2246 0.3502 0.5238 0.643 0.738 0.8254 0.886 0.8384 0.718 0.6408 0.4662 0.3634 0.2358 0.1534 0.1126 0.062 0.0354 0.02 0.017 
0 0 0 0 0 0 0 0 0 0 0 0 0 0 0 0 0 0.0216 0.3 1.2248 2.29 2.767 2.4416 1.8304 1.1792 0.78 0.5024 0.2682 0.1904 0.1056 0.0432 0.0238 0.0196 0.0084 0.0032 0.0006 0.0044 0.0358 0.1432 0.4442 0.8782 1.2282 1.5036 1.6056 1.4554 1.2744 1.0796 0.8154 0.5462 0.3694 0.2576 0.1598 0.0904 0.0574 0.027 0.0114 0.0104 0.0264 0.0628 0.168 0.3786 0.5646 0.7548 0.955 1.0904 1.104 0.9972 0.9252 0.7876 0.6566 0.521 0.3678 0.2394 0.1678 0.1216 0.059 0.0318 0.0292 0.028 0.06 0.1224 0.1986 0.3488 0.4614 0.6056 0.6986 0.7712 0.7844 0.8094 0.6844 0.6114 0.5272 0.3984 0.317 0.2352 0.131 0.0882 0.0572 0.0322 0.033 
0 0 0 0 0 0 0 0 0 0 0 0 0 0 0 0 0 0.0186 0.2798 1.2306 2.247 2.624 2.3902 1.7854 1.255 0.787 0.5668 0.3546 0.1848 0.1078 0.0776 0.0386 0.0254 0.0108 0.003 0.0096 0.0058 0.0332 0.1582 0.4234 0.8176 1.2676 1.5074 1.5932 1.4436 1.2044 0.9894 0.7784 0.5624 0.4162 0.277 0.1854 0.1298 0.0992 0.0464 0.0292 0.0222 0.028 0.0624 0.158 0.3158 0.5238 0.8034 0.9524 1.056 1.153 1.0682 0.9296 0.776 0.6166 0.4952 0.3166 0.2688 0.1768 0.1006 0.0848 0.0494 0.041 0.033 0.0664 0.1126 0.1772 0.3306 0.4386 0.5532 0.7384 0.8112 0.7774 0.7678 0.7406 0.682 0.5452 0.3772 0.2734 0.1974 0.1304 0.1068 0.0688 0.0464 0.0304 
0 0 0 0 0 0 0 0 0 0 0 0 0 0 0 0 0 0.017 0.2808 1.1368 2.3178 2.8364 2.5332 1.8374 1.2082 0.7668 0.4516 0.2468 0.1572 0.0836 0.0596 0.029 0.0158 0.01 0.0072 0.003 0.0038 0.0212 0.128 0.3858 0.8286 1.284 1.5734 1.6762 1.5534 1.2954 0.9802 0.7652 0.5476 0.3412 0.2246 0.1292 0.0932 0.0738 0.0436 0.0188 0.0174 0.0184 0.0552 0.115 0.2994 0.5306 0.7666 1.0328 1.219 1.1992 1.086 0.9638 0.726 0.5896 0.45 0.3222 0.2146 0.1386 0.1114 0.0652 0.0362 0.0386 0.043 0.0436 0.0766 0.1534 0.2998 0.4804 0.648 0.7578 0.86 0.8988 0.8364 0.7238 0.6058 0.4602 0.3312 0.2268 0.1702 0.1412 0.093 0.0696 0.0438 0.0392 
0 0 0 0 0 0 0 0 0 0 0 0 0 0 0 0 0.0002 0.0168 0.2402 1.1052 2.2568 2.7796 2.5194 1.8082 1.1598 0.7578 0.487 0.3068 0.1852 0.1452 0.1 0.0612 0.0438 0.012 0.0062 0.0038 0.0078 0.0232 0.1194 0.357 0.7556 1.202 1.5116 1.6888 1.5688 1.2934 0.9874 0.7256 0.5676 0.4184 0.2664 0.1854 0.1152 0.08 0.0618 0.0304 0.0182 0.0238 0.048 0.1508 0.302 0.5028 0.6894 0.9138 1.0774 1.1586 1.0536 0.9238 0.8086 0.6656 0.5198 0.3802 0.276 0.1804 0.127 0.0746 0.0598 0.0396 0.0368 0.049 0.1074 0.2012 0.2876 0.436 0.5674 0.664 0.7696 0.7902 0.7538 0.6786 0.6152 0.5386 0.4226 0.3276 0.257 0.185 0.1304 0.0878 0.0698 0.0412 
0 0 0 0 0 0 0 0 0 0 0 0 0 0 0 0 0.0006 0.0168 0.3304 1.327 2.4344 2.8422 2.405 1.7446 1.1288 0.698 0.4298 0.288 0.157 0.0974 0.0582 0.0198 0.012 0.007 0.0026 0.0012 0.0042 0.0478 0.1876 0.466 0.9734 1.3704 1.6042 1.7194 1.5204 1.139 0.9238 0.6754 0.4744 0.3296 0.2312 0.1314 0.0926 0.0654 0.0178 0.0132 0.0116 0.04 0.0646 0.1868 0.381 0.6316 0.939 1.0926 1.1684 1.1486 0.9972 0.8582 0.7128 0.5488 0.4162 0.3198 0.1876 0.1252 0.0768 0.0506 0.0282 0.0256 0.0352 0.0524 0.1304 0.2494 0.417 0.597 0.7332 0.7434 0.816 0.819 0.8046 0.6386 0.5486 0.4314 0.3428 0.2312 0.1554 0.103 0.074 0.0318 0.0252 0.025 
0 0 0 0 0 0 0 0 0 0 0 0 0 0 0 0 0.0008 0.0248 0.3356 1.3554 2.3296 2.7508 2.3748 1.8088 1.2236 0.6964 0.4362 0.2782 0.153 0.0902 0.0486 0.0346 0.0216 0.0176 0.0056 0.0068 0.0046 0.0338 0.1936 0.5278 0.9848 1.355 1.5302 1.5344 1.4572 1.2504 0.9382 0.7142 0.5084 0.3276 0.2288 0.166 0.0908 0.062 0.0324 0.0252 0.0156 0.0286 0.0964 0.2136 0.4162 0.6508 0.8564 1.0424 1.0984 1.11 1.09 0.8858 0.6972 0.5624 0.4026 0.2872 0.1992 0.1354 0.084 0.0592 0.033 0.0298 0.0538 0.0756 0.1504 0.248 0.4258 0.5518 0.6606 0.7798 0.803 0.8108 0.7742 0.6736 0.5902 0.426 0.2914 0.2326 0.1512 0.1312 0.0782 0.0512 0.0358 0.0394 
0 0 0 0 0 0 0 0 0 0 0 0 0 0 0 0 0.0002 0.0228 0.2812 1.0874 2.1532 2.7078 2.4336 1.89 1.2878 0.7968 0.5334 0.3468 0.201 0.1138 0.0592 0.0486 0.0176 0.0108 0.0056 0.001 0.0058 0.033 0.1326 0.3592 0.7684 1.184 1.4702 1.6346 1.4716 1.3526 1.0152 0.783 0.5732 0.4096 0.295 0.1718 0.12 0.0992 0.0532 0.0336 0.0278 0.0232 0.0526 0.1256 0.272 0.487 0.7232 0.9058 1.0482 1.147 1.0706 0.9492 0.8382 0.675 0.5194 0.381 0.2628 0.174 0.1268 0.0872 0.0624 0.0378 0.0396 0.0538 0.081 0.1702 0.2656 0.3898 0.577 0.675 0.743 0.8056 0.8058 0.719 0.6678 0.5626 0.4368 0.2998 0.2264 0.1852 0.1248 0.0818 0.0598 0.0504 
0 0 0 0 0 0 0 0 0 0 0 0 0 0 0 0 0.0004 0.0252 0.3018 1.3182 2.3812 2.6448 2.3288 1.7158 1.1648 0.8178 0.494 0.2912 0.1872 0.1224 0.0652 0.041 0.032 0.024 0.0174 0.0112 0.0112 0.0424 0.1702 0.466 0.8826 1.3754 1.5656 1.6332 1.4422 1.1418 0.9248 0.7068 0.4896 0.394 0.263 0.1676 0.1244 0.0676 0.0442 0.0336 0.0338 0.0404 0.0786 0.1956 0.3516 0.6086 0.8518 1.0782 1.1622 1.0568 0.9724 0.8412 0.7348 0.5572 0.4058 0.3406 0.2558 0.164 0.1192 0.079 0.0596 0.0356 0.0484 0.0852 0.1272 0.241 0.3582 0.5292 0.6768 0.7568 0.8154 0.7904 0.7118 0.6372 0.5462 0.4472 0.3516 0.2808 0.2036 0.1328 0.1046 0.07 0.0558 0.0432 
0 0 0 0 0 0 0 0 0 0 0 0 0 0 0 0 0 0.0162 0.2196 1.0222 2.1208 2.6388 2.502 1.9596 1.3404 0.855 0.5308 0.3336 0.1856 0.1094 0.0662 0.047 0.0284 0.0096 0.0072 0.0038 0.0072 0.0242 0.111 0.2888 0.6718 1.1394 1.42 1.584 1.4906 1.3616 1.1546 0.873 0.6312 0.4048 0.2786 0.2042 0.1386 0.0746 0.0538 0.035 0.0274 0.0318 0.043 0.0948 0.2036 0.4214 0.6382 0.8566 1.0424 1.15 1.1142 1.0106 0.801 0.7414 0.5668 0.4228 0.2612 0.1936 0.1624 0.1086 0.056 0.0534 0.0338 0.0296 0.062 0.1278 0.227 0.3562 0.4826 0.666 0.7968 0.857 0.7686 0.7092 0.6216 0.5574 0.4912 0.3504 0.2864 0.2218 0.1428 0.088 0.0656 0.049 
0 0 0 0 0 0 0 0 0 0 0 0 0 0 0 0 0 0.0282 0.3058 1.2276 2.3312 2.755 2.3362 1.7044 1.2066 0.8196 0.5176 0.3314 0.2028 0.0978 0.0554 0.0366 0.0216 0.0086 0.0044 0.0036 0.0078 0.0376 0.1466 0.4268 0.8882 1.2544 1.6144 1.6068 1.4518 1.2106 0.9978 0.7354 0.5412 0.3928 0.2854 0.1878 0.0892 0.0564 0.0328 0.012 0.0128 0.0212 0.0598 0.1566 0.3106 0.548 0.8154 1.0082 1.1322 1.1518 1.0892 0.9566 0.7738 0.5952 0.4558 0.3192 0.2282 0.1556 0.0946 0.0524 0.0358 0.028 0.0248 0.0468 0.1178 0.1898 0.2994 0.4804 0.6062 0.7414 0.8066 0.8888 0.8022 0.7418 0.6752 0.5006 0.37 0.2592 0.1832 0.113 0.0662 0.049 0.0254 0.0224 
0 0 0 0 0 0 0 0 0 0 0 0 0 0 0 0 0 0.0122 0.2308 1.1164 2.1976 2.8292 2.5684 1.8942 1.2586 0.7666 0.4722 0.275 0.166 0.0926 0.045 0.0312 0.0182 0.0114 0.0058 0.0036 0.0036 0.0218 0.0872 0.3288 0.7538 1.2178 1.5602 1.6996 1.6138 1.3522 1.0364 0.766 0.5546 0.3524 0.2566 0.1346 0.0826 0.0702 0.0438 0.0358 0.012 0.0162 0.037 0.0924 0.2338 0.459 0.7182 0.9766 1.1966 1.266 1.1682 0.9836 0.8146 0.6174 0.4466 0.3396 0.2298 0.1348 0.0872 0.0588 0.0612 0.041 0.0304 0.0328 0.0616 0.1402 0.2418 0.3862 0.546 0.763 0.9518 0.9436 0.885 0.7538 0.6258 0.4556 0.3692 0.2592 0.1874 0.1332 0.0952 0.0578 0.049 0.0366 
0 0 0 0 0 0 0 0 0 0 0 0 0 0 0 0 0 0.0198 0.2914 1.2766 2.3578 2.7326 2.409 1.771 1.2168 0.7322 0.459 0.294 0.1798 0.1128 0.0674 0.035 0.0176 0.0124 0.0072 0.0048 0.0018 0.0282 0.1468 0.451 0.897 1.384 1.551 1.5714 1.482 1.2886 1.0524 0.7158 0.5104 0.3326 0.2236 0.1528 0.0852 0.053 0.0334 0.0154 0.0062 0.0134 0.0486 0.1792 0.3694 0.588 0.8384 1.0208 1.137 1.098 1.1154 0.9558 0.7746 0.5922 0.433 0.314 0.1932 0.1284 0.085 0.0528 0.0336 0.0162 0.0236 0.042 0.1278 0.2364 0.3528 0.492 0.6418 0.7776 0.8288 0.8394 0.7984 0.7268 0.606 0.4354 0.3474 0.2474 0.176 0.1192 0.0822 0.0526 0.0376 0.016 
0 0 0 0 0 0 0 0 0 0 0 0 0 0 0 0 0.0008 0.0178 0.3024 1.287 2.3046 2.8018 2.452 1.8328 1.1418 0.731 0.4692 0.2922 0.1754 0.0854 0.047 0.026 0.0148 0.0062 0.0052 0.0024 0.0036 0.0368 0.172 0.4952 0.9188 1.3322 1.5344 1.569 1.413 1.2228 1.0186 0.6898 0.5314 0.3772 0.2998 0.1634 0.092 0.0586 0.0376 0.0128 0.0108 0.0276 0.0706 0.175 0.3602 0.6212 0.8972 1.04 1.1236 1.0424 0.9984 0.8848 0.7426 0.5662 0.484 0.3384 0.2638 0.1612 0.0986 0.0508 0.026 0.0298 0.025 0.0602 0.1248 0.2154 0.3382 0.529 0.705 0.8198 0.7852 0.7528 0.7432 0.6912 0.5936 0.4876 0.3754 0.2708 0.1946 0.121 0.084 0.05 0.0202 0.0236 
0 0 0 0 0 0 0 0 0 0 0 0 0 0 0 0 0 0.0208 0.2766 1.1966 2.2916 2.7834 2.445 1.8006 1.184 0.8178 0.4642 0.2958 0.1758 0.1174 0.0716 0.0286 0.0222 0.0056 0.0008 0.0016 0.004 0.0324 0.1802 0.3812 0.8102 1.2248 1.5616 1.6372 1.5454 1.3022 0.9878 0.7092 0.5412 0.3574 0.256 0.1746 0.1344 0.08 0.0462 0.0224 0.0082 0.0156 0.0574 0.182 0.3314 0.5294 0.7378 0.9826 1.065 1.1538 1.06 0.9362 0.7802 0.5924 0.4856 0.3662 0.2602 0.1886 0.1306 0.0696 0.0378 0.0332 0.0256 0.0492 0.1204 0.2282 0.3112 0.431 0.5738 0.6746 0.8126 0.8364 0.7774 0.6672 0.6238 0.5326 0.379 0.3266 0.2462 0.147 0.0882 0.0676 0.0368 0.0406 
0 0 0 0 0 0 0 0 0 0 0 0 0 0 0 0 0.0008 0.0278 0.2916 1.2838 2.4542 2.8436 2.3858 1.6266 1.1454 0.7654 0.4832 0.2978 0.1832 0.097 0.0658 0.0292 0.0062 0.002 0.0024 0.0026 0.006 0.0394 0.1404 0.45 0.9504 1.4002 1.6638 1.6558 1.4398 1.1352 0.9374 0.715 0.4774 0.3626 0.2298 0.1742 0.0992 0.0544 0.0334 0.025 0.0134 0.019 0.0678 0.1482 0.34 0.6714 0.9134 1.11 1.1674 1.0702 1.0414 0.8528 0.7654 0.5644 0.4144 0.2866 0.206 0.1296 0.0904 0.0738 0.0354 0.0244 0.0292 0.0478 0.1146 0.2134 0.3794 0.5764 0.689 0.8184 0.8426 0.8138 0.7358 0.6888 0.571 0.4882 0.3198 0.2372 0.156 0.0896 0.0776 0.0504 0.0416 0.0226 
0 0 0 0 0 0 0 0 0 0 0 0 0 0 0 0 0 0.0212 0.29 1.2994 2.4468 2.8002 2.4742 1.7078 1.0744 0.7462 0.457 0.275 0.1646 0.1242 0.0508 0.0304 0.0184 0.011 0.0018 0.0004 0.0036 0.0348 0.1534 0.478 0.9058 1.4732 1.611 1.663 1.4234 1.161 0.9148 0.7042 0.4698 0.3614 0.253 0.1604 0.1048 0.056 0.0266 0.021 0.0118 0.0306 0.081 0.1846 0.3656 0.5904 0.8912 1.1036 1.1602 1.0928 1.0496 0.9088 0.7052 0.5376 0.3854 0.3142 0.2196 0.1472 0.1006 0.0588 0.034 0.0274 0.042 0.0702 0.1466 0.2448 0.3782 0.5366 0.6794 0.7918 0.8188 0.7824 0.725 0.6606 0.5658 0.4198 0.3416 0.2618 0.2232 0.1334 0.087 0.0498 0.0356 0.0262 
0 0 0 0 0 0 0 0 0 0 0 0 0 0 0 0 0 0.0172 0.229 1.0506 2.1958 2.7154 2.503 1.8858 1.229 0.8228 0.508 0.3104 0.21 0.1428 0.0858 0.0508 0.0212 0.0098 0.0048 0.003 0.0054 0.0186 0.1028 0.3248 0.6984 1.2118 1.6176 1.6688 1.4586 1.2494 1.004 0.736 0.6044 0.4576 0.3194 0.2038 0.1404 0.0788 0.0438 0.03 0.0168 0.0096 0.034 0.093 0.2306 0.4636 0.7512 0.9602 1.1214 1.1668 1.1154 0.9626 0.8002 0.6076 0.4932 0.4038 0.2872 0.2014 0.1184 0.0714 0.042 0.0348 0.0254 0.0322 0.0636 0.1188 0.2388 0.3864 0.5732 0.6972 0.8046 0.9266 0.8654 0.7322 0.6402 0.5112 0.4212 0.3192 0.2502 0.1668 0.1026 0.0502 0.046 0.0358 
0 0 0 0 0 0 0 0 0 0 0 0 0 0 0 0 0 0.022 0.2918 1.2298 2.464 2.781 2.323 1.7278 1.1706 0.7088 0.4908 0.3448 0.1888 0.1084 0.0534 0.0364 0.0308 0.0214 0.0064 0 0.0012 0.0366 0.1724 0.4712 0.9156 1.3124 1.5894 1.6488 1.4544 1.2358 0.9438 0.6784 0.4654 0.361 0.232 0.16 0.1274 0.0756 0.0378 0.0312 0.0232 0.0282 0.082 0.189 0.339 0.6026 0.881 1.0612 1.1558 1.1168 0.9806 0.9426 0.7122 0.535 0.4002 0.31 0.2194 0.167 0.1246 0.0578 0.046 0.044 0.048 0.0792 0.1178 0.2112 0.3624 0.5352 0.6492 0.7502 0.8678 0.8584 0.767 0.6462 0.5458 0.4318 0.3214 0.2468 0.1872 0.123 0.0958 0.075 0.0428 0.038 
0 0 0 0 0 0 0 0 0 0 0 0 0 0 0 0 0.0004 0.0232 0.2828 1.1238 2.3102 2.773 2.3794 1.7388 1.2298 0.8006 0.4982 0.352 0.1794 0.1184 0.0874 0.0486 0.0228 0.0158 0.0044 0.0022 0.0028 0.0304 0.1272 0.3914 0.8498 1.3134 1.5644 1.6446 1.5204 1.2054 0.9504 0.7202 0.5266 0.3794 0.2534 0.1994 0.1298 0.0752 0.0532 0.0278 0.0202 0.0194 0.0492 0.1566 0.3206 0.563 0.7866 1.0358 1.0636 1.1504 1.0918 0.9282 0.731 0.6326 0.4468 0.3502 0.2372 0.1576 0.092 0.0804 0.053 0.0266 0.0346 0.055 0.1112 0.1934 0.34 0.4598 0.6156 0.6922 0.8178 0.8536 0.8472 0.6934 0.5832 0.4884 0.3676 0.29 0.2074 0.1166 0.106 0.078 0.0452 0.0318 
0 0 0 0 0 0 0 0 0 0 0 0 0 0 0 0 0 0.022 0.2652 1.2154 2.3812 2.7508 2.4532 1.7394 1.169 0.756 0.488 0.2842 0.1804 0.1006 0.0704 0.0524 0.024 0.0214 0.0102 0.0066 0.008 0.0306 0.1356 0.4298 0.8742 1.3228 1.5752 1.6272 1.4878 1.231 0.967 0.7102 0.512 0.3694 0.244 0.164 0.095 0.0638 0.0496 0.0396 0.032 0.032 0.067 0.1644 0.3338 0.5618 0.7986 1.0256 1.141 1.1476 1.1014 0.9364 0.7706 0.544 0.4004 0.322 0.2092 0.142 0.1008 0.0728 0.0598 0.0494 0.0366 0.0542 0.1106 0.2004 0.3314 0.4794 0.6134 0.76 0.8806 0.894 0.8654 0.6662 0.5448 0.4458 0.3304 0.2452 0.1654 0.1226 0.0858 0.0676 0.056 0.0532 
