0.03 0.09 0.15 0.21 0.27 0.33 0.39 0.45 0.51 0.57 0.63 0.69 0.75 0.81 0.87 0.93 0.99 1.05 1.11 1.17 1.23 1.29 1.35 1.41 1.47 1.53 1.59 1.65 1.71 1.77 1.83 1.89 1.95 2.01 2.07 2.13 2.19 2.25 2.31 2.37 2.43 2.49 2.55 2.61 2.67 2.73 2.79 2.85 2.91 2.97 3.03 3.09 3.15 3.21 3.27 3.33 3.39 3.45 3.51 3.57 3.63 3.69 3.75 3.81 3.87 3.93 3.99 4.05 4.11 4.17 4.23 4.29 4.35 4.41 4.47 4.53 4.59 4.65 4.71 4.77 4.83 4.89 4.95 5.01 5.07 5.13 5.19 5.25 5.31 5.37 5.43 5.49 5.55 5.61 5.67 5.73 5.79 5.85 5.91 5.97 
0 0 0 0 0 0 0 0 0 0 0 0 0 0 0 0 0 0 0.0006 0.3264 2.8108 3.8552 2.029 1.37 1.165 0.7358 0.256 0.0428 0.0084 0.0014 0 0 0 0 0 0 0 0 0.0006 0.0544 0.5346 1.909 2.4366 1.6598 1.0976 0.9814 1.0068 0.7166 0.3144 0.07 0.0132 0.0062 0 0 0 0 0 0 0 0.0042 0.0626 0.484 1.121 1.6778 1.554 0.9692 0.9434 0.8646 0.7866 0.3628 0.1306 0.028 0.0112 0.001 0 0 0 0 0 0 0.0006 0.0392 0.2332 0.5764 1.0282 1.1906 0.9892 1.0362 0.9138 0.6948 0.2968 0.1456 0.0408 0.0122 0.0032 0 0 0 0 0 
0 0 0 0 0 0 0 0 0 0 0 0 0 0 0 0 0 0 0.0034 0.5024 3.2168 4.2494 2.297 1.5634 1.225 0.6418 0.2342 0.0588 0.0078 0 0 0 0 0 0 0 0 0 0.0022 0.1168 0.8186 2.1114 2.6814 1.845 1.2572 1.1886 0.9298 0.6044 0.3064 0.1034 0.0278 0.007 0 0 0 0 0 0 0.002 0.019 0.1378 0.6458 1.4472 1.8814 1.5208 1.1116 1.1096 0.9992 0.6474 0.2872 0.1414 0.032 0.0112 0.0064 0 0 0 0 0 0.0026 0.016 0.0792 0.3216 0.833 1.2362 1.2622 1.1762 1.1422 0.8996 0.5238 0.2892 0.1444 0.0396 0.022 0.0084 0.0038 0 0 0 0 
0 0 0 0 0 0 0 0 0 0 0 0 0 0 0 0 0 0 0.0002 0.3644 3.2428 4.3972 2.3292 1.6578 1.208 0.589 0.1696 0.0378 0.004 0 0 0 0 0 0 0 0 0 0 0.0506 0.5778 2.164 2.8088 2.0722 1.2508 1.2728 0.9912 0.551 0.1938 0.04 0.0254 0.0016 0 0 0 0 0 0 0 0.0072 0.0576 0.473 1.388 1.9618 1.6298 1.3154 1.2358 0.9646 0.5428 0.2914 0.0886 0.034 0.01 0 0 0 0 0 0 0 0.0024 0.0334 0.2496 0.7914 1.1556 1.3514 1.2994 1.2024 0.822 0.5902 0.301 0.1524 0.0458 0.003 0 0 0 0 0 0 
0 0 0 0 0 0 0 0 0 0 0 0 0 0 0 0 0 0 0.0044 0.3388 3.2176 4.305 2.5148 1.6504 1.1992 0.5502 0.1872 0.0306 0.0018 0 0 0 0 0 0 0 0 0 0.0014 0.0532 0.6084 2.0802 2.8604 2.0022 1.3428 1.2092 0.9872 0.5222 0.248 0.0712 0.0136 0 0 0 0 0 0 0 0 0.0028 0.0772 0.475 1.365 2.0066 1.688 1.218 1.1686 0.9494 0.5744 0.3212 0.1274 0.0232 0.0032 0 0 0 0 0 0 0 0.0026 0.0412 0.2924 0.6962 1.2196 1.3006 1.3288 1.1878 0.8628 0.5698 0.3236 0.135 0.0348 0.0048 0 0 0 0 0 0 
0 0 0 0 0 0 0 0 0 0 0 0 0 0 0 0 0 0 0.0024 0.394 3.1234 4.2724 2.3864 1.6366 1.3146 0.6044 0.2088 0.052 0.005 0 0 0 0 0 0 0 0 0 0 0.0582 0.6998 1.986 2.6808 1.956 1.4338 1.2392 0.982 0.6006 0.2396 0.0894 0.0338 0.0008 0 0 0 0 0 0 0 0.0042 0.1028 0.5458 1.242 1.7704 1.7084 1.3392 1.1908 0.8948 0.665 0.343 0.1286 0.0464 0.0186 0 0 0 0 0 0 0 0.0082 0.0412 0.3218 0.6492 1.0508 1.3292 1.2762 1.176 0.9752 0.6194 0.3586 0.1502 0.0376 0.0046 0.0018 0 0 0 0 0 
0 0 0 0 0 0 0 0 0 0 0 0 0 0 0 0 0 0 0.0036 0.3714 3.197 4.412 2.498 1.5974 1.148 0.5326 0.1936 0.0464 0 0 0 0 0 0 0 0 0 0 0.0038 0.0804 0.588 2.187 2.8288 1.9866 1.3514 1.1562 0.9474 0.549 0.2522 0.051 0.0182 0 0 0 0 0 0 0 0 0.0166 0.0944 0.4332 1.4726 1.9804 1.7514 1.2278 1.0576 0.9242 0.6042 0.3192 0.0946 0.017 0.0068 0 0 0 0 0 0 0 0.012 0.0562 0.251 0.6368 1.2558 1.6164 1.2772 1.0642 0.889 0.5344 0.3194 0.0658 0.0176 0.0042 0 0 0 0 0 0 
0 0 0 0 0 0 0 0 0 0 0 0 0 0 0 0 0 0 0.0038 0.41 3.2018 4.4344 2.4008 1.5518 1.1544 0.5972 0.1962 0.038 0.0094 0.0022 0 0 0 0 0 0 0 0 0.0036 0.0656 0.717 2.062 2.7926 2.049 1.3374 1.0998 0.9778 0.5814 0.216 0.0676 0.0222 0.005 0.003 0 0 0 0 0 0 0.0148 0.1266 0.5528 1.3184 1.9374 1.708 1.2948 1.1208 0.9568 0.5834 0.2634 0.0976 0.0154 0.0044 0.0054 0 0 0 0 0 0.0026 0.0096 0.0738 0.3212 0.7268 1.16 1.4188 1.2458 1.1498 0.9462 0.5264 0.268 0.101 0.0366 0.0074 0.006 0 0 0 0 0 
0 0 0 0 0 0 0 0 0 0 0 0 0 0 0 0 0 0 0.0008 0.419 3.2734 4.307 2.2752 1.389 1.246 0.7474 0.2386 0.0686 0.0286 0.0064 0 0 0 0 0 0 0 0 0.0004 0.0742 0.7406 2.1736 2.68 1.8618 1.2514 1.1306 1.0756 0.575 0.2912 0.1032 0.0302 0.0122 0 0 0 0 0 0 0.0012 0.0258 0.1308 0.5906 1.4122 1.8026 1.599 1.233 1.0086 0.9348 0.6764 0.357 0.1514 0.0574 0.0186 0.0006 0 0 0 0 0 0.002 0.0306 0.1114 0.279 0.7588 1.2016 1.1782 1.2462 1.041 0.9372 0.6014 0.3506 0.1792 0.0638 0.019 0 0 0 0 0 0 
0 0 0 0 0 0 0 0 0 0 0 0 0 0 0 0 0 0 0.0016 0.354 3.0636 4.2756 2.5128 1.6352 1.193 0.6846 0.2508 0.0272 0.0016 0 0 0 0 0 0 0 0 0 0.0018 0.0616 0.6022 1.9914 2.6664 2.0596 1.2934 1.2266 1.0256 0.7152 0.2932 0.063 0 0 0 0 0 0 0 0 0 0.0052 0.0882 0.4472 1.2518 1.8842 1.676 1.2492 1.0928 1.0298 0.7874 0.3326 0.1274 0.0244 0.0038 0 0 0 0 0 0 0 0.0062 0.052 0.2172 0.6514 1.1044 1.3574 1.227 1.1416 1.0056 0.7362 0.3254 0.1178 0.0404 0.0162 0.0012 0 0 0 0 0 
0 0 0 0 0 0 0 0 0 0 0 0 0 0 0 0 0 0 0 0.3078 2.9934 4.41 2.3296 1.7314 1.338 0.6564 0.1736 0.0432 0.0138 0.0028 0 0 0 0 0 0 0 0 0 0.0342 0.536 1.9518 2.7854 1.9596 1.3256 1.32 1.0242 0.6654 0.2756 0.0882 0.0204 0.0136 0 0 0 0 0 0 0 0.0024 0.0556 0.397 1.1922 1.9244 1.6344 1.2762 1.1912 1.0802 0.6876 0.3498 0.1342 0.0594 0.014 0.0014 0 0 0 0 0 0 0 0.0204 0.1926 0.5744 1.1086 1.3406 1.2608 1.2244 1.0032 0.689 0.3404 0.1608 0.062 0.0192 0.0036 0 0 0 0 0 
0 0 0 0 0 0 0 0 0 0 0 0 0 0 0 0 0 0 0.0042 0.375 2.9646 4.497 2.5574 1.566 1.2072 0.5396 0.2262 0.0478 0.0082 0.0068 0 0 0 0 0 0 0 0 0.0024 0.0642 0.5556 1.9394 2.7388 2.2548 1.3798 1.127 1.0144 0.5726 0.2534 0.0768 0.0114 0.0094 0 0 0 0 0 0 0 0.0048 0.0594 0.4644 1.3452 1.7778 1.7276 1.3918 1.0988 0.9394 0.6866 0.308 0.155 0.0348 0.0064 0 0 0 0 0 0 0 0 0.0304 0.2604 0.6822 1.0624 1.3438 1.3354 1.2974 0.8728 0.5468 0.336 0.1646 0.0582 0.0096 0 0 0 0 0 0 
0 0 0 0 0 0 0 0 0 0 0 0 0 0 0 0 0 0 0.0006 0.4244 3.3228 4.2044 2.1472 1.6086 1.4148 0.678 0.1762 0.0214 0.0016 0 0 0 0 0 0 0 0 0 0.0022 0.0716 0.731 2.2586 2.6296 1.754 1.314 1.2058 1.1192 0.5858 0.2244 0.0884 0.0154 0 0 0 0 0 0 0 0 0.0098 0.1102 0.5894 1.498 1.7782 1.5578 1.2678 1.027 1.0194 0.641 0.3782 0.113 0.0102 0 0 0 0 0 0 0 0 0.0074 0.0828 0.2946 0.8008 1.1368 1.2994 1.3008 1.092 0.926 0.6016 0.319 0.1174 0.0168 0.0046 0 0 0 0 0 0 
0 0 0 0 0 0 0 0 0 0 0 0 0 0 0 0 0 0 0.0006 0.2846 2.9288 4.3772 2.6474 1.6532 1.2196 0.6284 0.1916 0.0542 0.0144 0 0 0 0 0 0 0 0 0 0.0028 0.0408 0.4428 1.8406 2.7848 2.2742 1.378 1.2248 0.9918 0.671 0.2382 0.0958 0.0136 0.0008 0 0 0 0 0 0 0.0016 0.0032 0.0418 0.2846 1.16 1.888 1.8478 1.381 1.1134 1.036 0.708 0.3526 0.1438 0.032 0.0062 0 0 0 0 0 0 0 0.0062 0.0106 0.1422 0.5126 1.0808 1.4628 1.3524 1.1418 0.914 0.7726 0.3714 0.1752 0.044 0.009 0.004 0.0004 0 0 0 0 
0 0 0 0 0 0 0 0 0 0 0 0 0 0 0 0 0 0 0.0014 0.3506 3.0276 4.3862 2.3706 1.455 1.3176 0.741 0.2392 0.0808 0.0266 0.0034 0 0 0 0 0 0 0 0 0.002 0.0472 0.6154 1.9476 2.696 2.1736 1.2054 1.0758 1.0856 0.7238 0.29 0.0972 0.0298 0.0106 0 0 0 0 0 0 0 0.0008 0.0932 0.4814 1.1862 1.857 1.726 1.2062 1.0892 0.994 0.7478 0.4004 0.1522 0.0484 0.01 0.0072 0 0 0 0 0 0 0.0104 0.0624 0.2118 0.6888 1.0248 1.3074 1.275 1.0362 0.9676 0.6948 0.437 0.2106 0.0492 0.0164 0.0042 0.0034 0 0 0 0 
0 0 0 0 0 0 0 0 0 0 0 0 0 0 0 0 0 0 0.0028 0.367 2.9544 4.346 2.3946 1.5864 1.2504 0.7754 0.2638 0.047 0.0114 0.0008 0 0 0 0 0 0 0 0 0.0024 0.0606 0.5618 1.9206 2.7732 1.998 1.3306 1.0744 1.068 0.735 0.317 0.1182 0.0312 0.009 0 0 0 0 0 0 0 0.0076 0.0844 0.3846 1.2538 1.831 1.7296 1.2666 1.032 1.0466 0.7306 0.4008 0.1692 0.0552 0.008 0 0 0 0 0 0 0 0.0058 0.0568 0.1658 0.5994 1.158 1.2426 1.2746 1.1078 1.0494 0.6996 0.3908 0.1996 0.034 0.0158 0 0 0 0 0 0 
0 0 0 0 0 0 0 0 0 0 0 0 0 0 0 0 0 0 0.0004 0.3546 3.3174 4.2642 2.2242 1.5536 1.3222 0.7002 0.214 0.0462 0.003 0 0 0 0 0 0 0 0 0 0 0.0522 0.6816 2.177 2.7164 1.9114 1.2254 1.1928 0.9664 0.5914 0.3686 0.0954 0.0214 0 0 0 0 0 0 0 0 0.0062 0.0896 0.5746 1.35 1.9066 1.564 1.2712 1.13 0.9506 0.5628 0.3846 0.1606 0.0458 0.0034 0 0 0 0 0 0 0 0.0136 0.0754 0.2812 0.7392 1.1468 1.279 1.2332 1.1134 0.9134 0.6272 0.3534 0.1664 0.053 0.0048 0 0 0 0 0 0 
0 0 0 0 0 0 0 0 0 0 0 0 0 0 0 0 0 0 0 0.304 3.143 4.4878 2.4454 1.6688 1.2286 0.5198 0.1418 0.0354 0.0226 0.0028 0 0 0 0 0 0 0 0 0 0.0346 0.5528 2.074 2.7924 2.1048 1.3966 1.2484 0.9786 0.5326 0.199 0.0676 0.0136 0.005 0 0 0 0 0 0 0 0.0026 0.0548 0.4448 1.312 1.8972 1.7362 1.3792 1.1952 1.0328 0.535 0.2768 0.105 0.0212 0.0062 0.001 0 0 0 0 0 0 0.003 0.034 0.2012 0.6896 1.2686 1.2628 1.3216 1.197 0.9708 0.5976 0.2774 0.1298 0.037 0.0096 0 0 0 0 0 0 
0 0 0 0 0 0 0 0 0 0 0 0 0 0 0 0 0 0 0.0046 0.4114 2.9694 4.3382 2.5622 1.6814 1.2246 0.58 0.2186 0.009 0.0006 0 0 0 0 0 0 0 0 0 0.0052 0.1066 0.5986 1.8854 2.7616 2.0328 1.398 1.2882 0.9512 0.6604 0.2432 0.0528 0.0124 0.0036 0 0 0 0 0 0 0 0.016 0.123 0.4852 1.2502 1.7256 1.754 1.3944 1.1982 0.882 0.7162 0.3116 0.0992 0.0376 0.0068 0 0 0 0 0 0 0 0.0026 0.0738 0.2594 0.6654 1.0088 1.3878 1.342 1.1864 0.9226 0.6842 0.324 0.1058 0.0326 0.0046 0 0 0 0 0 0 
0 0 0 0 0 0 0 0 0 0 0 0 0 0 0 0 0 0 0.0052 0.3892 2.862 4.2558 2.4302 1.7068 1.3916 0.6712 0.216 0.0562 0.0158 0 0 0 0 0 0 0 0 0 0.0016 0.07 0.6038 1.8002 2.6368 2.0502 1.3136 1.1764 1.1588 0.7876 0.2596 0.1024 0.0344 0.0046 0 0 0 0 0 0 0 0.003 0.0922 0.4426 1.1756 1.7348 1.6394 1.3168 1.152 1.0116 0.8036 0.4074 0.1688 0.0402 0.0092 0.0028 0 0 0 0 0 0 0.0034 0.0462 0.2106 0.6006 0.9984 1.2388 1.2502 1.2536 0.9796 0.756 0.4332 0.165 0.0476 0.0156 0.0012 0 0 0 0 0 
0 0 0 0 0 0 0 0 0 0 0 0 0 0 0 0 0 0 0.0036 0.405 3.2566 4.2122 2.385 1.5086 1.2592 0.727 0.1924 0.0462 0.0042 0 0 0 0 0 0 0 0 0 0.0012 0.0684 0.7156 2.1532 2.7094 1.847 1.2744 1.1222 1.099 0.7436 0.2086 0.0512 0.0062 0 0 0 0 0 0 0 0 0.0034 0.0912 0.5938 1.376 1.9284 1.5564 1.168 1.0812 1.0672 0.6824 0.3378 0.1004 0.0138 0 0 0 0 0 0 0 0 0.0016 0.047 0.3002 0.7442 1.1688 1.3184 1.251 1.113 1.0298 0.606 0.2942 0.1026 0.0198 0.0034 0 0 0 0 0 0 
0 0 0 0 0 0 0 0 0 0 0 0 0 0 0 0 0 0 0.003 0.3834 3.1164 4.212 2.4632 1.6298 1.2302 0.6282 0.2134 0.1006 0.0198 0 0 0 0 0 0 0 0 0 0 0.072 0.6322 2.0432 2.6494 1.9282 1.3882 1.2234 1.0446 0.5946 0.2586 0.117 0.0408 0.0064 0.0014 0 0 0 0 0 0 0.001 0.1096 0.4896 1.3056 1.8314 1.571 1.3272 1.1196 1.041 0.6754 0.307 0.1492 0.0604 0.012 0 0 0 0 0 0 0 0 0.0486 0.2294 0.6784 1.0722 1.3716 1.3326 1.1094 0.974 0.6234 0.3398 0.1434 0.0512 0.026 0 0 0 0 0 0 
0 0 0 0 0 0 0 0 0 0 0 0 0 0 0 0 0 0 0.0006 0.3448 3.0104 4.4774 2.4964 1.6736 1.2848 0.538 0.1468 0.0272 0 0 0 0 0 0 0 0 0 0 0.001 0.046 0.6158 1.9478 2.7188 2.1436 1.3908 1.3262 0.997 0.54 0.2086 0.0616 0.0028 0 0 0 0 0 0 0 0 0.0078 0.076 0.508 1.2362 1.7564 1.7576 1.3776 1.219 1.0694 0.5542 0.3014 0.1024 0.0328 0.0012 0 0 0 0 0 0 0 0.0032 0.0558 0.2808 0.6672 0.9918 1.313 1.434 1.2302 0.8926 0.593 0.3642 0.1324 0.0334 0.0084 0 0 0 0 0 0 
0 0 0 0 0 0 0 0 0 0 0 0 0 0 0 0 0 0 0.0004 0.3526 3.2692 4.1304 2.3244 1.659 1.2876 0.6784 0.248 0.03 0.0188 0.0012 0 0 0 0 0 0 0 0 0 0.043 0.6866 2.1278 2.6588 1.8 1.3918 1.1914 1.0214 0.6002 0.3248 0.1098 0.0396 0.0048 0 0 0 0 0 0 0 0 0.071 0.5654 1.3686 1.8848 1.5034 1.2392 1.1228 0.972 0.6822 0.33 0.192 0.046 0.0162 0.0044 0.002 0 0 0 0 0 0.0006 0.0428 0.2514 0.7954 1.1098 1.2664 1.2726 1.12 0.8926 0.6686 0.3398 0.1678 0.0524 0.0124 0.0046 0.0028 0 0 0 0 
0 0 0 0 0 0 0 0 0 0 0 0 0 0 0 0 0 0 0 0.3978 3.2234 4.2354 2.4598 1.6172 1.1978 0.576 0.2406 0.0414 0.0106 0 0 0 0 0 0 0 0 0 0.0016 0.074 0.7692 2.058 2.4778 2.12 1.4828 1.1566 0.9264 0.5108 0.2988 0.1022 0.0186 0.0032 0 0 0 0 0 0 0 0.0092 0.1248 0.6014 1.3214 1.7354 1.7254 1.3368 1.1228 0.8994 0.589 0.3336 0.1406 0.0518 0.0082 0.0002 0 0 0 0 0 0.0016 0.0142 0.0892 0.2868 0.7236 1.1618 1.2248 1.4142 1.1762 0.8322 0.5098 0.3474 0.1576 0.0438 0.0098 0.0048 0.0022 0 0 0 0 
0 0 0 0 0 0 0 0 0 0 0 0 0 0 0 0 0 0 0.003 0.291 3.0052 4.4412 2.5374 1.5866 1.3282 0.6292 0.1536 0.0186 0.006 0 0 0 0 0 0 0 0 0 0 0.0234 0.5186 2.0202 2.766 2.0708 1.3624 1.2614 1.0982 0.5972 0.207 0.0554 0.0194 0 0 0 0 0 0 0 0 0 0.0356 0.3834 1.2684 1.9616 1.7214 1.3016 1.22 0.9458 0.6602 0.3326 0.1148 0.0416 0.0102 0.0028 0 0 0 0 0 0 0 0.011 0.161 0.626 1.1348 1.4264 1.3368 1.2526 0.9648 0.5908 0.3098 0.1212 0.048 0.0158 0.001 0 0 0 0 0 
0 0 0 0 0 0 0 0 0 0 0 0 0 0 0 0 0 0 0.0024 0.3056 3.1986 4.3626 2.4922 1.5792 1.1554 0.6528 0.2114 0.0376 0.0022 0 0 0 0 0 0 0 0 0 0.0032 0.0526 0.5702 2.0602 2.8398 1.9666 1.3978 1.1468 1.0524 0.618 0.2218 0.0482 0.0174 0.005 0 0 0 0 0 0 0 0.008 0.079 0.4606 1.3706 1.869 1.655 1.3198 1.0882 1.0042 0.6976 0.3314 0.088 0.0238 0.0048 0 0 0 0 0 0 0 0.0046 0.0548 0.2336 0.7262 1.2136 1.2488 1.253 1.1342 0.9684 0.6964 0.2772 0.1424 0.0318 0.015 0 0 0 0 0 0 
0 0 0 0 0 0 0 0 0 0 0 0 0 0 0 0 0 0 0.0024 0.323 2.9644 4.3228 2.5944 1.7868 1.1776 0.5946 0.1804 0.0414 0.0122 0 0 0 0 0 0 0 0 0 0.0044 0.072 0.5604 1.8454 2.7432 2.0514 1.3472 1.3988 1.001 0.6032 0.2616 0.0896 0.0218 0 0 0 0 0 0 0 0.0006 0.0174 0.078 0.4222 1.1946 1.767 1.7738 1.3272 1.2468 0.953 0.6618 0.3498 0.1674 0.0312 0.0092 0 0 0 0 0 0 0 0.0124 0.0436 0.1872 0.6124 1.0342 1.3356 1.3942 1.1968 0.9428 0.6694 0.3474 0.1612 0.052 0.0082 0.0026 0 0 0 0 0 
0 0 0 0 0 0 0 0 0 0 0 0 0 0 0 0 0 0 0.0002 0.3752 3.1022 4.409 2.3864 1.7272 1.2204 0.5964 0.1638 0.0172 0.002 0 0 0 0 0 0 0 0 0 0 0.0462 0.6234 2.1702 2.7346 1.942 1.29 1.2934 1.0198 0.6154 0.2 0.0506 0.014 0.0004 0 0 0 0 0 0 0 0.0016 0.065 0.473 1.3806 2.011 1.708 1.128 1.1316 1.104 0.6182 0.2916 0.07 0.0138 0.0036 0 0 0 0 0 0 0 0 0.035 0.2434 0.6384 1.3372 1.4012 1.1672 1.1296 1.049 0.654 0.2522 0.069 0.0186 0.0052 0 0 0 0 0 0 
0 0 0 0 0 0 0 0 0 0 0 0 0 0 0 0 0 0 0.0022 0.4282 3.1748 4.2696 2.2646 1.592 1.2042 0.7192 0.2566 0.0706 0.0122 0.0036 0.0022 0 0 0 0 0 0 0 0.0026 0.0764 0.7754 2.0392 2.7252 1.8092 1.3192 1.1182 0.9538 0.7012 0.295 0.1288 0.0436 0.0122 0 0 0 0 0 0 0 0.008 0.133 0.5586 1.3942 1.9346 1.4574 1.2096 1.0692 0.9744 0.6508 0.3362 0.1914 0.0566 0.026 0 0 0 0 0 0 0.001 0.0124 0.0706 0.297 0.6942 1.174 1.3952 1.257 1.0284 0.8754 0.5776 0.3318 0.192 0.0674 0.0164 0.0078 0.0018 0 0 0 0 
0 0 0 0 0 0 0 0 0 0 0 0 0 0 0 0 0 0 0.0026 0.4046 3.1818 4.194 2.351 1.733 1.3536 0.5656 0.1574 0.046 0.0076 0.0028 0 0 0 0 0 0 0 0 0.0034 0.0696 0.722 1.998 2.8218 1.8278 1.279 1.1904 1.092 0.7046 0.212 0.0504 0.0246 0.0044 0 0 0 0 0 0 0 0.0078 0.1146 0.5242 1.3248 1.9638 1.6522 1.1522 1.0984 0.9992 0.7234 0.3004 0.1056 0.0208 0.0064 0.0062 0 0 0 0 0 0 0.007 0.0538 0.262 0.6162 1.2546 1.432 1.2594 1.137 0.9872 0.6052 0.2402 0.1088 0.0182 0.0136 0.0048 0 0 0 0 0 
0 0 0 0 0 0 0 0 0 0 0 0 0 0 0 0 0 0 0.002 0.3902 3.0104 4.2046 2.548 1.7256 1.2922 0.5706 0.1854 0.055 0.0092 0.0068 0 0 0 0 0 0 0 0 0.0012 0.0646 0.6288 2.0156 2.6476 1.9978 1.2752 1.2494 1.1134 0.6378 0.2538 0.0848 0.024 0.006 0 0 0 0 0 0 0 0.0094 0.0842 0.479 1.2556 1.8756 1.6588 1.2802 1.1364 1.0244 0.67 0.3376 0.132 0.0472 0.0096 0 0 0 0 0 0 0 0.008 0.0566 0.2228 0.609 1.1498 1.3534 1.2208 1.2428 0.9982 0.6144 0.346 0.1182 0.0484 0.0082 0.0034 0 0 0 0 0 
0 0 0 0 0 0 0 0 0 0 0 0 0 0 0 0 0 0 0.002 0.3914 3.1912 4.3596 2.321 1.606 1.2314 0.688 0.181 0.024 0.0044 0 0 0 0 0 0 0 0 0 0 0.0508 0.6622 2.1442 2.8362 1.816 1.336 1.1214 1.0352 0.6642 0.2696 0.0568 0.0074 0 0 0 0 0 0 0 0 0.0036 0.083 0.4944 1.3642 1.9662 1.6678 1.207 1.1244 0.9594 0.6902 0.3162 0.0974 0.019 0.0072 0 0 0 0 0 0 0 0.0048 0.0594 0.2204 0.6974 1.2456 1.3426 1.2634 1.137 0.9544 0.6468 0.2846 0.115 0.017 0.0106 0.001 0 0 0 0 0 
0 0 0 0 0 0 0 0 0 0 0 0 0 0 0 0 0 0 0 0.329 3.0412 4.3188 2.3996 1.6052 1.2654 0.7454 0.2254 0.0552 0.0122 0.0026 0 0 0 0 0 0 0 0 0 0.0496 0.5354 1.9222 2.797 1.968 1.3576 1.1868 1.085 0.6658 0.296 0.1028 0.0298 0.004 0 0 0 0 0 0 0 0.0098 0.06 0.3652 1.2444 1.8552 1.6872 1.2546 1.2054 1.003 0.7132 0.3574 0.155 0.0558 0.0278 0.0038 0.0022 0 0 0 0 0.0012 0.0062 0.0254 0.1358 0.6204 1.1668 1.2632 1.2352 1.2254 0.973 0.7316 0.2944 0.1804 0.09 0.0278 0.0144 0.006 0.0028 0 0 0 
0 0 0 0 0 0 0 0 0 0 0 0 0 0 0 0 0 0 0 0.302 2.9014 4.3522 2.427 1.633 1.437 0.7208 0.1932 0.031 0.0024 0 0 0 0 0 0 0 0 0 0 0.0384 0.4782 1.8792 2.6904 2.1302 1.2616 1.184 1.2002 0.7684 0.2616 0.0966 0.0112 0 0 0 0 0 0 0 0 0.0016 0.0428 0.375 1.1626 1.7744 1.7376 1.2572 1.0968 1.185 0.7952 0.3438 0.1826 0.0454 0 0 0 0 0 0 0 0 0 0.0274 0.1856 0.5018 0.9606 1.3272 1.3006 1.227 1.1256 0.7718 0.3408 0.2004 0.0288 0.0024 0 0 0 0 0 0 
0 0 0 0 0 0 0 0 0 0 0 0 0 0 0 0 0 0 0.0008 0.3534 3.2406 4.3774 2.3216 1.4954 1.2912 0.6498 0.223 0.0408 0.006 0 0 0 0 0 0 0 0 0 0 0.042 0.6426 2.0382 2.9076 2.0174 1.1902 1.1918 1.007 0.6404 0.2366 0.0616 0.0234 0.0012 0 0 0 0 0 0 0 0 0.0742 0.4808 1.4378 1.9532 1.649 1.1964 1.0384 1.0594 0.6642 0.319 0.0952 0.031 0.0014 0 0 0 0 0 0 0 0.001 0.0474 0.2276 0.7648 1.198 1.3376 1.3048 1.0248 0.9586 0.6994 0.2884 0.1118 0.0358 0 0 0 0 0 0 0 
0 0 0 0 0 0 0 0 0 0 0 0 0 0 0 0 0 0 0.0024 0.4244 3.1326 4.1998 2.4572 1.703 1.217 0.657 0.1736 0.0268 0.0062 0 0 0 0 0 0 0 0 0 0 0.0664 0.7128 2.0558 2.6514 1.9212 1.3944 1.156 1.0684 0.606 0.2566 0.0876 0.0134 0.0066 0.0034 0 0 0 0 0 0 0.0088 0.1024 0.549 1.2424 1.9684 1.6204 1.3382 1.0282 0.9086 0.6882 0.3284 0.1412 0.0462 0.0192 0.006 0.0044 0 0 0 0 0 0.0056 0.0584 0.2168 0.6742 1.2568 1.3424 1.3746 1.063 0.8808 0.5972 0.3532 0.1112 0.03 0.0166 0.0144 0.0048 0 0 0 0 
0 0 0 0 0 0 0 0 0 0 0 0 0 0 0 0 0 0 0.004 0.3714 3.0336 4.3816 2.4444 1.5858 1.3544 0.6094 0.181 0.0324 0.002 0 0 0 0 0 0 0 0 0 0.004 0.0732 0.616 1.9948 2.7336 1.9564 1.3474 1.1898 1.1692 0.6214 0.2264 0.0558 0.012 0 0 0 0 0 0 0 0.0012 0.0214 0.0826 0.4816 1.3054 1.8538 1.6488 1.229 1.1346 1.0672 0.7188 0.3236 0.1092 0.0212 0.0016 0 0 0 0 0 0.0004 0.0052 0.008 0.052 0.2396 0.6528 1.1248 1.374 1.25 1.1158 1.0104 0.6888 0.3216 0.1156 0.038 0.003 0 0 0 0 0 0 
0 0 0 0 0 0 0 0 0 0 0 0 0 0 0 0 0 0 0.0022 0.3662 2.9432 4.2906 2.6276 1.815 1.2578 0.5192 0.1486 0.0236 0.006 0 0 0 0 0 0 0 0 0 0.0004 0.0524 0.5954 1.903 2.6604 2.0784 1.3968 1.409 0.9898 0.6388 0.2106 0.054 0.011 0 0 0 0 0 0 0 0 0.0008 0.0636 0.4518 1.2296 1.7672 1.814 1.2758 1.2396 0.9714 0.7096 0.3188 0.1282 0.0216 0.008 0 0 0 0 0 0 0 0 0.0208 0.2096 0.655 1.0456 1.2844 1.413 1.2862 0.9578 0.6572 0.3238 0.1192 0.0258 0.0016 0 0 0 0 0 0 
0 0 0 0 0 0 0 0 0 0 0 0 0 0 0 0 0 0 0.0022 0.3588 2.9818 4.4744 2.5068 1.5924 1.2106 0.673 0.1684 0.0258 0.0058 0 0 0 0 0 0 0 0 0 0 0.0726 0.5582 1.9138 2.7 2.0908 1.4756 1.3696 0.9586 0.5666 0.231 0.0474 0.014 0.0018 0 0 0 0 0 0 0 0.0032 0.0948 0.4732 1.2652 1.7084 1.6358 1.4016 1.2806 1.017 0.5994 0.344 0.1302 0.037 0.0074 0.0022 0 0 0 0 0 0 0 0.0666 0.2506 0.6578 1.0664 1.2124 1.3608 1.242 0.925 0.6412 0.3414 0.147 0.0656 0.0232 0 0 0 0 0 0 
0 0 0 0 0 0 0 0 0 0 0 0 0 0 0 0 0 0 0.0012 0.4258 3.0762 4.1522 2.537 1.6096 1.1898 0.6502 0.2608 0.0858 0.0114 0 0 0 0 0 0 0 0 0 0.0006 0.0804 0.7058 1.8812 2.6194 2.0844 1.3214 1.2136 0.9992 0.6378 0.2902 0.1292 0.0342 0.0026 0 0 0 0 0 0 0 0.0176 0.1554 0.5084 1.1578 1.7818 1.6742 1.2452 1.2092 1.014 0.6832 0.3602 0.1276 0.0466 0.0188 0 0 0 0 0 0 0 0.0054 0.0782 0.2812 0.629 1.1284 1.1856 1.247 1.196 1.013 0.6382 0.3844 0.1264 0.0692 0.018 0 0 0 0 0 0 
0 0 0 0 0 0 0 0 0 0 0 0 0 0 0 0 0 0 0.0018 0.3524 3.0438 4.1492 2.4362 1.6948 1.3416 0.6334 0.26 0.0728 0.014 0 0 0 0 0 0 0 0 0 0 0.0652 0.6162 1.8452 2.6972 2.0944 1.2448 1.184 1.0688 0.7444 0.3142 0.1022 0.0164 0.0034 0.0036 0 0 0 0 0 0 0.0082 0.0858 0.4458 1.2226 1.738 1.6736 1.2814 1.1322 1.0902 0.7322 0.3852 0.1502 0.0376 0.0094 0.0076 0 0 0 0 0 0 0.0008 0.0324 0.2328 0.6066 1.0772 1.3258 1.2334 1.0234 1.0654 0.7948 0.3814 0.143 0.0574 0.0114 0.011 0.0032 0 0 0 0 
0 0 0 0 0 0 0 0 0 0 0 0 0 0 0 0 0 0 0.0002 0.3686 3.0514 4.438 2.4614 1.5086 1.2294 0.6792 0.2062 0.0482 0.0074 0.0014 0 0 0 0 0 0 0 0 0 0.0568 0.596 1.928 2.834 2.0704 1.3624 1.1774 1.0176 0.5926 0.2598 0.0906 0.0106 0.0038 0 0 0 0 0 0 0 0.0106 0.0688 0.4766 1.1814 1.9056 1.7966 1.3 1.035 1.013 0.696 0.313 0.1558 0.046 0.0016 0 0 0 0 0 0 0 0.008 0.0528 0.2382 0.6198 1.1446 1.3212 1.3102 1.1428 0.9788 0.6402 0.3114 0.1648 0.06 0.0072 0 0 0 0 0 0 
0 0 0 0 0 0 0 0 0 0 0 0 0 0 0 0 0 0 0.0034 0.4164 3.1786 4.3178 2.403 1.7464 1.192 0.5246 0.1672 0.041 0.007 0.0026 0 0 0 0 0 0 0 0 0.0042 0.0778 0.6676 2.1408 2.6986 1.9438 1.3724 1.2636 0.9762 0.5578 0.1852 0.079 0.0254 0.0066 0.001 0 0 0 0 0 0.0016 0.0194 0.072 0.5542 1.4046 1.8668 1.6232 1.3048 1.1314 1.008 0.6286 0.246 0.0902 0.0354 0.0134 0.0004 0 0 0 0 0 0.0004 0.0166 0.0412 0.2516 0.8128 1.2058 1.2872 1.2126 1.2556 0.9416 0.5196 0.2792 0.1274 0.032 0.013 0.0034 0 0 0 0 0 
0 0 0 0 0 0 0 0 0 0 0 0 0 0 0 0 0 0 0.0002 0.3412 3.069 4.3418 2.3786 1.6482 1.3596 0.6024 0.205 0.0518 0.0022 0 0 0 0 0 0 0 0 0 0 0.0542 0.583 1.9868 2.7416 1.9994 1.401 1.1568 1.0738 0.6482 0.2462 0.0898 0.0146 0.0046 0 0 0 0 0 0 0 0.0014 0.0628 0.4284 1.3246 1.9396 1.604 1.2342 1.1102 1.093 0.6974 0.2978 0.1414 0.0518 0.008 0.0054 0 0 0 0 0 0 0.0006 0.0362 0.2524 0.5766 1.127 1.3594 1.3344 1.2118 0.9422 0.6844 0.2918 0.121 0.041 0.0156 0.0056 0 0 0 0 0 
0 0 0 0 0 0 0 0 0 0 0 0 0 0 0 0 0 0 0 0.3776 3.114 4.2534 2.5138 1.611 1.224 0.6302 0.2128 0.0524 0.0108 0 0 0 0 0 0 0 0 0 0 0.0508 0.6902 2.0264 2.6998 1.9896 1.354 1.1232 0.9614 0.6742 0.2788 0.122 0.0296 0 0 0 0 0 0 0 0 0.0034 0.0836 0.4758 1.3752 1.9178 1.6154 1.2214 1.124 0.9488 0.692 0.3412 0.1464 0.0528 0.0022 0 0 0 0 0 0 0 0.0036 0.0318 0.221 0.7168 1.1734 1.4278 1.256 1.1124 0.8176 0.653 0.3582 0.1728 0.0476 0.008 0 0 0 0 0 0 
0 0 0 0 0 0 0 0 0 0 0 0 0 0 0 0 0 0 0.0072 0.3906 3.0398 4.2736 2.405 1.5816 1.3126 0.6226 0.2722 0.0712 0.0194 0.0042 0 0 0 0 0 0 0 0 0.0018 0.0562 0.7008 2.0124 2.5332 2.0604 1.3206 1.1154 1.0816 0.6768 0.2616 0.1344 0.0368 0.008 0 0 0 0 0 0 0 0.0022 0.0872 0.5612 1.3232 1.7328 1.5454 1.2974 1.1508 1.0138 0.703 0.3396 0.156 0.0618 0.0222 0.0034 0 0 0 0 0 0 0.001 0.0524 0.2768 0.7502 1.0996 1.191 1.198 1.1638 0.9448 0.6568 0.3646 0.1826 0.0746 0.0274 0.0164 0 0 0 0 0 
0 0 0 0 0 0 0 0 0 0 0 0 0 0 0 0 0 0 0 0.2998 3.034 4.2648 2.3496 1.6136 1.2852 0.8022 0.263 0.0708 0.0144 0.0026 0 0 0 0 0 0 0 0 0 0.0388 0.5226 1.9678 2.6652 2.0158 1.27 1.1926 1.055 0.7298 0.3256 0.1584 0.0482 0.0102 0 0 0 0 0 0 0 0.0018 0.0628 0.392 1.1468 1.8728 1.6752 1.2416 1.124 1.077 0.7044 0.4288 0.1594 0.0796 0.0282 0.0046 0.001 0 0 0 0 0 0 0.051 0.1802 0.5174 1.077 1.3464 1.1788 1.1152 1.0966 0.735 0.4042 0.189 0.0672 0.035 0.007 0 0 0 0 0 
0 0 0 0 0 0 0 0 0 0 0 0 0 0 0 0 0 0 0.0018 0.3212 3.0514 4.3964 2.4496 1.6072 1.2506 0.657 0.2172 0.0456 0.002 0 0 0 0 0 0 0 0 0 0.001 0.06 0.5624 1.9506 2.739 2.1028 1.3842 1.1996 0.9506 0.6162 0.326 0.0924 0.0152 0 0 0 0 0 0 0 0 0.0112 0.0996 0.4114 1.2992 1.7754 1.634 1.4562 1.18 0.9102 0.6428 0.3736 0.1594 0.037 0.01 0 0 0 0 0 0 0.0016 0.0078 0.0556 0.2274 0.6248 1.1526 1.2726 1.291 1.204 0.8756 0.6416 0.3574 0.1772 0.093 0.0178 0 0 0 0 0 0 
0 0 0 0 0 0 0 0 0 0 0 0 0 0 0 0 0 0 0.0058 0.4398 3.2618 4.2552 2.24 1.6866 1.3492 0.5862 0.158 0.0174 0 0 0 0 0 0 0 0 0 0 0.0032 0.0978 0.772 2.1832 2.6052 1.8354 1.3498 1.2148 1.0996 0.5668 0.196 0.0628 0.0134 0 0 0 0 0 0 0 0 0.0084 0.1416 0.6172 1.4556 1.8118 1.5228 1.2406 1.1962 1.0014 0.6174 0.256 0.097 0.032 0.002 0 0 0 0 0 0 0 0.0034 0.085 0.3588 0.797 1.169 1.2516 1.2782 1.1732 0.9262 0.5632 0.2432 0.1156 0.0356 0 0 0 0 0 0 0 
0 0 0 0 0 0 0 0 0 0 0 0 0 0 0 0 0 0 0.0004 0.33 3.168 4.3578 2.3992 1.7328 1.2612 0.57 0.152 0.0286 0 0 0 0 0 0 0 0 0 0 0.0016 0.0528 0.5768 2.0818 2.7552 2.0204 1.436 1.2822 0.9014 0.5578 0.248 0.079 0.0028 0.0042 0 0 0 0 0 0 0 0.0058 0.0894 0.3948 1.3408 1.9118 1.6644 1.412 1.2678 0.8442 0.6036 0.3168 0.1082 0.0296 0.0108 0 0 0 0 0 0 0.0008 0.0162 0.0542 0.1954 0.5892 1.2334 1.3732 1.3348 1.2704 0.9068 0.5198 0.2934 0.1484 0.042 0.0128 0.0092 0 0 0 0 0 
0 0 0 0 0 0 0 0 0 0 0 0 0 0 0 0 0 0 0.0038 0.4438 3.177 4.2028 2.3946 1.5728 1.2976 0.6136 0.2394 0.0466 0.008 0 0 0 0 0 0 0 0 0 0.0038 0.0876 0.8078 2.0344 2.5924 1.9722 1.2072 1.2072 1.0902 0.592 0.2822 0.1072 0.0158 0 0 0 0 0 0 0 0 0.0108 0.1632 0.5878 1.3594 1.877 1.4908 1.1984 1.1576 0.9544 0.6392 0.3704 0.1462 0.0378 0.007 0 0 0 0 0 0 0.0014 0.0138 0.058 0.3124 0.8046 1.1268 1.2528 1.2862 1.165 0.8766 0.5636 0.323 0.1406 0.0616 0.0092 0.0044 0 0 0 0 0 
0 0 0 0 0 0 0 0 0 0 0 0 0 0 0 0 0 0 0.0002 0.3222 3.0448 4.4776 2.4326 1.526 1.3206 0.6384 0.1786 0.0406 0.0162 0.0022 0 0 0 0 0 0 0 0 0 0.0332 0.5148 2.0614 2.7804 2.0352 1.3734 1.1754 1.1082 0.62 0.2184 0.0606 0.0162 0.0028 0 0 0 0 0 0 0 0 0.0288 0.4148 1.3164 1.9306 1.6542 1.2746 1.2022 1.0548 0.6528 0.286 0.1412 0.03 0.0132 0.0004 0 0 0 0 0 0 0.001 0.0132 0.1944 0.672 1.1244 1.3816 1.2438 1.2262 0.9492 0.657 0.3244 0.1368 0.058 0.009 0.0062 0.0028 0 0 0 0 
0 0 0 0 0 0 0 0 0 0 0 0 0 0 0 0 0 0 0.0048 0.4064 2.9978 4.2864 2.7002 1.7894 1.0894 0.5256 0.1464 0.0476 0.006 0 0 0 0 0 0 0 0 0 0.0026 0.0746 0.6692 1.9636 2.6334 2.0022 1.5426 1.2688 0.9818 0.5452 0.2174 0.084 0.0146 0 0 0 0 0 0 0 0 0.0106 0.1226 0.4762 1.3522 1.6756 1.737 1.3908 1.2004 0.9896 0.5998 0.2816 0.115 0.0456 0.003 0 0 0 0 0 0 0 0.0076 0.0742 0.2474 0.6582 1.13 1.3356 1.3248 1.1624 1.0096 0.636 0.2604 0.1066 0.0472 0 0 0 0 0 0 0 
0 0 0 0 0 0 0 0 0 0 0 0 0 0 0 0 0 0 0.0016 0.337 2.9308 4.34 2.6374 1.6334 1.3364 0.5436 0.191 0.0418 0.007 0 0 0 0 0 0 0 0 0 0.0028 0.0418 0.6416 1.797 2.6506 2.0916 1.4726 1.3072 1.0424 0.7076 0.186 0.0468 0.0082 0.0038 0 0 0 0 0 0 0 0.0096 0.0904 0.4468 1.172 1.7432 1.6414 1.4036 1.2354 1.0046 0.7354 0.366 0.1308 0.0208 0 0 0 0 0 0 0 0 0.005 0.0502 0.2528 0.6382 0.9822 1.222 1.2872 1.2748 1.0048 0.6512 0.4008 0.1806 0.0472 0.003 0 0 0 0 0 0 
0 0 0 0 0 0 0 0 0 0 0 0 0 0 0 0 0 0 0.0026 0.3492 2.952 4.2538 2.6812 1.8772 1.1828 0.5014 0.157 0.0374 0.003 0.0024 0 0 0 0 0 0 0 0 0.0012 0.0588 0.5286 1.943 2.7714 2.012 1.4444 1.3032 1.06 0.615 0.2036 0.0492 0.0052 0.0026 0.0018 0 0 0 0 0 0 0.0052 0.0774 0.3834 1.2672 1.8192 1.7886 1.3698 1.1316 1.009 0.7028 0.2928 0.1244 0.0242 0.0044 0 0 0 0 0 0 0 0.003 0.0272 0.1942 0.6176 1.1618 1.317 1.3196 1.1974 1.026 0.6296 0.3378 0.127 0.0346 0.0072 0 0 0 0 0 0 
0 0 0 0 0 0 0 0 0 0 0 0 0 0 0 0 0 0 0.0054 0.358 3.1956 4.4414 2.3496 1.6276 1.2764 0.5246 0.1904 0.028 0.003 0 0 0 0 0 0 0 0 0 0.0014 0.0546 0.6222 2.163 2.7978 1.9406 1.3618 1.2464 0.9694 0.562 0.2136 0.0478 0.0164 0.003 0 0 0 0 0 0 0 0.0012 0.0828 0.5108 1.4142 1.9662 1.6004 1.325 1.1352 0.8716 0.6798 0.2908 0.078 0.0304 0.0102 0.0034 0 0 0 0 0 0 0.002 0.0506 0.2446 0.7578 1.2364 1.3462 1.3438 1.1054 0.8796 0.6416 0.2504 0.1088 0.0218 0.0048 0.0062 0 0 0 0 0 
0 0 0 0 0 0 0 0 0 0 0 0 0 0 0 0 0 0 0.0028 0.3784 3.1694 4.156 2.486 1.817 1.215 0.5842 0.1366 0.0374 0.007 0.0028 0.0074 0 0 0 0 0 0 0 0 0.05 0.6536 2.1058 2.6002 1.9662 1.4104 1.2224 1.1042 0.5902 0.2074 0.0568 0.0138 0.0062 0.0074 0.0054 0 0 0 0 0 0.0012 0.0664 0.5558 1.376 1.742 1.6432 1.3732 1.1486 0.9874 0.6664 0.2944 0.098 0.024 0.0146 0.0046 0.0042 0 0 0 0 0 0.0014 0.0292 0.2636 0.7464 1.1128 1.3022 1.3106 1.2048 0.9012 0.6414 0.3134 0.1074 0.0448 0.0102 0.008 0.0026 0 0 0 0 
0 0 0 0 0 0 0 0 0 0 0 0 0 0 0 0 0 0 0.0008 0.3486 2.9808 4.2892 2.6048 1.6172 1.268 0.6252 0.213 0.046 0.0064 0 0 0 0 0 0 0 0 0 0 0.0566 0.5644 1.9314 2.6932 2.0026 1.437 1.2396 1.105 0.6034 0.2596 0.0838 0.0126 0.0108 0 0 0 0 0 0 0 0.0022 0.0814 0.3902 1.2306 1.8842 1.6804 1.363 1.1002 0.9926 0.7298 0.35 0.1518 0.023 0.008 0.0126 0 0 0 0 0 0 0 0.042 0.1796 0.6036 1.0978 1.3738 1.352 1.1684 0.95 0.6718 0.3376 0.1544 0.0472 0.0188 0.003 0 0 0 0 0 
0 0 0 0 0 0 0 0 0 0 0 0 0 0 0 0 0 0 0.0016 0.4346 3.0246 4.2454 2.4762 1.7492 1.201 0.612 0.1992 0.0522 0.004 0 0 0 0 0 0 0 0 0 0.0066 0.0798 0.6974 1.9564 2.638 1.954 1.3502 1.2394 1.1088 0.6372 0.2512 0.0724 0.0086 0 0 0 0 0 0 0 0 0.027 0.0998 0.5002 1.3422 1.8184 1.5978 1.267 1.1396 0.9738 0.6982 0.3706 0.1378 0.025 0.0026 0 0 0 0 0 0 0 0.0106 0.0564 0.2688 0.691 1.1452 1.2564 1.3062 1.1306 0.9434 0.6394 0.358 0.149 0.0382 0.0052 0.0016 0 0 0 0 0 
0 0 0 0 0 0 0 0 0 0 0 0 0 0 0 0 0 0 0.0036 0.483 3.3222 4.1594 2.2072 1.5206 1.2814 0.7048 0.259 0.0528 0.006 0 0 0 0 0 0 0 0 0 0.005 0.1052 0.802 2.2202 2.7434 1.7008 1.2014 1.0952 1.0422 0.6618 0.2854 0.0988 0.0326 0.006 0 0 0 0 0 0 0.0026 0.0178 0.171 0.6464 1.4886 1.8554 1.4538 1.201 1.048 0.9388 0.629 0.3038 0.1586 0.0558 0.0256 0.0038 0 0 0 0 0 0.0022 0.0182 0.1004 0.3558 0.7972 1.231 1.2626 1.2078 1.079 0.8572 0.5816 0.2556 0.1456 0.0814 0.019 0.0054 0 0 0 0 0 
0 0 0 0 0 0 0 0 0 0 0 0 0 0 0 0 0 0 0.001 0.3442 3.0996 4.5084 2.2694 1.5738 1.206 0.6908 0.2162 0.0708 0.0198 0 0 0 0 0 0 0 0 0 0 0.051 0.549 2.1212 2.7626 1.9868 1.3474 1.167 0.9882 0.6442 0.2666 0.0848 0.0228 0.0032 0.0052 0 0 0 0 0 0 0.0014 0.0806 0.4238 1.3208 1.989 1.6506 1.2474 1.0694 0.9664 0.6862 0.376 0.1186 0.0508 0.0126 0.005 0.0014 0 0 0 0 0 0.005 0.0352 0.2122 0.6394 1.1844 1.4836 1.1644 1.1018 0.9948 0.6626 0.3374 0.1064 0.049 0.0182 0.0056 0 0 0 0 0 
0 0 0 0 0 0 0 0 0 0 0 0 0 0 0 0 0 0 0.0024 0.495 3.106 4.2842 2.3638 1.429 1.3306 0.7308 0.211 0.043 0.0042 0 0 0 0 0 0 0 0 0 0.0012 0.0984 0.7748 2.0222 2.6936 1.966 1.2344 1.1284 1.0344 0.6816 0.2962 0.0562 0.0126 0 0 0 0 0 0 0 0 0.0136 0.1516 0.51 1.358 2.0368 1.5532 1.1572 1.0042 0.9858 0.7186 0.3902 0.0922 0.026 0.0026 0 0 0 0 0 0 0 0.0252 0.0886 0.247 0.6852 1.2066 1.465 1.2072 1.029 0.9012 0.6586 0.3342 0.1222 0.024 0.006 0 0 0 0 0 0 
0 0 0 0 0 0 0 0 0 0 0 0 0 0 0 0 0 0 0 0.3108 3.2144 4.3442 2.3606 1.569 1.1864 0.7322 0.2292 0.0436 0.0096 0 0 0 0 0 0 0 0 0 0.0008 0.0628 0.515 2.0448 2.9302 1.9486 1.3102 1.056 1.0734 0.6348 0.2988 0.0902 0.0288 0.0056 0 0 0 0 0 0 0.0004 0.0112 0.075 0.4042 1.2568 1.9738 1.7216 1.2876 1.0524 1.0106 0.6892 0.3308 0.126 0.038 0.0208 0.0016 0 0 0 0 0 0 0.0082 0.0466 0.2298 0.5666 1.1752 1.3858 1.2786 1.1382 0.964 0.6814 0.3376 0.1494 0.0242 0.0144 0 0 0 0 0 0 
0 0 0 0 0 0 0 0 0 0 0 0 0 0 0 0 0 0 0.0032 0.3236 2.9808 4.3314 2.5178 1.6476 1.2996 0.62 0.2252 0.0418 0.009 0 0 0 0 0 0 0 0 0 0 0.0418 0.5656 1.9856 2.5998 2.043 1.4264 1.189 1.1298 0.6472 0.2662 0.0856 0.02 0 0 0 0 0 0 0 0 0.0008 0.057 0.4658 1.2554 1.8166 1.6372 1.3276 1.0658 1.0574 0.7722 0.3812 0.1244 0.0314 0.0052 0.002 0 0 0 0 0 0 0.0014 0.0212 0.1882 0.6418 1.1172 1.3532 1.2174 1.1316 1.052 0.7402 0.3034 0.1724 0.0522 0.0028 0.005 0 0 0 0 0 
0 0 0 0 0 0 0 0 0 0 0 0 0 0 0 0 0 0 0.001 0.307 3.1562 4.3136 2.541 1.6042 1.2014 0.6402 0.1864 0.0444 0.0046 0 0 0 0 0 0 0 0 0 0.0004 0.0352 0.5442 2.0428 2.7476 2.102 1.4394 1.146 1.0044 0.6352 0.1898 0.0888 0.0208 0.0034 0 0 0 0 0 0 0 0.0048 0.0456 0.3826 1.2982 1.9852 1.7318 1.324 1.1004 0.9822 0.6848 0.3144 0.1006 0.0344 0.0088 0.0022 0 0 0 0 0 0 0 0.0366 0.1794 0.5824 1.2848 1.386 1.2452 1.1464 1.0462 0.6264 0.2994 0.1196 0.0382 0.009 0.0004 0 0 0 0 0 
0 0 0 0 0 0 0 0 0 0 0 0 0 0 0 0 0 0 0.0008 0.4204 3.1414 4.1248 2.4934 1.71 1.1992 0.6094 0.241 0.039 0.0132 0.0074 0 0 0 0 0 0 0 0 0.0016 0.067 0.6958 2.0696 2.5754 1.9524 1.3674 1.186 1.0308 0.6354 0.2546 0.1132 0.026 0.0202 0.0046 0 0 0 0 0 0 0.0056 0.0996 0.5612 1.2798 1.8486 1.6042 1.3236 1.025 1.029 0.6682 0.345 0.1382 0.0432 0.0154 0.0134 0 0 0 0 0 0 0.0046 0.0634 0.2712 0.7098 1.0208 1.3892 1.302 1.1352 0.9846 0.588 0.3092 0.128 0.0532 0.0286 0.0084 0.0038 0 0 0 0 
0 0 0 0 0 0 0 0 0 0 0 0 0 0 0 0 0 0 0.0038 0.3542 3.2544 4.3026 2.4704 1.5546 1.2232 0.5934 0.186 0.0574 0 0 0 0 0 0 0 0 0 0 0.0032 0.0544 0.6792 2.0788 2.7066 2.0324 1.3334 1.2058 1.0522 0.5458 0.2372 0.0552 0.0114 0.0044 0 0 0 0 0 0 0 0.0172 0.0898 0.4874 1.3774 1.9786 1.5944 1.1996 1.1896 0.997 0.648 0.282 0.116 0.0226 0.0004 0 0 0 0 0 0 0.001 0.0084 0.064 0.2448 0.7554 1.2158 1.2724 1.2406 1.2014 0.8822 0.637 0.3268 0.1108 0.0332 0.0062 0 0 0 0 0 0 
0 0 0 0 0 0 0 0 0 0 0 0 0 0 0 0 0 0 0.004 0.4026 3.1312 4.27 2.2086 1.7118 1.3328 0.6926 0.1926 0.0508 0.003 0 0 0 0 0 0 0 0 0 0 0.0728 0.6538 2.0052 2.7252 1.9932 1.2212 1.1738 1.0956 0.6618 0.3036 0.0718 0.022 0 0 0 0 0 0 0 0 0.0114 0.0954 0.479 1.303 1.8826 1.6476 1.1594 1.0936 1.1696 0.694 0.3326 0.1048 0.0252 0.0018 0 0 0 0 0 0 0 0.0084 0.0526 0.2338 0.6628 1.1508 1.3314 1.2126 1.1208 1.0856 0.6624 0.3264 0.1132 0.0392 0 0 0 0 0 0 0 
0 0 0 0 0 0 0 0 0 0 0 0 0 0 0 0 0 0 0.0062 0.5214 3.2518 4.0158 2.4288 1.592 1.3174 0.611 0.203 0.0496 0.003 0 0 0 0 0 0 0 0 0 0.0082 0.1024 0.9026 2.109 2.42 1.97 1.26 1.1498 1.068 0.6366 0.2706 0.0766 0.0256 0.0006 0 0 0 0 0 0 0.0014 0.017 0.1588 0.7396 1.3986 1.7294 1.534 1.1794 1.1478 0.879 0.7016 0.3642 0.1112 0.032 0.0042 0.0018 0 0 0 0 0 0 0.0068 0.1082 0.39 0.8186 1.1316 1.2074 1.2406 1.1494 0.869 0.608 0.3216 0.0908 0.05 0.0024 0.0056 0 0 0 0 0 
0 0 0 0 0 0 0 0 0 0 0 0 0 0 0 0 0 0 0.0076 0.373 2.9896 4.3502 2.5878 1.5864 1.141 0.6686 0.2416 0.0462 0.008 0 0 0 0 0 0 0 0 0 0.0088 0.0698 0.616 2.0086 2.6344 2.0164 1.389 1.2496 1.0026 0.652 0.2592 0.0624 0.0258 0.0028 0.0026 0 0 0 0 0 0.0056 0.0112 0.106 0.4794 1.2282 1.9184 1.6252 1.267 1.0902 1.0332 0.7286 0.3492 0.1098 0.0346 0.0024 0.006 0.005 0 0 0 0 0.006 0.0116 0.063 0.2276 0.6212 1.1226 1.4446 1.2086 1.0926 1.0532 0.6558 0.3058 0.135 0.0384 0.004 0.0048 0.0052 0 0 0 0 
0 0 0 0 0 0 0 0 0 0 0 0 0 0 0 0 0 0 0.0074 0.4574 2.9446 4.3112 2.5482 1.531 1.2882 0.6742 0.208 0.0282 0.0016 0 0 0 0 0 0 0 0 0 0.001 0.0758 0.678 2.0182 2.5488 2.0686 1.3012 1.2418 1.0716 0.6342 0.2368 0.1074 0.0166 0 0 0 0 0 0 0 0.001 0.0114 0.125 0.5266 1.2512 1.7392 1.782 1.243 1.0702 1.0026 0.6966 0.3416 0.14 0.0562 0.0134 0 0 0 0 0 0 0 0.019 0.069 0.2926 0.6746 0.9462 1.339 1.3946 1.1344 0.9334 0.6564 0.3432 0.1262 0.0518 0.0178 0.0018 0 0 0 0 0 
0 0 0 0 0 0 0 0 0 0 0 0 0 0 0 0 0 0 0.0002 0.3478 2.886 4.2436 2.648 1.5748 1.3588 0.7234 0.187 0.0304 0 0 0 0 0 0 0 0 0 0 0 0.0554 0.544 1.9348 2.5686 2.0392 1.4654 1.1284 1.1406 0.7828 0.2764 0.0548 0.007 0.0026 0 0 0 0 0 0 0 0.0016 0.0826 0.3884 1.2084 1.835 1.5988 1.3348 1.0938 1.0868 0.7728 0.418 0.1484 0.0286 0.002 0 0 0 0 0 0 0 0 0.0388 0.1874 0.5924 1.0392 1.2762 1.3268 1.1904 1.0056 0.695 0.3974 0.1724 0.0614 0.017 0 0 0 0 0 0 
0 0 0 0 0 0 0 0 0 0 0 0 0 0 0 0 0 0 0.002 0.3892 3.3398 4.334 2.3346 1.527 1.0788 0.664 0.2702 0.0432 0.0172 0 0 0 0 0 0 0 0 0 0 0.0392 0.6958 2.1904 2.7916 1.9928 1.1884 1.157 0.9882 0.6266 0.232 0.0834 0.0146 0 0 0 0 0 0 0 0 0.001 0.0724 0.532 1.4256 2.062 1.702 1.0746 1.0496 0.9524 0.681 0.3236 0.095 0.026 0.0028 0 0 0 0 0 0 0 0 0.0546 0.24 0.8014 1.2674 1.3796 1.2438 1.029 0.933 0.6508 0.3 0.0694 0.0282 0.0028 0 0 0 0 0 0 
0 0 0 0 0 0 0 0 0 0 0 0 0 0 0 0 0 0 0.0004 0.301 3.0118 4.202 2.5232 1.626 1.3638 0.72 0.2138 0.038 0 0 0 0 0 0 0 0 0 0 0 0.0302 0.5058 1.9312 2.6514 2.0844 1.4034 1.1902 1.0618 0.7214 0.3206 0.0894 0.0102 0 0 0 0 0 0 0 0 0.0028 0.0378 0.4392 1.1562 1.7792 1.714 1.2842 1.1802 1.0864 0.7234 0.4196 0.1524 0.0246 0 0 0 0 0 0 0 0 0.002 0.0242 0.2132 0.5636 1.0046 1.2884 1.3026 1.2144 1.0288 0.7054 0.4486 0.149 0.0484 0.0052 0.0016 0 0 0 0 0 
0 0 0 0 0 0 0 0 0 0 0 0 0 0 0 0 0 0 0.0048 0.3492 2.9022 4.3412 2.5672 1.53 1.3722 0.703 0.1918 0.0368 0.0016 0 0 0 0 0 0 0 0 0 0.0044 0.055 0.5488 1.8224 2.6768 2.1756 1.4276 1.1588 1.0794 0.6938 0.2836 0.0572 0.0158 0.0008 0 0 0 0 0 0 0.001 0.0062 0.0658 0.4252 1.173 1.762 1.7484 1.3364 1.0962 1.0882 0.744 0.3694 0.1488 0.0334 0.002 0 0 0 0 0 0 0 0.0076 0.0362 0.1568 0.622 1.0294 1.3874 1.2446 1.1172 1.0634 0.7294 0.3972 0.1628 0.037 0.0062 0.0028 0 0 0 0 0 
0 0 0 0 0 0 0 0 0 0 0 0 0 0 0 0 0 0 0.004 0.3666 3.0874 4.4134 2.502 1.5874 1.1818 0.5862 0.1886 0.0538 0.0288 0 0 0 0 0 0 0 0 0 0 0.043 0.592 2.1248 2.7696 2.0392 1.2976 1.1882 1.005 0.6054 0.2198 0.0912 0.0226 0.0016 0 0 0 0 0 0 0 0.0066 0.0514 0.4546 1.4232 1.9702 1.6032 1.2428 1.2174 0.938 0.6094 0.2974 0.1134 0.0552 0.0172 0 0 0 0 0 0 0 0.0026 0.029 0.2424 0.7352 1.2394 1.2786 1.1826 1.285 0.9462 0.5316 0.3224 0.1302 0.0474 0.0178 0.0096 0 0 0 0 0 
0 0 0 0 0 0 0 0 0 0 0 0 0 0 0 0 0 0 0.0016 0.2702 2.8752 4.6894 2.4354 1.693 1.1638 0.6176 0.2006 0.0456 0.0076 0 0 0 0 0 0 0 0 0 0 0.0294 0.4526 1.791 2.9664 2.209 1.4428 1.155 1.0252 0.6054 0.2292 0.08 0.014 0 0 0 0 0 0 0 0 0.0018 0.0344 0.3248 1.2092 1.9252 1.8318 1.3324 1.118 1.0256 0.6914 0.3624 0.1112 0.0294 0.0024 0 0 0 0 0 0 0 0 0.0132 0.1302 0.5938 1.1114 1.4262 1.3702 1.1864 0.9632 0.655 0.3812 0.1208 0.0426 0.0058 0 0 0 0 0 0 
0 0 0 0 0 0 0 0 0 0 0 0 0 0 0 0 0 0 0.0038 0.359 3.1668 4.251 2.4798 1.643 1.3186 0.5842 0.1642 0.0264 0.0032 0 0 0 0 0 0 0 0 0 0.0018 0.065 0.631 1.9754 2.7478 1.9838 1.3856 1.2986 1.0418 0.5822 0.236 0.0434 0.0056 0.002 0 0 0 0 0 0 0 0.009 0.079 0.4954 1.2992 1.883 1.6368 1.2412 1.1958 1.078 0.6526 0.2976 0.0984 0.0282 0.0058 0 0 0 0 0 0 0 0.005 0.06 0.2482 0.6768 1.1322 1.2594 1.261 1.359 0.9972 0.607 0.247 0.1136 0.0274 0.0062 0 0 0 0 0 0 
0 0 0 0 0 0 0 0 0 0 0 0 0 0 0 0 0 0 0.001 0.3714 3.1816 4.2984 2.4444 1.5538 1.3284 0.5722 0.1976 0.0422 0.0074 0.0016 0 0 0 0 0 0 0 0 0 0.0502 0.6654 2.1718 2.6244 2.0208 1.284 1.1502 1.1134 0.5414 0.2936 0.0696 0.0104 0.0038 0.001 0 0 0 0 0 0 0.0008 0.076 0.5256 1.4264 1.8692 1.603 1.272 1.1244 0.941 0.7064 0.3436 0.0984 0.012 0.0012 0 0 0 0 0 0 0 0.0014 0.0302 0.2672 0.7518 1.2246 1.2666 1.2838 1.2102 0.875 0.6628 0.2864 0.1144 0.0256 0 0 0 0 0 0 0 
0 0 0 0 0 0 0 0 0 0 0 0 0 0 0 0 0 0 0.0022 0.3402 3.0232 4.295 2.4172 1.6786 1.2568 0.739 0.202 0.0434 0.0024 0 0 0 0 0 0 0 0 0 0 0.043 0.5876 2.0068 2.5918 2.0414 1.3786 1.2036 1.0656 0.6588 0.3318 0.0658 0.0226 0.0026 0 0 0 0 0 0 0 0.0092 0.0752 0.4484 1.2874 1.7462 1.5986 1.3584 1.1616 1.0252 0.7248 0.3958 0.1326 0.0352 0.0014 0 0 0 0 0 0 0 0.0068 0.0558 0.236 0.6154 1.0462 1.3026 1.237 1.199 0.9962 0.6878 0.4108 0.1408 0.0506 0.015 0 0 0 0 0 0 
0 0 0 0 0 0 0 0 0 0 0 0 0 0 0 0 0 0 0.0044 0.4846 3.2598 4.2332 2.3988 1.5762 1.2272 0.608 0.169 0.0324 0.0056 0.0008 0 0 0 0 0 0 0 0 0.0064 0.1044 0.7438 2.201 2.5142 2.0566 1.3528 1.1762 1.0512 0.5462 0.1692 0.0734 0.0046 0 0 0 0 0 0 0 0.0012 0.0176 0.123 0.6556 1.4442 1.7644 1.5122 1.3722 1.1824 0.9662 0.616 0.2294 0.099 0.0144 0.0022 0 0 0 0 0 0 0 0.003 0.0784 0.35 0.8512 1.1512 1.2398 1.3324 1.1912 0.8364 0.585 0.2522 0.0908 0.0348 0.0036 0 0 0 0 0 0 
0 0 0 0 0 0 0 0 0 0 0 0 0 0 0 0 0 0 0.0012 0.4358 3.202 4.3924 2.273 1.6526 1.0432 0.6644 0.2744 0.0546 0.0064 0 0 0 0 0 0 0 0 0 0.0008 0.0636 0.7958 2.1708 2.644 1.8968 1.4448 1.0382 0.8898 0.6238 0.2976 0.1206 0.0134 0 0 0 0 0 0 0 0 0.009 0.1022 0.6268 1.4822 1.8224 1.6904 1.2618 0.9174 0.8138 0.7102 0.3664 0.1524 0.0352 0.0096 0.0002 0 0 0 0 0 0 0.003 0.0712 0.3456 0.8224 1.1478 1.3874 1.3018 0.9842 0.8112 0.594 0.3416 0.128 0.0492 0.0114 0.0012 0 0 0 0 0 
0 0 0 0 0 0 0 0 0 0 0 0 0 0 0 0 0 0 0.0032 0.3424 3.1856 4.357 2.515 1.6988 1.2434 0.5156 0.1188 0.0202 0 0 0 0 0 0 0 0 0 0 0.0048 0.0516 0.6298 2.0666 2.7558 2.0322 1.4398 1.1748 1.0492 0.576 0.1746 0.0336 0.0066 0.0028 0.0018 0 0 0 0 0 0 0.0098 0.099 0.4896 1.3474 1.8912 1.6712 1.354 1.1218 0.964 0.6796 0.2984 0.0522 0.0104 0.0106 0.0008 0 0 0 0 0 0.0006 0.0102 0.0514 0.251 0.739 1.1348 1.3534 1.3322 1.1866 0.9336 0.618 0.2764 0.078 0.0234 0.011 0.0004 0 0 0 0 0 
0 0 0 0 0 0 0 0 0 0 0 0 0 0 0 0 0 0 0.0008 0.4038 3.3698 4.335 2.2296 1.574 1.2312 0.657 0.1698 0.029 0 0 0 0 0 0 0 0 0 0 0 0.0684 0.7442 2.2566 2.7186 1.8266 1.3698 1.1644 1.0034 0.572 0.2254 0.043 0.0076 0 0 0 0 0 0 0 0 0.0082 0.1406 0.5704 1.4924 1.8812 1.6614 1.1554 1.1542 0.9702 0.5492 0.2862 0.1066 0.0188 0.0052 0 0 0 0 0 0 0 0.017 0.0846 0.2804 0.84 1.239 1.3278 1.2216 1.1386 0.9748 0.4984 0.2608 0.0972 0.0128 0.0048 0.0022 0 0 0 0 0 
0 0 0 0 0 0 0 0 0 0 0 0 0 0 0 0 0 0 0.0026 0.3782 3.2452 4.169 2.3906 1.5304 1.34 0.7316 0.1782 0.0286 0.0056 0 0 0 0 0 0 0 0 0 0 0.0524 0.7086 2.174 2.609 1.9364 1.2256 1.1968 1.0864 0.668 0.2834 0.045 0.011 0.0034 0 0 0 0 0 0 0 0.0138 0.0778 0.641 1.3392 1.7952 1.593 1.2268 1.1334 0.9712 0.742 0.3506 0.0776 0.0316 0.0056 0.0012 0 0 0 0 0 0.0006 0.0076 0.079 0.3506 0.7304 1.099 1.2158 1.2526 1.0922 0.9482 0.6734 0.3608 0.158 0.0176 0.0134 0.0008 0 0 0 0 0 
0 0 0 0 0 0 0 0 0 0 0 0 0 0 0 0 0 0 0.0068 0.3878 3.179 4.2554 2.4558 1.7546 1.1654 0.616 0.1374 0.0314 0.0104 0 0 0 0 0 0 0 0 0 0.006 0.0664 0.6158 2.094 2.7542 2.025 1.2836 1.2778 1.0162 0.6112 0.1798 0.0622 0.0078 0 0 0 0 0 0 0 0.0008 0.0192 0.086 0.447 1.27 2.0334 1.6572 1.2862 1.2004 1.0296 0.594 0.2716 0.0884 0.0112 0.005 0 0 0 0 0 0 0 0.0114 0.0456 0.2294 0.604 1.2642 1.4532 1.2708 1.151 1.0016 0.5702 0.245 0.1222 0.0228 0.0086 0 0 0 0 0 0 
0 0 0 0 0 0 0 0 0 0 0 0 0 0 0 0 0 0 0.0026 0.419 2.9772 4.4188 2.5702 1.824 1.167 0.4968 0.0968 0.0242 0.0034 0 0 0 0 0 0 0 0 0 0.001 0.103 0.7026 1.8926 2.6036 2.1542 1.453 1.2702 1.0664 0.5424 0.1764 0.0268 0.0078 0 0 0 0 0 0 0 0 0.0164 0.1512 0.541 1.2584 1.7454 1.668 1.3764 1.2748 0.9938 0.5958 0.2786 0.0916 0.0086 0 0 0 0 0 0 0 0 0.0104 0.0908 0.3192 0.6726 1.0314 1.3098 1.3858 1.2162 0.9628 0.5602 0.3106 0.103 0.0272 0 0 0 0 0 0 0 
0 0 0 0 0 0 0 0 0 0 0 0 0 0 0 0 0 0 0.0024 0.3764 2.9738 4.2782 2.6076 1.5958 1.2616 0.618 0.2102 0.0652 0.0108 0 0 0 0 0 0 0 0 0 0 0.0422 0.5918 2.0094 2.6652 1.9656 1.4356 1.2268 1.044 0.611 0.2592 0.1146 0.0346 0 0 0 0 0 0 0 0 0 0.0486 0.4708 1.2412 1.8324 1.6728 1.3306 1.1744 0.946 0.7088 0.3512 0.1706 0.0482 0.0044 0 0 0 0 0 0 0 0 0.0212 0.2164 0.6756 1.1346 1.2356 1.2256 1.2344 1.0064 0.6634 0.3536 0.1578 0.0676 0.0078 0 0 0 0 0 0 
0 0 0 0 0 0 0 0 0 0 0 0 0 0 0 0 0 0 0.005 0.3756 3.243 4.1738 2.4398 1.5464 1.2306 0.6918 0.2262 0.0596 0.0082 0 0 0 0 0 0 0 0 0 0.0048 0.0682 0.6498 2.1774 2.6226 1.9798 1.1536 1.225 1.0556 0.682 0.2752 0.0892 0.0128 0.004 0 0 0 0 0 0 0 0.0178 0.0904 0.511 1.407 1.9014 1.5722 1.1184 1.1924 0.9966 0.698 0.3352 0.1114 0.0398 0.0084 0 0 0 0 0 0 0 0.013 0.032 0.2528 0.6816 1.294 1.2946 1.1466 1.2 1.0046 0.5774 0.3222 0.1242 0.0384 0.016 0.0026 0 0 0 0 0 
0 0 0 0 0 0 0 0 0 0 0 0 0 0 0 0 0 0 0.002 0.4512 3.3806 4.178 2.314 1.556 1.2098 0.6348 0.2268 0.0456 0.0012 0 0 0 0 0 0 0 0 0 0 0.1042 0.8002 2.2366 2.6926 1.8544 1.2118 1.163 0.959 0.6328 0.2656 0.0724 0.0074 0 0 0 0 0 0 0 0 0.011 0.133 0.6294 1.502 1.9392 1.5658 1.1502 1.0508 0.9538 0.647 0.3018 0.1028 0.0108 0.0024 0 0 0 0 0 0 0.0024 0.0112 0.063 0.3286 0.8972 1.2108 1.317 1.2038 1.1448 0.8736 0.5462 0.257 0.125 0.0174 0.002 0 0 0 0 0 0 
0 0 0 0 0 0 0 0 0 0 0 0 0 0 0 0 0 0 0.002 0.4108 3.0942 4.3614 2.3526 1.5424 1.257 0.7152 0.2364 0.028 0 0 0 0 0 0 0 0 0 0 0.0014 0.078 0.606 2.0936 2.7898 1.9468 1.2562 1.1274 1.0206 0.6702 0.3054 0.0904 0.011 0.0032 0 0 0 0 0 0 0 0.008 0.0906 0.525 1.3372 1.8596 1.6526 1.2534 1.1382 0.9196 0.6728 0.3588 0.1354 0.0422 0.0066 0 0 0 0 0 0 0 0.0048 0.0472 0.2276 0.6842 1.2706 1.351 1.2462 1.1038 0.8706 0.623 0.3332 0.1758 0.0464 0.0156 0 0 0 0 0 0 
0 0 0 0 0 0 0 0 0 0 0 0 0 0 0 0 0 0 0.0012 0.3834 3.3224 4.224 2.411 1.5636 1.1544 0.655 0.2302 0.0468 0.007 0.001 0 0 0 0 0 0 0 0 0.0014 0.0794 0.754 2.0732 2.6604 2.0686 1.2572 1.1876 0.9982 0.507 0.2688 0.117 0.0272 0 0 0 0 0 0 0 0 0.0066 0.1266 0.575 1.3122 1.9278 1.6478 1.225 1.1574 0.9524 0.5928 0.2862 0.1456 0.0412 0.0034 0 0 0 0 0 0 0 0.0042 0.0604 0.301 0.7194 1.2312 1.3632 1.2228 1.2078 0.8134 0.5666 0.332 0.1214 0.0366 0.017 0.003 0 0 0 0 0 
0 0 0 0 0 0 0 0 0 0 0 0 0 0 0 0 0 0 0.0022 0.3856 3.1644 4.224 2.408 1.6242 1.2198 0.6638 0.2552 0.0464 0.0064 0 0 0 0 0 0 0 0 0 0 0.0672 0.6824 2.0848 2.7682 1.8536 1.2188 1.1616 1.038 0.6596 0.3436 0.0894 0.0328 0 0 0 0 0 0 0 0 0.0116 0.099 0.5288 1.3694 1.8906 1.6156 1.19 1.1436 0.8448 0.692 0.4014 0.1634 0.0384 0.0104 0.001 0 0 0 0 0 0 0.006 0.0698 0.2554 0.7166 1.116 1.3912 1.318 1.0624 0.805 0.6766 0.3844 0.1248 0.0452 0.0264 0.0022 0 0 0 0 0 
0 0 0 0 0 0 0 0 0 0 0 0 0 0 0 0 0 0 0.004 0.516 3.3316 4.207 2.2108 1.6284 1.217 0.5652 0.2566 0.0574 0.006 0 0 0 0 0 0 0 0 0 0.0022 0.1456 0.7844 2.2186 2.715 1.8582 1.1714 1.182 1.0022 0.574 0.2296 0.0832 0.0282 0.0054 0 0 0 0 0 0 0.0016 0.0276 0.1524 0.6994 1.404 1.8484 1.5844 1.223 1.1116 0.9576 0.5882 0.2452 0.1182 0.0324 0.006 0 0 0 0 0 0 0.0042 0.0262 0.1206 0.3536 0.7682 1.2544 1.3812 1.136 1.0662 0.8822 0.6036 0.2602 0.0966 0.0332 0.0106 0.003 0 0 0 0 0 
0 0 0 0 0 0 0 0 0 0 0 0 0 0 0 0 0 0 0.0008 0.3934 3.0126 4.211 2.6294 1.7174 1.1612 0.6172 0.2104 0.0418 0.004 0.0008 0 0 0 0 0 0 0 0 0.0016 0.0694 0.666 1.909 2.6448 2.1026 1.3674 1.209 1.02 0.649 0.2454 0.1022 0.0116 0.002 0 0 0 0 0 0 0 0.0072 0.1066 0.4906 1.1574 1.936 1.7094 1.3016 1.1078 0.9656 0.6848 0.3452 0.1232 0.0568 0.0078 0 0 0 0 0 0 0 0.0026 0.0518 0.2026 0.6034 1.178 1.4158 1.2988 1.1702 0.964 0.579 0.3546 0.1382 0.0342 0.005 0.0018 0 0 0 0 0 
0 0 0 0 0 0 0 0 0 0 0 0 0 0 0 0 0 0 0 0.3462 2.9998 4.5774 2.506 1.5252 1.1406 0.6324 0.2056 0.0414 0.0218 0.0036 0 0 0 0 0 0 0 0 0.001 0.0668 0.5254 1.8786 2.8534 2.2238 1.4204 1.183 0.9772 0.5448 0.2266 0.0684 0.0214 0.0092 0 0 0 0 0 0 0 0.0056 0.0714 0.4212 1.259 1.8354 1.75 1.3982 1.181 0.9238 0.672 0.3282 0.118 0.0216 0.0112 0.0034 0 0 0 0 0 0 0.0048 0.0346 0.2058 0.6696 1.1104 1.3246 1.3686 1.226 0.817 0.6702 0.3662 0.139 0.0524 0.0084 0.0024 0 0 0 0 0 
0 0 0 0 0 0 0 0 0 0 0 0 0 0 0 0 0 0 0.0048 0.4404 3.1088 4.2476 2.4902 1.625 1.2092 0.6104 0.1982 0.0478 0.0176 0 0 0 0 0 0 0 0 0 0.0014 0.1028 0.7174 2.0338 2.637 2.0022 1.3264 1.1574 1.0338 0.5728 0.2882 0.0938 0.0298 0.0032 0 0 0 0 0 0 0 0.0056 0.1116 0.611 1.28 1.8988 1.6782 1.2026 1.0772 1.0188 0.559 0.3506 0.1382 0.0526 0.0086 0.0072 0 0 0 0 0 0 0.0004 0.0452 0.3458 0.6852 1.1674 1.2832 1.3466 1.145 0.8926 0.598 0.295 0.1434 0.0356 0.011 0.0034 0.0022 0 0 0 0 
0 0 0 0 0 0 0 0 0 0 0 0 0 0 0 0 0 0 0.004 0.3744 2.9958 4.141 2.4854 1.6686 1.2892 0.7134 0.271 0.0572 0 0 0 0 0 0 0 0 0 0 0.0094 0.0786 0.6188 1.9432 2.4696 2.0638 1.3952 1.1386 0.9826 0.7592 0.3854 0.1402 0.0154 0 0 0 0 0 0 0.0022 0.002 0.0152 0.0872 0.444 1.2354 1.764 1.636 1.3044 1.0318 1.012 0.7758 0.4268 0.183 0.0676 0.0126 0 0 0 0 0 0 0.0024 0.021 0.0542 0.1926 0.576 1.0456 1.3252 1.2582 1.1496 0.9774 0.7176 0.3948 0.2034 0.067 0.0124 0.0026 0 0 0 0 0 
0 0 0 0 0 0 0 0 0 0 0 0 0 0 0 0 0 0 0.006 0.4278 2.8954 4.427 2.5638 1.628 1.2498 0.5694 0.199 0.0322 0.0016 0 0 0 0 0 0 0 0 0 0 0.09 0.5566 1.9766 2.7564 2.065 1.4136 1.2318 0.9904 0.5774 0.2318 0.085 0.0232 0.0022 0 0 0 0 0 0 0.0022 0.0192 0.0924 0.4468 1.2186 1.8382 1.7548 1.3958 1.1272 1.0324 0.575 0.3312 0.129 0.0318 0.0054 0 0 0 0 0 0 0.0034 0.0112 0.051 0.225 0.6808 1.1084 1.2624 1.3214 1.2198 0.9572 0.6434 0.32 0.1426 0.0504 0.003 0 0 0 0 0 0 
0 0 0 0 0 0 0 0 0 0 0 0 0 0 0 0 0 0 0.0012 0.4078 3.1742 4.3378 2.3898 1.426 1.209 0.6686 0.2818 0.0906 0.0082 0.005 0 0 0 0 0 0 0 0 0.0028 0.0904 0.689 2.045 2.8186 1.9642 1.1934 1.1474 0.9344 0.6514 0.3186 0.125 0.0198 0 0 0 0 0 0 0 0 0.0104 0.122 0.4862 1.4382 1.9308 1.6332 1.165 1.0264 0.9708 0.667 0.329 0.163 0.0514 0.0066 0 0 0 0 0 0 0 0.009 0.06 0.2534 0.7972 1.2314 1.2888 1.1764 1.0406 0.9492 0.654 0.3134 0.1304 0.0728 0.0224 0.001 0 0 0 0 0 
