0.03 0.09 0.15 0.21 0.27 0.33 0.39 0.45 0.51 0.57 0.63 0.69 0.75 0.81 0.87 0.93 0.99 1.05 1.11 1.17 1.23 1.29 1.35 1.41 1.47 1.53 1.59 1.65 1.71 1.77 1.83 1.89 1.95 2.01 2.07 2.13 2.19 2.25 2.31 2.37 2.43 2.49 2.55 2.61 2.67 2.73 2.79 2.85 2.91 2.97 3.03 3.09 3.15 3.21 3.27 3.33 3.39 3.45 3.51 3.57 3.63 3.69 3.75 3.81 3.87 3.93 3.99 4.05 4.11 4.17 4.23 4.29 4.35 4.41 4.47 4.53 4.59 4.65 4.71 4.77 4.83 4.89 4.95 5.01 5.07 5.13 5.19 5.25 5.31 5.37 5.43 5.49 5.55 5.61 5.67 5.73 5.79 5.85 5.91 5.97 
0 0 0 0 0 0 0 0 0 0 0 0 0 0 0 0 0.205 4.356 5.2476 2.0826 0.5546 0.1274 0.0272 0.001 0 0 0 0 0 0 0 0 0 0.0118 0.7094 2.843 3.521 2.2834 0.979 0.3632 0.0768 0.0136 0 0 0 0 0 0 0 0 0 0.1024 0.6924 1.9496 2.523 2.0038 1.1072 0.455 0.1252 0.0402 0.0022 0 0 0 0 0 0 0 0.0076 0.1342 0.5422 1.2966 1.791 1.6196 0.9882 0.5696 0.1674 0.0562 0.0216 0.0066 0 0 0 0 0 0 0.0126 0.1064 0.3386 0.7908 1.1586 1.1664 0.9382 0.5266 0.2342 0.0706 0.0478 0.0098 0 0 
0 0 0 0 0 0 0 0 0 0 0 0 0 0 0 0 0.189 5.0136 6.0486 2.0704 0.439 0.1142 0.0958 0.0224 0.007 0 0 0 0 0 0 0 0 0.015 0.6906 3.4774 4.1524 2.2566 0.9412 0.2866 0.1174 0.0378 0.0136 0.0114 0 0 0 0 0 0 0.0022 0.0808 0.7242 2.5798 3.0122 1.877 1.0564 0.4334 0.157 0.0386 0.0276 0.0108 0 0 0 0 0 0 0.0066 0.1108 0.5578 1.7574 2.355 1.462 0.9338 0.4874 0.232 0.0628 0.0198 0.0118 0.0028 0 0 0 0 0 0.0066 0.0744 0.3496 1.0832 1.5522 1.2814 0.7756 0.4636 0.2592 0.1152 0.0306 0.0084 0 0 
0 0 0 0 0 0 0 0 0 0 0 0 0 0 0 0 0.2716 5.1002 5.8788 2.1106 0.4466 0.1376 0.0546 0 0 0 0 0 0 0 0 0 0 0.0266 0.9176 3.34 4.161 2.3016 0.8628 0.2872 0.071 0.0322 0 0 0 0 0 0 0 0 0.0034 0.127 0.9116 2.4094 3.0374 2.1132 0.9288 0.3178 0.1086 0.0264 0.0036 0.0042 0.0068 0.0018 0 0 0 0 0.0122 0.1842 0.6864 1.76 2.0852 1.83 0.8698 0.3964 0.1202 0.0304 0.0086 0.007 0.0096 0 0 0 0 0.002 0.01 0.1596 0.4594 0.9786 1.4636 1.469 0.8396 0.4074 0.1484 0.036 0.0066 0.0034 0.006 0.0086 
0 0 0 0 0 0 0 0 0 0 0 0 0 0 0 0 0.2426 4.8304 6.1022 2.1098 0.5154 0.1612 0.0302 0.0082 0 0 0 0 0 0 0 0 0 0.0202 0.6944 3.2472 4.291 2.407 0.9644 0.287 0.0704 0.0112 0.0072 0 0 0 0 0 0 0 0.0014 0.0834 0.7028 2.3306 3.1048 2.1514 1.144 0.325 0.1228 0.0262 0.0076 0 0 0 0 0 0 0 0.0058 0.107 0.5536 1.5346 2.272 1.862 1.0668 0.4162 0.1374 0.0274 0.0112 0.006 0 0 0 0 0 0 0.0082 0.0714 0.3012 1.0144 1.459 1.4098 1.024 0.4942 0.1448 0.0604 0.0068 0.0058 0 0 
0 0 0 0 0 0 0 0 0 0 0 0 0 0 0 0 0.2618 4.94 5.9584 2.0598 0.5448 0.2068 0.0284 0 0 0 0 0 0 0 0 0 0 0.0096 0.8826 3.342 4.0744 2.4176 0.8602 0.3052 0.09 0.0184 0 0 0 0 0 0 0 0 0 0.1 1.011 2.3126 2.8896 2.1692 1.0428 0.3624 0.097 0.0154 0 0 0 0 0 0 0 0 0.0026 0.1576 0.7906 1.63 2.0198 1.8192 1.0316 0.4008 0.1252 0.0226 0 0 0 0 0 0 0 0 0.006 0.1292 0.4986 1.074 1.3218 1.2992 0.9244 0.5304 0.1838 0.0326 0 0 0 0 
0 0 0 0 0 0 0 0 0 0 0 0 0 0 0 0 0.2594 5.0192 5.8832 2.033 0.5882 0.183 0.034 0 0 0 0 0 0 0 0 0 0 0.0212 0.7368 3.4508 4.0382 2.3832 0.945 0.2984 0.0898 0.0266 0.01 0 0 0 0 0 0 0 0.0034 0.0866 0.7448 2.5098 2.965 2.1064 1.071 0.3516 0.1154 0.0316 0.0096 0.0048 0 0 0 0 0 0 0.0066 0.1148 0.6338 1.6778 2.0614 1.8978 1.0596 0.3318 0.1708 0.0284 0.006 0.0112 0 0 0 0 0 0 0.0144 0.0824 0.3878 1.0752 1.3084 1.3872 1.046 0.4556 0.184 0.0388 0.0112 0.0078 0.0012 0 
0 0 0 0 0 0 0 0 0 0 0 0 0 0 0 0 0.2232 4.769 6.2846 2.0384 0.4958 0.1728 0.0162 0 0 0 0 0 0 0 0 0 0 0.0066 0.6632 3.288 4.2798 2.488 0.9222 0.2664 0.0686 0.0172 0 0 0 0 0 0 0 0 0 0.0518 0.734 2.3822 3.0518 2.269 1.0456 0.33 0.0986 0.0326 0.0044 0 0 0 0 0 0 0 0.0042 0.085 0.5428 1.631 2.2474 1.902 1.036 0.3994 0.1106 0.0272 0.0144 0 0 0 0 0 0 0 0.0104 0.0586 0.3682 0.9004 1.5352 1.5052 0.9212 0.4802 0.1652 0.0426 0.0128 0 0 0 
0 0 0 0 0 0 0 0 0 0 0 0 0 0 0 0 0.1936 4.525 6.0622 2.3534 0.6134 0.1524 0.046 0.0294 0.0174 0.0042 0.003 0 0 0 0 0 0 0.0166 0.5922 2.9976 4.0778 2.6324 1.117 0.3842 0.117 0.0298 0.0186 0.009 0.0078 0 0 0 0 0 0 0.051 0.6446 2.0008 3.0108 2.254 1.219 0.5412 0.1752 0.0714 0.0152 0.0076 0.0092 0 0 0 0 0 0.0028 0.0632 0.4618 1.3256 2.1296 1.8598 1.1108 0.653 0.2404 0.0976 0.039 0.0086 0.0078 0 0 0 0 0 0 0.0538 0.2772 0.785 1.3086 1.451 0.98 0.5956 0.3314 0.1434 0.0572 0.0124 0.0044 0 
0 0 0 0 0 0 0 0 0 0 0 0 0 0 0 0 0.254 5.051 5.9914 1.9944 0.5542 0.105 0.0368 0.009 0.0042 0 0 0 0 0 0 0 0 0.0208 0.7832 3.5676 4.1584 2.195 0.923 0.2598 0.0556 0.02 0.0142 0.0024 0 0 0 0 0 0 0.0008 0.0936 0.919 2.423 3.1584 1.9396 1.0054 0.3208 0.0852 0.0378 0.015 0.0014 0 0 0 0 0 0 0.006 0.1466 0.7312 1.5982 2.3078 1.7552 0.9468 0.338 0.11 0.0308 0.0294 0 0 0 0 0 0 0.0024 0.0096 0.1118 0.4326 0.9942 1.5384 1.4776 0.8846 0.3298 0.1502 0.0412 0.0186 0.009 0 0 
0 0 0 0 0 0 0 0 0 0 0 0 0 0 0 0 0.2098 4.983 5.7562 2.2684 0.6234 0.1404 0.0188 0 0 0 0 0 0 0 0 0 0 0.0152 0.6524 3.5546 3.946 2.3476 1.0344 0.3478 0.0732 0.0288 0 0 0 0 0 0 0 0 0.0006 0.0684 0.7706 2.4166 2.998 2.0162 1.1606 0.3938 0.1462 0.029 0 0 0 0 0 0 0 0 0.007 0.0822 0.6506 1.5252 2.315 1.6828 1.0612 0.4706 0.17 0.0324 0.003 0 0 0 0 0 0 0 0.0078 0.0724 0.3446 0.964 1.5188 1.3724 0.9022 0.5348 0.2074 0.0702 0.0054 0 0 0 
0 0 0 0 0 0 0 0 0 0 0 0 0 0 0 0 0.252 5.0522 5.8826 2.118 0.5094 0.1622 0.0112 0.0124 0 0 0 0 0 0 0 0 0 0.034 0.7858 3.4896 3.9436 2.3784 1.0038 0.2706 0.0562 0.031 0.0054 0.0016 0 0 0 0 0 0 0.0012 0.124 0.919 2.4264 2.8584 2.04 1.0272 0.4244 0.1336 0.0346 0.0112 0 0 0 0 0 0 0 0.0162 0.1662 0.7004 1.7304 2.0538 1.6604 0.9684 0.4296 0.1976 0.0528 0.0176 0.0066 0 0 0 0 0 0.002 0.0176 0.124 0.4236 1.1138 1.4134 1.2446 0.8946 0.4038 0.2134 0.1068 0.0222 0.0202 0 0 
0 0 0 0 0 0 0 0 0 0 0 0 0 0 0 0 0.2224 4.9752 5.867 2.1596 0.5782 0.1524 0.0218 0.0234 0 0 0 0 0 0 0 0 0 0.0276 0.782 3.4872 3.8266 2.4232 1.0144 0.2962 0.1058 0.0324 0.0046 0 0 0 0 0 0 0 0 0.1078 0.8446 2.45 2.8204 2.0396 1.0964 0.4372 0.1474 0.0422 0.0136 0.0008 0 0 0 0 0 0 0.0134 0.1284 0.696 1.6746 2.0366 1.7422 0.9326 0.4832 0.194 0.0804 0.0148 0.0038 0 0 0 0 0 0 0.0202 0.098 0.4006 1.077 1.3578 1.3954 0.7556 0.5026 0.2384 0.1224 0.0238 0.0052 0.003 0 
0 0 0 0 0 0 0 0 0 0 0 0 0 0 0 0 0.1942 5.023 5.8392 2.1964 0.603 0.115 0.0146 0.0128 0.0018 0 0 0 0 0 0 0 0 0.0112 0.6384 3.4364 4.2868 2.2518 1.011 0.2656 0.0828 0.0082 0.0078 0 0 0 0 0 0 0 0 0.0336 0.7166 2.4522 3.211 2.0344 1.0498 0.3886 0.0804 0.0238 0.0054 0.0042 0 0 0 0 0 0 0 0.0644 0.5366 1.719 2.316 1.8098 1.0342 0.3544 0.1236 0.0298 0.0074 0.0048 0 0 0 0 0 0 0 0.0544 0.3496 0.9622 1.5424 1.4606 0.9814 0.4496 0.1334 0.0516 0.0046 0.0102 0 0 
0 0 0 0 0 0 0 0 0 0 0 0 0 0 0 0 0.2056 4.768 5.924 2.3264 0.61 0.1286 0.0344 0.003 0 0 0 0 0 0 0 0 0 0.013 0.6318 3.1282 4.2636 2.516 0.975 0.3196 0.1188 0.034 0 0 0 0 0 0 0 0 0.0008 0.067 0.6322 2.2154 3.1458 2.2248 1.0718 0.4404 0.1356 0.0626 0.0036 0 0 0 0 0 0 0 0.009 0.0928 0.4874 1.4226 2.2812 1.907 1.0326 0.5508 0.1342 0.0622 0.014 0.0062 0 0 0 0 0 0 0.0046 0.056 0.3058 0.8814 1.4154 1.4772 0.9464 0.5574 0.2574 0.071 0.012 0.0154 0 0 
0 0 0 0 0 0 0 0 0 0 0 0 0 0 0 0 0.2242 4.723 6.0992 2.2974 0.5244 0.085 0.0164 0.01 0.0148 0.0056 0 0 0 0 0 0 0 0.0058 0.6472 3.2814 4.1378 2.6596 0.8964 0.2822 0.0524 0.017 0.0128 0.0074 0 0 0 0 0 0 0 0.078 0.6598 2.28 3.1142 2.2656 1.1052 0.3696 0.0628 0.0372 0.0176 0.01 0 0 0 0 0 0 0.0036 0.0928 0.5436 1.5228 2.1814 1.9026 1.1334 0.4176 0.1296 0.041 0.0174 0.0142 0 0 0 0 0 0 0.009 0.0674 0.321 0.8718 1.4962 1.4562 1.0514 0.4626 0.179 0.0562 0.0188 0.0104 0 0 
0 0 0 0 0 0 0 0 0 0 0 0 0 0 0 0 0.2118 4.9454 6.0854 2.1546 0.4368 0.1414 0.0246 0 0 0 0 0 0 0 0 0 0 0.0182 0.6596 3.3884 4.3114 2.3984 0.8794 0.2558 0.0884 0.0004 0 0 0 0 0 0 0 0 0 0.0508 0.718 2.4626 3.1694 2.1896 0.951 0.3404 0.0924 0.0258 0 0 0 0 0 0 0 0 0 0.0486 0.5734 1.6932 2.4014 1.7866 0.9338 0.375 0.1582 0.0268 0.003 0 0 0 0 0 0 0 0 0.0188 0.3194 1.0926 1.5998 1.4754 0.8354 0.428 0.1664 0.0476 0.0166 0 0 0 
0 0 0 0 0 0 0 0 0 0 0 0 0 0 0 0 0.2114 4.8124 6.0422 2.1514 0.6212 0.1182 0.0314 0.0118 0 0 0 0 0 0 0 0 0 0.0114 0.6568 3.2704 4.118 2.5036 1.0254 0.3086 0.0822 0.023 0.0006 0 0 0 0 0 0 0 0 0.0556 0.6582 2.3498 3.0168 2.2324 1.1106 0.4202 0.1114 0.0432 0.0018 0 0 0 0 0 0 0 0.0004 0.087 0.537 1.5394 2.1562 1.8884 1.1062 0.4704 0.1548 0.0542 0.006 0 0 0 0 0 0 0 0.002 0.0538 0.3606 0.8878 1.3804 1.4466 1.0334 0.567 0.192 0.064 0.0088 0.0036 0 0 
0 0 0 0 0 0 0 0 0 0 0 0 0 0 0 0 0.2218 4.9492 5.7944 2.2088 0.6744 0.1054 0.0324 0.0136 0 0 0 0 0 0 0 0 0 0.017 0.666 3.4416 4.1014 2.3128 0.9844 0.3678 0.0734 0.0196 0.016 0 0 0 0 0 0 0 0 0.0778 0.7054 2.4364 2.993 2.1462 1.058 0.3728 0.1436 0.0574 0.0094 0 0 0 0 0 0 0 0.0094 0.114 0.5326 1.5768 2.2322 1.8388 1.0702 0.427 0.121 0.055 0.0068 0.0162 0 0 0 0 0 0.0028 0.0148 0.0748 0.357 0.8322 1.5406 1.489 0.9412 0.463 0.185 0.067 0.0158 0.0098 0.007 0 
0 0 0 0 0 0 0 0 0 0 0 0 0 0 0 0 0.2018 5.273 5.9164 1.987 0.4582 0.1452 0.0126 0.0058 0 0 0 0 0 0 0 0 0 0.0152 0.7362 3.6786 4.3202 2.0982 0.81 0.2738 0.0524 0.0154 0 0 0 0 0 0 0 0 0 0.0706 0.8388 2.7354 3.1128 1.9188 0.8828 0.3448 0.0718 0.0242 0 0 0 0 0 0 0 0 0.0026 0.0882 0.6702 1.924 2.303 1.7032 0.8064 0.3618 0.1038 0.0368 0 0 0 0 0 0 0 0 0.0034 0.1032 0.4116 1.1378 1.6304 1.3994 0.74 0.3564 0.1746 0.0392 0.004 0 0 0 
0 0 0 0 0 0 0 0 0 0 0 0 0 0 0 0 0.2098 4.7994 5.9412 2.2156 0.6306 0.1778 0.0256 0 0 0 0 0 0 0 0 0 0 0.0138 0.6978 3.3034 4.0226 2.4592 1.0088 0.3636 0.0758 0.0362 0.0188 0 0 0 0 0 0 0 0 0.0624 0.7404 2.4626 2.7598 2.2704 0.9976 0.4746 0.161 0.0422 0.029 0 0 0 0 0 0 0 0.0054 0.0756 0.5914 1.5752 2.1822 1.8078 0.9766 0.5458 0.1378 0.0738 0.0192 0.0092 0 0 0 0 0 0 0.0052 0.046 0.3676 0.9344 1.3736 1.389 1.0788 0.5234 0.1632 0.0868 0.027 0.005 0 0 
0 0 0 0 0 0 0 0 0 0 0 0 0 0 0 0 0.2184 5.0246 5.9832 2.1122 0.472 0.1184 0.0524 0.0188 0 0 0 0 0 0 0 0 0 0.0232 0.743 3.4336 4.1878 2.4584 0.7884 0.2296 0.1048 0.0232 0.0052 0.0028 0 0 0 0 0 0 0.002 0.0578 0.825 2.5198 2.986 2.2116 0.966 0.2818 0.1012 0.0362 0.0126 0 0 0 0 0 0 0 0.0022 0.103 0.6668 1.6844 2.2342 1.8338 1.0128 0.2994 0.1024 0.048 0.013 0 0 0 0 0 0 0 0.0036 0.079 0.3872 1.0186 1.5942 1.3978 0.9132 0.3968 0.1418 0.049 0.0158 0.003 0 0 
0 0 0 0 0 0 0 0 0 0 0 0 0 0 0 0 0.22 5.1924 6.0796 1.9704 0.418 0.1062 0.0134 0 0 0 0 0 0 0 0 0 0 0.014 0.7838 3.7188 4.2462 2.1736 0.7454 0.2566 0.0566 0.005 0 0 0 0 0 0 0 0 0 0.0742 0.886 2.6262 3.2798 1.9304 0.8224 0.2754 0.0954 0.0102 0 0 0 0 0 0 0 0 0.0032 0.1536 0.6778 1.8304 2.4832 1.6374 0.7748 0.3192 0.1142 0.0062 0 0 0 0 0 0 0 0 0.0028 0.0874 0.4818 1.1304 1.6564 1.38 0.7622 0.3722 0.106 0.0182 0.0026 0 0 0 
0 0 0 0 0 0 0 0 0 0 0 0 0 0 0 0 0.1936 4.8896 6.0532 2.119 0.5508 0.1206 0.0524 0.0208 0 0 0 0 0 0 0 0 0 0.008 0.6346 3.4234 4.246 2.4056 0.9026 0.2538 0.0776 0.0426 0.0058 0 0 0 0 0 0 0 0 0.0602 0.7494 2.4222 3.137 2.1378 0.9574 0.379 0.1076 0.0422 0.0072 0 0 0 0 0 0 0 0 0.082 0.6082 1.6544 2.2806 1.8188 0.907 0.457 0.1412 0.0466 0.0042 0 0 0 0 0 0 0 0.0016 0.0394 0.3526 1.0998 1.4496 1.3992 0.9254 0.4788 0.182 0.0582 0.0134 0 0 0 
0 0 0 0 0 0 0 0 0 0 0 0 0 0 0 0 0.2168 5.2324 5.98 1.9302 0.4906 0.1128 0.0372 0 0 0 0 0 0 0 0 0 0 0.009 0.7402 3.7418 4.1848 2.1442 0.8216 0.2496 0.0916 0.0172 0 0 0 0 0 0 0 0 0 0.0556 0.8448 2.7842 3.0184 1.9444 0.909 0.2812 0.1378 0.0246 0 0 0 0 0 0 0 0 0.0036 0.0924 0.7354 1.91 2.3042 1.5402 0.815 0.4192 0.1486 0.0236 0.0078 0 0 0 0 0 0 0 0.0038 0.0566 0.4832 1.2276 1.6108 1.239 0.7262 0.4054 0.1822 0.0542 0.011 0 0 0 
0 0 0 0 0 0 0 0 0 0 0 0 0 0 0 0 0.2416 4.9758 5.9342 2.023 0.5624 0.2322 0.0308 0 0 0 0 0 0 0 0 0 0 0.0254 0.7972 3.4376 4.0962 2.3012 0.8812 0.3508 0.0822 0.0252 0.003 0 0 0 0 0 0 0 0.001 0.0902 0.8388 2.4162 3.1134 2.0592 0.93 0.3758 0.136 0.0356 0.0038 0 0 0 0 0 0 0 0.0042 0.1358 0.573 1.6642 2.3486 1.7802 0.9262 0.3766 0.15 0.0412 0 0 0 0 0 0 0 0 0.0082 0.0826 0.3532 0.9758 1.5616 1.5126 0.8694 0.4274 0.1502 0.0558 0.0032 0 0 0 
0 0 0 0 0 0 0 0 0 0 0 0 0 0 0 0 0.1828 4.8578 6.1716 2.1226 0.5064 0.1224 0.0248 0.0056 0.0038 0.0022 0 0 0 0 0 0 0 0.0194 0.6496 3.3014 4.3566 2.469 0.852 0.2606 0.0484 0.0178 0.0142 0.011 0 0 0 0 0 0 0 0.0506 0.7562 2.2938 3.1632 2.3464 0.9704 0.2932 0.07 0.0288 0.0128 0.0146 0 0 0 0 0 0 0 0.0712 0.597 1.5798 2.2032 2.0382 1.0394 0.3446 0.0726 0.0268 0.0194 0.0078 0 0 0 0 0 0 0.0018 0.0324 0.3856 0.9298 1.4442 1.6438 0.967 0.394 0.1336 0.0456 0.0222 0 0 0 
0 0 0 0 0 0 0 0 0 0 0 0 0 0 0 0 0.2614 4.5934 6.0838 2.327 0.573 0.152 0.0094 0 0 0 0 0 0 0 0 0 0 0.019 0.7126 3.0622 4.0758 2.607 1.0848 0.363 0.057 0.0186 0 0 0 0 0 0 0 0 0 0.0686 0.7464 2.1968 2.8802 2.248 1.1712 0.5434 0.1008 0.0324 0.0054 0.0068 0 0 0 0 0 0 0 0.0914 0.5462 1.5072 2.024 1.8804 1.1428 0.5296 0.2114 0.0424 0.0142 0.0104 0 0 0 0 0 0 0.0022 0.0684 0.321 0.944 1.342 1.3582 1.0372 0.5476 0.2416 0.0932 0.0368 0.0078 0 0 
0 0 0 0 0 0 0 0 0 0 0 0 0 0 0 0 0.2218 5.0126 6.2088 1.9776 0.4532 0.0824 0.0236 0.0096 0.0104 0 0 0 0 0 0 0 0 0.016 0.6954 3.5094 4.4074 2.3038 0.7218 0.277 0.039 0.0214 0.006 0.0028 0 0 0 0 0 0 0 0.058 0.754 2.618 3.3278 2.0184 0.779 0.3162 0.0938 0.0196 0.0114 0.0038 0 0 0 0 0 0 0.0052 0.0696 0.6502 1.8814 2.2672 1.8636 0.7724 0.344 0.112 0.0202 0.0082 0.006 0 0 0 0 0 0 0.002 0.0436 0.4254 1.1344 1.6166 1.4136 0.7686 0.4444 0.1066 0.0308 0.009 0.005 0 0 
0 0 0 0 0 0 0 0 0 0 0 0 0 0 0 0 0.2324 4.9928 5.9772 2.1006 0.5618 0.1116 0.023 0.0006 0 0 0 0 0 0 0 0 0 0.0172 0.716 3.4 4.0704 2.5458 0.9346 0.2556 0.0424 0.018 0 0 0 0 0 0 0 0 0.0024 0.0704 0.7828 2.4412 2.9298 2.2156 1.0566 0.3912 0.0842 0.0228 0.003 0 0 0 0 0 0 0 0 0.0944 0.6242 1.6076 2.2506 1.7516 1.0584 0.4496 0.131 0.0142 0.0184 0 0 0 0 0 0 0 0 0.0548 0.4028 0.9564 1.5002 1.4448 0.9798 0.4446 0.1422 0.0486 0.0258 0 0 0 
0 0 0 0 0 0 0 0 0 0 0 0 0 0 0 0 0.2144 4.9812 6.0462 2.0892 0.5392 0.1154 0.0144 0 0 0 0 0 0 0 0 0 0 0.0304 0.639 3.4684 4.3238 2.3626 0.8708 0.217 0.0732 0.0148 0 0 0 0 0 0 0 0 0.0034 0.0608 0.6784 2.5488 3.1682 2.1564 0.9816 0.3008 0.0796 0.022 0 0 0 0 0 0 0 0 0.0062 0.0642 0.545 1.7294 2.3726 1.8354 0.9264 0.4064 0.0806 0.0326 0.0012 0 0 0 0 0 0 0 0.0028 0.043 0.3472 0.979 1.7132 1.444 0.9136 0.4174 0.1102 0.024 0.0056 0 0 0 
0 0 0 0 0 0 0 0 0 0 0 0 0 0 0 0 0.2168 5.0128 6.1848 1.928 0.4532 0.1498 0.0446 0.004 0.006 0 0 0 0 0 0 0 0 0.0174 0.7264 3.537 4.2346 2.3208 0.7886 0.2592 0.084 0.02 0.012 0 0 0 0 0 0 0 0.0018 0.0522 0.8604 2.5454 3.0362 2.1166 0.9042 0.357 0.0902 0.0288 0.0072 0 0 0 0 0 0 0 0.0062 0.0818 0.7578 1.6936 2.2618 1.704 0.9658 0.342 0.1526 0.0244 0.01 0 0 0 0 0 0 0 0.007 0.077 0.4602 1.057 1.5078 1.34 0.9054 0.4182 0.1814 0.0342 0.01 0.0018 0 0 
0 0 0 0 0 0 0 0 0 0 0 0 0 0 0 0 0.2542 5.0028 6.1788 1.8834 0.564 0.1046 0.0122 0 0 0 0 0 0 0 0 0 0 0.0382 0.814 3.3826 4.3622 2.1782 0.88 0.266 0.0646 0.0142 0 0 0 0 0 0 0 0 0.009 0.113 0.9092 2.3466 3.203 2.0658 0.877 0.3392 0.1196 0.013 0.0046 0 0 0 0 0 0 0.0034 0.0082 0.1674 0.715 1.6024 2.3022 1.7952 0.8536 0.3672 0.1456 0.0302 0.0096 0 0 0 0 0 0 0 0.0118 0.1206 0.4752 1.008 1.568 1.3616 0.8184 0.4106 0.1576 0.048 0.0126 0.0076 0 0 
0 0 0 0 0 0 0 0 0 0 0 0 0 0 0 0 0.2758 4.7998 6.0184 2.1562 0.607 0.1028 0.033 0.007 0 0 0 0 0 0 0 0 0 0.0378 0.7242 3.2154 4.1856 2.3938 1.0208 0.3278 0.073 0.021 0.0006 0 0 0 0 0 0 0 0.0026 0.1014 0.7864 2.1332 3.075 2.2362 1.0712 0.4366 0.1174 0.0396 0.0004 0 0 0 0 0 0 0 0.008 0.1542 0.574 1.3708 2.3488 1.7318 1.1342 0.4852 0.1328 0.0554 0.0048 0 0 0 0 0 0 0 0.0118 0.1234 0.3522 0.815 1.4568 1.4404 0.9804 0.527 0.222 0.054 0.017 0 0 0 
0 0 0 0 0 0 0 0 0 0 0 0 0 0 0 0 0.2464 4.9428 6.3286 1.9268 0.4534 0.093 0.009 0 0 0 0 0 0 0 0 0 0 0.0264 0.733 3.5526 4.3472 2.2158 0.8426 0.2382 0.041 0.0032 0 0 0 0 0 0 0 0 0.0032 0.101 0.7644 2.639 3.2454 1.8628 0.9324 0.363 0.0806 0.0082 0 0 0 0 0 0 0 0 0.0072 0.1294 0.7096 1.7782 2.2798 1.6872 0.8512 0.4122 0.1272 0.018 0 0 0 0 0 0 0 0 0.0062 0.136 0.4562 1.1016 1.5044 1.3126 0.9322 0.3588 0.1338 0.048 0.0102 0 0 0 
0 0 0 0 0 0 0 0 0 0 0 0 0 0 0 0 0.2268 4.8894 5.8108 2.1402 0.6984 0.1612 0.0424 0.022 0.0088 0 0 0 0 0 0 0 0 0.0234 0.7296 3.3846 3.9292 2.3898 0.9222 0.3886 0.1388 0.0698 0.024 0 0 0 0 0 0 0 0.0066 0.0936 0.812 2.2418 2.9518 2.1186 1.033 0.457 0.1708 0.0714 0.035 0.0084 0 0 0 0 0 0.0022 0.0098 0.1578 0.5598 1.572 2.0694 1.7474 1.0626 0.488 0.2154 0.0692 0.0294 0.017 0 0 0 0 0 0 0.0106 0.1294 0.332 0.9104 1.383 1.3466 0.9768 0.5002 0.2398 0.0978 0.051 0.0154 0.007 0 
0 0 0 0 0 0 0 0 0 0 0 0 0 0 0 0 0.2214 5.1148 5.9938 1.9696 0.525 0.136 0.0394 0 0 0 0 0 0 0 0 0 0 0.011 0.6962 3.6056 4.3146 2.1436 0.7922 0.3304 0.0882 0.0146 0.0036 0 0 0 0 0 0 0 0 0.0562 0.803 2.666 3.1176 1.9694 0.859 0.374 0.1252 0.0196 0.01 0 0 0 0 0 0 0 0.0008 0.1064 0.6386 1.793 2.3022 1.7826 0.8144 0.3984 0.1116 0.038 0.014 0 0 0 0 0 0 0 0.0034 0.0946 0.4046 1.1336 1.521 1.3836 0.8286 0.3936 0.1756 0.046 0.0134 0.002 0 0 
0 0 0 0 0 0 0 0 0 0 0 0 0 0 0 0 0.2914 5.033 5.69 2.2182 0.5994 0.129 0.0316 0.0074 0 0 0 0 0 0 0 0 0 0.0316 0.7972 3.5554 3.8532 2.2782 1.1084 0.308 0.056 0.012 0 0 0 0 0 0 0 0 0.0006 0.107 0.8826 2.4422 2.9636 1.9538 1.1116 0.453 0.0756 0.01 0 0 0 0 0 0 0 0 0.0088 0.1352 0.6916 1.6518 2.1558 1.709 1.0562 0.4974 0.09 0.0042 0 0 0 0 0 0 0 0 0.0108 0.0938 0.4474 1.027 1.3726 1.3786 0.953 0.5402 0.1668 0.0098 0 0 0 0 
0 0 0 0 0 0 0 0 0 0 0 0 0 0 0 0 0.2448 4.9612 5.729 2.2636 0.5984 0.1764 0.0266 0 0 0 0 0 0 0 0 0 0 0.0126 0.838 3.308 3.9708 2.349 1.0238 0.3556 0.1134 0.025 0.0038 0 0 0 0 0 0 0 0 0.0952 0.8372 2.2996 2.9266 2.1484 1.0738 0.3958 0.1496 0.0668 0.007 0 0 0 0 0 0 0 0.01 0.149 0.6022 1.5074 2.1448 1.8646 0.9986 0.4658 0.162 0.0856 0.01 0 0 0 0 0 0 0 0.0156 0.1126 0.3438 0.8962 1.476 1.3908 0.9452 0.4674 0.2486 0.09 0.0138 0 0 0 
0 0 0 0 0 0 0 0 0 0 0 0 0 0 0 0 0.2218 4.6404 5.9718 2.4224 0.5556 0.1422 0.0458 0 0 0 0 0 0 0 0 0 0 0.0164 0.6126 3.1762 4.1834 2.5666 0.9972 0.3344 0.107 0.0062 0 0 0 0 0 0 0 0 0.0038 0.0776 0.6252 2.1564 3.0334 2.3264 1.125 0.467 0.17 0.0122 0.003 0 0 0 0 0 0 0 0.0044 0.0784 0.5252 1.4212 2.1584 1.9102 1.0826 0.5418 0.2112 0.062 0.0046 0 0 0 0 0 0 0 0.0068 0.077 0.3398 0.7738 1.4522 1.3712 0.9984 0.616 0.2594 0.0974 0.008 0 0 0 
0 0 0 0 0 0 0 0 0 0 0 0 0 0 0 0 0.2324 4.8674 6.0946 2.023 0.5708 0.1582 0.0364 0.0172 0 0 0 0 0 0 0 0 0 0.0168 0.721 3.3162 4.152 2.4372 0.9188 0.2944 0.1068 0.0368 0 0 0 0 0 0 0 0 0.0012 0.1118 0.754 2.2154 3.0682 2.2646 1.0334 0.3514 0.1314 0.0686 0 0 0 0 0 0 0 0 0.0094 0.1482 0.577 1.445 2.258 1.8966 0.9576 0.4848 0.1492 0.0602 0.014 0 0 0 0 0 0 0 0.0318 0.102 0.34 0.8342 1.4754 1.4932 0.9244 0.5048 0.1716 0.1002 0.0192 0.0032 0 0 
0 0 0 0 0 0 0 0 0 0 0 0 0 0 0 0 0.2324 5.0188 5.871 2.1472 0.5448 0.131 0.0456 0.0092 0 0 0 0 0 0 0 0 0 0.0204 0.7644 3.409 4.0568 2.3962 0.928 0.301 0.1094 0.0148 0 0 0 0 0 0 0 0 0.0014 0.0654 0.8034 2.4498 2.9994 2.0692 1.0828 0.4092 0.1066 0.0128 0 0 0 0 0 0 0 0 0.0038 0.09 0.6212 1.6418 2.274 1.7074 1.0846 0.4362 0.1106 0.0266 0.0038 0 0 0 0 0 0 0 0.005 0.0782 0.3558 0.978 1.5326 1.3302 1.0966 0.4486 0.1228 0.0428 0.0094 0 0 0 
0 0 0 0 0 0 0 0 0 0 0 0 0 0 0 0 0.2386 4.852 6.2256 1.9532 0.4644 0.1788 0.0606 0.0268 0 0 0 0 0 0 0 0 0 0.0078 0.712 3.3852 4.3384 2.2874 0.8138 0.2886 0.129 0.0304 0.0074 0 0 0 0 0 0 0 0 0.077 0.7694 2.4584 3.1266 2.0696 0.9474 0.3518 0.1348 0.055 0.01 0 0 0 0 0 0 0 0.0018 0.1346 0.6282 1.6308 2.2514 1.8156 0.8488 0.4372 0.1884 0.0478 0.0118 0.0036 0 0 0 0 0 0 0.008 0.0918 0.4416 0.9392 1.514 1.3802 0.8534 0.4502 0.2254 0.0732 0.023 0 0 0 
0 0 0 0 0 0 0 0 0 0 0 0 0 0 0 0.0008 0.2568 4.66 6.0266 2.3552 0.5214 0.1244 0.0482 0.0066 0 0 0 0 0 0 0 0 0.001 0.0192 0.659 3.2388 4.1356 2.4328 1.0798 0.3116 0.0852 0.036 0.001 0 0 0 0 0 0 0 0.0058 0.0638 0.7642 2.1804 2.9798 2.3246 1.0956 0.395 0.1196 0.066 0.0052 0 0 0 0 0 0 0.0006 0.0108 0.111 0.5688 1.4352 2.1428 1.9144 1.1494 0.4264 0.1574 0.0696 0.0136 0 0 0 0 0 0 0 0.0176 0.0658 0.3344 0.9074 1.3108 1.4976 1.0698 0.4954 0.1956 0.0816 0.0196 0.0044 0 0 
0 0 0 0 0 0 0 0 0 0 0 0 0 0 0 0 0.2772 5.017 5.959 2.003 0.5976 0.1166 0.0296 0 0 0 0 0 0 0 0 0 0 0.041 0.8312 3.47 4.026 2.2802 1.002 0.3006 0.049 0 0 0 0 0 0 0 0 0 0.0108 0.1454 0.8786 2.4364 2.947 2.04 1.0618 0.421 0.059 0 0 0 0 0 0 0 0 0 0.0358 0.1652 0.6622 1.6928 2.0786 1.813 1.078 0.4152 0.0528 0.0064 0 0 0 0 0 0 0.0002 0.0058 0.0168 0.097 0.4424 1.0412 1.4524 1.318 1.0478 0.47 0.0892 0.0192 0 0 0 0 
0 0 0 0 0 0 0 0 0 0 0 0 0 0 0 0 0.2242 5.0812 5.9404 2.0122 0.5716 0.1458 0.0246 0 0 0 0 0 0 0 0 0 0 0.0176 0.7728 3.5442 4.0472 2.2076 1.0284 0.2866 0.0758 0.0198 0 0 0 0 0 0 0 0 0 0.0616 0.9102 2.452 3.0142 1.9882 1.0876 0.3662 0.0894 0.0262 0.0044 0 0 0 0 0 0 0 0.0024 0.0886 0.7328 1.748 2.1076 1.7636 1.0212 0.384 0.1122 0.0396 0 0 0 0 0 0 0 0 0.002 0.0714 0.4742 1.0834 1.401 1.3734 0.9418 0.447 0.1342 0.0616 0.01 0 0 0 
0 0 0 0 0 0 0 0 0 0 0 0 0 0 0 0 0.2038 4.8264 6.035 2.0828 0.6248 0.1776 0.0394 0.0102 0 0 0 0 0 0 0 0 0 0.02 0.6494 3.3146 4.2268 2.3188 0.9872 0.3476 0.0982 0.03 0.0074 0 0 0 0 0 0 0 0 0.067 0.727 2.3144 3.1192 2.0478 1.0868 0.4292 0.1338 0.0714 0.0034 0 0 0 0 0 0 0 0 0.1042 0.5876 1.4964 2.2384 1.8416 1.0258 0.4338 0.1366 0.1104 0.021 0.0042 0 0 0 0 0 0 0.0004 0.0624 0.3516 0.9516 1.4124 1.4822 0.9716 0.4358 0.1978 0.0768 0.0292 0.0206 0.0076 0 
0 0 0 0 0 0 0 0 0 0 0 0 0 0 0 0 0.2296 4.8964 6.24 2.044 0.4812 0.0782 0.0238 0.0068 0 0 0 0 0 0 0 0 0 0.0138 0.7054 3.4884 4.2522 2.3874 0.8628 0.2056 0.052 0.0208 0.0076 0.004 0 0 0 0 0 0 0 0.0798 0.776 2.5022 3.1514 2.1652 0.9134 0.2908 0.0834 0.021 0.0146 0.0022 0 0 0 0 0 0 0.007 0.109 0.6336 1.669 2.3324 1.808 0.9346 0.3664 0.0948 0.0334 0.004 0.0078 0 0 0 0 0 0 0.0022 0.117 0.357 1.064 1.5756 1.4026 0.882 0.403 0.1328 0.0462 0.0076 0.006 0.004 0 
0 0 0 0 0 0 0 0 0 0 0 0 0 0 0 0 0.2104 4.876 5.866 2.295 0.6044 0.1216 0.0172 0.0094 0 0 0 0 0 0 0 0 0 0.0148 0.7196 3.2176 4.1608 2.5076 0.944 0.3026 0.1048 0.0266 0.0016 0 0 0 0 0 0 0 0 0.1014 0.801 2.231 2.9054 2.2 1.17 0.3878 0.1348 0.0564 0.0122 0 0 0 0 0 0 0 0 0.1498 0.6578 1.5234 1.9752 1.833 1.102 0.4888 0.1988 0.062 0.0064 0.0028 0 0 0 0 0 0 0.0036 0.1214 0.4212 0.8812 1.3096 1.4142 0.9116 0.5728 0.2672 0.0906 0.0066 0 0 0 
0 0 0 0 0 0 0 0 0 0 0 0 0 0 0 0 0.2046 5.1062 6.0306 2.0498 0.4494 0.1194 0.04 0 0 0 0 0 0 0 0 0 0 0.0172 0.7242 3.5542 4.2268 2.3088 0.8314 0.2486 0.0648 0.0156 0.0084 0 0 0 0 0 0 0 0 0.0644 0.8104 2.5152 3.1458 2.1018 0.9208 0.3032 0.0942 0.0334 0.0108 0 0 0 0 0 0 0 0 0.0866 0.6746 1.7282 2.2876 1.7846 0.9698 0.28 0.1462 0.0296 0.0068 0.006 0 0 0 0 0 0 0.002 0.0832 0.3904 1.1366 1.4536 1.417 0.9622 0.3592 0.1482 0.037 0.0056 0.005 0 0 
0 0 0 0 0 0 0 0 0 0 0 0 0 0 0 0 0.2274 4.9304 6.0188 2.0292 0.558 0.1872 0.028 0.0102 0.0082 0.0026 0 0 0 0 0 0 0 0.0142 0.7604 3.3978 4.0936 2.3634 0.9392 0.3148 0.076 0.0258 0.0098 0.005 0 0 0 0 0 0 0 0.0974 0.836 2.3986 2.905 2.208 1.0202 0.3998 0.0826 0.0376 0.005 0.0098 0 0 0 0 0 0 0.0012 0.1244 0.6916 1.6502 2.0022 1.8956 1.0482 0.3756 0.1658 0.0306 0.0038 0.0048 0.006 0 0 0 0 0 0.0024 0.1098 0.4012 1.0142 1.4484 1.301 0.962 0.541 0.1806 0.0236 0.0036 0.0084 0.0038 0 
0 0 0 0 0 0 0 0 0 0 0 0 0 0 0 0 0.214 5.0116 5.824 2.0548 0.6336 0.1354 0.0838 0.0278 0.015 0 0 0 0 0 0 0 0 0.0134 0.6864 3.4814 4.0122 2.3478 0.9684 0.3026 0.0994 0.048 0.0228 0.0176 0 0 0 0 0 0 0 0.0794 0.7842 2.3452 3.0022 2.165 1.0414 0.3748 0.1214 0.0356 0.0272 0.0236 0 0 0 0 0 0 0.0064 0.1 0.5992 1.5576 2.1936 1.8738 1.0024 0.4588 0.1054 0.056 0.0278 0.0092 0.0098 0 0 0 0 0 0.002 0.068 0.3982 0.9476 1.3838 1.4226 1.0478 0.4498 0.1732 0.063 0.0184 0.015 0.0106 0 
0 0 0 0 0 0 0 0 0 0 0 0 0 0 0 0 0.2414 4.6688 6.094 2.1396 0.6534 0.1634 0.0268 0.0108 0.0018 0 0 0 0 0 0 0 0 0.0228 0.6502 3.1674 4.127 2.4638 1.0758 0.348 0.0984 0.0288 0.0178 0 0 0 0 0 0 0 0 0.0806 0.711 2.0998 3.012 2.3074 1.0948 0.4728 0.1506 0.0476 0.0146 0.0088 0 0 0 0 0 0 0.0068 0.076 0.6002 1.3746 2.09 1.991 1.0724 0.486 0.2 0.0626 0.026 0.0144 0 0 0 0 0 0 0.01 0.0492 0.3678 0.8094 1.363 1.4898 1.0538 0.4758 0.2132 0.1056 0.0298 0.0182 0.0098 0.0046 
0 0 0 0 0 0 0 0 0 0 0 0 0 0 0 0 0.1804 4.7912 6.1352 2.1668 0.5568 0.138 0.0248 0.0068 0 0 0 0 0 0 0 0 0 0.0098 0.7558 3.0788 4.188 2.5328 0.9998 0.3136 0.0912 0.025 0.0052 0 0 0 0 0 0 0 0 0.065 0.861 2.018 2.9142 2.4386 1.0988 0.3916 0.1312 0.071 0.0106 0 0 0 0 0 0 0 0 0.0894 0.668 1.4168 2.0256 1.8328 1.2674 0.4666 0.1284 0.0908 0.0074 0.0068 0 0 0 0 0 0 0 0.0948 0.3874 0.867 1.307 1.3588 1.0874 0.566 0.2162 0.0648 0.027 0.0236 0 0 
0 0 0 0 0 0 0 0 0 0 0 0 0 0 0 0 0.274 5.107 5.7752 2.1414 0.5324 0.1484 0.0216 0 0 0 0 0 0 0 0 0 0 0.0248 0.8198 3.4662 4.0798 2.299 0.9454 0.285 0.0632 0.0168 0 0 0 0 0 0 0 0 0.0024 0.0896 0.8998 2.499 3.0438 1.9932 0.957 0.4038 0.0834 0.023 0.005 0 0 0 0 0 0 0 0.0056 0.1332 0.7242 1.6688 2.3102 1.7132 0.9164 0.38 0.1284 0.0164 0.0036 0 0 0 0 0 0 0 0.006 0.1174 0.4462 0.9748 1.5192 1.4974 0.8258 0.4224 0.1488 0.0376 0.0044 0 0 0 
0 0 0 0 0 0 0 0 0 0 0 0 0 0 0 0 0.2224 5.1534 6.0034 2.0032 0.4908 0.114 0.0042 0.0086 0 0 0 0 0 0 0 0 0 0.0124 0.6996 3.7566 4.1614 2.1638 0.8862 0.2552 0.0508 0.0052 0.0046 0.0042 0 0 0 0 0 0 0.002 0.0802 0.801 2.7696 3.0308 1.8822 0.9468 0.3638 0.093 0.0164 0.0076 0.0066 0 0 0 0 0 0 0.0062 0.1 0.699 1.9884 2.1368 1.5894 0.9066 0.3844 0.1236 0.0416 0.023 0.001 0 0 0 0 0 0 0.0044 0.0964 0.474 1.2536 1.4422 1.2356 0.831 0.4194 0.1426 0.057 0.0322 0.0116 0 0 
0 0 0 0 0 0 0 0 0 0 0 0 0 0 0 0 0.2402 4.6646 6.216 2.1422 0.6156 0.1094 0.012 0 0 0 0 0 0 0 0 0 0 0.0092 0.6364 3.2054 4.3124 2.4476 0.9686 0.3506 0.0502 0.0136 0.006 0 0 0 0 0 0 0 0 0.0618 0.6006 2.2872 3.192 2.1992 1.0838 0.4148 0.1342 0.0222 0.0042 0 0 0 0 0 0 0 0 0.0546 0.4886 1.5956 2.1198 1.9856 1.1196 0.4514 0.1558 0.0164 0.0126 0 0 0 0 0 0 0 0 0.0158 0.2936 0.9796 1.3346 1.5552 1.0874 0.479 0.2184 0.028 0.0084 0 0 0 
0 0 0 0 0 0 0 0 0 0 0 0 0 0 0 0 0.2428 5.0734 5.9966 1.8912 0.6088 0.166 0.0212 0 0 0 0 0 0 0 0 0 0 0.0168 0.8842 3.477 4.155 2.1444 0.8908 0.3618 0.0638 0.0062 0 0 0 0 0 0 0 0 0.0014 0.0956 0.9618 2.4486 3.0784 1.9354 0.964 0.3814 0.1118 0.0216 0 0 0 0 0 0 0 0 0.0012 0.1568 0.7566 1.7072 2.2018 1.6932 0.9598 0.3796 0.1162 0.0276 0 0 0 0 0 0 0 0 0.0058 0.1124 0.492 1.0914 1.377 1.3696 0.9448 0.42 0.137 0.05 0 0 0 0 
0 0 0 0 0 0 0 0 0 0 0 0 0 0 0 0 0.1968 4.8734 6.0942 2.005 0.6286 0.154 0.0242 0.006 0.0174 0.0004 0 0 0 0 0 0 0 0.0106 0.6274 3.3576 4.2902 2.33 0.963 0.2978 0.0948 0.0056 0.0116 0.0114 0 0 0 0 0 0 0.0004 0.0624 0.681 2.463 3.0778 2.0436 1.1186 0.3792 0.129 0.0238 0.0042 0.0054 0.0116 0 0 0 0 0 0 0.0824 0.518 1.6274 2.2804 1.8072 1.0204 0.4568 0.1508 0.0286 0.0052 0.0058 0.006 0.0056 0.0054 0 0 0 0.003 0.0676 0.3454 0.932 1.4444 1.5452 0.8876 0.5208 0.1962 0.0278 0.0064 0.005 0.0052 0.0058 
0 0 0 0 0 0 0 0 0 0 0 0 0 0 0 0 0.2208 4.8056 5.9698 2.2822 0.5374 0.1358 0.0484 0 0 0 0 0 0 0 0 0 0 0.0208 0.6872 3.2502 4.081 2.5542 0.9686 0.3034 0.1188 0.0158 0 0 0 0 0 0 0 0 0 0.0632 0.7388 2.2934 2.9828 2.2512 1.0706 0.409 0.1622 0.0288 0 0 0 0 0 0 0 0 0.001 0.0908 0.5714 1.5544 2.1936 1.7552 1.1164 0.501 0.1734 0.0332 0.0096 0 0 0 0 0 0 0 0.0044 0.0738 0.3762 0.9032 1.4294 1.318 1.0184 0.5844 0.2112 0.064 0.0154 0.0016 0 0 
0 0 0 0 0 0 0 0 0 0 0 0 0 0 0 0 0.1958 5.1608 5.918 1.9752 0.5342 0.1554 0.0536 0.007 0 0 0 0 0 0 0 0 0 0.0104 0.742 3.6678 4.0728 2.2986 0.7682 0.2986 0.1216 0.0194 0.0006 0 0 0 0 0 0 0 0 0.091 0.8396 2.5552 3.0788 2.0746 0.831 0.3686 0.1188 0.0416 0.0008 0 0 0 0 0 0 0 0.0092 0.1334 0.6558 1.775 2.2954 1.7368 0.8346 0.3632 0.1516 0.045 0 0 0 0 0 0 0 0 0.0192 0.0808 0.4236 1.0782 1.6286 1.2948 0.8046 0.432 0.1804 0.0498 0.008 0 0 0 
0 0 0 0 0 0 0 0 0 0 0 0 0 0 0 0 0.2484 4.6548 6.0738 2.1778 0.6368 0.1526 0.0338 0.01 0.012 0 0 0 0 0 0 0 0 0.0246 0.7008 3.1252 4.074 2.6088 0.9902 0.3616 0.0782 0.0196 0.008 0.0036 0.0054 0 0 0 0 0 0.0016 0.0846 0.7492 2.1188 3.0204 2.2118 1.147 0.4686 0.144 0.0358 0.0078 0.0102 0.0002 0 0 0 0 0 0.0062 0.0812 0.5864 1.4756 2.1206 1.7848 1.1596 0.5578 0.1572 0.0504 0.0084 0.0118 0 0 0 0 0 0 0.0036 0.052 0.3676 0.887 1.3662 1.4084 0.9822 0.5552 0.2764 0.0778 0.009 0.0146 0 0 
0 0 0 0 0 0 0 0 0 0 0 0 0 0 0 0 0.1974 4.7352 6.0598 2.362 0.5388 0.0964 0.0078 0.0026 0 0 0 0 0 0 0 0 0 0.0132 0.671 3.1754 4.1412 2.6206 1.0002 0.2978 0.0664 0.0114 0.0028 0 0 0 0 0 0 0 0 0.0578 0.6986 2.2368 2.9834 2.3426 1.0968 0.399 0.151 0.034 0 0 0 0 0 0 0 0 0.004 0.0764 0.5658 1.573 2.0816 1.8292 1.1334 0.4584 0.2056 0.0658 0.0068 0 0 0 0 0 0 0 0.0092 0.049 0.3496 0.9538 1.3704 1.403 0.9884 0.5538 0.1862 0.1092 0.0208 0.0066 0 0 
0 0 0 0 0 0 0 0 0 0 0 0 0 0 0 0 0.257 5.0568 5.9744 2.0992 0.5216 0.0798 0.0112 0 0 0 0 0 0 0 0 0 0 0.022 0.7334 3.562 4.0606 2.4082 0.8802 0.2694 0.0588 0.0054 0 0 0 0 0 0 0 0 0 0.0684 0.8274 2.4302 3.123 2.17 0.9784 0.3192 0.0798 0.0036 0 0 0 0 0 0 0 0 0 0.097 0.691 1.6382 2.321 1.8592 0.9274 0.3676 0.0798 0.0188 0 0 0 0 0 0 0 0 0 0.0594 0.4038 1.0414 1.4742 1.6002 0.8868 0.4082 0.0974 0.0286 0 0 0 0 
0 0 0 0 0 0 0 0 0 0 0 0 0 0 0 0 0.2334 4.855 5.9854 2.177 0.5212 0.169 0.0396 0.0192 0.0002 0 0 0 0 0 0 0 0 0.0238 0.7888 3.194 4.061 2.5304 0.9694 0.32 0.0916 0.0204 0.0006 0 0 0 0 0 0 0 0 0.1238 0.7748 2.1628 3.0306 2.26 1.1152 0.3842 0.1234 0.0178 0.0074 0 0 0 0 0 0 0 0.004 0.163 0.5462 1.531 2.1354 1.8834 1.1288 0.4676 0.1044 0.0188 0.0142 0.0032 0 0 0 0 0 0 0.0046 0.122 0.3216 0.8744 1.381 1.4888 1.0934 0.5124 0.138 0.0468 0.012 0.005 0 0 
0 0 0 0 0 0 0 0 0 0 0 0 0 0 0 0 0.2404 4.9994 5.9696 2.1738 0.4928 0.1082 0.0118 0.004 0 0 0 0 0 0 0 0 0 0.0096 0.745 3.5358 4.0868 2.358 0.9506 0.2462 0.053 0.0134 0.0016 0 0 0 0 0 0 0 0.002 0.034 0.889 2.4754 3.099 2.0498 1.0056 0.3172 0.0856 0.0382 0.0042 0 0 0 0 0 0 0 0 0.0768 0.7018 1.762 2.1626 1.8108 0.9696 0.3406 0.1118 0.0364 0.0192 0.0054 0.003 0 0 0 0 0 0 0.0436 0.403 1.1568 1.502 1.3742 0.9794 0.3414 0.113 0.0512 0.0232 0.0122 0 0 
0 0 0 0 0 0 0 0 0 0 0 0 0 0 0 0 0.2342 4.7364 6.0636 2.1182 0.6554 0.125 0.0208 0.015 0.006 0.0088 0.0082 0.0084 0 0 0 0 0 0.0132 0.628 3.263 4.187 2.443 1.0152 0.2882 0.095 0.0232 0.0124 0.0092 0.01 0.007 0.0056 0 0 0 0 0.0484 0.7296 2.2012 2.9698 2.3246 1.1194 0.3836 0.1374 0.0342 0.0136 0.0124 0.0054 0.0176 0.0028 0 0 0 0 0.0754 0.5336 1.4674 2.1836 1.9026 1.1268 0.4668 0.1614 0.0266 0.0164 0.0116 0.0058 0.022 0 0 0 0 0 0.0444 0.333 0.8824 1.373 1.473 1.0552 0.532 0.2054 0.0418 0.0192 0.0138 0.0076 0.0138 
0 0 0 0 0 0 0 0 0 0 0 0 0 0 0 0 0.1966 4.908 5.8226 2.1784 0.6518 0.1784 0.058 0.0062 0 0 0 0 0 0 0 0 0 0.019 0.6666 3.3088 4.205 2.316 0.9334 0.3848 0.1254 0.041 0 0 0 0 0 0 0 0 0 0.0704 0.6916 2.32 3.2114 2.0298 0.9652 0.474 0.172 0.0656 0 0 0 0 0 0 0 0 0.0046 0.0862 0.5106 1.6318 2.2494 1.7716 0.9918 0.4674 0.229 0.0532 0.0044 0 0 0 0 0 0 0 0.0024 0.085 0.2836 0.9824 1.4988 1.2856 0.991 0.5442 0.2224 0.102 0.0026 0 0 0 
0 0 0 0 0 0 0 0 0 0 0 0 0 0 0 0 0.2558 5.189 5.9306 1.945 0.447 0.1606 0.0642 0.0078 0 0 0 0 0 0 0 0 0 0.034 0.8988 3.5242 4.1396 2.14 0.8716 0.2484 0.1262 0.0172 0 0 0 0 0 0 0 0 0.0018 0.1742 0.9672 2.5332 3.0118 1.8568 0.903 0.3938 0.1128 0.0436 0.0018 0 0 0 0 0 0 0 0.0126 0.194 0.7548 1.8412 2.1836 1.548 0.8976 0.3644 0.1458 0.058 0 0 0 0 0 0 0 0 0.0188 0.131 0.5056 1.1012 1.505 1.3116 0.7862 0.3966 0.1542 0.0816 0.0072 0.001 0 0 
0 0 0 0 0 0 0 0 0 0 0 0 0 0 0 0 0.1958 5.1194 6.017 1.8828 0.5408 0.1642 0.062 0.018 0 0 0 0 0 0 0 0 0 0.013 0.7088 3.6666 4.0182 2.2802 0.813 0.3406 0.1226 0.037 0 0 0 0 0 0 0 0 0 0.083 0.8108 2.6102 2.9818 1.994 0.9226 0.3894 0.1362 0.072 0 0 0 0 0 0 0 0 0.0066 0.1092 0.693 1.7054 2.2196 1.7596 0.9006 0.3576 0.1816 0.0602 0.0066 0 0 0 0 0 0 0 0.0144 0.093 0.4584 0.957 1.5476 1.3372 0.9064 0.3914 0.232 0.0626 0 0 0 0 
0 0 0 0 0 0 0 0 0 0 0 0 0 0 0 0 0.2448 4.6906 6.2542 2.096 0.5228 0.1294 0.0416 0.0166 0.004 0 0 0 0 0 0 0 0 0.025 0.6542 3.153 4.3528 2.4984 0.9296 0.2458 0.0842 0.0436 0.0074 0.0046 0.0014 0 0 0 0 0 0 0.0674 0.7202 2.1686 3.1466 2.3564 1.077 0.2944 0.0936 0.0538 0.0158 0.0062 0 0 0 0 0 0 0.0016 0.0848 0.558 1.4596 2.284 1.9492 1.1008 0.391 0.0896 0.053 0.022 0.0064 0 0 0 0 0 0 0.0104 0.0578 0.3588 0.7996 1.4742 1.5022 1.1542 0.415 0.1418 0.0542 0.0296 0.0022 0 0 
0 0 0 0 0 0 0 0 0 0 0 0 0 0 0 0 0.2862 4.8768 5.99 2.0862 0.5506 0.1612 0.0366 0.0124 0 0 0 0 0 0 0 0 0 0.0324 0.8484 3.187 4.152 2.436 0.9354 0.2744 0.1026 0.0246 0.0072 0 0 0 0 0 0 0 0 0.1202 0.8924 2.2228 2.9226 2.1646 1.0708 0.4246 0.1412 0.0262 0.011 0.0036 0 0 0 0 0 0 0.0038 0.1658 0.7378 1.4848 2.0196 1.812 1.1196 0.4054 0.1896 0.0474 0.0108 0.0034 0 0 0 0 0 0 0.0042 0.1018 0.4948 0.9708 1.2574 1.3412 1.0272 0.4616 0.2354 0.0832 0.0164 0.006 0 0 
0 0 0 0 0 0 0 0 0 0 0 0 0 0 0 0 0.2612 5.2512 5.937 1.8666 0.4972 0.152 0.0348 0 0 0 0 0 0 0 0 0 0 0.0314 0.747 3.798 4.235 2.0502 0.8354 0.2388 0.0548 0.0094 0 0 0 0 0 0 0 0 0.0054 0.088 0.8546 2.722 3.1744 1.9258 0.8176 0.311 0.08 0.0194 0.0018 0 0 0 0 0 0 0.0008 0.0134 0.1296 0.697 1.8838 2.2764 1.7594 0.8078 0.3194 0.0684 0.0338 0.0102 0 0 0 0 0 0 0 0.0082 0.1136 0.4522 1.1902 1.5688 1.3766 0.8402 0.302 0.0926 0.0294 0.016 0.0102 0 0 
0 0 0 0 0 0 0 0 0 0 0 0 0 0 0 0 0.2206 4.9756 6.058 2.0354 0.53 0.149 0.02 0.0048 0.0066 0 0 0 0 0 0 0 0 0.0158 0.6874 3.4282 4.3642 2.2798 0.851 0.2596 0.0844 0.0214 0.0082 0 0 0 0 0 0 0 0 0.0884 0.7226 2.5064 3.089 2.197 0.9216 0.3346 0.1022 0.0248 0.0134 0 0 0 0 0 0 0 0.0024 0.1126 0.5146 1.8436 2.2634 1.7754 0.9348 0.3804 0.1386 0.0242 0.0052 0.0048 0 0 0 0 0 0 0.0088 0.0616 0.321 1.1158 1.5472 1.3848 0.9234 0.4286 0.1724 0.0228 0.0056 0.008 0 0 
0 0 0 0 0 0 0 0 0 0 0 0 0 0 0 0 0.2156 4.9964 5.931 2.0614 0.6008 0.1648 0.0124 0.0092 0.0084 0 0 0 0 0 0 0 0 0.0056 0.7494 3.3782 4.2218 2.3152 0.9226 0.2914 0.0698 0.0266 0.0194 0 0 0 0 0 0 0 0 0.0592 0.8506 2.3412 3.114 2.0546 1.019 0.4104 0.0896 0.0448 0.0098 0.0068 0 0 0 0 0 0 0 0.1068 0.6318 1.6258 2.2436 1.7454 1.0556 0.37 0.1582 0.0422 0.0148 0.0058 0 0 0 0 0 0 0.0046 0.0904 0.3866 1.0154 1.4104 1.4466 0.9434 0.4376 0.1874 0.0522 0.0166 0.0088 0 0 
0 0 0 0 0 0 0 0 0 0 0 0 0 0 0 0 0.2242 4.949 6.0536 2.0076 0.512 0.173 0.0758 0.0048 0 0 0 0 0 0 0 0 0 0.0184 0.698 3.429 4.243 2.2566 0.8852 0.3258 0.1034 0.0314 0.0092 0 0 0 0 0 0 0 0.006 0.0944 0.7256 2.4408 3.0324 2.0704 1.025 0.3832 0.1686 0.041 0.0126 0 0 0 0 0 0 0.0012 0.0114 0.1446 0.5506 1.674 2.2446 1.7034 0.9144 0.4826 0.1926 0.0406 0.0212 0.0188 0 0 0 0 0 0.0038 0.021 0.0866 0.3342 0.9832 1.6008 1.2824 0.8528 0.4748 0.238 0.074 0.0254 0.0158 0.0072 0 
0 0 0 0 0 0 0 0 0 0 0 0 0 0 0 0 0.2478 5.0956 5.9972 2.0388 0.4844 0.1182 0.017 0.001 0 0 0 0 0 0 0 0 0 0.0248 0.8828 3.2974 4.2748 2.372 0.8858 0.2446 0.0132 0.0046 0 0 0 0 0 0 0 0 0.001 0.1152 0.943 2.3626 2.9766 2.2742 0.9652 0.304 0.0538 0.0044 0 0 0 0 0 0 0 0 0.0132 0.192 0.7012 1.542 2.3306 1.8456 0.9084 0.3802 0.0742 0.0126 0 0 0 0 0 0 0 0 0.0252 0.1476 0.4474 0.9616 1.5192 1.4028 0.9588 0.3972 0.1244 0.015 0.0008 0 0 0 
0 0 0 0 0 0 0 0 0 0 0 0 0 0 0 0 0.2226 4.9618 5.993 2.1036 0.5554 0.1278 0.0358 0 0 0 0 0 0 0 0 0 0 0.0178 0.6812 3.4672 4.2272 2.3144 0.8522 0.3018 0.0998 0.0358 0.0026 0 0 0 0 0 0 0 0.0018 0.0576 0.8382 2.491 3.0624 2.044 0.958 0.3462 0.1478 0.042 0.011 0 0 0 0 0 0 0 0.0048 0.0792 0.6992 1.654 2.27 1.7788 0.8778 0.356 0.2012 0.0482 0.0182 0.006 0.0066 0 0 0 0 0 0.0018 0.0798 0.4456 0.9736 1.5168 1.3924 0.922 0.3836 0.1582 0.0674 0.047 0.0034 0.0038 0.0046 
0 0 0 0 0 0 0 0 0 0 0 0 0 0 0 0 0.2406 5.0394 5.9998 2.015 0.5342 0.1472 0.0238 0 0 0 0 0 0 0 0 0 0 0.0272 0.7834 3.506 4.076 2.3178 0.8824 0.3102 0.0838 0.0132 0 0 0 0 0 0 0 0 0.0026 0.0896 0.9478 2.3628 3.008 2.1226 0.9712 0.3836 0.0824 0.0246 0.0048 0 0 0 0 0 0 0 0.0042 0.1194 0.7854 1.6132 2.12 1.8154 0.9842 0.3998 0.0968 0.0442 0.011 0.0064 0 0 0 0 0 0 0.0012 0.1172 0.5004 1.0338 1.3132 1.473 0.9198 0.414 0.1486 0.0442 0.0324 0.0022 0 0 
0 0 0 0 0 0 0 0 0 0 0 0 0 0 0 0 0.2424 4.8212 6.1128 2.06 0.5662 0.1436 0.0472 0.0066 0 0 0 0 0 0 0 0 0 0.0176 0.6622 3.3466 4.1586 2.4032 0.9572 0.3456 0.074 0.0254 0.0092 0.0004 0 0 0 0 0 0 0 0.0572 0.7448 2.2878 3.1228 2.1996 1.0304 0.3936 0.1184 0.0332 0.0122 0 0 0 0 0 0 0 0.0026 0.0978 0.5338 1.512 2.3074 1.922 1.0334 0.409 0.1158 0.0504 0.0132 0.0026 0 0 0 0 0 0 0.0072 0.0684 0.2604 0.9568 1.5054 1.5114 0.9874 0.4652 0.1538 0.0598 0.0242 0 0 0 
0 0 0 0 0 0 0 0 0 0 0 0 0 0 0 0 0.2054 4.8182 6.2096 2.057 0.5762 0.1072 0.0202 0.0062 0 0 0 0 0 0 0 0 0 0.0094 0.6208 3.2786 4.416 2.4438 0.8614 0.2896 0.0704 0.01 0 0 0 0 0 0 0 0 0 0.0628 0.6878 2.2982 3.1454 2.3558 0.9804 0.3374 0.1068 0.0244 0.001 0 0 0 0 0 0 0 0 0.069 0.5658 1.5464 2.2468 2.0042 1.0204 0.3886 0.1194 0.0352 0.0042 0 0 0 0 0 0 0 0 0.062 0.3268 0.9548 1.447 1.5722 0.979 0.4528 0.1464 0.0506 0.0084 0 0 0 
0 0 0 0 0 0 0 0 0 0 0 0 0 0 0 0 0.2614 5.3234 5.746 1.939 0.5366 0.1486 0.0256 0.0102 0.0066 0.0026 0 0 0 0 0 0 0 0.0408 0.8862 3.7432 3.9918 2.0936 0.8566 0.282 0.06 0.0234 0.0168 0.0056 0 0 0 0 0 0 0.0038 0.128 1.0186 2.689 2.8782 1.9714 0.8694 0.2762 0.0912 0.045 0.028 0.0012 0 0 0 0 0 0.0008 0.014 0.1656 0.874 1.7932 2.2294 1.5906 0.8198 0.3264 0.1146 0.0372 0.027 0.0074 0 0 0 0 0 0 0.0144 0.1496 0.523 1.1364 1.5972 1.236 0.7216 0.3806 0.143 0.0556 0.0346 0.008 0 0 
0 0 0 0 0 0 0 0 0 0 0 0 0 0 0 0 0.2552 4.9252 6.0626 2.089 0.5312 0.119 0.0062 0.0042 0.0074 0 0 0 0 0 0 0 0 0.0354 0.7624 3.283 4.1556 2.494 0.9188 0.2886 0.0508 0.0042 0.0072 0 0 0 0 0 0 0 0.0086 0.1056 0.8404 2.3072 2.981 2.2302 1.0342 0.3806 0.0942 0.018 0 0 0 0 0 0 0 0 0.014 0.1356 0.69 1.5108 2.2168 1.7956 1.0028 0.4516 0.1594 0.0234 0 0 0 0 0 0 0 0 0.0108 0.1238 0.4124 1.0194 1.3516 1.3326 0.983 0.5228 0.2154 0.0282 0 0 0 0 
0 0 0 0 0 0 0 0 0 0 0 0 0 0 0 0 0.1942 5.0714 6.0244 2.1394 0.4614 0.0982 0.011 0 0 0 0 0 0 0 0 0 0 0.0114 0.6922 3.4562 4.1504 2.4526 0.9182 0.278 0.0348 0.0062 0 0 0 0 0 0 0 0 0.0006 0.0456 0.842 2.3422 3.0298 2.2722 1.0542 0.3194 0.0776 0.0164 0 0 0 0 0 0 0 0 0 0.0686 0.6028 1.756 2.1136 1.884 1.0998 0.3564 0.0946 0.0242 0 0 0 0 0 0 0 0 0 0.0364 0.3336 1.0356 1.6 1.4704 0.9596 0.3774 0.1326 0.0458 0.0086 0 0 0 
0 0 0 0 0 0 0 0 0 0 0 0 0 0 0 0 0.169 4.6704 6.1344 2.3958 0.4932 0.0952 0.029 0.013 0 0 0 0 0 0 0 0 0 0.011 0.5622 3.1518 4.3144 2.5066 1.1342 0.2412 0.0526 0.0152 0.0108 0 0 0 0 0 0 0 0 0.0242 0.6254 2.2188 3.0546 2.4436 1.1022 0.4212 0.075 0.0226 0.0086 0.0038 0 0 0 0 0 0 0.002 0.0396 0.4476 1.509 2.1966 2.0428 1.1722 0.444 0.1062 0.0218 0.0182 0 0 0 0 0 0 0 0 0.0212 0.2594 0.9028 1.4094 1.518 1.1298 0.554 0.1514 0.0392 0.0116 0.0032 0 0 
0 0 0 0 0 0 0 0 0 0 0 0 0 0 0 0 0.2252 4.8644 6.044 2.0648 0.553 0.187 0.0558 0.0058 0 0 0 0 0 0 0 0 0 0.0148 0.6416 3.383 4.302 2.2984 0.9062 0.3548 0.0784 0.0182 0.0026 0 0 0 0 0 0 0 0 0.038 0.7586 2.3278 3.2162 2.1122 0.9948 0.4106 0.1032 0.0338 0.0048 0 0 0 0 0 0 0 0.0004 0.0646 0.579 1.5852 2.3274 1.8304 0.9974 0.448 0.1204 0.0346 0.0126 0 0 0 0 0 0 0 0 0.06 0.291 0.9956 1.516 1.472 0.967 0.532 0.1264 0.026 0.014 0 0 0 
0 0 0 0 0 0 0 0 0 0 0 0 0 0 0 0 0.1986 4.8042 6.2064 1.9904 0.5962 0.1628 0.037 0.0044 0 0 0 0 0 0 0 0 0 0.0144 0.65 3.307 4.2356 2.3976 0.8916 0.3704 0.0928 0.033 0.0056 0.002 0 0 0 0 0 0 0 0.048 0.7354 2.3776 3.0396 2.212 0.9334 0.4516 0.1466 0.0446 0.0112 0 0 0 0 0 0 0 0 0.0802 0.5732 1.585 2.154 1.922 1.024 0.4116 0.1482 0.082 0.0198 0 0 0 0 0 0 0 0.0034 0.0532 0.3742 0.8566 1.4802 1.4658 1.0614 0.404 0.1684 0.0888 0.0422 0.0018 0 0 
0 0 0 0 0 0 0 0 0 0 0 0 0 0 0 0.001 0.2452 4.759 6.1028 2.1424 0.5678 0.1478 0.0298 0.0042 0 0 0 0 0 0 0 0 0 0.023 0.7036 3.283 4.0844 2.488 0.9866 0.3156 0.0754 0.0404 0 0 0 0 0 0 0 0 0.0024 0.094 0.74 2.2902 2.9552 2.2546 1.0976 0.3896 0.141 0.0208 0.0108 0.0038 0 0 0 0 0 0 0.014 0.1026 0.597 1.5578 2.0584 1.888 1.1112 0.4516 0.1578 0.047 0.0146 0 0 0 0 0 0 0 0.0112 0.0902 0.3548 0.932 1.3476 1.3696 1.0894 0.5706 0.1536 0.0564 0.0246 0 0 0 
0 0 0 0 0 0 0 0 0 0 0 0 0 0 0 0 0.2498 4.9668 5.956 2.1416 0.5028 0.125 0.0522 0.0058 0 0 0 0 0 0 0 0 0 0.0234 0.8058 3.37 4.1806 2.3232 0.9084 0.2698 0.0824 0.0284 0.008 0 0 0 0 0 0 0 0.0034 0.1012 0.7824 2.4784 3.0888 2.0178 1.0326 0.3386 0.105 0.0426 0.0092 0 0 0 0 0 0 0 0.0166 0.1136 0.6388 1.6358 2.2426 1.8282 0.9408 0.4112 0.1186 0.044 0.0098 0 0 0 0 0 0 0 0.015 0.088 0.3932 1.006 1.5088 1.4382 0.913 0.404 0.1554 0.0578 0.0206 0 0 0 
0 0 0 0 0 0 0 0 0 0 0 0 0 0 0 0 0.1988 4.9638 5.9148 2.245 0.5122 0.1158 0.0328 0.0168 0 0 0 0 0 0 0 0 0 0.0188 0.6898 3.5014 3.977 2.4716 0.969 0.278 0.0798 0.0146 0 0 0 0 0 0 0 0 0 0.072 0.8234 2.4856 2.813 2.303 1.006 0.3398 0.115 0.0404 0.0018 0 0 0 0 0 0 0 0.0058 0.0902 0.6136 1.6514 2.2724 1.7542 1.022 0.4216 0.1272 0.0416 0 0 0 0 0 0 0 0 0.0154 0.0538 0.35 1.0306 1.533 1.4102 0.8824 0.509 0.1554 0.0554 0.0048 0 0 0 
0 0 0 0 0 0 0 0 0 0 0 0 0 0 0 0 0.2286 5.0948 6.0226 1.9346 0.5718 0.123 0.0188 0.0058 0 0 0 0 0 0 0 0 0 0.009 0.7326 3.5288 4.3116 2.1532 0.8828 0.2704 0.0882 0.0136 0.0098 0 0 0 0 0 0 0 0 0.0578 0.8532 2.4636 3.2738 1.9744 0.9124 0.3172 0.107 0.0296 0.0042 0.0054 0.0014 0 0 0 0 0 0.0022 0.093 0.6572 1.7062 2.4298 1.6676 0.9372 0.3564 0.1098 0.022 0.0126 0.006 0 0 0 0 0 0 0.0032 0.0726 0.3712 1.0364 1.6406 1.4618 0.8248 0.4248 0.1056 0.048 0.0064 0.0046 0 0 
0 0 0 0 0 0 0 0 0 0 0 0 0 0 0 0 0.2772 4.8054 5.9608 2.3018 0.5216 0.1174 0.0158 0 0 0 0 0 0 0 0 0 0 0.0402 0.7302 3.2266 4.1112 2.5832 0.8658 0.3694 0.0576 0.0158 0 0 0 0 0 0 0 0 0.0158 0.0898 0.7936 2.3684 2.9018 2.1498 1.0206 0.5034 0.1262 0.0306 0 0 0 0 0 0 0 0.006 0.0222 0.142 0.5978 1.6116 2.057 1.8074 0.9762 0.5074 0.1942 0.0728 0.0054 0 0 0 0 0 0.0014 0.0072 0.0236 0.1016 0.401 0.9384 1.4014 1.3356 0.9288 0.51 0.2086 0.1268 0.0156 0 0 0 
0 0 0 0 0 0 0 0 0 0 0 0 0 0 0 0 0.2138 4.9812 5.8792 2.052 0.646 0.1536 0.0316 0.028 0.0146 0 0 0 0 0 0 0 0 0.0148 0.772 3.4478 3.9858 2.345 0.95 0.3454 0.0956 0.0212 0.0194 0.003 0 0 0 0 0 0 0 0.064 0.8616 2.421 2.9708 2.0806 1.0152 0.3904 0.1526 0.0162 0.0276 0 0 0 0 0 0 0 0 0.106 0.675 1.6564 2.2044 1.719 0.9522 0.5094 0.1236 0.0344 0.0126 0.007 0 0 0 0 0 0 0.0072 0.0814 0.4062 1.0262 1.4086 1.3906 0.9214 0.541 0.1596 0.0412 0.008 0.0086 0 0 
0 0 0 0 0 0 0 0 0 0 0 0 0 0 0 0 0.2312 4.9606 5.9408 2.0308 0.5578 0.214 0.0568 0.008 0 0 0 0 0 0 0 0 0 0.0148 0.7186 3.586 3.9602 2.2838 0.8568 0.3702 0.1548 0.0516 0.0032 0 0 0 0 0 0 0 0 0.047 0.8924 2.5346 2.8406 2.027 1.0202 0.3786 0.181 0.0668 0.0118 0 0 0 0 0 0 0 0.0012 0.0966 0.7416 1.73 2.0466 1.668 1.0342 0.4074 0.1682 0.074 0.0322 0 0 0 0 0 0 0 0.0052 0.0722 0.4394 1.1172 1.407 1.2444 0.834 0.5618 0.1706 0.1048 0.0434 0 0 0 
0 0 0 0 0 0 0 0 0 0 0 0 0 0 0 0 0.2306 4.9306 6.2032 1.959 0.4614 0.1572 0.0388 0.0104 0.0088 0 0 0 0 0 0 0 0 0.023 0.701 3.4498 4.4196 2.1176 0.8626 0.3056 0.0808 0.0242 0.009 0.0068 0 0 0 0 0 0 0.0062 0.0914 0.716 2.5178 3.2084 2.0308 0.8606 0.3786 0.1408 0.029 0.009 0.0114 0 0 0 0 0 0 0.0182 0.1004 0.5796 1.7738 2.301 1.6744 0.9364 0.397 0.1522 0.049 0.0078 0.0102 0 0 0 0 0 0 0.0198 0.065 0.3572 1.1512 1.4514 1.3332 0.9516 0.4252 0.1822 0.0442 0.0126 0.0064 0 0 
0 0 0 0 0 0 0 0 0 0 0 0 0 0 0 0 0.2732 5.2864 5.991 1.7944 0.479 0.1384 0.0266 0.011 0 0 0 0 0 0 0 0 0 0.017 0.9212 3.718 4.1474 2.0942 0.7552 0.28 0.0578 0.0092 0 0 0 0 0 0 0 0 0.0008 0.109 1.0546 2.6808 2.9882 1.907 0.8372 0.3066 0.0906 0.0224 0.0028 0 0 0 0 0 0 0 0.0082 0.1262 0.921 1.8108 2.2534 1.535 0.8866 0.325 0.0946 0.0352 0.004 0 0 0 0 0 0 0 0.006 0.113 0.6008 1.1992 1.4506 1.296 0.819 0.335 0.1304 0.0474 0.0026 0 0 0 
0 0 0 0 0 0 0 0 0 0 0 0 0 0 0 0 0.2456 4.9406 6.175 1.911 0.5684 0.14 0.0194 0 0 0 0 0 0 0 0 0 0 0.018 0.712 3.546 4.2112 2.2486 0.891 0.286 0.0766 0.0106 0 0 0 0 0 0 0 0 0.0028 0.0724 0.764 2.5268 3.1576 2.0672 0.908 0.377 0.107 0.0172 0 0 0 0 0 0 0 0 0.0048 0.0862 0.6166 1.7168 2.3828 1.7522 0.9372 0.3412 0.143 0.0192 0 0 0 0 0 0 0 0 0 0.0658 0.361 1.0208 1.594 1.4946 0.9024 0.3978 0.1394 0.0242 0 0 0 0 
0 0 0 0 0 0 0 0 0 0 0 0 0 0 0 0 0.2104 4.574 6.2022 2.285 0.5354 0.155 0.038 0 0 0 0 0 0 0 0 0 0 0.0194 0.5614 3.0708 4.4694 2.47 1.0032 0.2976 0.085 0.0232 0 0 0 0 0 0 0 0 0.0004 0.0568 0.6058 2.1256 3.1374 2.481 1.1044 0.3236 0.1294 0.0356 0 0 0 0 0 0 0 0 0.0076 0.0678 0.4136 1.4034 2.2028 2.199 1.1512 0.3454 0.1648 0.0444 0 0 0 0 0 0 0 0 0.0098 0.0418 0.2286 0.7782 1.4128 1.7536 1.106 0.4206 0.1912 0.056 0.0014 0 0 0 
0 0 0 0 0 0 0 0 0 0 0 0 0 0 0 0 0.2286 4.8724 6.1086 1.999 0.5962 0.146 0.0376 0.0116 0 0 0 0 0 0 0 0 0 0.0118 0.7256 3.3146 4.234 2.3846 0.8866 0.2898 0.118 0.035 0 0 0 0 0 0 0 0 0 0.0842 0.743 2.4284 2.9796 2.2296 1.0226 0.329 0.1476 0.036 0 0 0 0 0 0 0 0 0.0062 0.0948 0.573 1.666 2.1392 1.9464 1.0168 0.3636 0.1478 0.0412 0.005 0 0 0 0 0 0 0 0.0078 0.0782 0.3486 0.9744 1.4234 1.4254 1.1094 0.409 0.1746 0.0456 0.0036 0 0 0 
0 0 0 0 0 0 0 0 0 0 0 0 0 0 0 0 0.2334 5.0332 5.9438 2.1496 0.528 0.0952 0.0168 0 0 0 0 0 0 0 0 0 0 0.0158 0.8132 3.3644 4.0382 2.5234 0.9268 0.2296 0.065 0.0236 0 0 0 0 0 0 0 0 0 0.107 0.9576 2.286 2.8872 2.2506 1.069 0.278 0.1158 0.0436 0.0052 0 0 0 0 0 0 0 0.0028 0.1484 0.7168 1.5876 2.131 1.808 1.0564 0.367 0.1146 0.0446 0.0228 0 0 0 0 0 0 0 0.002 0.1228 0.5084 0.9078 1.4806 1.3148 0.9416 0.4908 0.141 0.0506 0.0368 0.0028 0 0 
0 0 0 0 0 0 0 0 0 0 0 0 0 0 0 0 0.195 5.0926 6.0688 2.009 0.4392 0.1192 0.0522 0.0186 0.0054 0 0 0 0 0 0 0 0 0.0156 0.7 3.625 4.3188 2.2038 0.8236 0.2034 0.062 0.0274 0.0144 0.006 0 0 0 0 0 0 0 0.0446 0.8204 2.5494 3.3224 1.921 0.922 0.2608 0.1132 0.0242 0.0084 0.0136 0 0 0 0 0 0 0 0.0648 0.7088 1.7232 2.4428 1.7504 0.833 0.2932 0.1288 0.032 0.011 0.012 0 0 0 0 0 0 0.0034 0.051 0.4176 1.1016 1.6782 1.4038 0.7916 0.3372 0.1274 0.0674 0.0066 0.0118 0.0024 0 
