0.03 0.09 0.15 0.21 0.27 0.33 0.39 0.45 0.51 0.57 0.63 0.69 0.75 0.81 0.87 0.93 0.99 1.05 1.11 1.17 1.23 1.29 1.35 1.41 1.47 1.53 1.59 1.65 1.71 1.77 1.83 1.89 1.95 2.01 2.07 2.13 2.19 2.25 2.31 2.37 2.43 2.49 2.55 2.61 2.67 2.73 2.79 2.85 2.91 2.97 3.03 3.09 3.15 3.21 3.27 3.33 3.39 3.45 3.51 3.57 3.63 3.69 3.75 3.81 3.87 3.93 3.99 4.05 4.11 4.17 4.23 4.29 4.35 4.41 4.47 4.53 4.59 4.65 4.71 4.77 4.83 4.89 4.95 5.01 5.07 5.13 5.19 5.25 5.31 5.37 5.43 5.49 5.55 5.61 5.67 5.73 5.79 5.85 5.91 5.97 
0 0 0 0 0 0 0 0 0 0 0 0 0 0 0 0 0 0 0.0114 0.0592 0.2334 0.4482 0.7336 0.8158 0.8746 0.941 0.8622 0.5682 0.5526 0.3738 0.207 0.1304 0.099 0.1264 0.0426 0.0294 0.0202 0.045 0.022 0.0152 0.0126 0.02 0.0704 0.133 0.1248 0.2174 0.3066 0.478 0.4942 0.69 0.5248 0.409 0.3994 0.3266 0.2552 0.1946 0.1426 0.1522 0.0794 0.0948 0.0496 0.0754 0.0638 0.0578 0.0398 0.0274 0.0532 0.0922 0.0936 0.107 0.1562 0.2002 0.2648 0.2812 0.2034 0.2584 0.284 0.297 0.2648 0.1734 0.1728 0.0862 0.0832 0.0428 0.0458 0.0938 0.0866 0.0722 0.0904 0.0232 0.0338 0.0602 0.0242 0.023 0.039 0.1106 0.0972 0.1116 0.0954 0.0704 
0 0 0 0 0 0 0 0 0 0 0 0 0 0 0 0 0 0 0.0048 0.0624 0.2338 0.5042 0.9336 1.1652 1.0456 0.9656 0.8368 0.6304 0.4656 0.321 0.3134 0.2334 0.1214 0.0784 0.026 0.0202 0.018 0.0088 0.0114 0 0.0258 0.0356 0.1152 0.0762 0.2182 0.3162 0.4754 0.5948 0.6108 0.5518 0.5176 0.593 0.3784 0.304 0.2494 0.1886 0.181 0.1188 0.1372 0.133 0.0782 0.0234 0.0352 0.0436 0.0632 0.0266 0.0792 0.0718 0.0966 0.1754 0.1922 0.2558 0.315 0.3264 0.3674 0.3194 0.2594 0.2486 0.2174 0.1536 0.136 0.121 0.1246 0.1218 0.1054 0.055 0.0338 0.0496 0.0366 0.0224 0.0166 0.0154 0.0396 0.0516 0.0664 0.1312 0.0922 0.1196 0.081 0.227 
0 0 0 0 0 0 0 0 0 0 0 0 0 0 0 0 0 0.0012 0.008 0.0616 0.206 0.6078 0.9576 0.9158 1.2082 1.0994 0.8976 0.6128 0.4452 0.3042 0.2308 0.2006 0.102 0.0958 0.0246 0.008 0.0128 0 0 0.0002 0.0096 0.0118 0.0616 0.1218 0.2084 0.3566 0.632 0.4992 0.5752 0.5018 0.5846 0.5408 0.3838 0.3918 0.2538 0.3478 0.2322 0.1568 0.0754 0.0374 0.0174 0 0 0 0 0.0036 0.045 0.1298 0.1758 0.158 0.195 0.2494 0.3058 0.363 0.3562 0.3742 0.3144 0.247 0.218 0.165 0.1712 0.1652 0.1718 0.0712 0.049 0.009 0.0048 0.0054 0.0076 0.0106 0.0072 0.0622 0.0608 0.0784 0.0642 0.097 0.0796 0.0876 0.1334 0.154 
0 0 0 0 0 0 0 0 0 0 0 0 0 0 0 0 0 0 0.0042 0.0518 0.1466 0.3684 0.727 0.873 1.0412 1.2876 1.1438 0.7098 0.4804 0.4028 0.2298 0.1626 0.1628 0.063 0.0484 0.0364 0.0416 0.0188 0 0 0 0.025 0.0216 0.0986 0.1442 0.1984 0.2248 0.425 0.6522 0.67 0.6372 0.5972 0.511 0.4718 0.3998 0.304 0.199 0.1458 0.109 0.0608 0.0562 0.0184 0.0102 0.0076 0.0122 0.0176 0.0274 0.0546 0.084 0.0496 0.1666 0.204 0.145 0.2122 0.3112 0.4038 0.431 0.4006 0.3374 0.2992 0.2534 0.1658 0.1292 0.0978 0.0914 0.0764 0.027 0.0134 0.0014 0 0.0134 0.015 0.013 0.0484 0.039 0.0412 0.0472 0.0858 0.0884 0.0898 
0 0 0 0 0 0 0 0 0 0 0 0 0 0 0 0 0 0 0.0122 0.0728 0.2256 0.4816 0.7314 0.9034 1.008 0.9406 0.8562 0.74 0.5806 0.4128 0.324 0.2144 0.1026 0.0852 0.0848 0.0578 0.0492 0.0242 0.0146 0.0154 0.0256 0.0398 0.0506 0.113 0.2354 0.3304 0.3348 0.421 0.5068 0.6584 0.4912 0.4272 0.5382 0.3214 0.3374 0.3346 0.2336 0.146 0.0924 0.0712 0.101 0.0852 0.0348 0.0162 0.0384 0.038 0.0614 0.0584 0.095 0.1826 0.2266 0.1764 0.2092 0.2964 0.3172 0.229 0.3346 0.2588 0.2402 0.2508 0.2158 0.1634 0.1294 0.1088 0.072 0.076 0.1204 0.0592 0.049 0.0412 0.0102 0.0586 0.0492 0.0504 0.0402 0.0616 0.0942 0.0906 0.0688 0.0902 
0 0 0 0 0 0 0 0 0 0 0 0 0 0 0 0 0 0 0 0.038 0.2988 0.4894 0.8434 0.9656 1.1424 0.962 0.7208 0.57 0.5514 0.4096 0.2598 0.251 0.217 0.1318 0.04 0.0146 0.0196 0.0174 0.0134 0.0034 0.0036 0.0044 0.059 0.1336 0.2114 0.3764 0.4296 0.5084 0.4948 0.4106 0.4972 0.4224 0.544 0.5344 0.4704 0.1882 0.2202 0.2244 0.0962 0.0726 0.0194 0.0322 0.022 0.0312 0.0228 0.026 0.0334 0.1028 0.0908 0.1414 0.1882 0.2584 0.2054 0.2214 0.3082 0.3114 0.3104 0.348 0.3292 0.189 0.2536 0.127 0.1064 0.069 0.118 0.0902 0.0876 0.0374 0.0356 0.0192 0.0276 0.0152 0.016 0.0274 0.074 0.044 0.0968 0.1294 0.1302 0.099 
0 0 0 0 0 0 0 0 0 0 0 0 0 0 0 0 0 0 0 0.0694 0.2108 0.5198 0.9108 1.0148 1.117 0.9398 0.8376 0.7452 0.479 0.3984 0.281 0.218 0.0854 0.0598 0.052 0.018 0.0054 0.005 0.0048 0.0052 0.0054 0.0114 0.0946 0.1954 0.1774 0.2372 0.3932 0.5786 0.5812 0.5842 0.536 0.4514 0.4976 0.45 0.3156 0.253 0.2262 0.1246 0.101 0.093 0.0436 0.0272 0.0244 0.0302 0.0154 0.0322 0.0374 0.0706 0.1306 0.1548 0.2102 0.2164 0.3194 0.2862 0.3142 0.2316 0.275 0.2372 0.2636 0.2366 0.2376 0.2066 0.1576 0.1398 0.1184 0.065 0.0256 0.0166 0.0256 0.0056 0.0046 0.0044 0.0302 0.0252 0.06 0.1226 0.1752 0.0884 0.0766 0.0744 
0 0 0 0 0 0 0 0 0 0 0 0 0 0 0 0 0 0 0.0074 0.032 0.2474 0.5406 0.9234 1.0718 1.0974 1.1134 0.8242 0.6572 0.482 0.2866 0.3266 0.2444 0.1008 0.0448 0 0 0 0 0 0 0 0.0054 0.0366 0.1202 0.2452 0.3456 0.456 0.571 0.7404 0.6576 0.5384 0.5644 0.4082 0.357 0.2504 0.1716 0.1498 0.1542 0.0926 0.0794 0.0218 0.0122 0.0082 0.0138 0 0.0158 0.0316 0.0588 0.0636 0.155 0.245 0.394 0.4124 0.4304 0.3386 0.3018 0.336 0.253 0.2202 0.1388 0.1084 0.0892 0.0934 0.0948 0.0832 0.0494 0.0438 0.0244 0.027 0.0084 0.0106 0.018 0.0244 0.0218 0.0194 0.0608 0.1566 0.127 0.1798 0.2332 
0 0 0 0 0 0 0 0 0 0 0 0 0 0 0 0 0 0 0.0018 0.0772 0.2658 0.5506 1.0362 1.1624 1.0988 0.914 0.8222 0.5796 0.455 0.3266 0.2762 0.1528 0.1186 0.1288 0.0208 0.0126 0 0 0 0 0.0228 0.057 0.0774 0.096 0.1794 0.3872 0.6046 0.5944 0.6058 0.558 0.566 0.4762 0.5246 0.3554 0.3066 0.224 0.1808 0.065 0.0466 0.035 0.0236 0.0232 0.0076 0.0068 0.0224 0.0138 0.0374 0.062 0.161 0.2598 0.2278 0.2042 0.3102 0.2862 0.3082 0.3996 0.3984 0.2744 0.2728 0.3218 0.187 0.1236 0.0716 0.0238 0.01 0 0 0 0.0034 0.0288 0.0238 0.0252 0.026 0.0598 0.0786 0.0888 0.0904 0.1042 0.156 0.1382 
0 0 0 0 0 0 0 0 0 0 0 0 0 0 0 0 0 0 0 0.0326 0.1608 0.5452 0.7884 0.9336 1.184 1.0248 0.892 0.7262 0.521 0.3372 0.2298 0.157 0.171 0.1162 0.0432 0.0488 0.073 0.0152 0 0 0 0.0148 0.0472 0.1144 0.2066 0.2696 0.3966 0.652 0.6026 0.4952 0.4976 0.462 0.4338 0.4144 0.3338 0.2616 0.1702 0.167 0.1328 0.0696 0.0462 0.0554 0.0728 0.0248 0.02 0.0108 0.0238 0.0418 0.085 0.1774 0.2036 0.3214 0.3442 0.3924 0.339 0.2676 0.2658 0.219 0.2166 0.1798 0.1922 0.1452 0.1042 0.0812 0.0668 0.0714 0.0458 0.0408 0.0552 0.0316 0.0524 0.0578 0.0266 0.0272 0.0576 0.093 0.1118 0.1598 0.126 0.1394 
0 0 0 0 0 0 0 0 0 0 0 0 0 0 0 0 0 0.0036 0.0092 0.06 0.234 0.456 0.8988 1.0572 1.184 1.0938 0.9032 0.603 0.397 0.2686 0.2526 0.2156 0.1878 0.093 0.0648 0.0178 0 0 0 0 0 0.0374 0.0616 0.1396 0.144 0.2364 0.4584 0.5956 0.686 0.7456 0.661 0.4714 0.4714 0.2748 0.2436 0.2258 0.1652 0.1606 0.1114 0.061 0.0376 0.0096 0.002 0.006 0.0152 0.0432 0.0466 0.0468 0.1074 0.0984 0.224 0.2414 0.28 0.365 0.3798 0.426 0.406 0.2516 0.2152 0.2442 0.1612 0.1362 0.1258 0.0664 0.0522 0.0266 0.0348 0 0 0.0108 0.0106 0.0196 0.0588 0.071 0.0766 0.0498 0.0868 0.0706 0.108 0.1562 
0 0 0 0 0 0 0 0 0 0 0 0 0 0 0 0 0 0 0.0028 0.0542 0.3108 0.5656 0.7244 1.0606 1.2208 0.98 0.914 0.7752 0.3928 0.2918 0.2614 0.2098 0.0488 0.0744 0.0386 0.055 0.0148 0.0042 0 0.0082 0.0276 0.0322 0.052 0.1212 0.163 0.3532 0.4212 0.591 0.6374 0.5874 0.5916 0.6868 0.4652 0.3242 0.2176 0.1504 0.1512 0.1262 0.0808 0.0862 0.0386 0.0344 0.0282 0.0284 0.0188 0.0188 0.0442 0.0808 0.0934 0.1622 0.2472 0.2818 0.2796 0.4206 0.351 0.3994 0.2736 0.2674 0.227 0.186 0.096 0.0652 0.08 0.1202 0.113 0.1056 0.0514 0.017 0.011 0.008 0.0112 0.021 0.0298 0.0438 0.0586 0.0728 0.1188 0.1162 0.138 0.1632 
0 0 0 0 0 0 0 0 0 0 0 0 0 0 0 0 0 0.003 0.0074 0.079 0.2582 0.6212 1.0236 1.0604 1.039 0.978 0.9022 0.6234 0.421 0.335 0.2168 0.1094 0.096 0.058 0.0332 0.0238 0.0124 0.0136 0.0208 0.0292 0.0252 0.0552 0.1298 0.1814 0.2644 0.3562 0.5886 0.5722 0.6338 0.5904 0.4744 0.3784 0.3508 0.2978 0.2984 0.253 0.1366 0.117 0.0954 0.0408 0.0494 0.0454 0.0246 0.0344 0.0428 0.0376 0.0736 0.119 0.1672 0.2674 0.2858 0.2732 0.3188 0.3512 0.3316 0.2686 0.2154 0.2258 0.1468 0.143 0.1034 0.1134 0.1506 0.121 0.0742 0.0616 0.029 0.0298 0.0212 0.0254 0.0278 0.0564 0.0582 0.0946 0.1412 0.1866 0.125 0.1074 0.1038 0.073 
0 0 0 0 0 0 0 0 0 0 0 0 0 0 0 0 0 0 0.0138 0.0846 0.3398 0.5506 0.7762 1.0484 1.0286 0.9376 0.9148 0.778 0.525 0.3484 0.2706 0.1632 0.0644 0.0728 0.0152 0.0154 0.0282 0.0244 0 0 0.004 0.0284 0.0614 0.1536 0.3044 0.3878 0.4528 0.5732 0.4952 0.6138 0.5458 0.5158 0.4324 0.3334 0.3152 0.219 0.1476 0.1026 0.088 0.0916 0.0442 0.0474 0.0424 0 0.006 0.035 0.0586 0.1108 0.1872 0.1624 0.2212 0.2744 0.283 0.2866 0.3522 0.3986 0.2846 0.2254 0.135 0.1794 0.1542 0.1788 0.1556 0.1228 0.0608 0.065 0.0442 0.0182 0 0.0042 0.0228 0.0376 0.0242 0.0624 0.075 0.0764 0.1522 0.1328 0.1902 0.1268 
0 0 0 0 0 0 0 0 0 0 0 0 0 0 0 0 0 0 0 0.0256 0.1904 0.6122 1.0626 1.1992 1.1104 0.901 0.6788 0.5342 0.4964 0.4302 0.3174 0.1494 0.123 0.0786 0.0408 0.0294 0.0048 0.0048 0.007 0.0038 0 0.0088 0.0356 0.1716 0.1934 0.3918 0.5064 0.586 0.5808 0.6558 0.6018 0.5782 0.3532 0.3912 0.326 0.1876 0.165 0.0822 0.0864 0.0564 0.0402 0.0016 0 0 0 0 0.0036 0.1032 0.1312 0.1988 0.211 0.323 0.2716 0.312 0.4104 0.353 0.4028 0.3606 0.2446 0.1982 0.1284 0.1128 0.1374 0.0694 0.028 0 0 0 0 0 0 0.018 0.0186 0.0222 0.0508 0.074 0.1132 0.1614 0.162 0.1504 
0 0 0 0 0 0 0 0 0 0 0 0 0 0 0 0 0 0 0.0126 0.0654 0.1872 0.4838 0.807 1.07 1.221 1.1024 0.801 0.7208 0.4916 0.3804 0.267 0.1246 0.0636 0.0758 0.0478 0.0294 0.0486 0 0 0 0.0144 0.0268 0.0432 0.1394 0.2432 0.3222 0.4556 0.56 0.724 0.5834 0.5008 0.5048 0.468 0.4046 0.2976 0.2162 0.1484 0.1332 0.1074 0.078 0.0142 0.0078 0.0068 0 0.0094 0.0124 0.028 0.0822 0.1216 0.1884 0.2892 0.3196 0.3478 0.302 0.3018 0.3962 0.2662 0.2362 0.1908 0.188 0.1792 0.1516 0.133 0.114 0.0762 0.0354 0.0062 0.007 0.01 0.0076 0 0.0172 0.0432 0.0276 0.0754 0.0808 0.1018 0.1386 0.1456 0.2038 
0 0 0 0 0 0 0 0 0 0 0 0 0 0 0 0 0 0 0.0136 0.0546 0.2884 0.5044 0.8722 1.0914 1.0254 0.9126 0.9384 0.653 0.4496 0.286 0.2218 0.1686 0.131 0.099 0.1374 0.0514 0.0294 0.0278 0.0198 0.0104 0.0138 0.0354 0.0902 0.1986 0.236 0.3112 0.4792 0.484 0.5566 0.5324 0.4564 0.5676 0.4886 0.3842 0.2808 0.2286 0.1328 0.0926 0.0754 0.1308 0.054 0.0824 0.0334 0.0488 0.024 0.056 0.0536 0.09 0.1396 0.2272 0.287 0.2338 0.1998 0.2388 0.2576 0.2704 0.2452 0.3278 0.2696 0.2462 0.2008 0.1422 0.0932 0.0862 0.1272 0.0794 0.0514 0.019 0.0288 0.0322 0.0176 0.0166 0.0426 0.0394 0.0702 0.1194 0.1526 0.1168 0.1016 0.0812 
0 0 0 0 0 0 0 0 0 0 0 0 0 0 0 0 0 0 0.003 0.0364 0.1154 0.2866 0.604 0.9968 1.079 1.0258 1.0014 0.9118 0.6434 0.417 0.2136 0.17 0.1444 0.1388 0.1124 0.0386 0.0122 0.0156 0.0062 0.0068 0.0072 0.013 0.0178 0.0266 0.1086 0.2416 0.2836 0.435 0.5082 0.5194 0.5342 0.6924 0.5164 0.4232 0.3946 0.3046 0.3144 0.1586 0.1036 0.1152 0.1136 0.0782 0.0224 0.0644 0.024 0.0072 0.0228 0.032 0.0488 0.1248 0.1144 0.123 0.1716 0.2012 0.2062 0.3632 0.3312 0.3448 0.31 0.3578 0.294 0.248 0.169 0.14 0.0742 0.066 0.086 0.0544 0.045 0.0398 0.0372 0.0102 0.0106 0.014 0.0158 0.0358 0.037 0.0746 0.1264 0.0692 
0 0 0 0 0 0 0 0 0 0 0 0 0 0 0 0 0 0 0.0044 0.0476 0.1668 0.4564 0.8146 1.117 1.14 1.2276 1.044 0.7426 0.5526 0.3142 0.142 0.0624 0.0416 0.0332 0.021 0.024 0.0068 0.0096 0.0162 0.01 0.0054 0.0216 0.035 0.1028 0.1812 0.2934 0.4348 0.61 0.6092 0.623 0.623 0.7034 0.4654 0.4172 0.3052 0.1636 0.0962 0.056 0.0716 0.0412 0.0424 0.0188 0.0162 0.0138 0.0178 0.03 0.047 0.0688 0.0838 0.0972 0.1692 0.354 0.4314 0.446 0.4386 0.3708 0.2724 0.1964 0.2002 0.2142 0.1316 0.078 0.089 0.1024 0.0292 0.0308 0.0282 0.0128 0.0122 0.0724 0.0312 0.037 0.0188 0.0442 0.0438 0.0786 0.1224 0.1698 0.1522 0.1744 
0 0 0 0 0 0 0 0 0 0 0 0 0 0 0 0 0 0 0.0018 0.0778 0.2496 0.4588 0.7216 1.0546 1.005 0.9192 0.8242 0.759 0.5684 0.382 0.2736 0.1898 0.1988 0.109 0.0518 0.0508 0.0592 0.0166 0.0052 0.0086 0.0154 0.03 0.0748 0.0926 0.1688 0.281 0.3824 0.4138 0.5314 0.6232 0.5998 0.5362 0.3552 0.389 0.3724 0.2848 0.226 0.1386 0.1094 0.1636 0.0996 0.0252 0.0544 0.0598 0.0168 0.0446 0.04 0.0468 0.061 0.0918 0.1858 0.1776 0.214 0.326 0.3708 0.2846 0.349 0.2888 0.2844 0.2588 0.1896 0.0988 0.1078 0.1038 0.102 0.0852 0.1124 0.036 0.0506 0.022 0.0362 0.0364 0.0194 0.032 0.046 0.051 0.0542 0.1226 0.1122 0.1126 
0 0 0 0 0 0 0 0 0 0 0 0 0 0 0 0 0 0 0.0134 0.0958 0.3082 0.6062 0.846 1.118 1.0776 1.0306 0.7886 0.6706 0.43 0.2978 0.2272 0.1508 0.1058 0.0852 0.0304 0.0306 0.0532 0.0192 0.0148 0 0.0058 0.0182 0.0836 0.1808 0.2336 0.419 0.531 0.523 0.6306 0.6026 0.5478 0.5248 0.3356 0.3068 0.2506 0.245 0.192 0.1128 0.083 0.0338 0.0322 0.0312 0.0226 0.0368 0.0082 0.0426 0.0568 0.0638 0.1428 0.3144 0.3296 0.3636 0.2738 0.3214 0.2562 0.255 0.2808 0.2188 0.2122 0.2018 0.1314 0.1204 0.1126 0.0446 0.0546 0.0588 0.0426 0.0344 0.0236 0.0194 0.0064 0.0186 0.056 0.0892 0.1284 0.1138 0.1872 0.098 0.1446 0.1682 
0 0 0 0 0 0 0 0 0 0 0 0 0 0 0 0 0 0 0.0166 0.1016 0.3038 0.5898 0.8606 1.206 1.034 1.054 0.8748 0.7162 0.4708 0.2558 0.1382 0.0932 0.0532 0.0318 0.0464 0.0464 0.0292 0.0254 0.015 0.0248 0.0456 0.0448 0.0634 0.1286 0.3546 0.3166 0.5462 0.647 0.7238 0.6268 0.5064 0.5156 0.4548 0.2654 0.175 0.1484 0.0906 0.0916 0.0572 0.0312 0.039 0.034 0.0408 0.0208 0.063 0.0762 0.0628 0.1152 0.1602 0.207 0.2214 0.285 0.4252 0.4002 0.299 0.3208 0.2764 0.2574 0.1984 0.1656 0.1378 0.0894 0.0388 0.0364 0.0522 0.0424 0.0278 0.0378 0.0406 0.036 0.0422 0.041 0.0428 0.0596 0.076 0.0944 0.0922 0.1492 0.2536 0.1484 
0 0 0 0 0 0 0 0 0 0 0 0 0 0 0 0 0 0 0 0.0486 0.1766 0.4106 0.6072 0.9706 1.1408 0.9388 0.9054 0.816 0.5728 0.4356 0.3708 0.2216 0.1442 0.0872 0.0982 0.0436 0.0114 0 0 0 0 0.0032 0.023 0.1026 0.2414 0.2552 0.3024 0.3422 0.4342 0.6246 0.6314 0.5364 0.448 0.3802 0.3664 0.2882 0.2202 0.2128 0.2108 0.13 0.0848 0.0458 0.0464 0.0336 0.0274 0.0334 0.0226 0.02 0.0548 0.0884 0.1568 0.2212 0.2266 0.2522 0.3284 0.368 0.269 0.2374 0.3236 0.2476 0.2878 0.143 0.1764 0.0896 0.0922 0.0734 0.0954 0.0446 0.065 0.0272 0.0274 0.0328 0.0066 0.011 0.0246 0.0378 0.051 0.0994 0.1102 0.0974 
0 0 0 0 0 0 0 0 0 0 0 0 0 0 0 0 0 0 0.0038 0.0462 0.1684 0.4516 0.6254 0.947 0.9118 1.006 0.9448 0.9054 0.6944 0.4218 0.2632 0.16 0.175 0.0684 0.0578 0.0776 0.0494 0.022 0 0 0 0.0094 0.0348 0.053 0.1342 0.2304 0.3466 0.4712 0.4524 0.4522 0.5422 0.6108 0.6384 0.4782 0.3534 0.2988 0.3192 0.1628 0.1282 0.077 0.0944 0.0422 0.0364 0.0194 0.0144 0.0176 0.0292 0.0356 0.0906 0.075 0.09 0.2028 0.244 0.1972 0.2992 0.3454 0.3712 0.3146 0.2328 0.256 0.2308 0.2004 0.2456 0.1276 0.1222 0.1228 0.0524 0.0748 0.0102 0.0024 0.0038 0.0154 0.0102 0.0072 0.0326 0.0324 0.031 0.0768 0.1042 0.148 
0 0 0 0 0 0 0 0 0 0 0 0 0 0 0 0 0 0 0.0098 0.0484 0.301 0.5586 0.7882 1.0328 1.0544 0.9206 0.9476 0.823 0.5052 0.2936 0.2238 0.1658 0.0996 0.0664 0.0692 0.0362 0.0132 0.02 0.0062 0.025 0.0206 0.0272 0.085 0.1508 0.2534 0.3432 0.3992 0.4924 0.4944 0.5798 0.6122 0.4972 0.4194 0.3864 0.2622 0.273 0.2378 0.1614 0.125 0.0828 0.051 0.016 0.026 0.0522 0.0258 0.0372 0.0444 0.078 0.133 0.1272 0.1942 0.2462 0.2906 0.3106 0.2854 0.27 0.2944 0.2578 0.2644 0.2158 0.1954 0.1828 0.154 0.1112 0.1336 0.0344 0.0204 0.0266 0.0142 0.0144 0.0272 0.009 0.0222 0.0816 0.099 0.0816 0.1026 0.1066 0.1502 0.1038 
0 0 0 0 0 0 0 0 0 0 0 0 0 0 0 0 0 0 0.0052 0.0734 0.2342 0.567 0.845 1.0958 1.1502 0.9068 0.7956 0.68 0.4844 0.3584 0.2486 0.191 0.1718 0.1062 0.0654 0.021 0 0 0 0 0.0288 0.0354 0.0886 0.1804 0.16 0.3302 0.5006 0.5206 0.5858 0.5422 0.5504 0.429 0.3702 0.2176 0.335 0.345 0.3032 0.1772 0.1202 0.0708 0.0476 0.0352 0.0138 0.0562 0.0144 0.0304 0.0606 0.108 0.0814 0.1688 0.1838 0.2914 0.3906 0.3716 0.2698 0.2506 0.208 0.1876 0.2134 0.1812 0.1512 0.1756 0.1556 0.1618 0.0776 0.062 0.066 0.0432 0.0524 0.036 0.0646 0.044 0.036 0.0278 0.0476 0.0844 0.1418 0.1414 0.0828 0.0832 
0 0 0 0 0 0 0 0 0 0 0 0 0 0 0 0 0 0 0.0262 0.0572 0.266 0.488 0.973 1.1358 1.2396 1.1376 0.8592 0.6352 0.4952 0.2768 0.1794 0.088 0.0284 0.033 0.024 0.011 0.0056 0.009 0.011 0.0122 0.0096 0.0252 0.0916 0.176 0.269 0.398 0.5164 0.5622 0.6986 0.6588 0.6062 0.5612 0.3444 0.265 0.3296 0.2124 0.0716 0.0376 0.0464 0.039 0.0362 0.0096 0.01 0.007 0.014 0.0552 0.0814 0.0724 0.1654 0.243 0.2472 0.2588 0.3064 0.4592 0.4566 0.3728 0.2612 0.2368 0.1794 0.1388 0.1084 0.0934 0.1118 0.0756 0.024 0.026 0.0124 0.0058 0.007 0.0108 0.0414 0.0334 0.091 0.1072 0.1198 0.086 0.088 0.1196 0.1506 0.1354 
0 0 0 0 0 0 0 0 0 0 0 0 0 0 0 0 0 0 0.0102 0.0368 0.2416 0.5146 0.7742 0.9918 1.1286 1.0054 0.9556 0.6106 0.4414 0.408 0.3548 0.1788 0.1614 0.1312 0.0218 0.0062 0.0058 0.0068 0.0144 0.0028 0.0062 0.0314 0.0768 0.141 0.2278 0.2806 0.3258 0.5532 0.6312 0.4508 0.4346 0.5592 0.4898 0.4124 0.2866 0.3394 0.2706 0.2728 0.0728 0.047 0.0582 0.029 0 0.0052 0.0248 0.045 0.066 0.0708 0.072 0.1734 0.226 0.3046 0.2462 0.2862 0.2364 0.2592 0.2474 0.344 0.2146 0.2238 0.1656 0.1936 0.1498 0.1066 0.0822 0.0616 0.0702 0.0766 0.0332 0.015 0 0.0316 0.1092 0.057 0.0654 0.0876 0.0744 0.0832 0.1064 0.084 
0 0 0 0 0 0 0 0 0 0 0 0 0 0 0 0 0 0 0 0.048 0.279 0.6316 0.9106 0.9306 0.9602 1.146 0.9234 0.757 0.5116 0.2852 0.1874 0.1126 0.1104 0.0592 0.033 0.013 0.0172 0.0118 0.0136 0.0212 0.0252 0.0612 0.0838 0.1726 0.239 0.2862 0.44 0.5068 0.5828 0.6028 0.5558 0.4438 0.578 0.3492 0.2854 0.265 0.1792 0.119 0.0674 0.037 0.0094 0.0106 0.0336 0.0464 0.0448 0.065 0.0802 0.091 0.1236 0.159 0.1976 0.2276 0.286 0.3114 0.3408 0.2954 0.3234 0.3524 0.2362 0.1666 0.182 0.1282 0.1106 0.0848 0.1044 0.0416 0.0156 0.0156 0.0148 0.0164 0.0314 0.062 0.0642 0.0342 0.0338 0.0894 0.1218 0.1042 0.0882 0.1242 
0 0 0 0 0 0 0 0 0 0 0 0 0 0 0 0 0 0 0.0056 0.1058 0.2228 0.5832 0.778 1.0618 1.0626 0.896 0.839 0.5818 0.488 0.4084 0.2354 0.1768 0.1892 0.0994 0.0986 0.0654 0.058 0.0206 0.0062 0.0304 0.0194 0.0414 0.0708 0.102 0.274 0.4136 0.408 0.4394 0.5996 0.4586 0.5178 0.5162 0.4434 0.289 0.2734 0.2528 0.244 0.1636 0.1406 0.0892 0.0844 0.0454 0.0346 0.0438 0.0472 0.0684 0.0796 0.0782 0.1308 0.2138 0.1956 0.2436 0.2516 0.2496 0.2466 0.2364 0.234 0.2908 0.2002 0.2176 0.1924 0.123 0.1828 0.1538 0.1448 0.1186 0.068 0.0292 0.0132 0.0134 0.0168 0.0274 0.0296 0.0552 0.0826 0.0804 0.0724 0.0992 0.136 0.1102 
0 0 0 0 0 0 0 0 0 0 0 0 0 0 0 0 0 0 0.0054 0.0626 0.2532 0.664 0.8212 1.0208 1.1154 0.9948 0.9132 0.6422 0.5018 0.3132 0.1692 0.1218 0.1128 0.081 0.0472 0.0308 0.0438 0.0212 0.006 0.0062 0.0324 0.0506 0.0784 0.1254 0.258 0.3734 0.4326 0.5106 0.5698 0.5754 0.598 0.5676 0.5608 0.3048 0.2468 0.1956 0.0816 0.0732 0.068 0.1168 0.062 0.0338 0.016 0.0194 0.0406 0.027 0.073 0.1222 0.1124 0.2432 0.2436 0.2738 0.2742 0.3364 0.3194 0.342 0.2738 0.2666 0.2274 0.1872 0.1192 0.0928 0.0882 0.0776 0.0484 0.0796 0.069 0.052 0.0292 0.0118 0.0148 0.0232 0.063 0.1262 0.101 0.0828 0.0884 0.122 0.12 0.1218 
0 0 0 0 0 0 0 0 0 0 0 0 0 0 0 0 0 0 0.0114 0.066 0.2824 0.5646 0.8156 1.0144 0.9772 1.1388 0.987 0.6722 0.4568 0.348 0.1628 0.0994 0.0806 0.0652 0.0872 0.0942 0.049 0.0058 0.0072 0.0176 0.0188 0.0266 0.0478 0.1186 0.2836 0.3718 0.4928 0.5096 0.5366 0.652 0.6004 0.4816 0.3456 0.316 0.2544 0.3268 0.205 0.1004 0.1074 0.0884 0.0576 0.0118 0.0054 0.0056 0.0172 0.0664 0.0602 0.1016 0.168 0.1758 0.2336 0.2304 0.3096 0.3548 0.3536 0.2176 0.2396 0.3074 0.2086 0.1522 0.1838 0.174 0.1056 0.122 0.0882 0.0864 0.0188 0.0262 0.0032 0.0278 0.0186 0.0326 0.0538 0.0352 0.0718 0.0776 0.0752 0.0756 0.1304 0.2402 
0 0 0 0 0 0 0 0 0 0 0 0 0 0 0 0 0 0 0.018 0.0564 0.2104 0.4836 0.7788 1.096 1.2078 1.1552 0.8896 0.5876 0.5122 0.3954 0.29 0.148 0.0688 0.0562 0.0308 0.0152 0 0.0042 0.0056 0.004 0.0038 0.017 0.034 0.0984 0.1662 0.2956 0.5268 0.5638 0.7348 0.6926 0.595 0.5196 0.4082 0.4154 0.3824 0.218 0.1374 0.0878 0.055 0.0132 0.0088 0.0124 0 0 0.0068 0.0332 0.0204 0.0734 0.0646 0.1538 0.2056 0.2208 0.2662 0.3776 0.5028 0.417 0.4204 0.3524 0.3332 0.1844 0.1302 0.1184 0.0314 0.041 0.0206 0.0204 0.0022 0.0022 0.001 0 0.0068 0.02 0.0262 0.0378 0.0726 0.1122 0.0396 0.0652 0.189 0.1662 
0 0 0 0 0 0 0 0 0 0 0 0 0 0 0 0 0 0 0.0006 0.0296 0.1088 0.402 0.815 0.9692 1.1516 0.994 0.8622 0.749 0.5648 0.421 0.3058 0.2332 0.1218 0.0872 0.0616 0.0662 0.046 0.0104 0 0 0 0.005 0.0186 0.0684 0.1112 0.2072 0.2678 0.4838 0.5254 0.6068 0.727 0.6568 0.4808 0.375 0.3758 0.2516 0.256 0.2058 0.1618 0.0968 0.0666 0.0206 0.0124 0.0128 0.0146 0.0116 0.0062 0.009 0.0552 0.0748 0.0798 0.1338 0.207 0.2758 0.392 0.4056 0.4752 0.3742 0.2726 0.264 0.2158 0.2046 0.1444 0.1802 0.086 0.0388 0.0546 0.0204 0.0098 0 0 0.018 0.007 0.0072 0.0138 0.0158 0.0152 0.0314 0.0492 0.145 
0 0 0 0 0 0 0 0 0 0 0 0 0 0 0 0 0 0 0.0186 0.084 0.2352 0.6516 1.0342 0.9822 0.9566 1.0058 0.7846 0.6444 0.504 0.3222 0.202 0.195 0.1418 0.0624 0.0484 0.069 0.0456 0.0124 0 0 0.0068 0.0302 0.0462 0.1834 0.2968 0.4332 0.478 0.5092 0.4984 0.5646 0.5788 0.5386 0.431 0.409 0.201 0.1546 0.1662 0.1502 0.0906 0.072 0.0296 0.0144 0.0192 0.0342 0.0442 0.0702 0.0854 0.136 0.139 0.203 0.2188 0.2612 0.246 0.2808 0.3494 0.3754 0.337 0.2594 0.184 0.1418 0.1474 0.1288 0.0994 0.0724 0.0716 0.049 0.0308 0.0472 0.045 0.061 0.048 0.0412 0.0338 0.0492 0.0522 0.0836 0.1062 0.1378 0.1352 0.1544 
0 0 0 0 0 0 0 0 0 0 0 0 0 0 0 0 0 0 0.0158 0.0742 0.2542 0.6328 0.9818 1.1444 0.9486 0.8946 0.912 0.706 0.4344 0.3072 0.2618 0.1888 0.1048 0.0468 0.049 0.0158 0.0122 0.0094 0.0054 0 0.0224 0.0486 0.0974 0.1322 0.3274 0.416 0.574 0.4284 0.4636 0.6032 0.574 0.4186 0.402 0.3664 0.2666 0.2872 0.1652 0.12 0.0996 0.0806 0.0618 0.0338 0.0202 0.01 0.0132 0.0502 0.13 0.1438 0.1744 0.1712 0.2084 0.234 0.2462 0.3062 0.226 0.2988 0.453 0.2628 0.2476 0.1462 0.1276 0.0996 0.0868 0.0704 0.0508 0.0508 0.0602 0.1044 0.0566 0.044 0.0332 0.0502 0.0566 0.0462 0.0856 0.0552 0.0778 0.1104 0.1092 0.1412 
0 0 0 0 0 0 0 0 0 0 0 0 0 0 0 0 0 0 0 0.098 0.2744 0.5292 0.8568 1.077 1.1286 1.0444 1.0094 0.5622 0.4354 0.3584 0.2314 0.1542 0.0772 0.0576 0.0454 0.016 0.024 0.0092 0.0112 0.0054 0.0434 0.081 0.0842 0.0898 0.2536 0.3128 0.3962 0.5018 0.5652 0.7206 0.673 0.4568 0.4546 0.2988 0.2894 0.2412 0.154 0.1538 0.0686 0.048 0.0412 0.053 0.0482 0.0432 0.028 0.0476 0.1014 0.0736 0.0622 0.0958 0.1564 0.2526 0.2884 0.293 0.4404 0.3568 0.278 0.2546 0.2506 0.2862 0.2044 0.148 0.0812 0.083 0.0762 0.0516 0.0286 0.0168 0.0062 0.0102 0.0194 0.0302 0.077 0.061 0.052 0.0742 0.129 0.0786 0.064 0.085 
0 0 0 0 0 0 0 0 0 0 0 0 0 0 0 0 0 0 0.0038 0.0446 0.1384 0.3606 0.9048 1.124 1.2706 1.223 0.9762 0.6542 0.4674 0.373 0.2426 0.1348 0.0414 0.0332 0.0074 0 0 0 0 0 0 0.0024 0.0256 0.0768 0.1878 0.2592 0.4338 0.5404 0.6596 0.7854 0.7276 0.511 0.5148 0.3796 0.357 0.2232 0.1346 0.0646 0.0312 0.0426 0.0428 0 0 0 0 0 0.0082 0.062 0.1104 0.1228 0.156 0.282 0.385 0.4352 0.3698 0.373 0.3686 0.3488 0.2724 0.2016 0.14 0.1072 0.0708 0.0722 0.0484 0.0218 0.009 0.0064 0.017 0.0114 0 0 0.0114 0.0376 0.0502 0.0744 0.0788 0.148 0.135 0.1506 
0 0 0 0 0 0 0 0 0 0 0 0 0 0 0 0 0 0 0.0082 0.0844 0.2304 0.4278 0.8638 1.2028 0.9804 0.9388 0.8714 0.707 0.4472 0.3848 0.3078 0.2448 0.1354 0.0538 0.0372 0.035 0.0242 0.0148 0 0.0036 0.013 0.0152 0.059 0.1356 0.2258 0.3526 0.4146 0.6328 0.5692 0.552 0.5662 0.4924 0.4628 0.4036 0.2604 0.2518 0.2302 0.126 0.0876 0.0768 0.047 0.0218 0.005 0.0126 0.034 0.0218 0.0376 0.0382 0.092 0.2046 0.2642 0.2484 0.2648 0.3184 0.3774 0.3744 0.2538 0.208 0.2652 0.2402 0.2014 0.1738 0.1176 0.0662 0.0632 0.0632 0.0198 0.032 0.0216 0.0172 0.0136 0.0132 0.022 0.021 0.0468 0.0588 0.0966 0.0916 0.1354 0.136 
0 0 0 0 0 0 0 0 0 0 0 0 0 0 0 0 0 0.0008 0.0122 0.0748 0.3192 0.658 0.8552 0.911 0.9596 0.9156 0.8252 0.6608 0.591 0.4254 0.2672 0.189 0.1352 0.0654 0.0336 0.0358 0.0108 0.0122 0.0172 0.0248 0.0236 0.0378 0.0972 0.14 0.2334 0.2902 0.446 0.4808 0.5736 0.562 0.4678 0.5748 0.5212 0.4222 0.2896 0.2588 0.1938 0.1322 0.0722 0.061 0.0384 0.0166 0.052 0.0164 0.0202 0.0202 0.0414 0.0518 0.105 0.161 0.1776 0.219 0.2768 0.3374 0.3992 0.3546 0.3568 0.3188 0.1992 0.2818 0.1988 0.1316 0.1322 0.0934 0.029 0.0152 0.021 0.0158 0.0276 0.013 0 0.0088 0.0172 0.0364 0.049 0.0728 0.132 0.1046 0.09 0.1362 
0 0 0 0 0 0 0 0 0 0 0 0 0 0 0 0 0 0 0.0022 0.0556 0.2068 0.5248 0.7174 0.9712 1.0488 1.0778 0.9298 0.6544 0.4992 0.393 0.3204 0.1822 0.1178 0.1286 0.0474 0.0308 0.0292 0.043 0.0196 0 0 0.0234 0.0888 0.0982 0.246 0.2804 0.3136 0.5132 0.5316 0.4562 0.5204 0.5656 0.5258 0.4094 0.3278 0.2436 0.2288 0.221 0.1708 0.137 0.0308 0.0054 0.0068 0.0236 0.0208 0.0312 0.0552 0.0786 0.0898 0.1246 0.1724 0.1956 0.199 0.3186 0.371 0.3306 0.33 0.1912 0.2564 0.2234 0.2226 0.1988 0.2388 0.1396 0.0674 0.0438 0.0494 0.0234 0.0132 0.0072 0.0444 0.0298 0.0244 0.0258 0.021 0.0434 0.0778 0.1126 0.1134 0.1372 
0 0 0 0 0 0 0 0 0 0 0 0 0 0 0 0 0 0.0026 0.0074 0.0638 0.2484 0.718 1.0226 1.167 1.168 1.1122 0.6916 0.432 0.3448 0.256 0.2152 0.1188 0.112 0.0576 0.0426 0.0252 0.0206 0.02 0.0244 0.0678 0.0172 0.0332 0.064 0.2642 0.3136 0.5218 0.5626 0.7296 0.7286 0.4924 0.5138 0.4142 0.3272 0.2482 0.137 0.1406 0.089 0.0832 0.0764 0.056 0.0518 0.0326 0.025 0.0458 0.0382 0.0456 0.0906 0.102 0.2748 0.2708 0.3248 0.3854 0.3482 0.375 0.3484 0.2932 0.2292 0.1174 0.1548 0.1242 0.0952 0.0906 0.0644 0.036 0.057 0.0378 0.0306 0.0288 0.0056 0.034 0.0614 0.0586 0.08 0.1 0.0894 0.1142 0.1294 0.1538 0.157 0.2106 
0 0 0 0 0 0 0 0 0 0 0 0 0 0 0 0 0 0.0056 0.014 0.0574 0.177 0.4468 0.6802 0.9308 0.7774 0.989 0.8508 0.7788 0.6706 0.409 0.4008 0.2872 0.1426 0.132 0.0414 0.0252 0.0542 0.0242 0.0224 0.024 0.0172 0.0256 0.0604 0.0702 0.154 0.2138 0.3298 0.4254 0.462 0.5008 0.5338 0.4898 0.5188 0.4218 0.3658 0.2622 0.2896 0.213 0.172 0.149 0.0834 0.1034 0.0458 0.0414 0.023 0.0172 0.0142 0.0298 0.0696 0.1618 0.1548 0.2102 0.2258 0.2298 0.2736 0.272 0.2794 0.3216 0.261 0.1948 0.1666 0.1554 0.1966 0.1866 0.1316 0.082 0.1252 0.1234 0.059 0.0558 0.033 0.0396 0.0458 0.0508 0.042 0.0596 0.0564 0.0668 0.085 0.1444 
0 0 0 0 0 0 0 0 0 0 0 0 0 0 0 0 0 0 0.0084 0.0556 0.2684 0.5634 0.8368 0.9972 1.1632 0.9854 0.696 0.6262 0.5906 0.3032 0.2836 0.192 0.1128 0.1126 0.0692 0.043 0.058 0.0344 0 0.0066 0.006 0.0406 0.0976 0.1478 0.2234 0.4598 0.4562 0.4782 0.509 0.5728 0.418 0.4802 0.457 0.3536 0.283 0.238 0.2044 0.1508 0.1442 0.051 0.0404 0.0632 0.0692 0.0306 0.0444 0.0688 0.0552 0.1166 0.1704 0.185 0.1934 0.2306 0.2348 0.273 0.3132 0.314 0.2458 0.21 0.185 0.2436 0.213 0.1936 0.1068 0.1272 0.0534 0.0412 0.0252 0.0886 0.0368 0.0604 0.0564 0.0308 0.0348 0.0592 0.0502 0.0664 0.0776 0.1004 0.1458 0.0964 
0 0 0 0 0 0 0 0 0 0 0 0 0 0 0 0 0 0 0.0078 0.0562 0.233 0.434 0.5684 1.0446 1.164 1.045 0.8772 0.7116 0.5674 0.401 0.2708 0.2068 0.143 0.055 0.0542 0.0406 0.02 0.0136 0.0142 0.0306 0.0346 0.03 0.0436 0.0688 0.1654 0.2092 0.3468 0.547 0.5478 0.629 0.573 0.547 0.5302 0.4276 0.294 0.2576 0.2184 0.1734 0.0892 0.0788 0.0616 0.0384 0.0132 0.0164 0.0196 0.0194 0.0266 0.0578 0.086 0.0948 0.147 0.2138 0.2744 0.2852 0.2642 0.3416 0.399 0.3952 0.3826 0.2662 0.2168 0.175 0.0976 0.075 0.0696 0.0214 0.0204 0.0338 0.024 0.0202 0.0248 0.056 0.03 0.01 0.0268 0.066 0.0628 0.0942 0.0884 0.0786 
0 0 0 0 0 0 0 0 0 0 0 0 0 0 0 0 0 0 0.031 0.0902 0.349 0.6514 0.7722 0.9758 1.1732 1.1586 0.9114 0.5508 0.3862 0.3196 0.2378 0.1888 0.091 0.0536 0.046 0.007 0.0064 0 0 0.0138 0.0254 0.0414 0.1446 0.176 0.3624 0.3194 0.4362 0.4648 0.5304 0.6706 0.632 0.5312 0.3792 0.3252 0.2622 0.2082 0.148 0.1038 0.0788 0.0872 0.0526 0.0066 0.0078 0.0192 0.0418 0.0704 0.0748 0.1418 0.1372 0.1508 0.2008 0.3098 0.2952 0.3438 0.3536 0.3424 0.2472 0.2026 0.2482 0.2758 0.1832 0.1062 0.051 0.058 0.0284 0.0234 0.032 0.0244 0.038 0.042 0.0512 0.0528 0.0584 0.0808 0.07 0.08 0.076 0.1158 0.122 0.1062 
0 0 0 0 0 0 0 0 0 0 0 0 0 0 0 0 0 0 0.0102 0.0842 0.2548 0.6262 0.882 1.1466 1.0776 0.9714 0.7934 0.6702 0.5414 0.4028 0.2594 0.1248 0.0858 0.038 0.0164 0.0102 0.0046 0 0 0.0104 0.0186 0.0484 0.0876 0.1538 0.2392 0.4326 0.5028 0.5982 0.4544 0.577 0.5134 0.66 0.4554 0.3664 0.288 0.2224 0.1088 0.0648 0.0912 0.0542 0.0254 0.0166 0.0104 0.0272 0.0296 0.022 0.0682 0.1334 0.134 0.186 0.262 0.284 0.2642 0.3208 0.395 0.3356 0.2672 0.2582 0.2518 0.2212 0.1426 0.112 0.085 0.068 0.0384 0.067 0.026 0.0006 0 0.0196 0.0314 0.0258 0.0692 0.076 0.0986 0.0844 0.081 0.1132 0.1212 0.1444 
0 0 0 0 0 0 0 0 0 0 0 0 0 0 0 0 0 0 0.0066 0.056 0.1632 0.4284 0.8072 0.9496 1.2504 1.0788 0.8696 0.7858 0.5234 0.414 0.226 0.1338 0.0882 0.0934 0.0634 0.0452 0.0066 0.0104 0 0 0.0054 0.0138 0.04 0.0666 0.1744 0.2684 0.3952 0.5808 0.6264 0.6718 0.5572 0.4718 0.532 0.4038 0.3604 0.2556 0.1234 0.1312 0.083 0.0904 0.0722 0.039 0.0404 0.009 0.0054 0.014 0.01 0.057 0.0942 0.1598 0.166 0.2384 0.2262 0.3306 0.4504 0.3572 0.2824 0.2708 0.2384 0.218 0.1576 0.1924 0.1608 0.1618 0.1534 0.016 0.01 0.013 0.004 0.0018 0.0164 0.0084 0.0056 0.0292 0.0376 0.0954 0.1166 0.0846 0.084 0.136 
0 0 0 0 0 0 0 0 0 0 0 0 0 0 0 0 0 0 0.0062 0.0366 0.2438 0.6036 0.8136 1.0754 1.1444 0.9038 0.753 0.6856 0.5462 0.362 0.1836 0.2218 0.164 0.0696 0.0482 0.0728 0.0298 0.0154 0.0156 0.0098 0.0192 0.0394 0.0974 0.1898 0.2606 0.3362 0.4 0.5006 0.4526 0.483 0.6426 0.5584 0.4428 0.3372 0.2684 0.1668 0.1612 0.1316 0.147 0.1336 0.094 0.08 0.081 0.047 0.0262 0.0346 0.0414 0.0668 0.1736 0.193 0.222 0.2352 0.2378 0.2438 0.1984 0.2918 0.2288 0.2514 0.2758 0.2486 0.22 0.1362 0.16 0.1034 0.137 0.075 0.0656 0.0542 0.0352 0.0324 0.0392 0.02 0.0244 0.0712 0.0686 0.0644 0.0596 0.1126 0.0896 0.1012 
0 0 0 0 0 0 0 0 0 0 0 0 0 0 0 0 0 0 0.0024 0.0578 0.2794 0.531 0.8776 1.0544 1.134 0.9374 0.874 0.696 0.526 0.3458 0.2168 0.2678 0.1604 0.0392 0 0 0 0 0 0 0.015 0.0492 0.057 0.1254 0.285 0.3274 0.437 0.5126 0.5612 0.6266 0.6638 0.5062 0.3578 0.3576 0.4238 0.2132 0.1626 0.1424 0.0634 0.059 0.0498 0.004 0 0 0.0132 0.035 0.0474 0.092 0.113 0.1404 0.2528 0.3032 0.2932 0.3118 0.2866 0.3982 0.3122 0.2634 0.265 0.238 0.2242 0.1538 0.0834 0.036 0.047 0.0288 0.0366 0.0126 0.0114 0.0154 0.0064 0.0202 0.022 0.0254 0.0596 0.1176 0.1144 0.119 0.1548 0.1254 
0 0 0 0 0 0 0 0 0 0 0 0 0 0 0 0 0 0 0.019 0.0854 0.2222 0.465 0.6924 0.9564 1.0878 1.0542 0.969 0.7278 0.4646 0.3684 0.2868 0.1922 0.0976 0.0446 0.0618 0.0492 0.0376 0.0374 0.044 0.0202 0.0338 0.018 0.0132 0.0636 0.2182 0.3066 0.4314 0.5526 0.6032 0.4846 0.5562 0.567 0.4888 0.3608 0.2948 0.2422 0.1668 0.1292 0.1194 0.0782 0.0618 0.0576 0.0454 0.0386 0.037 0.0496 0.0386 0.105 0.0926 0.1242 0.2444 0.2546 0.2328 0.2012 0.2906 0.3276 0.3338 0.2636 0.237 0.1974 0.291 0.1954 0.1718 0.0936 0.0428 0.068 0.054 0.0318 0.0316 0.015 0.0204 0.0716 0.0324 0.0386 0.0378 0.0796 0.0886 0.1026 0.1248 0.083 
0 0 0 0 0 0 0 0 0 0 0 0 0 0 0 0 0 0 0 0.007 0.1234 0.4248 0.864 0.883 0.9406 1.1098 0.9296 0.6772 0.567 0.3544 0.3044 0.227 0.1898 0.1456 0.0646 0.0274 0.0324 0.04 0.032 0.0184 0.0238 0.0138 0.02 0.0498 0.1388 0.186 0.3532 0.4514 0.5686 0.5646 0.5656 0.5304 0.568 0.4886 0.3554 0.2826 0.2306 0.1586 0.1094 0.0422 0.0692 0.0522 0.0292 0.0264 0.031 0.0336 0.0494 0.0614 0.0602 0.0972 0.1226 0.1738 0.2478 0.2288 0.3166 0.4042 0.3448 0.3704 0.3038 0.2484 0.2628 0.1038 0.123 0.1492 0.1182 0.0362 0.0306 0.0462 0.0284 0.0482 0.0396 0.0048 0.0052 0.006 0.032 0.046 0.1006 0.1158 0.0952 0.136 
0 0 0 0 0 0 0 0 0 0 0 0 0 0 0 0 0 0 0.0164 0.0446 0.189 0.51 0.8268 1.1754 1.2176 1.0666 0.8736 0.558 0.5054 0.39 0.2246 0.1408 0.0696 0.0628 0.0568 0.0512 0.0208 0 0 0.0076 0.0062 0.0046 0.049 0.1058 0.2042 0.2692 0.4634 0.6056 0.5688 0.5914 0.6298 0.6946 0.5198 0.3752 0.2784 0.2056 0.1446 0.0632 0.0398 0.0472 0.0428 0.0264 0.0266 0.018 0.0194 0.0128 0.0392 0.0746 0.168 0.172 0.1908 0.2104 0.3008 0.2588 0.4026 0.4832 0.3286 0.2756 0.2414 0.1988 0.143 0.146 0.1064 0.0564 0.0202 0.0624 0.044 0.035 0.0442 0.0062 0.0048 0.0206 0.0442 0.064 0.0932 0.0674 0.06 0.0992 0.0832 0.1314 
0 0 0 0 0 0 0 0 0 0 0 0 0 0 0 0 0 0 0 0.0454 0.3002 0.5252 0.886 0.9726 1.129 0.9198 0.8288 0.6836 0.6606 0.3986 0.222 0.1136 0.0704 0.0726 0.0612 0.0372 0.0146 0.014 0.0132 0.0342 0.012 0.0326 0.0512 0.1408 0.252 0.3542 0.4874 0.5424 0.4452 0.6 0.4906 0.5088 0.4818 0.378 0.348 0.3616 0.1838 0.074 0.0644 0.0466 0.042 0.013 0.0206 0.0144 0.0332 0.0326 0.0586 0.0828 0.113 0.2436 0.2692 0.2692 0.2756 0.277 0.2956 0.2238 0.2796 0.2738 0.3006 0.2354 0.1946 0.1358 0.1624 0.1234 0.0512 0.0194 0.013 0.0242 0.0228 0.012 0.0302 0.0734 0.0354 0.0602 0.0818 0.079 0.0894 0.1268 0.0672 0.1204 
0 0 0 0 0 0 0 0 0 0 0 0 0 0 0 0 0 0 0.006 0.0826 0.2962 0.7224 1.0402 1.1914 1.2976 0.9182 0.7764 0.461 0.3852 0.2904 0.2004 0.1696 0.092 0.0332 0.0216 0.0116 0.004 0 0.0026 0.0072 0.0046 0.004 0.1278 0.2354 0.427 0.5208 0.6292 0.6346 0.605 0.5526 0.537 0.3636 0.315 0.2574 0.1342 0.126 0.1272 0.1222 0.0782 0.0662 0.0432 0.021 0.0294 0.0184 0.029 0.067 0.143 0.1794 0.2562 0.346 0.3624 0.2488 0.2626 0.3112 0.3548 0.3142 0.252 0.1236 0.1396 0.0942 0.074 0.0734 0.0518 0.0398 0.07 0.0714 0.0324 0.0742 0.0438 0.0246 0.0832 0.0832 0.087 0.117 0.1156 0.104 0.1048 0.1268 0.1302 0.1692 
0 0 0 0 0 0 0 0 0 0 0 0 0 0 0 0 0 0 0 0.0448 0.1272 0.3586 0.617 1.0194 1.0244 1.0366 0.9548 0.799 0.6578 0.3994 0.3326 0.2744 0.209 0.037 0.022 0.0314 0.0086 0.0142 0.0194 0.0092 0.0032 0.0008 0.0486 0.0912 0.1228 0.1896 0.2612 0.4356 0.403 0.5794 0.6676 0.4882 0.543 0.5464 0.4158 0.3496 0.2014 0.2284 0.182 0.0676 0.0622 0.0474 0.0204 0.0172 0.024 0.0278 0.0136 0.0344 0.0832 0.0614 0.133 0.1968 0.1786 0.2212 0.1956 0.3206 0.3066 0.334 0.306 0.3266 0.2646 0.2734 0.2736 0.1772 0.132 0.0812 0.0418 0.0156 0.0078 0 0.013 0.0304 0.0178 0.0094 0.0116 0.0336 0.05 0.0398 0.0468 0.0536 
0 0 0 0 0 0 0 0 0 0 0 0 0 0 0 0 0 0 0.0048 0.0556 0.2076 0.4948 0.749 0.9644 0.9756 1.003 0.8298 0.5914 0.5374 0.4166 0.3002 0.2436 0.2146 0.1358 0.1196 0.0748 0.0304 0.0308 0.0136 0.0116 0.0192 0.0282 0.0588 0.1378 0.1766 0.1932 0.3088 0.5294 0.4734 0.5884 0.4882 0.437 0.3988 0.4236 0.3432 0.3496 0.388 0.2378 0.1346 0.1114 0.09 0.0696 0.027 0.0046 0.0044 0.0124 0.0508 0.0676 0.0632 0.1102 0.1104 0.162 0.2062 0.26 0.305 0.3142 0.2698 0.3302 0.2766 0.3022 0.2804 0.2174 0.1734 0.1152 0.15 0.0776 0.0484 0.0528 0.016 0.0218 0.0204 0.008 0.0198 0.0202 0.0448 0.047 0.0322 0.0412 0.0646 0.1212 
0 0 0 0 0 0 0 0 0 0 0 0 0 0 0 0 0 0 0 0.0458 0.1834 0.509 0.786 0.9048 1.0924 0.9016 0.7812 0.7534 0.6022 0.5762 0.3142 0.2156 0.1028 0.0776 0.0762 0.0182 0.0156 0.0438 0 0 0 0.0202 0.0616 0.1308 0.2108 0.2 0.3272 0.4308 0.4924 0.561 0.5314 0.541 0.5004 0.4034 0.3968 0.3608 0.2746 0.2334 0.2026 0.0708 0.0392 0.0108 0 0.0068 0.0096 0.0202 0.0272 0.0356 0.1164 0.1052 0.172 0.2178 0.2334 0.2502 0.2536 0.3304 0.3034 0.3178 0.2568 0.249 0.2302 0.2346 0.1778 0.1668 0.131 0.0656 0.0574 0.0212 0.015 0.0208 0.0188 0.0166 0.0134 0.0132 0.0308 0.0492 0.071 0.0542 0.0936 0.0876 
0 0 0 0 0 0 0 0 0 0 0 0 0 0 0 0 0.0028 0.004 0.0034 0.067 0.2048 0.5272 0.8866 1.0586 1.1424 0.9536 0.7592 0.6504 0.4734 0.3884 0.2506 0.169 0.1648 0.0798 0.0694 0.0284 0.0438 0.0538 0.023 0.0042 0.0136 0.0218 0.0392 0.1074 0.2 0.3538 0.543 0.4902 0.5914 0.5864 0.5648 0.4822 0.37 0.3968 0.3468 0.2082 0.2254 0.1076 0.075 0.0726 0.053 0.059 0.0368 0.0156 0.006 0.0278 0.0464 0.061 0.1124 0.2012 0.243 0.2222 0.2624 0.3942 0.3562 0.2636 0.3256 0.291 0.28 0.149 0.1512 0.1252 0.139 0.0956 0.0836 0.0558 0.0624 0.0306 0.0272 0.0296 0.0078 0.0078 0.018 0.0566 0.0788 0.0762 0.0842 0.0998 0.1304 0.1412 
0 0 0 0 0 0 0 0 0 0 0 0 0 0 0 0 0 0 0.0078 0.0348 0.2078 0.476 0.7174 0.8862 1.0296 1.1316 0.893 0.6164 0.5164 0.3896 0.3236 0.2662 0.199 0.1504 0.0534 0.0316 0.0316 0.0178 0.0092 0.0106 0 0.0156 0.0356 0.1128 0.1772 0.242 0.3018 0.4936 0.525 0.5394 0.4712 0.4232 0.4356 0.3802 0.366 0.3482 0.282 0.2364 0.1932 0.0906 0.0882 0.0742 0.0756 0.0268 0.0186 0.0508 0.0466 0.0882 0.1232 0.089 0.1064 0.1908 0.2796 0.2492 0.2788 0.2906 0.223 0.165 0.1744 0.2622 0.2568 0.2134 0.2008 0.1616 0.1588 0.1238 0.1244 0.0534 0.0368 0.0412 0.0682 0.0436 0.033 0.0372 0.0298 0.0558 0.0704 0.0504 0.1176 0.1652 
0 0 0 0 0 0 0 0 0 0 0 0 0 0 0 0 0 0 0.0052 0.0854 0.2632 0.5452 0.891 0.8144 1.0368 0.9586 0.8512 0.6988 0.545 0.4058 0.2838 0.1514 0.0846 0.0886 0.0804 0.076 0.0456 0.029 0.009 0.0074 0.027 0.0504 0.1206 0.1438 0.2856 0.3408 0.4316 0.4648 0.5732 0.4902 0.4944 0.4788 0.4148 0.2948 0.2678 0.2232 0.215 0.2022 0.1262 0.1074 0.093 0.0612 0.0234 0.026 0.0554 0.0634 0.1062 0.1132 0.1394 0.1208 0.225 0.3074 0.3162 0.2502 0.3054 0.2174 0.18 0.1628 0.2508 0.17 0.2088 0.1978 0.138 0.103 0.1158 0.0784 0.069 0.0504 0.0468 0.065 0.0698 0.0226 0.0362 0.0506 0.0954 0.1186 0.0812 0.1104 0.0838 0.0844 
0 0 0 0 0 0 0 0 0 0 0 0 0 0 0 0 0 0 0.0016 0.0482 0.1504 0.4612 0.7356 1.1102 1.095 1.049 0.9042 0.8272 0.6066 0.2782 0.1956 0.1184 0.1142 0.0454 0.0482 0.072 0.041 0.019 0.0286 0.0076 0.007 0.0164 0.0642 0.0822 0.175 0.2416 0.3986 0.4798 0.5308 0.5784 0.7618 0.715 0.5576 0.3602 0.2676 0.2128 0.1944 0.122 0.062 0.0324 0.0314 0.0372 0.0426 0.019 0.0048 0.006 0.0428 0.0476 0.073 0.1098 0.1608 0.1958 0.1876 0.2686 0.4938 0.5134 0.4852 0.328 0.2498 0.2614 0.1756 0.108 0.105 0.0588 0.0344 0.0106 0.0106 0.0118 0.0118 0.0128 0.0144 0.0172 0.0464 0.0492 0.0476 0.0432 0.1032 0.114 0.0848 0.1234 
0 0 0 0 0 0 0 0 0 0 0 0 0 0 0 0 0 0 0.0128 0.073 0.3662 0.6652 0.9372 1.1054 0.9748 0.776 0.7762 0.6624 0.5602 0.3142 0.241 0.1784 0.1654 0.0802 0.0422 0.0252 0.0042 0.005 0.006 0.0074 0.0164 0.0648 0.1154 0.1728 0.2732 0.3418 0.4316 0.466 0.558 0.5984 0.5802 0.563 0.4436 0.3014 0.216 0.1778 0.1712 0.1908 0.1232 0.0846 0.039 0.0436 0.0244 0.031 0.0294 0.0388 0.0508 0.074 0.1428 0.1646 0.2006 0.2156 0.2772 0.402 0.4408 0.3114 0.273 0.2616 0.2036 0.1352 0.1726 0.1648 0.1288 0.1028 0.0786 0.062 0.0552 0.0206 0.02 0.0146 0.0076 0.0262 0.0312 0.044 0.0656 0.1014 0.0958 0.138 0.1198 0.1398 
0 0 0 0 0 0 0 0 0 0 0 0 0 0 0 0 0 0 0.0018 0.0438 0.1634 0.5116 0.8036 1.1094 1.0428 1.0878 0.8354 0.6442 0.5248 0.3594 0.2672 0.2704 0.1874 0.0814 0.041 0.0212 0.0034 0 0 0.005 0.0184 0.0104 0.0426 0.1116 0.1624 0.3826 0.4268 0.4674 0.5286 0.5146 0.4416 0.5618 0.512 0.3828 0.3428 0.3028 0.2246 0.1784 0.1096 0.1418 0.0884 0.0262 0.0168 0.0126 0.0384 0.0392 0.0354 0.0396 0.149 0.1126 0.1666 0.2162 0.234 0.3108 0.3026 0.2262 0.3188 0.3296 0.298 0.2412 0.1774 0.1364 0.124 0.109 0.1334 0.0732 0.057 0.0652 0.0566 0.049 0.0094 0.0096 0.0268 0.0266 0.0258 0.057 0.0604 0.1308 0.1438 0.1596 
0 0 0 0 0 0 0 0 0 0 0 0 0 0 0 0 0 0 0 0.0196 0.1588 0.34 0.7384 0.9698 1.2192 1.0984 1.0022 0.8392 0.5162 0.392 0.3278 0.1596 0.093 0.0598 0.0464 0.0084 0.0112 0 0 0 0 0.0066 0.0168 0.0618 0.1462 0.3226 0.405 0.388 0.523 0.527 0.5296 0.5264 0.6066 0.5692 0.3884 0.254 0.2516 0.1966 0.1586 0.0836 0.0304 0.008 0 0 0 0.0136 0.0192 0.0334 0.0942 0.1876 0.178 0.2266 0.277 0.232 0.3224 0.238 0.2722 0.281 0.2718 0.2324 0.2602 0.221 0.1276 0.212 0.1224 0.074 0.03 0.0444 0.0154 0.0136 0 0.033 0.0334 0.0408 0.0668 0.06 0.0404 0.0766 0.192 0.1218 
0 0 0 0 0 0 0 0 0 0 0 0 0 0 0 0 0 0 0.0062 0.0446 0.208 0.51 0.7786 0.972 1.066 0.9342 0.8238 0.8156 0.5958 0.4596 0.1988 0.1722 0.1484 0.1068 0.0816 0.0394 0.0384 0 0 0 0 0.013 0.0508 0.095 0.2428 0.2776 0.367 0.4214 0.5242 0.511 0.6428 0.5008 0.4904 0.4354 0.32 0.3232 0.23 0.124 0.0936 0.0618 0.0628 0.0836 0.0576 0.0222 0.0064 0.0376 0.0656 0.0928 0.1094 0.1154 0.1606 0.2632 0.2156 0.2414 0.3314 0.4798 0.2932 0.158 0.2154 0.2322 0.213 0.1358 0.1172 0.118 0.1114 0.0452 0.0582 0.034 0.0572 0.0558 0.036 0.0462 0.031 0.0572 0.0548 0.107 0.0606 0.087 0.088 0.13 
0 0 0 0 0 0 0 0 0 0 0 0 0 0 0 0 0 0 0 0.0454 0.2564 0.6394 0.9266 0.9234 1.0656 0.9888 0.8106 0.7644 0.4594 0.3368 0.2488 0.1834 0.1236 0.0746 0.1034 0.0442 0.0052 0 0 0 0.0124 0.0344 0.1004 0.2098 0.3162 0.3944 0.357 0.455 0.4526 0.5044 0.6014 0.4978 0.4864 0.3378 0.2674 0.209 0.2466 0.197 0.0998 0.069 0.0434 0.0248 0.0286 0.0194 0.041 0.0522 0.1086 0.124 0.2158 0.1614 0.1666 0.2018 0.2442 0.2406 0.256 0.2688 0.2426 0.2954 0.2988 0.2748 0.247 0.163 0.1298 0.0662 0.0686 0.0662 0.045 0.014 0.0218 0.0256 0.0414 0.0552 0.0668 0.094 0.0578 0.0432 0.0626 0.0632 0.0446 0.0652 
0 0 0 0 0 0 0 0 0 0 0 0 0 0 0 0 0 0 0.0092 0.0712 0.2236 0.4982 0.677 0.9786 1.0746 1.0494 0.7262 0.694 0.521 0.3766 0.404 0.221 0.1076 0.083 0.0894 0.0474 0.0282 0.0054 0.0052 0.0302 0.0366 0.043 0.0348 0.0884 0.1956 0.3506 0.3674 0.4282 0.4394 0.5832 0.5642 0.4736 0.5394 0.5 0.3172 0.3062 0.2134 0.147 0.1104 0.0788 0.056 0.0486 0.0294 0.0152 0.0366 0.0548 0.0466 0.0696 0.1132 0.0864 0.1954 0.2006 0.1962 0.273 0.3238 0.259 0.3718 0.3088 0.2868 0.2688 0.2282 0.1642 0.129 0.1098 0.0796 0.0478 0.0466 0.061 0.0484 0.036 0.0236 0.0234 0.0424 0.0304 0.0496 0.0674 0.0756 0.0864 0.0884 0.073 
0 0 0 0 0 0 0 0 0 0 0 0 0 0 0 0 0 0 0.0006 0.0304 0.2026 0.4512 0.7216 0.9954 0.9082 0.9378 0.867 0.7764 0.6696 0.4788 0.393 0.2514 0.161 0.1168 0.0302 0.008 0 0 0 0 0 0.0146 0.0144 0.112 0.1598 0.2288 0.4102 0.4624 0.5316 0.5864 0.5302 0.473 0.429 0.4632 0.4138 0.3876 0.1764 0.1486 0.1146 0.0966 0.1176 0.072 0.0342 0.0144 0.0086 0 0.0028 0.033 0.0576 0.1584 0.1818 0.2246 0.3232 0.315 0.2822 0.2714 0.2942 0.302 0.354 0.2424 0.1984 0.131 0.1272 0.0862 0.0608 0.0658 0.0546 0.0208 0.0658 0.0664 0.03 0.0284 0.0156 0.0242 0.0316 0.063 0.1144 0.1064 0.0956 0.1274 
0 0 0 0 0 0 0 0 0 0 0 0 0 0 0 0 0 0 0.0232 0.0986 0.1912 0.4474 0.821 1.0596 1.0522 1.0442 0.8846 0.8844 0.554 0.3646 0.2064 0.1574 0.0998 0.0544 0.0332 0.0238 0 0 0 0 0.006 0.0236 0.0526 0.0846 0.192 0.3792 0.4622 0.5166 0.684 0.6234 0.6076 0.529 0.3794 0.3886 0.2652 0.2174 0.152 0.1496 0.131 0.036 0.0198 0.0144 0.0092 0.0192 0.042 0.0162 0.0328 0.1058 0.1974 0.2054 0.2352 0.274 0.3058 0.3138 0.3448 0.2938 0.2916 0.261 0.1774 0.1702 0.1548 0.1036 0.0742 0.0782 0.0924 0.0694 0.0816 0.0576 0.0424 0.044 0.0134 0.0448 0.068 0.0416 0.0342 0.0704 0.165 0.1424 0.0902 0.0754 
0 0 0 0 0 0 0 0 0 0 0 0 0 0 0 0 0 0 0.0242 0.065 0.1648 0.5508 1.0348 1.0548 1.0594 1.1064 0.8856 0.6436 0.5478 0.2698 0.1574 0.1294 0.1128 0.0492 0.0548 0.0256 0.0478 0.016 0 0 0 0.0192 0.0834 0.1306 0.2396 0.401 0.4394 0.5216 0.6424 0.6658 0.567 0.5208 0.4004 0.3854 0.2376 0.2296 0.2366 0.1202 0.0478 0.0464 0.0264 0.019 0.0198 0 0 0.017 0.01 0.0838 0.207 0.1658 0.2388 0.2654 0.2782 0.3022 0.388 0.3002 0.3684 0.373 0.2628 0.1934 0.162 0.1432 0.0794 0.0626 0.057 0.0328 0.009 0 0 0.0062 0.0096 0.0566 0.0536 0.0694 0.0472 0.0722 0.1154 0.1668 0.1504 0.0954 
0 0 0 0 0 0 0 0 0 0 0 0 0 0 0 0 0 0 0.0082 0.079 0.2428 0.4084 0.7646 0.9878 1.0378 1.099 0.8336 0.6954 0.5528 0.3758 0.2924 0.1404 0.0872 0.1476 0.1008 0.0438 0.0528 0.0176 0.023 0.0092 0.0132 0.0372 0.0458 0.1196 0.205 0.3348 0.431 0.4608 0.4532 0.445 0.4932 0.5134 0.5 0.462 0.4192 0.277 0.203 0.1562 0.1846 0.0852 0.0714 0.044 0.0274 0.0148 0.026 0.016 0.041 0.1252 0.1064 0.1852 0.1592 0.186 0.2302 0.2238 0.273 0.2074 0.2816 0.3396 0.3494 0.2424 0.1798 0.153 0.163 0.1562 0.1456 0.0676 0.0556 0.0472 0.0316 0.0312 0.023 0.0148 0.0218 0.084 0.0256 0.0286 0.0504 0.078 0.1324 0.084 
0 0 0 0 0 0 0 0 0 0 0 0 0 0 0 0 0 0 0.0124 0.0766 0.336 0.6782 0.9634 1.0894 1.1384 1.063 0.7632 0.5776 0.4578 0.24 0.2366 0.143 0.0634 0.0434 0.0286 0.0262 0.011 0.0138 0.033 0.0142 0.0256 0.0716 0.128 0.2202 0.2618 0.3052 0.4506 0.5184 0.6242 0.5974 0.7046 0.517 0.3848 0.3344 0.2756 0.15 0.18 0.0702 0.029 0.0256 0.0126 0.0224 0.0522 0.0402 0.0442 0.0382 0.053 0.101 0.1786 0.218 0.2082 0.3006 0.2976 0.3246 0.4222 0.4244 0.2794 0.2518 0.2258 0.1436 0.1058 0.0734 0.07 0.0574 0.0594 0.0226 0.0278 0.059 0.0164 0.0198 0.0318 0.037 0.0426 0.0636 0.076 0.1132 0.0908 0.1872 0.173 0.169 
0 0 0 0 0 0 0 0 0 0 0 0 0 0 0 0 0 0 0.0006 0.091 0.2804 0.5294 1.0122 1.0736 0.9768 0.942 0.777 0.5938 0.4112 0.341 0.2776 0.2122 0.1788 0.0708 0.0358 0.0448 0.0476 0.036 0.0242 0.022 0.034 0.0264 0.0818 0.168 0.3022 0.3682 0.5446 0.5066 0.4968 0.4486 0.465 0.4786 0.4362 0.2556 0.3138 0.2482 0.2094 0.1972 0.2138 0.0624 0.0628 0.0576 0.0236 0.0106 0.0486 0.049 0.0414 0.1126 0.0986 0.1642 0.223 0.2746 0.2382 0.2714 0.3314 0.3584 0.346 0.2404 0.2048 0.113 0.1588 0.1634 0.1718 0.0836 0.0576 0.0544 0.0766 0.0792 0.0474 0.0366 0.0114 0.0236 0.0286 0.029 0.029 0.031 0.0594 0.0792 0.1358 0.1782 
0 0 0 0 0 0 0 0 0 0 0 0 0 0 0 0 0 0 0 0.0268 0.207 0.585 0.9134 1.0698 1.3036 1.0656 0.779 0.6574 0.4414 0.3898 0.2244 0.125 0.0474 0.0518 0.0218 0.011 0.0122 0.0138 0.0338 0.0102 0.0108 0.0202 0.0302 0.1042 0.1946 0.332 0.4652 0.593 0.559 0.7562 0.6818 0.5862 0.3568 0.3758 0.3196 0.172 0.142 0.0788 0.055 0.0696 0.0358 0.028 0.016 0.0056 0.005 0.0208 0.0448 0.0722 0.0816 0.1114 0.1756 0.2992 0.3128 0.312 0.4198 0.5152 0.4146 0.3518 0.211 0.2004 0.1472 0.0642 0.0892 0.0602 0.0294 0.0118 0.0118 0.0078 0.0128 0.0092 0.0234 0.0236 0.0254 0.0284 0.0318 0.0642 0.0952 0.1294 0.1592 0.2082 
0 0 0 0 0 0 0 0 0 0 0 0 0 0 0 0 0 0 0.0128 0.0896 0.2476 0.6702 0.9324 1.1502 1.2562 0.9914 0.7492 0.5346 0.4278 0.3218 0.1862 0.1584 0.1404 0.057 0.0288 0.0152 0.0076 0.0226 0 0 0 0.0438 0.1082 0.2 0.307 0.3738 0.4506 0.6216 0.6492 0.5276 0.582 0.5376 0.479 0.3594 0.2582 0.2314 0.084 0.0758 0.025 0.025 0.025 0.0106 0.0176 0.0076 0 0.0402 0.0934 0.1176 0.1684 0.3386 0.3336 0.2658 0.2268 0.317 0.3138 0.2802 0.2628 0.3148 0.2326 0.1954 0.1634 0.1108 0.0782 0.0596 0.018 0.0188 0.0298 0.0174 0.003 0.0018 0.0328 0.0724 0.0754 0.1332 0.1582 0.0946 0.0784 0.101 0.0758 0.0858 
0 0 0 0 0 0 0 0 0 0 0 0 0 0 0 0 0 0 0.0028 0.0576 0.1862 0.6006 0.8882 1.0556 1.1684 1.0162 0.7522 0.6594 0.5438 0.4666 0.2544 0.1238 0.051 0.0666 0.0448 0.0498 0.012 0 0 0 0.0072 0.0158 0.0586 0.1298 0.2432 0.3162 0.4 0.4702 0.6128 0.7028 0.6102 0.5034 0.4964 0.4404 0.3822 0.2526 0.1546 0.0514 0.042 0.0314 0.0556 0.0232 0 0 0.008 0.0712 0.0356 0.1034 0.1162 0.1746 0.2324 0.1988 0.2178 0.256 0.3278 0.3508 0.397 0.3556 0.301 0.2876 0.17 0.1608 0.0846 0.048 0.0352 0.0334 0.0172 0.025 0.0262 0.0132 0.0144 0.0266 0.0324 0.059 0.0792 0.0862 0.102 0.0782 0.078 0.1286 
0 0 0 0 0 0 0 0 0 0 0 0 0 0 0 0 0 0 0.0022 0.096 0.2524 0.593 0.8336 1.1256 1.221 1.0016 0.8222 0.6002 0.4134 0.2374 0.2114 0.2 0.1132 0.1454 0.0648 0.0136 0.0226 0.0154 0.015 0 0.012 0.0312 0.0492 0.1236 0.2704 0.3698 0.4194 0.5746 0.6392 0.7972 0.5858 0.4154 0.3606 0.3498 0.2194 0.1854 0.1646 0.1218 0.0796 0.0416 0.0218 0.0364 0.0478 0.0416 0.0386 0.0378 0.0358 0.088 0.1268 0.2056 0.2708 0.3188 0.3212 0.3352 0.3474 0.3122 0.3394 0.2318 0.148 0.2082 0.133 0.1018 0.0832 0.0836 0.0644 0.063 0.053 0.0356 0.0196 0.0078 0.0312 0.0316 0.0692 0.0762 0.056 0.0914 0.1848 0.1194 0.1128 0.1048 
0 0 0 0 0 0 0 0 0 0 0 0 0 0 0 0 0 0 0.0136 0.1418 0.3056 0.6614 1.0086 1.1534 1.0668 0.9044 0.7986 0.5636 0.4804 0.3536 0.1652 0.1472 0.1256 0.0682 0.0244 0.0176 0 0 0 0 0.0154 0.0732 0.1026 0.216 0.31 0.4638 0.411 0.4774 0.5612 0.6512 0.6212 0.5634 0.505 0.3942 0.279 0.1446 0.096 0.0196 0.0316 0.0202 0.008 0.0216 0.0138 0 0.05 0.0576 0.074 0.117 0.1878 0.2182 0.2214 0.2778 0.336 0.416 0.3396 0.3844 0.3138 0.2656 0.1804 0.1622 0.1498 0.0714 0.067 0.0298 0.0334 0.0076 0.022 0.0248 0.0264 0.0094 0.0392 0.0384 0.0574 0.0652 0.0696 0.0884 0.1164 0.1384 0.1652 0.173 
0 0 0 0 0 0 0 0 0 0 0 0 0 0 0 0 0 0.0008 0.0122 0.0598 0.2904 0.5776 0.889 1.0558 1.0714 0.8926 0.7232 0.6164 0.5086 0.4232 0.234 0.2566 0.1606 0.1026 0.059 0.033 0.0198 0.0134 0 0 0 0.0286 0.1224 0.1812 0.2652 0.4074 0.393 0.5012 0.5594 0.5574 0.5066 0.462 0.387 0.318 0.2992 0.221 0.1962 0.1758 0.1326 0.1092 0.047 0.0324 0.0504 0.0324 0.0324 0.0416 0.07 0.0822 0.1186 0.1926 0.192 0.2982 0.255 0.312 0.3356 0.2666 0.209 0.2662 0.255 0.2344 0.1982 0.1284 0.1184 0.1098 0.115 0.1 0.0464 0.0368 0 0.0052 0.0102 0.0626 0.041 0.0574 0.045 0.0636 0.076 0.1034 0.0944 0.0854 
0 0 0 0 0 0 0 0 0 0 0 0 0 0 0 0 0 0 0 0.0484 0.2154 0.6294 1.0428 1.2756 1.1956 0.9148 0.8156 0.5674 0.4198 0.3284 0.1436 0.14 0.1356 0.088 0.008 0.0082 0.0234 0 0 0 0 0.02 0.048 0.106 0.3108 0.4646 0.6326 0.746 0.6814 0.583 0.5176 0.4534 0.3628 0.31 0.2894 0.1308 0.1028 0.0534 0.0824 0.0522 0.0364 0.0164 0 0 0 0.0028 0.0194 0.1194 0.2654 0.2684 0.3452 0.3338 0.294 0.3008 0.2678 0.3396 0.3724 0.3546 0.2068 0.1712 0.0772 0.0612 0.0524 0.063 0.039 0.0254 0.0094 0.0108 0 0 0.0066 0.0232 0.0372 0.052 0.1254 0.1266 0.1014 0.1576 0.1652 0.12 
0 0 0 0 0 0 0 0 0 0 0 0 0 0 0 0 0 0 0.0026 0.0682 0.2296 0.5372 0.8406 1.0342 1.0128 0.9444 0.8764 0.7696 0.595 0.4106 0.184 0.1636 0.0998 0.0978 0.0814 0.0374 0.0076 0.0072 0 0 0.0086 0.045 0.0932 0.135 0.1788 0.2352 0.3754 0.5594 0.741 0.5084 0.5992 0.5532 0.507 0.4222 0.3722 0.2168 0.135 0.1144 0.0584 0.068 0.0528 0.0208 0.0026 0.0274 0.0368 0.019 0.045 0.0806 0.0728 0.1028 0.202 0.3144 0.2542 0.3146 0.3632 0.2776 0.3006 0.316 0.3008 0.2934 0.235 0.1466 0.11 0.1196 0.045 0.0372 0.006 0.0044 0.0226 0.015 0.0142 0.0126 0.0092 0.0402 0.0666 0.0736 0.073 0.0572 0.0956 0.0776 
0 0 0 0 0 0 0 0 0 0 0 0 0 0 0 0 0 0.007 0.0256 0.0534 0.2272 0.5922 0.8274 1.0534 0.9962 0.9554 0.7612 0.678 0.4558 0.3512 0.3328 0.2342 0.1396 0.0928 0.0472 0.034 0.0196 0.0202 0.0356 0.0256 0.0404 0.0796 0.0992 0.1312 0.3024 0.3572 0.4206 0.519 0.4756 0.4364 0.4574 0.4016 0.377 0.4378 0.277 0.297 0.2298 0.1346 0.1386 0.1094 0.091 0.0636 0.063 0.0424 0.0552 0.0576 0.0812 0.141 0.1626 0.1696 0.198 0.186 0.2832 0.2308 0.2692 0.2864 0.277 0.2326 0.2146 0.1636 0.1494 0.112 0.0972 0.1222 0.1484 0.1134 0.0712 0.0488 0.0814 0.0464 0.0368 0.052 0.0374 0.0772 0.102 0.0822 0.1078 0.1396 0.0766 0.052 
0 0 0 0 0 0 0 0 0 0 0 0 0 0 0 0 0 0 0 0.0458 0.2976 0.579 0.7912 1.0862 1.1722 0.933 0.7432 0.537 0.4756 0.4834 0.3306 0.2264 0.123 0.0766 0.0462 0.045 0.008 0 0 0 0 0.013 0.0662 0.1178 0.2008 0.4098 0.4954 0.5336 0.562 0.5186 0.5904 0.4832 0.4448 0.463 0.2866 0.2158 0.207 0.1494 0.1364 0.0686 0.0074 0.008 0.0078 0.0112 0.0032 0.0074 0.0354 0.0714 0.1394 0.16 0.2454 0.2504 0.2286 0.3848 0.392 0.382 0.2666 0.2944 0.2594 0.2124 0.1944 0.1176 0.0842 0.0846 0.0598 0.0334 0.054 0.0186 0.0118 0.012 0.0062 0.0502 0.0414 0.0216 0.032 0.047 0.048 0.0866 0.1406 0.187 
0 0 0 0 0 0 0 0 0 0 0 0 0 0 0 0 0 0 0.004 0.0412 0.156 0.4248 0.7208 0.934 1.1076 1.086 0.9204 0.781 0.5806 0.3736 0.254 0.1626 0.1108 0.058 0.0238 0.0296 0.0294 0.0502 0.0422 0.0484 0.0338 0.0194 0.0372 0.0674 0.094 0.2128 0.3436 0.4784 0.59 0.7074 0.569 0.6048 0.4896 0.4272 0.2888 0.2212 0.1988 0.1146 0.085 0.0774 0.03 0.0332 0.0836 0.083 0.0796 0.0624 0.0462 0.0142 0.012 0.076 0.1264 0.2058 0.2824 0.4184 0.4582 0.4208 0.3882 0.3096 0.1642 0.127 0.1316 0.1194 0.0664 0.1218 0.0568 0.0936 0.0292 0.0366 0.0514 0.0628 0.0392 0.0706 0.0476 0.049 0.0234 0.0382 0.0538 0.076 0.1392 0.2364 
0 0 0 0 0 0 0 0 0 0 0 0 0 0 0 0 0 0 0.009 0.0606 0.2618 0.6738 0.9508 0.9956 1.2316 1.0992 0.7784 0.5678 0.5012 0.2996 0.1896 0.15 0.0904 0.0584 0.049 0.023 0.0102 0 0 0 0 0.0118 0.1234 0.1784 0.3586 0.3942 0.528 0.5952 0.438 0.5706 0.7116 0.4892 0.4148 0.2802 0.209 0.1682 0.18 0.1174 0.0722 0.0548 0.063 0.0262 0.0152 0 0.0542 0.0332 0.0516 0.132 0.1802 0.2116 0.2472 0.2724 0.3496 0.287 0.3226 0.3278 0.3378 0.195 0.188 0.1922 0.1924 0.1086 0.0862 0.0766 0.09 0.035 0.0146 0.0334 0.008 0.0274 0.055 0.0326 0.0322 0.054 0.07 0.0876 0.0906 0.1202 0.1668 0.133 
0 0 0 0 0 0 0 0 0 0 0 0 0 0 0 0 0 0 0.0048 0.0542 0.2604 0.6108 0.943 1.1388 1.1418 1.0232 0.739 0.5254 0.3922 0.3616 0.2636 0.201 0.1286 0.0778 0.0456 0.0812 0.007 0 0 0 0 0.0122 0.1086 0.1492 0.2552 0.4734 0.4982 0.5828 0.5766 0.4744 0.4194 0.4464 0.3742 0.3736 0.3618 0.2682 0.189 0.1346 0.0984 0.0396 0.0288 0.026 0.0274 0.041 0.0802 0.0324 0.0412 0.1052 0.1802 0.2412 0.265 0.2086 0.2652 0.3348 0.2896 0.203 0.183 0.2636 0.3516 0.259 0.1644 0.1572 0.0984 0.0776 0.0746 0.021 0.0284 0.023 0.0218 0.0476 0.043 0.0554 0.0654 0.073 0.1084 0.0938 0.0978 0.0828 0.1204 0.0682 
0 0 0 0 0 0 0 0 0 0 0 0 0 0 0 0 0 0 0.0018 0.0202 0.1662 0.4394 0.6666 0.7546 0.8446 1.1114 1.0248 0.7818 0.556 0.477 0.4046 0.2836 0.1272 0.0658 0.0852 0.0854 0.0382 0.0338 0.0318 0 0 0.0314 0.0522 0.0948 0.1196 0.1746 0.26 0.3482 0.4482 0.4524 0.4886 0.641 0.5368 0.504 0.4418 0.3804 0.2508 0.1612 0.1204 0.1194 0.14 0.129 0.0318 0.0272 0.034 0.0396 0.017 0.029 0.0338 0.077 0.1374 0.124 0.2012 0.3248 0.2652 0.2234 0.2448 0.3172 0.2968 0.2548 0.305 0.238 0.2016 0.157 0.145 0.1024 0.0556 0.0494 0.0458 0.029 0.0288 0.0526 0.0256 0.043 0.019 0.0362 0.0336 0.0736 0.0666 0.1066 
0 0 0 0 0 0 0 0 0 0 0 0 0 0 0 0 0 0 0 0.048 0.2406 0.5738 0.952 1.2796 1.4174 1.0428 0.8102 0.633 0.3466 0.2676 0.1706 0.102 0.0586 0.0336 0.0044 0.0046 0.0062 0.0084 0 0 0 0.0134 0.0286 0.0992 0.2472 0.4422 0.5836 0.6752 0.7808 0.7074 0.6634 0.542 0.3326 0.2682 0.2362 0.1656 0.0948 0.0738 0.029 0.0168 0 0 0 0 0 0.0082 0.009 0.0792 0.2472 0.1912 0.3022 0.365 0.4002 0.3758 0.3754 0.3682 0.3934 0.2098 0.198 0.1862 0.164 0.066 0.0352 0.013 0.0128 0 0 0 0 0.0116 0.024 0.0222 0.078 0.076 0.0696 0.077 0.16 0.169 0.1628 0.2118 
0 0 0 0 0 0 0 0 0 0 0 0 0 0 0 0 0 0 0.0058 0.059 0.2832 0.603 1.006 1.1304 1.1728 1.059 0.8078 0.68 0.3684 0.2234 0.1692 0.1302 0.114 0.1288 0.0466 0.0124 0 0 0 0 0.016 0.0424 0.0624 0.1248 0.2384 0.3974 0.5844 0.687 0.5758 0.5526 0.6488 0.5608 0.4702 0.3184 0.2214 0.2082 0.1288 0.0882 0.0208 0.0238 0.0114 0.0102 0.0078 0 0 0.009 0.04 0.1032 0.1952 0.2572 0.301 0.2628 0.3332 0.4012 0.343 0.2974 0.324 0.275 0.2304 0.2262 0.1748 0.1126 0.0554 0.0326 0.0178 0.008 0 0 0 0 0 0.0082 0.0586 0.0668 0.1078 0.0866 0.0994 0.1154 0.122 0.2026 
0 0 0 0 0 0 0 0 0 0 0 0 0 0 0 0 0 0 0 0.0168 0.2132 0.5126 0.8384 0.9564 1.0992 1.0504 0.9614 0.646 0.4514 0.4116 0.3104 0.2132 0.0972 0.073 0.0622 0.058 0.0164 0.0122 0 0 0.0028 0.008 0.0284 0.0994 0.251 0.3264 0.4304 0.4384 0.455 0.6298 0.6548 0.523 0.4282 0.4046 0.3052 0.2566 0.234 0.1176 0.1504 0.0724 0.0534 0.0922 0.025 0.013 0 0 0.017 0.0652 0.1106 0.1562 0.1872 0.3166 0.2774 0.3444 0.3372 0.2584 0.2924 0.2702 0.2288 0.2426 0.169 0.1236 0.0978 0.0764 0.0976 0.0998 0.1118 0.0982 0.0108 0.0218 0.0068 0.0162 0.0136 0.018 0.0504 0.0746 0.1372 0.1368 0.124 0.1296 
0 0 0 0 0 0 0 0 0 0 0 0 0 0 0 0 0 0 0.005 0.0448 0.2728 0.4876 0.701 0.9088 1.0606 1.0488 1.086 0.7742 0.4616 0.359 0.1886 0.1504 0.1292 0.0862 0.069 0.056 0.0546 0.0282 0.0178 0.0098 0.002 0.0242 0.0862 0.1082 0.1602 0.2952 0.4016 0.4682 0.4846 0.476 0.6428 0.6252 0.548 0.3986 0.3072 0.2674 0.1738 0.1446 0.0972 0.0762 0.0604 0.0508 0.0226 0.0534 0.021 0.0456 0.0478 0.0478 0.0884 0.1568 0.1954 0.1954 0.225 0.2662 0.3302 0.2992 0.3444 0.3184 0.2372 0.3242 0.2554 0.1288 0.0918 0.086 0.0794 0.0508 0.0408 0.0516 0.0586 0.0176 0.0196 0.0252 0.012 0.0632 0.0698 0.0364 0.072 0.0738 0.089 0.137 
0 0 0 0 0 0 0 0 0 0 0 0 0 0 0 0 0 0 0.013 0.122 0.3154 0.6108 0.9242 1.0338 1.0952 1.0326 0.943 0.5532 0.3728 0.3836 0.1556 0.1342 0.0924 0.0556 0.0536 0.0312 0.016 0.0508 0.011 0.0158 0.0286 0.0414 0.1098 0.2382 0.3078 0.3724 0.4298 0.5468 0.587 0.6144 0.5318 0.5028 0.3424 0.2848 0.2876 0.2206 0.134 0.0858 0.096 0.0762 0.062 0.0516 0.0298 0.0262 0.0512 0.0404 0.0692 0.118 0.2186 0.2082 0.2526 0.2376 0.2258 0.3618 0.3728 0.273 0.2436 0.269 0.2064 0.1832 0.1754 0.147 0.0808 0.0658 0.0504 0.0236 0.0218 0.034 0.0108 0.02 0.0494 0.0404 0.0986 0.1148 0.063 0.0712 0.0824 0.1006 0.1176 0.1466 
0 0 0 0 0 0 0 0 0 0 0 0 0 0 0 0 0 0 0.0222 0.1032 0.3406 0.5242 0.7502 0.9566 1.1032 1.01 0.8124 0.763 0.5724 0.432 0.3048 0.1872 0.0436 0.0286 0.0344 0.0114 0 0 0 0.0132 0.021 0.0496 0.1048 0.223 0.2442 0.2448 0.2918 0.4694 0.5964 0.7272 0.6332 0.521 0.4072 0.2962 0.312 0.2554 0.25 0.19 0.095 0.038 0.0088 0.0078 0 0.0102 0.02 0.0832 0.0746 0.0714 0.0966 0.145 0.1926 0.2508 0.3326 0.3136 0.3386 0.3096 0.2764 0.3032 0.268 0.2622 0.1882 0.1594 0.0942 0.0502 0.064 0.0296 0.0336 0.0222 0.01 0 0.0172 0.0302 0.0256 0.083 0.0866 0.0964 0.0846 0.0776 0.0956 0.154 
0 0 0 0 0 0 0 0 0 0 0 0 0 0 0 0 0 0 0.014 0.0888 0.2764 0.5916 1.1118 1.1136 1.165 0.9812 0.709 0.6682 0.4366 0.2938 0.2344 0.1246 0.0776 0.0436 0.03 0.0398 0 0 0 0 0.0112 0.0224 0.1614 0.2532 0.238 0.4088 0.5186 0.5734 0.7144 0.6082 0.4798 0.4412 0.3966 0.3368 0.2654 0.1786 0.1538 0.1372 0.0332 0.0404 0.0046 0.0046 0.0048 0.0222 0.0184 0.019 0.1234 0.173 0.1674 0.2296 0.2258 0.2586 0.3086 0.3326 0.4184 0.3754 0.2918 0.267 0.1706 0.1592 0.1288 0.1084 0.0804 0.0582 0.022 0.0172 0.0374 0 0.0066 0.0266 0.0288 0.0378 0.0538 0.0966 0.1138 0.1198 0.0734 0.1432 0.113 0.1288 
0 0 0 0 0 0 0 0 0 0 0 0 0 0 0 0 0 0 0.0096 0.0534 0.2794 0.5798 1.053 1.2024 1.0354 1.1158 0.8414 0.6306 0.3772 0.222 0.1812 0.104 0.0746 0.1032 0.0552 0.0508 0.0274 0.0036 0 0.005 0.0068 0.0356 0.092 0.1654 0.2392 0.3974 0.591 0.5964 0.7102 0.6106 0.6684 0.5134 0.3638 0.2542 0.174 0.0998 0.096 0.0704 0.0924 0.0956 0.064 0.0584 0 0 0.014 0.0168 0.042 0.0986 0.1202 0.2332 0.4026 0.4254 0.4294 0.3342 0.3636 0.195 0.213 0.2894 0.1496 0.118 0.0852 0.1096 0.1076 0.0874 0.0666 0.0378 0.0176 0.0154 0.0072 0.0096 0.0208 0.0154 0.0212 0.0776 0.0922 0.175 0.2126 0.1806 0.138 0.0996 
0 0 0 0 0 0 0 0 0 0 0 0 0 0 0 0 0 0 0.004 0.067 0.2402 0.5556 0.816 0.9958 1.0666 1.0566 0.7672 0.7664 0.5462 0.3954 0.2828 0.209 0.1776 0.0474 0.0062 0 0 0 0 0 0.0054 0.0316 0.0696 0.1464 0.2226 0.2914 0.3906 0.4234 0.4744 0.5724 0.6258 0.6314 0.5382 0.4234 0.3312 0.2702 0.207 0.123 0.0774 0.0526 0.0278 0.0342 0.0116 0.0208 0.0398 0.032 0.054 0.0856 0.0752 0.1774 0.1404 0.1384 0.2748 0.294 0.3504 0.3238 0.333 0.3726 0.2974 0.2728 0.1896 0.126 0.1182 0.1304 0.0604 0.078 0.0326 0.0332 0.0178 0.015 0.0158 0.0478 0.0444 0.0298 0.0322 0.0578 0.0516 0.0564 0.0556 0.1656 
0 0 0 0 0 0 0 0 0 0 0 0 0 0 0 0 0 0 0 0.0322 0.2432 0.4258 0.6314 0.8422 1.0424 1.043 1.0424 0.8084 0.556 0.4448 0.3348 0.2348 0.1236 0.0636 0.0358 0.0718 0.009 0.0148 0 0 0 0.0138 0.0514 0.0856 0.1588 0.2536 0.3476 0.4088 0.4416 0.5408 0.6438 0.528 0.5262 0.4298 0.3978 0.2872 0.2106 0.1816 0.2006 0.1016 0.0804 0.0536 0.0432 0.0136 0 0.0158 0.0418 0.0288 0.0402 0.071 0.1076 0.205 0.211 0.2996 0.2862 0.3376 0.4826 0.3244 0.2268 0.2324 0.2264 0.2064 0.1482 0.1316 0.162 0.113 0.0366 0.0166 0.036 0.0124 0.0068 0.0366 0.0058 0.0044 0.005 0.0184 0.07 0.0864 0.0858 0.0734 
0 0 0 0 0 0 0 0 0 0 0 0 0 0 0 0 0 0 0.0038 0.051 0.1992 0.4904 0.7084 1.0576 1.0534 0.9278 0.9464 0.7902 0.6326 0.4986 0.31 0.1738 0.0712 0.0412 0.0184 0.0124 0.0048 0.0088 0 0 0.0194 0.0176 0.03 0.1064 0.201 0.2724 0.3524 0.4476 0.5274 0.5188 0.656 0.6192 0.6794 0.5262 0.2976 0.257 0.162 0.1258 0.0496 0.0192 0.0212 0.021 0.0342 0.021 0.0342 0.0304 0.035 0.06 0.0756 0.1258 0.1032 0.1286 0.1992 0.2836 0.4706 0.475 0.3774 0.424 0.3464 0.2446 0.1828 0.0912 0.1182 0.0584 0.0326 0.014 0.0224 0.0222 0.0122 0.0276 0.0378 0.0354 0.0104 0.0238 0.029 0.048 0.0462 0.0632 0.1116 0.1456 
0 0 0 0 0 0 0 0 0 0 0 0 0 0 0 0 0 0 0.0046 0.0796 0.221 0.4772 0.8898 0.9856 1.2142 1.0058 0.951 0.7218 0.5758 0.3056 0.191 0.164 0.053 0.0648 0.0524 0.0208 0.0072 0.0088 0.006 0.0066 0.011 0.0454 0.05 0.1402 0.2338 0.2826 0.4426 0.4718 0.6204 0.615 0.6932 0.4932 0.433 0.3826 0.328 0.2014 0.1698 0.1164 0.083 0.065 0.0628 0.0232 0.0256 0.0306 0.022 0.0204 0.056 0.077 0.1068 0.1648 0.183 0.2424 0.3486 0.3004 0.3054 0.321 0.3118 0.3104 0.2576 0.2052 0.187 0.1492 0.1254 0.1004 0.0758 0.065 0.0166 0.0206 0.011 0.0064 0.0132 0.0216 0.0588 0.0748 0.06 0.059 0.1154 0.1098 0.1082 0.118 
