0.03 0.09 0.15 0.21 0.27 0.33 0.39 0.45 0.51 0.57 0.63 0.69 0.75 0.81 0.87 0.93 0.99 1.05 1.11 1.17 1.23 1.29 1.35 1.41 1.47 1.53 1.59 1.65 1.71 1.77 1.83 1.89 1.95 2.01 2.07 2.13 2.19 2.25 2.31 2.37 2.43 2.49 2.55 2.61 2.67 2.73 2.79 2.85 2.91 2.97 3.03 3.09 3.15 3.21 3.27 3.33 3.39 3.45 3.51 3.57 3.63 3.69 3.75 3.81 3.87 3.93 3.99 4.05 4.11 4.17 4.23 4.29 4.35 4.41 4.47 4.53 4.59 4.65 4.71 4.77 4.83 4.89 4.95 5.01 5.07 5.13 5.19 5.25 5.31 5.37 5.43 5.49 5.55 5.61 5.67 5.73 5.79 5.85 5.91 5.97 
0 0 0 0 0 0 0 0 0 0 0 0 0 0 0 0 0.1952 4.3302 5.4834 1.994 0.4628 0.114 0.0164 0.0024 0.003 0 0 0 0 0 0 0 0 0.0212 0.6078 2.927 3.885 2.191 0.8584 0.2422 0.0586 0.0056 0.0044 0 0 0 0 0 0 0 0.0014 0.0884 0.6116 2.1124 2.809 1.9708 0.9668 0.3444 0.08 0.0118 0.0036 0.0008 0 0 0 0 0 0 0.0142 0.0954 0.4538 1.4606 1.9668 1.7716 0.954 0.3532 0.1028 0.0232 0.0024 0.0028 0 0 0 0 0 0.0008 0.019 0.0626 0.2484 0.8688 1.2928 1.3996 0.945 0.4056 0.1196 0.0314 0.0046 0.0024 0 0 
0 0 0 0 0 0 0 0 0 0 0 0 0 0 0 0 0.2068 4.7478 6.1932 2.1152 0.6008 0.117 0.0192 0 0 0 0 0 0 0 0 0 0 0.0206 0.632 3.2596 4.3798 2.4196 0.9106 0.3144 0.053 0.0104 0 0 0 0 0 0 0 0 0.0014 0.0606 0.6718 2.2574 3.3056 2.191 1.0558 0.353 0.0872 0.0132 0.003 0 0 0 0 0 0 0 0.0052 0.0798 0.5128 1.5104 2.3784 1.9276 1.0892 0.384 0.102 0.0088 0.0018 0 0 0 0 0 0 0 0.009 0.0458 0.299 0.8716 1.5242 1.642 1.0088 0.4466 0.1346 0.018 0.0004 0 0 0 
0 0 0 0 0 0 0 0 0 0 0 0 0 0 0 0 0.211 4.8464 6.0154 2.179 0.569 0.1532 0.026 0 0 0 0 0 0 0 0 0 0 0.0216 0.6596 3.3322 4.1622 2.4828 0.956 0.303 0.0776 0.005 0 0 0 0 0 0 0 0 0.0052 0.0658 0.683 2.2922 3.251 2.1402 1.0754 0.3726 0.101 0.0114 0.0022 0 0 0 0 0 0 0.001 0.0058 0.0758 0.4824 1.5984 2.3532 1.9404 1.0292 0.39 0.1052 0.0186 0 0 0 0 0 0 0 0 0.0058 0.045 0.2632 0.8912 1.6048 1.5618 1.0436 0.4532 0.1112 0.0202 0 0 0 0 
0 0 0 0 0 0 0 0 0 0 0 0 0 0 0 0 0.2166 4.802 6.0688 2.1676 0.5976 0.133 0.0144 0 0 0 0 0 0 0 0 0 0 0.0232 0.6996 3.2462 4.261 2.4414 0.9774 0.296 0.0552 0 0 0 0 0 0 0 0 0 0.0038 0.0842 0.7116 2.3238 3.0072 2.2972 1.094 0.3816 0.0914 0.0052 0 0 0 0 0 0 0 0.0008 0.0096 0.1078 0.536 1.5574 2.2206 1.8758 1.1066 0.4624 0.11 0.013 0 0 0 0 0 0 0 0 0.0154 0.0634 0.321 0.9288 1.4982 1.4346 1.0432 0.5268 0.14 0.0286 0 0 0 0 
0 0 0 0 0 0 0 0 0 0 0 0 0 0 0 0 0.247 4.7542 6.1504 2.1694 0.5326 0.1292 0.0136 0.0036 0 0 0 0 0 0 0 0 0 0.0198 0.6804 3.1848 4.3068 2.5146 0.9146 0.2998 0.0716 0.0062 0.0014 0 0 0 0 0 0 0 0.0008 0.0708 0.7126 2.2526 3.1356 2.2926 1.077 0.3224 0.1198 0.015 0.0008 0 0 0 0 0 0 0 0.0034 0.0718 0.5646 1.5118 2.2768 1.9588 1.0798 0.371 0.1374 0.0246 0 0 0 0 0 0 0 0 0.0004 0.0404 0.3576 0.8822 1.4898 1.5384 1.0456 0.4598 0.1502 0.0338 0.0018 0 0 0 
0 0 0 0 0 0 0 0 0 0 0 0 0 0 0 0 0.172 4.85 6.1312 2.1018 0.5504 0.1542 0.04 0.0004 0 0 0 0 0 0 0 0 0 0.0194 0.711 3.2518 4.2244 2.3998 0.9596 0.3252 0.0916 0.0146 0.0026 0 0 0 0 0 0 0 0.0006 0.0828 0.7572 2.3396 3.0466 2.1676 1.0476 0.3976 0.1398 0.0188 0.0018 0 0 0 0 0 0 0 0.0024 0.132 0.5432 1.6098 2.2264 1.8546 1.0408 0.4306 0.1298 0.0284 0.002 0 0 0 0 0 0 0 0.006 0.0902 0.3304 0.889 1.5082 1.4374 1.0314 0.5108 0.153 0.0416 0.002 0 0 0 
0 0 0 0 0 0 0 0 0 0 0 0 0 0 0 0 0.1842 4.8134 6.2078 2.098 0.5628 0.1132 0.0206 0 0 0 0 0 0 0 0 0 0 0.0108 0.6548 3.279 4.2506 2.5066 0.9694 0.2618 0.0638 0.0032 0 0 0 0 0 0 0 0 0 0.071 0.742 2.2876 3.0596 2.2896 1.0998 0.3594 0.0802 0.0108 0 0 0 0 0 0 0 0 0.0034 0.0972 0.5768 1.5168 2.2638 1.9438 1.0548 0.4128 0.1198 0.0108 0 0 0 0 0 0 0 0 0.0076 0.065 0.3344 0.8924 1.455 1.5368 1.066 0.4628 0.1606 0.0194 0 0 0 0 
0 0 0 0 0 0 0 0 0 0 0 0 0 0 0 0 0.2126 4.7326 6.2752 2.1866 0.4882 0.0928 0.012 0 0 0 0 0 0 0 0 0 0 0.0266 0.5962 3.204 4.356 2.6432 0.9084 0.2108 0.0484 0.0062 0.0002 0 0 0 0 0 0 0 0.0014 0.0672 0.6384 2.2354 3.0684 2.5344 1.0762 0.2754 0.0922 0.011 0 0 0 0 0 0 0 0 0.007 0.0818 0.4854 1.4966 2.1916 2.1252 1.1496 0.3478 0.0964 0.0172 0.0014 0 0 0 0 0 0 0.0016 0.0014 0.066 0.3176 0.8372 1.4262 1.6246 1.0972 0.4666 0.1362 0.0254 0 0 0 0 
0 0 0 0 0 0 0 0 0 0 0 0 0 0 0 0 0.2462 4.9302 5.8926 2.0982 0.5748 0.201 0.0552 0.0018 0 0 0 0 0 0 0 0 0 0.0218 0.7872 3.3192 4.1218 2.3494 0.8994 0.3452 0.123 0.0284 0.0046 0 0 0 0 0 0 0 0.0012 0.0872 0.8316 2.3132 3.0634 2.0904 1.0366 0.3994 0.1298 0.0412 0.006 0 0 0 0 0 0 0 0.004 0.1306 0.627 1.5814 2.1216 1.8666 1.038 0.4432 0.1414 0.0428 0.0034 0 0 0 0 0 0 0 0.0062 0.0858 0.3658 0.9652 1.4044 1.458 1.0082 0.479 0.191 0.0294 0.007 0 0 0 
0 0 0 0 0 0 0 0 0 0 0 0 0 0 0 0 0.2082 4.927 5.9144 2.093 0.6254 0.172 0.0536 0.0064 0 0 0 0 0 0 0 0 0 0.0136 0.768 3.371 4.0876 2.3008 1.0288 0.3176 0.09 0.0192 0.0034 0 0 0 0 0 0 0 0.0006 0.0842 0.8286 2.3264 3.055 2.133 1.0328 0.39 0.12 0.0246 0.0048 0 0 0 0 0 0 0 0.0088 0.1156 0.63 1.5716 2.228 1.8358 1.0294 0.4258 0.1188 0.0238 0.0124 0 0 0 0 0 0 0 0.0104 0.1022 0.3532 0.9802 1.4004 1.4684 0.9976 0.4928 0.1556 0.0244 0.0136 0.0012 0 0 
0 0 0 0 0 0 0 0 0 0 0 0 0 0 0 0 0.1818 4.7416 6.308 2.2108 0.4838 0.0656 0.0078 0.0006 0 0 0 0 0 0 0 0 0 0.0188 0.6064 3.2506 4.285 2.5992 0.9784 0.219 0.0386 0.004 0 0 0 0 0 0 0 0 0.0022 0.0816 0.633 2.2344 3.144 2.4198 1.0692 0.332 0.0774 0.0064 0 0 0 0 0 0 0 0 0.0066 0.1 0.5128 1.4616 2.2684 2.0398 1.1194 0.3786 0.0992 0.0116 0.002 0 0 0 0 0 0 0 0.0102 0.0796 0.3102 0.8212 1.4384 1.6686 1.0362 0.4772 0.1246 0.0278 0.0058 0.0002 0 0 
0 0 0 0 0 0 0 0 0 0 0 0 0 0 0 0 0.2522 4.7898 6.0412 2.2388 0.5164 0.1416 0.0194 0.0006 0 0 0 0 0 0 0 0 0 0.0214 0.7798 3.167 4.1576 2.5106 0.965 0.3174 0.0666 0.0146 0 0 0 0 0 0 0 0 0.0012 0.1196 0.7868 2.2072 2.9688 2.2518 1.113 0.4142 0.1082 0.027 0.0022 0 0 0 0 0 0 0 0.0152 0.148 0.5978 1.469 2.1084 1.9318 1.08 0.4588 0.1582 0.0272 0.0056 0 0 0 0 0 0 0.0012 0.0224 0.097 0.3834 0.8276 1.3822 1.5134 1.0212 0.5028 0.2026 0.0392 0.007 0 0 0 
0 0 0 0 0 0 0 0 0 0 0 0 0 0 0 0 0.2836 4.8544 6.0378 2.1614 0.5088 0.1018 0.0338 0.017 0.0014 0 0 0 0 0 0 0 0 0.0208 0.6656 3.3712 4.2702 2.4098 0.8988 0.274 0.062 0.0232 0.0044 0 0 0 0 0 0 0 0.0012 0.0686 0.7626 2.2906 3.141 2.2342 1.0694 0.3172 0.0874 0.0226 0.0052 0 0 0 0 0 0 0 0.008 0.0824 0.6098 1.519 2.287 1.9106 1.044 0.4006 0.1118 0.0242 0.0026 0 0 0 0 0 0 0 0.0042 0.0668 0.3738 0.9038 1.5106 1.4898 1.0062 0.4482 0.1678 0.0262 0.0026 0 0 0 
0 0 0 0 0 0 0 0 0 0 0 0 0 0 0 0.0002 0.2482 4.7788 6.0466 2.1836 0.5708 0.1352 0.027 0.0096 0 0 0 0 0 0 0 0 0 0.0182 0.716 3.2518 4.2128 2.4652 0.9618 0.2844 0.074 0.0158 0 0 0 0 0 0 0 0 0.0016 0.0776 0.7686 2.2586 3.0916 2.2846 1.0116 0.3718 0.1224 0.0112 0.0004 0 0 0 0 0 0 0 0.0042 0.0928 0.5826 1.575 2.213 1.9248 1.0158 0.444 0.1358 0.012 0 0 0 0 0 0 0 0 0.0036 0.0616 0.3456 0.9168 1.5286 1.448 1.0112 0.5348 0.1326 0.0172 0 0 0 0 
0 0 0 0 0 0 0 0 0 0 0 0 0 0 0 0 0.2444 4.7736 6.1416 2.2058 0.5066 0.1156 0.0124 0 0 0 0 0 0 0 0 0 0 0.0214 0.6732 3.2442 4.3048 2.484 0.9084 0.3134 0.047 0.0036 0 0 0 0 0 0 0 0 0 0.071 0.674 2.2736 3.1054 2.3852 1.049 0.3516 0.0844 0.0058 0 0 0 0 0 0 0 0 0.0088 0.0646 0.506 1.5136 2.2704 2.0282 1.086 0.3944 0.1108 0.0172 0 0 0 0 0 0 0 0 0.0094 0.0544 0.2844 0.8834 1.523 1.5938 1.0416 0.4346 0.1592 0.0162 0 0 0 0 
0 0 0 0 0 0 0 0 0 0 0 0 0 0 0 0 0.2394 4.775 6.123 2.1544 0.5384 0.1318 0.0306 0.0074 0 0 0 0 0 0 0 0 0 0.0208 0.7046 3.2546 4.217 2.5122 0.9452 0.2526 0.069 0.023 0.001 0 0 0 0 0 0 0 0.0018 0.0812 0.7502 2.2106 3.1546 2.2656 1.0922 0.3212 0.087 0.0294 0.0062 0 0 0 0 0 0 0 0.0108 0.0988 0.5516 1.54 2.2558 1.907 1.0954 0.4016 0.0978 0.03 0.0098 0.0014 0 0 0 0 0 0 0.0204 0.0644 0.2848 0.914 1.518 1.5162 1.0358 0.4764 0.1242 0.0312 0.0086 0.006 0 0 
0 0 0 0 0 0 0 0 0 0 0 0 0 0 0 0 0.171 4.7766 6.1988 2.1574 0.5394 0.13 0.017 0.007 0.0028 0 0 0 0 0 0 0 0 0.0206 0.6626 3.1892 4.3868 2.3908 0.979 0.2934 0.0644 0.0104 0.0028 0 0 0 0 0 0 0 0.0022 0.08 0.6358 2.2864 3.2668 2.219 1.027 0.3656 0.097 0.0182 0.002 0 0 0 0 0 0 0 0.0094 0.0978 0.4894 1.4702 2.4468 1.9636 0.9948 0.4026 0.101 0.0198 0.0046 0 0 0 0 0 0 0 0.0074 0.0812 0.2758 0.7854 1.6484 1.595 0.9784 0.4578 0.1336 0.034 0.003 0 0 0 
0 0 0 0 0 0 0 0 0 0 0 0 0 0 0 0 0.177 4.8508 6.0856 2.1102 0.613 0.1374 0.026 0 0 0 0 0 0 0 0 0 0 0.014 0.6126 3.3134 4.298 2.4342 0.9626 0.2902 0.0664 0.0086 0 0 0 0 0 0 0 0 0.0014 0.0442 0.6816 2.3534 3.1288 2.2218 1.1046 0.3714 0.0812 0.011 0.0006 0 0 0 0 0 0 0 0.0014 0.0708 0.5184 1.5458 2.2984 1.9556 1.094 0.405 0.094 0.0166 0 0 0 0 0 0 0 0 0.0038 0.0458 0.2996 0.8884 1.4862 1.6068 1.0494 0.4604 0.1436 0.0142 0.0018 0 0 0 
0 0 0 0 0 0 0 0 0 0 0 0 0 0 0 0 0.2364 4.848 5.9906 2.1872 0.602 0.1214 0.0132 0.0012 0 0 0 0 0 0 0 0 0 0.0202 0.7698 3.233 4.1514 2.432 1.0326 0.2964 0.056 0.0086 0 0 0 0 0 0 0 0 0.0004 0.0896 0.8096 2.2462 3.0726 2.152 1.1616 0.3774 0.082 0.0086 0 0 0 0 0 0 0 0 0.0042 0.1138 0.6524 1.4742 2.2108 1.965 1.0554 0.4102 0.0958 0.0182 0 0 0 0 0 0 0 0 0.0064 0.0924 0.3474 0.9218 1.387 1.5764 1.032 0.4706 0.1452 0.0204 0.0004 0 0 0 
0 0 0 0 0 0 0 0 0 0 0 0 0 0 0 0 0.2384 4.7696 6.0636 2.2744 0.5062 0.1276 0.0198 0.0004 0 0 0 0 0 0 0 0 0 0.0154 0.676 3.242 4.1996 2.5572 0.9494 0.275 0.078 0.0074 0 0 0 0 0 0 0 0 0.0006 0.0712 0.7024 2.2688 3.0976 2.2512 1.1234 0.3668 0.0936 0.0226 0.0018 0 0 0 0 0 0 0 0.005 0.0786 0.5742 1.4998 2.1912 1.9628 1.151 0.4138 0.0968 0.0238 0.003 0 0 0 0 0 0 0 0.0054 0.0602 0.3236 0.8662 1.4038 1.5806 1.1324 0.4702 0.1258 0.0282 0.0036 0 0 0 
0 0 0 0 0 0 0 0 0 0 0 0 0 0 0 0 0.2424 4.7238 6.2356 2.1606 0.5226 0.1 0.014 0.001 0 0 0 0 0 0 0 0 0 0.0196 0.6546 3.24 4.2722 2.6068 0.921 0.2334 0.0454 0.007 0 0 0 0 0 0 0 0 0 0.064 0.7188 2.246 2.9884 2.5362 1.0684 0.3072 0.0586 0.0124 0 0 0 0 0 0 0 0 0.0004 0.0916 0.553 1.4642 2.206 2.0664 1.1246 0.3984 0.0854 0.01 0 0 0 0 0 0 0 0 0.0016 0.08 0.3176 0.9034 1.4096 1.5826 1.049 0.5244 0.1134 0.0162 0.0022 0 0 0 
0 0 0 0 0 0 0 0 0 0 0 0 0 0 0 0 0.1866 4.82 6.08 2.117 0.651 0.136 0.0094 0 0 0 0 0 0 0 0 0 0 0.0106 0.6226 3.3826 4.2642 2.3394 0.9674 0.359 0.0518 0.0024 0 0 0 0 0 0 0 0 0 0.042 0.667 2.3906 3.1426 2.25 1.0354 0.3848 0.0826 0.005 0 0 0 0 0 0 0 0 0 0.0666 0.4968 1.623 2.2846 1.9578 1.0628 0.404 0.0976 0.0068 0 0 0 0 0 0 0 0 0 0.0476 0.2778 0.946 1.5138 1.5722 1.0298 0.4826 0.1254 0.0048 0 0 0 0 
0 0 0 0 0 0 0 0 0 0 0 0 0 0 0 0 0.2394 4.7528 6.1666 2.1246 0.5742 0.1216 0.0208 0 0 0 0 0 0 0 0 0 0 0.024 0.6924 3.2016 4.2964 2.4732 0.9702 0.2894 0.0398 0.013 0 0 0 0 0 0 0 0 0.002 0.0882 0.685 2.209 3.1722 2.3546 1.0308 0.3822 0.0634 0.0126 0 0 0 0 0 0 0 0 0.0074 0.113 0.5498 1.4586 2.2084 2.0574 1.0586 0.4368 0.1028 0.0058 0.0014 0 0 0 0 0 0 0 0.0078 0.0804 0.3298 0.8688 1.4372 1.585 1.0044 0.5174 0.1484 0.0208 0 0 0 0 
0 0 0 0 0 0 0 0 0 0 0 0 0 0 0 0 0.1758 4.9418 6.0008 2.1 0.5728 0.1716 0.033 0.0042 0 0 0 0 0 0 0 0 0 0.0116 0.7096 3.323 4.2116 2.3822 0.9308 0.3624 0.061 0.0078 0 0 0 0 0 0 0 0 0.0008 0.0598 0.751 2.3696 3.0376 2.2496 1.042 0.3814 0.0968 0.0114 0 0 0 0 0 0 0 0 0.0026 0.0812 0.5682 1.6184 2.1978 1.929 1.0702 0.416 0.103 0.0136 0 0 0 0 0 0 0 0 0.0014 0.0494 0.3504 0.9416 1.4722 1.5052 1.0314 0.5134 0.1224 0.0126 0 0 0 0 
0 0 0 0 0 0 0 0 0 0 0 0 0 0 0 0 0.2306 4.824 6.008 2.2382 0.5648 0.12 0.0136 0.0008 0 0 0 0 0 0 0 0 0 0.0242 0.7332 3.2264 4.141 2.4952 0.9906 0.3152 0.0698 0.0044 0 0 0 0 0 0 0 0 0.002 0.081 0.773 2.2582 2.997 2.2902 1.1082 0.3818 0.0998 0.0088 0 0 0 0 0 0 0 0 0.0058 0.1028 0.6076 1.4624 2.195 1.9528 1.1154 0.4366 0.1114 0.0102 0 0 0 0 0 0 0 0 0.0016 0.078 0.3368 0.884 1.4178 1.5512 1.0776 0.4788 0.1498 0.0242 0.0002 0 0 0 
0 0 0 0 0 0 0 0 0 0 0 0 0 0 0 0 0.2326 4.7598 6.1472 2.1928 0.5244 0.1104 0.0286 0.0042 0 0 0 0 0 0 0 0 0 0.0188 0.7044 3.1552 4.3286 2.4958 0.9492 0.2874 0.0528 0.0078 0 0 0 0 0 0 0 0 0.0016 0.0746 0.7204 2.2018 3.1864 2.3234 1.0122 0.3748 0.0864 0.0178 0.0006 0 0 0 0 0 0 0 0.0104 0.0756 0.5522 1.4274 2.3914 2.0424 0.9784 0.3982 0.1114 0.0126 0 0 0 0 0 0 0 0 0.0104 0.0606 0.269 0.8292 1.5674 1.659 1.018 0.4272 0.1372 0.022 0 0 0 0 
0 0 0 0 0 0 0 0 0 0 0 0 0 0 0 0 0.2488 4.7816 5.9964 2.2928 0.562 0.1032 0.0152 0 0 0 0 0 0 0 0 0 0 0.0224 0.6868 3.1312 4.3942 2.515 0.9302 0.2728 0.039 0.0084 0 0 0 0 0 0 0 0 0 0.0732 0.6746 2.2318 3.2384 2.3562 1.0194 0.3326 0.0664 0.0056 0.0018 0 0 0 0 0 0 0 0.0036 0.0776 0.5122 1.514 2.2956 2.1226 1.0852 0.3114 0.0658 0.012 0 0 0 0 0 0 0 0 0.003 0.0536 0.2996 0.8396 1.5292 1.6514 1.1332 0.4002 0.0766 0.0102 0.0034 0 0 0 
0 0 0 0 0 0 0 0 0 0 0 0 0 0 0 0 0.2638 4.8156 6.0064 2.243 0.5576 0.0952 0.0184 0 0 0 0 0 0 0 0 0 0 0.0212 0.6444 3.2712 4.2868 2.496 0.9394 0.2876 0.0456 0.0074 0.0004 0 0 0 0 0 0 0 0.001 0.051 0.6206 2.368 3.208 2.2576 1.0744 0.3276 0.0804 0.0114 0 0 0 0 0 0 0 0 0.0012 0.0534 0.4548 1.632 2.3572 1.9492 1.084 0.3772 0.0798 0.0112 0 0 0 0 0 0 0 0 0 0.0302 0.2582 0.9086 1.6268 1.54 1.074 0.4452 0.1008 0.0162 0 0 0 0 
0 0 0 0 0 0 0 0 0 0 0 0 0 0 0 0 0.2068 4.8172 6.111 2.204 0.528 0.1162 0.016 0.0008 0 0 0 0 0 0 0 0 0 0.0198 0.675 3.2542 4.239 2.4444 0.9888 0.308 0.0618 0.009 0 0 0 0 0 0 0 0 0.0038 0.075 0.7268 2.3116 2.9908 2.302 1.0988 0.368 0.1018 0.019 0.0024 0 0 0 0 0 0 0 0.0106 0.096 0.595 1.5134 2.117 2.021 1.0798 0.4132 0.1248 0.0262 0.003 0 0 0 0 0 0 0 0.01 0.0782 0.3516 0.871 1.4114 1.5 1.1186 0.4712 0.1396 0.0414 0.007 0 0 0 
0 0 0 0 0 0 0 0 0 0 0 0 0 0 0 0 0.273 4.7538 6.0934 2.2676 0.5088 0.0844 0.0168 0.0022 0 0 0 0 0 0 0 0 0 0.032 0.737 3.1422 4.1416 2.6428 1.0456 0.2042 0.0478 0.0068 0 0 0 0 0 0 0 0 0.004 0.0752 0.745 2.1798 3.0674 2.3536 1.1548 0.336 0.078 0.0062 0 0 0 0 0 0 0 0 0.0082 0.1016 0.5438 1.4726 2.2242 1.9956 1.1336 0.3998 0.1124 0.007 0.0012 0 0 0 0 0 0 0 0.0098 0.0662 0.341 0.8592 1.452 1.574 1.0086 0.503 0.158 0.0252 0.003 0 0 0 
0 0 0 0 0 0 0 0 0 0 0 0 0 0 0 0 0.1812 4.9264 6.1846 1.915 0.5434 0.1828 0.059 0.0076 0 0 0 0 0 0 0 0 0 0.0182 0.6576 3.301 4.4386 2.3042 0.8656 0.288 0.1088 0.0142 0.0038 0 0 0 0 0 0 0 0.0002 0.0834 0.69 2.3626 3.231 2.139 0.9508 0.3714 0.1426 0.0238 0.0052 0 0 0 0 0 0 0 0.0044 0.0948 0.5542 1.6212 2.3172 1.803 1.0048 0.4156 0.1498 0.028 0.007 0 0 0 0 0 0 0 0.0054 0.0702 0.342 0.9824 1.4718 1.4548 0.9684 0.4654 0.1962 0.0352 0.0082 0 0 0 
0 0 0 0 0 0 0 0 0 0 0 0 0 0 0 0 0.2514 4.7978 6.0568 2.1846 0.5392 0.1374 0.0328 0 0 0 0 0 0 0 0 0 0 0.0194 0.6974 3.2708 4.2454 2.481 0.9032 0.3158 0.0634 0.0036 0 0 0 0 0 0 0 0 0.0024 0.079 0.7546 2.3004 3.0378 2.3104 1.0302 0.3776 0.0846 0.0218 0.0012 0 0 0 0 0 0 0 0.0026 0.1126 0.599 1.4854 2.227 1.9476 1.1274 0.3654 0.1074 0.021 0.0046 0 0 0 0 0 0 0 0.0042 0.0786 0.3474 0.9496 1.3676 1.5372 1.086 0.4452 0.1596 0.02 0.0046 0 0 0 
0 0 0 0 0 0 0 0 0 0 0 0 0 0 0 0 0.3096 4.7972 5.9286 2.1454 0.6272 0.1474 0.0392 0.0054 0 0 0 0 0 0 0 0 0 0.0232 0.7476 3.2858 4.113 2.4364 0.9972 0.298 0.0802 0.0176 0.001 0 0 0 0 0 0 0 0.0012 0.076 0.759 2.3154 3.0958 2.2124 1.0542 0.35 0.1146 0.0214 0 0 0 0 0 0 0 0 0.0044 0.0908 0.5522 1.5648 2.2974 1.9594 1.037 0.3486 0.1182 0.0256 0.0016 0 0 0 0 0 0 0 0.0004 0.0626 0.3114 0.9302 1.512 1.5754 1.0328 0.409 0.123 0.0308 0.011 0.0014 0 0 
0 0 0 0 0 0 0 0 0 0 0 0 0 0 0 0 0.2058 4.8812 5.9214 2.2238 0.5954 0.1306 0.0348 0.0062 0.0008 0 0 0 0 0 0 0 0 0.0212 0.7832 3.3332 4.0882 2.3862 0.967 0.3068 0.0858 0.0198 0.0086 0 0 0 0 0 0 0 0.0012 0.099 0.7922 2.356 3.0056 2.1686 1.0758 0.3584 0.1106 0.0222 0.0104 0 0 0 0 0 0 0 0.0066 0.1126 0.629 1.5478 2.1864 1.8852 1.0842 0.3952 0.1252 0.0218 0.006 0 0 0 0 0 0 0 0.0026 0.0776 0.3754 0.9076 1.475 1.4846 1.0446 0.4754 0.129 0.0212 0.0064 0.0006 0 0 
0 0 0 0 0 0 0 0 0 0 0 0 0 0 0 0 0.1914 4.758 6.268 2.065 0.5938 0.1098 0.0108 0.0032 0 0 0 0 0 0 0 0 0 0.0162 0.6544 3.2604 4.3322 2.429 0.9722 0.2764 0.0544 0.0026 0.0022 0 0 0 0 0 0 0 0 0.0506 0.6928 2.3286 3.135 2.3042 1.029 0.3812 0.0722 0.0044 0.002 0 0 0 0 0 0 0 0.0012 0.061 0.5232 1.5788 2.3 1.9828 1.0782 0.3654 0.0838 0.0246 0.001 0 0 0 0 0 0 0 0.0008 0.0396 0.2824 0.89 1.5538 1.6232 1.0646 0.4112 0.1048 0.0256 0.004 0 0 0 
0 0 0 0 0 0 0 0 0 0 0 0 0 0 0 0 0.2252 4.8054 6.0354 2.2058 0.5878 0.1248 0.0104 0.0018 0.0034 0 0 0 0 0 0 0 0 0.0148 0.6754 3.2474 4.2744 2.4508 0.9912 0.2942 0.047 0.002 0.0028 0 0 0 0 0 0 0 0.0008 0.0552 0.6932 2.2852 3.2472 2.2046 1.084 0.3658 0.056 0.0066 0.0014 0 0 0 0 0 0 0 0.0014 0.0646 0.5334 1.5524 2.3494 1.9752 1.0774 0.374 0.0648 0.0074 0 0 0 0 0 0 0 0 0.0014 0.0412 0.2838 0.8778 1.558 1.6708 1.0232 0.455 0.0834 0.0054 0 0 0 0 
0 0 0 0 0 0 0 0 0 0 0 0 0 0 0 0 0.304 4.8178 5.8818 2.1816 0.6298 0.151 0.0236 0.01 0.0004 0 0 0 0 0 0 0 0 0.021 0.7438 3.296 4.1366 2.4494 0.963 0.3034 0.07 0.0168 0 0 0 0 0 0 0 0 0.0004 0.0884 0.792 2.3092 3.011 2.2 1.1058 0.3844 0.0816 0.022 0.0052 0 0 0 0 0 0 0 0.0038 0.1012 0.5894 1.583 2.1958 1.8776 1.0802 0.4398 0.1038 0.0194 0.006 0 0 0 0 0 0 0 0.0042 0.0736 0.372 0.9174 1.4672 1.4594 1.042 0.4964 0.1302 0.0286 0.009 0 0 0 
0 0 0 0 0 0 0 0 0 0 0 0 0 0 0 0 0.1754 4.7638 6.1858 2.0908 0.59 0.171 0.0194 0.0038 0 0 0 0 0 0 0 0 0 0.0076 0.6562 3.338 4.2652 2.3976 0.9012 0.3384 0.0762 0.016 0.0036 0 0 0 0 0 0 0 0 0.0548 0.7038 2.406 3.1208 2.1898 0.9962 0.3992 0.0982 0.026 0.0052 0 0 0 0 0 0 0 0.0014 0.0774 0.5866 1.5596 2.3588 1.8198 1.0354 0.4306 0.105 0.0198 0.0056 0 0 0 0 0 0 0 0.0018 0.063 0.3428 0.9022 1.5182 1.4808 1.0468 0.4704 0.1328 0.0352 0.006 0 0 0 
0 0 0 0 0 0 0 0 0 0 0 0 0 0 0 0 0.2276 4.884 5.8942 2.2248 0.6112 0.1438 0.0144 0 0 0 0 0 0 0 0 0 0 0.023 0.8372 3.2514 3.9558 2.4886 1.0444 0.3328 0.0656 0.0012 0 0 0 0 0 0 0 0 0.0002 0.1144 0.9274 2.2448 2.7912 2.2192 1.1618 0.437 0.0968 0.0072 0 0 0 0 0 0 0 0 0.0094 0.1532 0.7034 1.5338 1.9934 1.7912 1.1636 0.506 0.1308 0.014 0.0012 0 0 0 0 0 0 0 0.0156 0.1102 0.415 0.9608 1.3302 1.3466 1.0414 0.5734 0.1664 0.0378 0.0026 0 0 0 
0 0 0 0 0 0 0 0 0 0 0 0 0 0 0 0 0.3142 4.7968 6.0034 2.1664 0.5672 0.1186 0.0316 0.0018 0 0 0 0 0 0 0 0 0 0.0184 0.7126 3.2124 4.278 2.5014 0.9132 0.2708 0.0876 0.0056 0 0 0 0 0 0 0 0 0.0026 0.0732 0.733 2.2598 3.1092 2.332 1.032 0.3442 0.0938 0.0192 0.001 0 0 0 0 0 0 0 0.0052 0.0798 0.5714 1.5032 2.2746 1.9394 1.102 0.403 0.0906 0.029 0.0018 0 0 0 0 0 0 0 0.0048 0.0808 0.3158 0.887 1.495 1.5308 1.0768 0.4234 0.1448 0.0336 0.0072 0 0 0 
0 0 0 0 0 0 0 0 0 0 0 0 0 0 0 0 0.2536 4.765 6.142 2.1998 0.537 0.0964 0.0062 0 0 0 0 0 0 0 0 0 0 0.0146 0.6514 3.1858 4.3802 2.5288 0.945 0.2712 0.023 0 0 0 0 0 0 0 0 0 0.0004 0.0614 0.6508 2.2734 3.2336 2.3274 1.1214 0.2852 0.0464 0 0 0 0 0 0 0 0 0 0.0022 0.0646 0.5112 1.5118 2.3296 2.025 1.162 0.328 0.0596 0.006 0 0 0 0 0 0 0 0 0.0022 0.0504 0.2746 0.8944 1.4966 1.702 1.0622 0.42 0.0838 0.0134 0.0004 0 0 0 
0 0 0 0 0 0 0 0 0 0 0 0 0 0 0 0 0.2116 4.9146 5.9498 2.0964 0.6298 0.1614 0.0316 0.0048 0 0 0 0 0 0 0 0 0 0.0196 0.7104 3.3072 4.1824 2.3622 0.9886 0.3254 0.0852 0.0156 0.0034 0 0 0 0 0 0 0 0.0016 0.0782 0.7416 2.323 3.1522 2.17 1.0046 0.3968 0.1106 0.0138 0.0076 0 0 0 0 0 0 0 0.0074 0.0964 0.5774 1.5496 2.2732 1.946 0.9916 0.4172 0.114 0.0194 0.0078 0 0 0 0 0 0 0 0.0116 0.0682 0.3236 0.9158 1.4252 1.5778 1.0802 0.4588 0.1114 0.0178 0.007 0.0026 0 0 
0 0 0 0 0 0 0 0 0 0 0 0 0 0 0 0 0.222 4.7828 6.1956 2.137 0.497 0.1136 0.0408 0.0072 0.004 0 0 0 0 0 0 0 0 0.0114 0.7162 3.226 4.234 2.4936 0.993 0.242 0.0576 0.0196 0.0066 0 0 0 0 0 0 0 0.0008 0.0642 0.7688 2.3082 3.0028 2.3274 1.076 0.3344 0.0952 0.0128 0.0042 0.0052 0 0 0 0 0 0 0.0084 0.0908 0.5896 1.529 2.1564 2.0396 1.0824 0.3824 0.0958 0.0156 0.0062 0.0038 0 0 0 0 0 0.0014 0.012 0.0604 0.3372 0.864 1.4512 1.6144 1.0736 0.4296 0.1194 0.0236 0.0094 0.0038 0 0 
0 0 0 0 0 0 0 0 0 0 0 0 0 0 0 0 0.2034 4.7552 6.2322 2.1288 0.531 0.1144 0.0292 0.0058 0 0 0 0 0 0 0 0 0 0.0128 0.647 3.2888 4.2444 2.5038 0.9486 0.2732 0.064 0.012 0.0054 0 0 0 0 0 0 0 0.0012 0.0764 0.6886 2.3488 3.014 2.3134 1.102 0.3442 0.0892 0.018 0.0026 0.0016 0 0 0 0 0 0 0.0038 0.0914 0.5428 1.53 2.177 2.0272 1.0918 0.4012 0.1122 0.0174 0.0036 0.0016 0 0 0 0 0 0 0.0056 0.0674 0.3286 0.8936 1.4418 1.5062 1.1342 0.4462 0.1546 0.016 0.0038 0.002 0 0 
0 0 0 0 0 0 0 0 0 0 0 0 0 0 0 0 0.1978 4.7486 6.3214 2.1294 0.4816 0.0932 0.0266 0.0014 0 0 0 0 0 0 0 0 0 0.0088 0.616 3.1952 4.406 2.5922 0.8914 0.2242 0.0566 0.0096 0 0 0 0 0 0 0 0 0 0.047 0.591 2.2768 3.2518 2.388 1.0716 0.294 0.0678 0.012 0 0 0 0 0 0 0 0 0.0014 0.043 0.458 1.565 2.3608 2.0412 1.0736 0.3834 0.0636 0.0092 0.0008 0 0 0 0 0 0 0 0 0.0326 0.2336 0.9304 1.5978 1.5558 1.066 0.4594 0.1098 0.013 0.0016 0 0 0 
0 0 0 0 0 0 0 0 0 0 0 0 0 0 0 0 0.2658 4.8606 6.0054 2.099 0.5916 0.1472 0.0254 0.005 0 0 0 0 0 0 0 0 0 0.02 0.6564 3.3096 4.3194 2.3542 0.9536 0.3202 0.0566 0.0072 0.0028 0 0 0 0 0 0 0 0.0026 0.0708 0.7178 2.2646 3.207 2.1876 1.0462 0.4166 0.0696 0.012 0.0052 0 0 0 0 0 0 0 0.0026 0.0818 0.5334 1.5246 2.3794 1.8872 1.07 0.4194 0.0858 0.013 0.0028 0 0 0 0 0 0 0 0 0.063 0.324 0.8724 1.5082 1.5332 1.09 0.4798 0.1088 0.0202 0.0004 0 0 0 
0 0 0 0 0 0 0 0 0 0 0 0 0 0 0 0 0.302 4.749 5.9596 2.2462 0.5786 0.136 0.0202 0.0084 0 0 0 0 0 0 0 0 0 0.0376 0.7982 3.0916 4.2492 2.4736 0.9604 0.3102 0.0662 0.013 0 0 0 0 0 0 0 0 0.0048 0.1188 0.7542 2.2422 3.069 2.275 1.0372 0.3846 0.0958 0.0184 0 0 0 0 0 0 0 0 0.0098 0.1184 0.619 1.5006 2.1832 1.9422 1.0702 0.4136 0.1176 0.024 0.0014 0 0 0 0 0 0 0 0.006 0.0934 0.379 0.9222 1.3114 1.5874 1.0544 0.468 0.1574 0.018 0.0028 0 0 0 
0 0 0 0 0 0 0 0 0 0 0 0 0 0 0 0 0.1714 4.6966 6.3636 2.1232 0.5102 0.1212 0.0124 0.0014 0 0 0 0 0 0 0 0 0 0.019 0.63 3.224 4.3136 2.6008 0.9108 0.2274 0.0634 0.011 0 0 0 0 0 0 0 0 0 0.0706 0.6796 2.2404 3.1372 2.335 1.1062 0.3416 0.0656 0.0234 0.0004 0 0 0 0 0 0 0 0.0018 0.0856 0.5298 1.501 2.1988 2.0334 1.1132 0.4296 0.0832 0.0236 0 0 0 0 0 0 0 0 0.0004 0.068 0.285 0.946 1.3914 1.5646 1.1336 0.4526 0.1282 0.027 0.0032 0 0 0 
0 0 0 0 0 0 0 0 0 0 0 0 0 0 0 0 0.21 4.8078 6.0678 2.2086 0.5564 0.1342 0.0144 0.0008 0 0 0 0 0 0 0 0 0 0.0234 0.7818 3.2084 4.0796 2.4976 1.0484 0.29 0.0658 0.005 0 0 0 0 0 0 0 0 0.0022 0.1184 0.8146 2.2042 2.9382 2.2864 1.144 0.3762 0.0964 0.018 0.0014 0 0 0 0 0 0 0 0.012 0.148 0.647 1.4444 2.083 1.9376 1.1308 0.445 0.1238 0.027 0.0014 0 0 0 0 0 0 0 0.0126 0.103 0.3876 0.8722 1.3228 1.4846 1.1422 0.4852 0.1416 0.0452 0.003 0 0 0 
0 0 0 0 0 0 0 0 0 0 0 0 0 0 0 0 0.2048 4.8742 6.0736 2.1264 0.5914 0.1024 0.0272 0 0 0 0 0 0 0 0 0 0 0.019 0.6582 3.3268 4.2302 2.4708 0.9394 0.2732 0.062 0.0162 0.0042 0 0 0 0 0 0 0 0.002 0.077 0.689 2.3238 3.1256 2.2926 1.0388 0.3404 0.0892 0.0174 0.0042 0 0 0 0 0 0 0 0.009 0.0954 0.4994 1.527 2.3266 1.968 1.0832 0.3688 0.092 0.0246 0.006 0 0 0 0 0 0 0.0024 0.0094 0.059 0.296 0.8824 1.5442 1.5756 1.0358 0.4342 0.1284 0.0218 0.0108 0 0 0 
0 0 0 0 0 0 0 0 0 0 0 0 0 0 0 0 0.2526 4.7442 6.0906 2.3284 0.4844 0.0846 0.011 0.0042 0 0 0 0 0 0 0 0 0 0.0126 0.6544 3.2116 4.2532 2.7116 0.8798 0.2262 0.0428 0.0078 0 0 0 0 0 0 0 0 0 0.0698 0.6438 2.2182 3.1736 2.4066 1.0936 0.321 0.0598 0.0122 0.0014 0 0 0 0 0 0 0 0.0014 0.0692 0.496 1.4744 2.3336 2.022 1.1004 0.3928 0.0984 0.0118 0 0 0 0 0 0 0 0 0.0042 0.0556 0.309 0.8174 1.4868 1.6512 1.072 0.4412 0.1568 0.0058 0 0 0 0 
0 0 0 0 0 0 0 0 0 0 0 0 0 0 0 0 0.2724 4.8002 5.9826 2.1444 0.6026 0.1648 0.0292 0.0038 0 0 0 0 0 0 0 0 0 0.0284 0.8194 3.1996 4.0876 2.455 1.0202 0.2942 0.075 0.0206 0 0 0 0 0 0 0 0 0.0028 0.1058 0.8034 2.2884 2.9112 2.2926 1.115 0.371 0.0824 0.0262 0.0012 0 0 0 0 0 0 0 0.0128 0.1076 0.6102 1.5722 2.0646 1.9302 1.148 0.4186 0.1102 0.0256 0 0 0 0 0 0 0 0 0.0104 0.063 0.3858 0.9356 1.406 1.4404 1.075 0.5166 0.143 0.022 0.0022 0 0 0 
0 0 0 0 0 0 0 0 0 0 0 0 0 0 0 0 0.1924 4.8614 6.13 2.1426 0.507 0.1404 0.023 0.0032 0 0 0 0 0 0 0 0 0 0.01 0.687 3.2778 4.2354 2.543 0.8688 0.2868 0.0808 0.0104 0 0 0 0 0 0 0 0 0.0014 0.0778 0.7538 2.3018 2.9936 2.346 1.0216 0.3828 0.1114 0.0098 0 0 0 0 0 0 0 0 0.0044 0.0998 0.5766 1.5806 2.1872 1.8458 1.1234 0.4334 0.1322 0.0166 0 0 0 0 0 0 0 0 0.0066 0.0764 0.3434 0.951 1.4232 1.4188 1.062 0.5284 0.1608 0.0294 0 0 0 0 
0 0 0 0 0 0 0 0 0 0 0 0 0 0 0 0.0004 0.2466 4.7668 6.1624 2.1038 0.536 0.1418 0.0356 0.0048 0.0018 0 0 0 0 0 0 0 0 0.013 0.6168 3.2952 4.3796 2.4188 0.871 0.3178 0.0748 0.0106 0.0024 0 0 0 0 0 0 0 0 0.0542 0.647 2.3102 3.2476 2.2614 1.0098 0.3472 0.1012 0.0214 0 0 0 0 0 0 0 0 0.0006 0.0646 0.5138 1.5674 2.308 1.9802 1.0394 0.4086 0.092 0.0238 0.0016 0 0 0 0 0 0 0 0.001 0.043 0.2944 0.9098 1.4902 1.609 1.058 0.446 0.1212 0.022 0.0036 0.0018 0 0 
0 0 0 0 0 0 0 0 0 0 0 0 0 0 0 0 0.185 4.7844 6.1042 2.217 0.5878 0.1058 0.0158 0 0 0 0 0 0 0 0 0 0 0.012 0.6158 3.2742 4.2942 2.5174 0.9396 0.2996 0.0472 0 0 0 0 0 0 0 0 0 0 0.06 0.6508 2.2696 3.1906 2.2962 1.0434 0.3892 0.098 0.0022 0 0 0 0 0 0 0 0 0.0012 0.0698 0.4978 1.5354 2.2864 2.0004 1.0658 0.4022 0.1262 0.0148 0 0 0 0 0 0 0 0 0.0006 0.036 0.3286 0.9332 1.3964 1.6038 1.0512 0.4688 0.1628 0.0186 0 0 0 0 
0 0 0 0 0 0 0 0 0 0 0 0 0 0 0 0 0.213 4.807 6.0688 2.2258 0.5468 0.1206 0.0162 0.0018 0 0 0 0 0 0 0 0 0 0.0208 0.6524 3.2624 4.2794 2.469 0.9886 0.2612 0.0628 0.0034 0 0 0 0 0 0 0 0 0.0046 0.0712 0.6936 2.288 3.144 2.2702 1.1156 0.3306 0.0776 0.0046 0 0 0 0 0 0 0 0 0.0118 0.0866 0.5038 1.5306 2.362 1.9382 1.1092 0.3594 0.0948 0.0036 0 0 0 0 0 0 0 0 0.008 0.057 0.3124 0.8322 1.5824 1.6048 0.9994 0.4516 0.1376 0.0146 0 0 0 0 
0 0 0 0 0 0 0 0 0 0 0 0 0 0 0 0 0.2194 4.8038 6.1686 2.2122 0.5044 0.0858 0.0052 0.0006 0 0 0 0 0 0 0 0 0 0.0134 0.6472 3.2152 4.3906 2.5136 0.9036 0.2584 0.0526 0.0054 0 0 0 0 0 0 0 0 0.0016 0.0544 0.6394 2.24 3.3036 2.3784 0.9836 0.3222 0.0586 0.0182 0 0 0 0 0 0 0 0 0.003 0.0544 0.4952 1.5104 2.3896 2.0994 0.981 0.3764 0.067 0.0236 0 0 0 0 0 0 0 0 0.003 0.039 0.2374 0.898 1.6108 1.656 0.9984 0.4466 0.0916 0.0172 0.002 0 0 0 
0 0 0 0 0 0 0 0 0 0 0 0 0 0 0 0 0.2594 4.7622 6.1282 2.213 0.5328 0.0878 0.0166 0 0 0 0 0 0 0 0 0 0 0.0172 0.6018 3.2582 4.3892 2.549 0.88 0.2532 0.0414 0.01 0 0 0 0 0 0 0 0 0.0008 0.0494 0.5924 2.2882 3.3202 2.3278 1.0138 0.3392 0.0598 0.0064 0.002 0 0 0 0 0 0 0 0 0.053 0.4064 1.541 2.446 2.0244 1.1068 0.3422 0.0688 0.0102 0.0012 0 0 0 0 0 0 0 0 0.0278 0.2226 0.8388 1.6226 1.7662 1.046 0.38 0.0796 0.0164 0 0 0 0 
0 0 0 0 0 0 0 0 0 0 0 0 0 0 0 0 0.2518 4.8522 6.0228 2.085 0.594 0.142 0.0412 0.011 0 0 0 0 0 0 0 0 0 0.0198 0.7702 3.2588 4.1822 2.393 1.0116 0.267 0.0734 0.0234 0.0006 0 0 0 0 0 0 0 0.0016 0.0898 0.8022 2.3306 2.99 2.213 1.1162 0.3382 0.0886 0.0276 0.0022 0 0 0 0 0 0 0 0.0048 0.0856 0.61 1.5988 2.2082 1.8638 1.1542 0.352 0.0992 0.023 0.0004 0 0 0 0 0 0 0 0.0048 0.0604 0.345 0.9198 1.5234 1.4852 1.0644 0.458 0.1044 0.0346 0 0 0 0 
0 0 0 0 0 0 0 0 0 0 0 0 0 0 0 0 0.2464 4.797 6.055 2.255 0.4994 0.1126 0.0304 0.0042 0 0 0 0 0 0 0 0 0 0.0182 0.6952 3.2714 4.1936 2.5068 0.9538 0.274 0.0744 0.0088 0.0038 0 0 0 0 0 0 0 0.0002 0.076 0.7708 2.2998 2.9778 2.3328 1.0412 0.3874 0.096 0.018 0 0 0 0 0 0 0 0 0.001 0.093 0.5624 1.5774 2.2338 1.8726 1.0646 0.4608 0.1164 0.018 0 0 0 0 0 0 0 0 0 0.0778 0.3182 0.9486 1.4784 1.5058 0.9496 0.5248 0.1834 0.0134 0 0 0 0 
0 0 0 0 0 0 0 0 0 0 0 0 0 0 0 0 0.2948 4.7832 6.0014 2.155 0.5754 0.1506 0.0318 0.0078 0 0 0 0 0 0 0 0 0 0.0324 0.7398 3.2608 4.1328 2.4688 0.993 0.2822 0.0702 0.015 0.005 0 0 0 0 0 0 0 0.0052 0.1002 0.7714 2.277 2.96 2.269 1.1264 0.366 0.098 0.023 0.0038 0 0 0 0 0 0 0.0014 0.0122 0.1258 0.603 1.5486 2.07 1.875 1.1514 0.4544 0.1298 0.0244 0.004 0 0 0 0 0 0 0.0016 0.0096 0.0882 0.4006 0.9488 1.3428 1.3882 1.0268 0.5628 0.1874 0.039 0.0042 0 0 0 
0 0 0 0 0 0 0 0 0 0 0 0 0 0 0 0 0.2852 4.7812 5.9526 2.2214 0.6048 0.1198 0.0284 0.0066 0 0 0 0 0 0 0 0 0 0.0288 0.7436 3.1892 4.2418 2.4684 0.958 0.29 0.0664 0.0108 0.003 0 0 0 0 0 0 0 0.006 0.1222 0.7344 2.1976 3.1938 2.2078 1.0726 0.3382 0.103 0.0216 0.0028 0 0 0 0 0 0 0.0028 0.0246 0.1224 0.557 1.4812 2.273 1.8996 1.0872 0.3954 0.1072 0.0432 0.0064 0 0 0 0 0 0 0.0062 0.0318 0.0764 0.3358 0.893 1.4358 1.5686 1.0258 0.4292 0.1282 0.05 0.0182 0.001 0 0 
0 0 0 0 0 0 0 0 0 0 0 0 0 0 0 0 0.1816 4.8424 6.2504 2.099 0.5566 0.0658 0.0042 0 0 0 0 0 0 0 0 0 0 0.0064 0.5652 3.4732 4.3292 2.3874 0.9282 0.2702 0.0366 0.0036 0 0 0 0 0 0 0 0 0.0006 0.0548 0.64 2.402 3.2212 2.2728 0.9842 0.3664 0.0536 0.0044 0 0 0 0 0 0 0 0 0.0032 0.0556 0.5074 1.6134 2.3934 1.937 1.039 0.36 0.0862 0.0048 0 0 0 0 0 0 0 0 0.0016 0.0422 0.28 0.9558 1.5636 1.6102 1.0084 0.4262 0.1084 0.0036 0 0 0 0 
0 0 0 0 0 0 0 0 0 0 0 0 0 0 0 0 0.1904 4.8298 6.1822 2.143 0.5142 0.1266 0.0138 0 0 0 0 0 0 0 0 0 0 0.012 0.612 3.3232 4.3094 2.5156 0.8966 0.2674 0.0594 0.0044 0 0 0 0 0 0 0 0 0.002 0.0414 0.6504 2.3018 3.2964 2.2362 1.0438 0.338 0.0788 0.0112 0 0 0 0 0 0 0 0 0.0022 0.0464 0.4996 1.5038 2.437 2.0278 0.9942 0.387 0.0902 0.0116 0.0002 0 0 0 0 0 0 0 0.001 0.0286 0.2748 0.8882 1.6042 1.6052 1.0374 0.4322 0.109 0.0194 0 0 0 0 
0 0 0 0 0 0 0 0 0 0 0 0 0 0 0 0 0.2086 4.898 5.9762 2.1126 0.6434 0.138 0.0232 0 0 0 0 0 0 0 0 0 0 0.0164 0.673 3.2822 4.2596 2.384 0.9944 0.3194 0.0686 0.0024 0 0 0 0 0 0 0 0 0.0006 0.0562 0.6808 2.2568 3.291 2.163 1.09 0.3708 0.089 0.0018 0 0 0 0 0 0 0 0 0.0024 0.0738 0.5304 1.487 2.3884 1.9506 1.0684 0.3888 0.103 0.0044 0.0028 0 0 0 0 0 0 0 0.0076 0.0454 0.2778 0.881 1.505 1.6516 1.063 0.4472 0.1056 0.0132 0.0026 0 0 0 
0 0 0 0 0 0 0 0 0 0 0 0 0 0 0 0 0.2842 4.736 6.0974 2.2104 0.5408 0.12 0.0112 0 0 0 0 0 0 0 0 0 0 0.0106 0.7306 3.2462 4.1052 2.6352 0.922 0.294 0.0546 0.0016 0 0 0 0 0 0 0 0 0 0.0624 0.8076 2.2564 2.9942 2.2596 1.115 0.3952 0.104 0.0056 0 0 0 0 0 0 0 0 0.0022 0.1062 0.608 1.599 2.088 1.8438 1.1472 0.4624 0.1284 0.012 0.0028 0 0 0 0 0 0 0 0.007 0.0786 0.3556 0.9756 1.3714 1.378 1.0964 0.5348 0.1712 0.0266 0.0048 0 0 0 
0 0 0 0 0 0 0 0 0 0 0 0 0 0 0 0 0.2518 4.7718 6.0778 2.2694 0.5176 0.1052 0.0064 0 0 0 0 0 0 0 0 0 0 0.0134 0.5994 3.2374 4.4042 2.508 0.9192 0.2748 0.0384 0.0036 0.0016 0 0 0 0 0 0 0 0 0.0384 0.6172 2.2858 3.3126 2.4052 0.9572 0.3144 0.059 0.0102 0 0 0 0 0 0 0 0 0.0012 0.043 0.4034 1.5282 2.5244 2.1064 0.9974 0.3178 0.0728 0.0054 0 0 0 0 0 0 0 0 0.001 0.0226 0.2034 0.8322 1.7318 1.6996 1.0524 0.3686 0.0856 0.0028 0 0 0 0 
0 0 0 0 0 0 0 0 0 0 0 0 0 0 0 0 0.2034 4.7432 6.1448 2.1756 0.5638 0.1448 0.0232 0.0012 0 0 0 0 0 0 0 0 0 0.022 0.7146 3.2332 4.182 2.5012 0.9404 0.3276 0.0696 0.0094 0 0 0 0 0 0 0 0 0.005 0.0826 0.7742 2.2902 3.0718 2.143 1.0928 0.3952 0.1198 0.0208 0.0046 0 0 0 0 0 0 0 0.0078 0.1114 0.5758 1.556 2.2318 1.8114 1.0518 0.4766 0.1518 0.02 0.0056 0 0 0 0 0 0 0 0.009 0.0776 0.3382 0.8726 1.5174 1.5232 0.9324 0.5038 0.185 0.0362 0.003 0.0016 0 0 
0 0 0 0 0 0 0 0 0 0 0 0 0 0 0 0 0.29 4.7146 6.1588 2.2242 0.5392 0.0598 0.0108 0.0026 0 0 0 0 0 0 0 0 0 0.0272 0.7472 3.12 4.2818 2.499 1.0154 0.261 0.037 0.009 0.0024 0 0 0 0 0 0 0 0.0014 0.1066 0.7726 2.1822 2.9898 2.284 1.1654 0.4 0.0822 0.0158 0 0 0 0 0 0 0 0 0.0126 0.1466 0.5932 1.4044 2.1692 1.9002 1.108 0.4994 0.1468 0.0196 0 0 0 0 0 0 0 0 0.015 0.126 0.3822 0.8232 1.3442 1.4924 1.0452 0.5296 0.1988 0.0434 0 0 0 0 
0 0 0 0 0 0 0 0 0 0 0 0 0 0 0 0 0.2536 4.811 5.9796 2.1272 0.6402 0.152 0.0318 0.0046 0 0 0 0 0 0 0 0 0 0.0362 0.7144 3.2932 4.108 2.484 0.924 0.338 0.0832 0.019 0 0 0 0 0 0 0 0 0.0076 0.0988 0.7072 2.3314 3.1196 2.2268 0.9896 0.3842 0.107 0.024 0.0038 0 0 0 0 0 0 0.0018 0.0138 0.1152 0.5426 1.5866 2.297 1.8646 0.994 0.4216 0.1356 0.022 0.0052 0 0 0 0 0 0 0.0026 0.011 0.0898 0.3122 0.9364 1.4996 1.5244 0.9334 0.4704 0.1786 0.0326 0.0054 0.0036 0 0 
0 0 0 0 0 0 0 0 0 0 0 0 0 0 0 0 0.2822 4.819 5.9976 2.1252 0.5846 0.1402 0.0426 0.0086 0 0 0 0 0 0 0 0 0 0.0232 0.7676 3.3002 4.0984 2.4534 0.9548 0.274 0.1032 0.0234 0.0018 0 0 0 0 0 0 0 0.0004 0.1038 0.7718 2.3216 3.0544 2.148 1.0436 0.4022 0.1258 0.0284 0 0 0 0 0 0 0 0 0.0104 0.1372 0.5906 1.616 2.1698 1.7852 1.0438 0.4476 0.1658 0.0322 0.0014 0 0 0 0 0 0 0 0.0168 0.1058 0.3764 0.932 1.3974 1.4356 0.9566 0.5272 0.2058 0.0456 0.0008 0 0 0 
0 0 0 0 0 0 0 0 0 0 0 0 0 0 0 0 0.2254 4.8274 6.023 2.1446 0.6266 0.1372 0.0154 0.0004 0 0 0 0 0 0 0 0 0 0.0188 0.6626 3.32 4.2256 2.3848 1.0218 0.2924 0.0596 0.0144 0 0 0 0 0 0 0 0 0 0.0604 0.6766 2.3734 3.1636 2.1936 1.062 0.3608 0.0938 0.0108 0.005 0 0 0 0 0 0 0 0.0016 0.0686 0.5064 1.5974 2.3396 1.9476 1.0142 0.4086 0.0952 0.019 0.0018 0 0 0 0 0 0 0 0.0006 0.0412 0.2998 0.8844 1.5946 1.5406 1.056 0.4236 0.1406 0.0176 0.001 0 0 0 
0 0 0 0 0 0 0 0 0 0 0 0 0 0 0 0 0.2622 4.7628 6.0308 2.2844 0.5474 0.0952 0.0146 0.0026 0 0 0 0 0 0 0 0 0 0.0216 0.6976 3.2318 4.1838 2.5778 0.9938 0.2436 0.0394 0.0106 0 0 0 0 0 0 0 0.0006 0.0042 0.0758 0.7848 2.1984 3.0766 2.3122 1.1074 0.368 0.0638 0.0082 0 0 0 0 0 0 0 0.0016 0.007 0.1016 0.583 1.516 2.2256 1.9006 1.0862 0.4428 0.1238 0.0118 0 0 0 0 0 0 0 0.0022 0.0078 0.0794 0.3318 0.8994 1.4542 1.56 1.0106 0.4536 0.1738 0.0252 0.002 0 0 0 
0 0 0 0 0 0 0 0 0 0 0 0 0 0 0 0 0.2294 4.7924 6.0882 2.2076 0.538 0.1306 0.0128 0.001 0 0 0 0 0 0 0 0 0 0.0146 0.6764 3.194 4.3078 2.5046 0.9658 0.27 0.0612 0.0056 0 0 0 0 0 0 0 0 0 0.07 0.6902 2.2488 3.1208 2.3422 1.0808 0.3596 0.0774 0.0102 0 0 0 0 0 0 0 0 0.0018 0.0868 0.5412 1.4668 2.2434 2.0096 1.1426 0.4004 0.0944 0.011 0.002 0 0 0 0 0 0 0 0.0022 0.055 0.3364 0.8538 1.4426 1.5974 1.091 0.4868 0.1104 0.022 0.0024 0 0 0 
0 0 0 0 0 0 0 0 0 0 0 0 0 0 0 0 0.2344 4.7298 6.201 2.2222 0.5022 0.0902 0.0176 0.0026 0 0 0 0 0 0 0 0 0 0.0182 0.6558 3.2764 4.2066 2.5654 0.9818 0.2392 0.0444 0.0122 0 0 0 0 0 0 0 0 0 0.0646 0.6834 2.313 3.1086 2.3586 1.0794 0.297 0.0826 0.011 0.0018 0 0 0 0 0 0 0 0.0018 0.0772 0.5316 1.5512 2.263 1.9932 1.0954 0.3738 0.0936 0.0192 0 0 0 0 0 0 0 0 0.0018 0.0468 0.3168 0.889 1.505 1.623 1.029 0.4414 0.1212 0.022 0.004 0 0 0 
0 0 0 0 0 0 0 0 0 0 0 0 0 0 0 0 0.2296 4.8012 6.08 2.2348 0.5492 0.0944 0.0108 0 0 0 0 0 0 0 0 0 0 0.0088 0.635 3.176 4.3352 2.669 0.912 0.224 0.0386 0.0014 0 0 0 0 0 0 0 0 0 0.0384 0.5626 2.3046 3.3472 2.3918 1.0106 0.2888 0.0482 0.0078 0 0 0 0 0 0 0 0 0 0.0486 0.3914 1.4836 2.6194 2.0948 0.9904 0.3144 0.0492 0.0082 0 0 0 0 0 0 0 0 0.0016 0.0306 0.1854 0.8452 1.6874 1.7674 1.0464 0.364 0.0616 0.0104 0 0 0 0 
0 0 0 0 0 0 0 0 0 0 0 0 0 0 0 0 0.2766 4.7106 6.1556 2.2148 0.5102 0.1164 0.013 0.0028 0 0 0 0 0 0 0 0 0 0.0152 0.7094 3.1868 4.3534 2.4994 0.926 0.252 0.0524 0.0038 0.0016 0 0 0 0 0 0 0 0.0012 0.068 0.741 2.2504 3.1246 2.3296 1.0544 0.3294 0.0874 0.014 0 0 0 0 0 0 0 0 0.003 0.0858 0.549 1.5554 2.2574 1.9576 1.0832 0.3916 0.0962 0.019 0.0018 0 0 0 0 0 0 0 0.0046 0.0774 0.3228 0.9048 1.478 1.5138 1.0908 0.4602 0.122 0.02 0.0056 0 0 0 
0 0 0 0 0 0 0 0 0 0 0 0 0 0 0 0 0.2072 4.8804 5.9588 2.147 0.617 0.1492 0.027 0.0092 0.0042 0 0 0 0 0 0 0 0 0.0162 0.7374 3.408 3.9746 2.4214 0.9942 0.349 0.0728 0.0238 0.0026 0 0 0 0 0 0 0 0.0008 0.0874 0.8532 2.3722 2.8872 2.0904 1.1194 0.4176 0.147 0.0248 0 0 0 0 0 0 0 0 0.0078 0.1378 0.6544 1.581 2.1216 1.7742 1.0268 0.489 0.1746 0.0276 0.0052 0 0 0 0 0 0 0.0004 0.0074 0.1154 0.379 0.9198 1.3978 1.4674 0.9094 0.5352 0.2184 0.0412 0.0086 0 0 0 
0 0 0 0 0 0 0 0 0 0 0 0 0 0 0 0 0.3326 4.6924 6.0032 2.2834 0.5742 0.1034 0.0104 0.0004 0 0 0 0 0 0 0 0 0 0.0294 0.7464 3.087 4.3254 2.5084 0.9618 0.2936 0.0428 0.0052 0 0 0 0 0 0 0 0 0.0018 0.0926 0.7296 2.1438 3.178 2.3418 1.0852 0.3484 0.0678 0.0108 0.0002 0 0 0 0 0 0 0 0.0074 0.1098 0.566 1.469 2.1972 2.0128 1.1078 0.4158 0.102 0.011 0.0012 0 0 0 0 0 0 0 0.0072 0.0888 0.3222 0.8968 1.4154 1.5664 1.044 0.5052 0.1396 0.0144 0 0 0 0 
0 0 0 0 0 0 0 0 0 0 0 0 0 0 0 0 0.2476 4.7158 6.0708 2.2622 0.592 0.0978 0.0138 0 0 0 0 0 0 0 0 0 0 0.0258 0.756 3.22 4.1066 2.5302 1.0138 0.2904 0.0572 0 0 0 0 0 0 0 0 0 0.001 0.1094 0.821 2.2486 2.918 2.2412 1.146 0.4434 0.0638 0.0064 0.0012 0 0 0 0 0 0 0 0.0094 0.1408 0.6802 1.4658 2.083 1.8464 1.1402 0.5032 0.118 0.0122 0.0008 0 0 0 0 0 0 0 0.0144 0.1056 0.4362 0.8668 1.3588 1.3634 1.1126 0.5184 0.1944 0.0266 0.0028 0 0 0 
0 0 0 0 0 0 0 0 0 0 0 0 0 0 0 0 0.2494 4.8622 5.933 2.1892 0.5554 0.171 0.0346 0.0052 0 0 0 0 0 0 0 0 0 0.0222 0.7684 3.2626 4.2062 2.3752 0.9086 0.3478 0.0916 0.0152 0.0022 0 0 0 0 0 0 0 0.0006 0.073 0.8228 2.325 3.0414 2.1798 1.0306 0.388 0.1108 0.0234 0.0046 0 0 0 0 0 0 0 0.002 0.0848 0.603 1.627 2.2122 1.8266 1.0422 0.4542 0.1196 0.0256 0.0028 0 0 0 0 0 0 0 0.0034 0.054 0.3596 0.9838 1.4524 1.4852 0.9958 0.4898 0.1456 0.0286 0.0018 0 0 0 
0 0 0 0 0 0 0 0 0 0 0 0 0 0 0 0 0.1562 4.8864 6.112 1.968 0.6138 0.2024 0.0552 0.006 0 0 0 0 0 0 0 0 0 0.0106 0.6274 3.4102 4.295 2.22 0.961 0.3544 0.1024 0.0182 0.0008 0 0 0 0 0 0 0 0 0.0438 0.7032 2.457 3.1646 2.0536 1.022 0.4234 0.1068 0.0244 0.0012 0 0 0 0 0 0 0 0 0.0632 0.5574 1.6604 2.3558 1.7172 1.067 0.4304 0.1226 0.026 0 0 0 0 0 0 0 0 0 0.042 0.3374 0.9124 1.5582 1.5104 0.977 0.5046 0.1322 0.0232 0.0026 0 0 0 
0 0 0 0 0 0 0 0 0 0 0 0 0 0 0 0 0.2474 4.798 6.0678 2.1712 0.5648 0.116 0.0246 0.0064 0.0038 0 0 0 0 0 0 0 0 0.0222 0.6892 3.2744 4.2252 2.465 0.963 0.2644 0.0802 0.011 0.005 0.0004 0 0 0 0 0 0 0.0008 0.0574 0.6978 2.3798 3.1148 2.2076 1.0976 0.3288 0.101 0.0094 0.005 0 0 0 0 0 0 0 0.004 0.065 0.5414 1.6024 2.2944 1.898 1.093 0.3846 0.0954 0.019 0.0028 0 0 0 0 0 0 0 0.0044 0.0366 0.318 0.933 1.5282 1.5158 1.0702 0.4568 0.1048 0.0234 0.0088 0 0 0 
0 0 0 0 0 0 0 0 0 0 0 0 0 0 0 0 0.3046 4.681 6.1466 2.205 0.5052 0.1358 0.0166 0.0052 0 0 0 0 0 0 0 0 0 0.0274 0.6994 3.199 4.2492 2.5158 0.9338 0.2912 0.0684 0.0142 0.0016 0 0 0 0 0 0 0 0.0014 0.0902 0.739 2.2136 3.1008 2.3148 1 0.4048 0.1114 0.023 0.001 0 0 0 0 0 0 0 0.0076 0.1012 0.5876 1.5272 2.1974 1.9372 1.044 0.424 0.1484 0.0246 0.0008 0 0 0 0 0 0 0 0.0084 0.0728 0.3536 0.9162 1.42 1.4706 1.0314 0.5238 0.1602 0.0396 0.0034 0 0 0 
0 0 0 0 0 0 0 0 0 0 0 0 0 0 0 0 0.229 4.9636 5.8708 2.2288 0.5818 0.1104 0.0122 0.0034 0 0 0 0 0 0 0 0 0 0.0162 0.754 3.3394 4.0282 2.5 1.0148 0.2718 0.0602 0.0114 0.004 0 0 0 0 0 0 0 0.0018 0.0806 0.7872 2.3178 3.002 2.2478 1.1062 0.3456 0.0892 0.0154 0.0026 0.0038 0 0 0 0 0 0 0.006 0.0994 0.589 1.5336 2.2202 1.9934 1.0226 0.4126 0.097 0.0202 0.0028 0.0032 0 0 0 0 0 0.0014 0.006 0.0728 0.323 0.8896 1.4514 1.6332 1.0352 0.418 0.1412 0.0204 0.0054 0.0024 0 0 
0 0 0 0 0 0 0 0 0 0 0 0 0 0 0 0 0.266 4.8778 5.9582 2.1048 0.631 0.143 0.0168 0.0024 0 0 0 0 0 0 0 0 0 0.0218 0.7402 3.2612 4.2528 2.3994 0.9846 0.2862 0.0426 0.0088 0.0024 0 0 0 0 0 0 0 0.0014 0.0796 0.7292 2.4014 3.1002 2.2042 1.033 0.3522 0.081 0.0124 0.0054 0 0 0 0 0 0 0 0.0056 0.0896 0.5808 1.5946 2.2736 1.9058 1.059 0.389 0.0856 0.009 0.0074 0 0 0 0 0 0 0 0.0026 0.067 0.3438 0.9058 1.5478 1.505 1.058 0.423 0.1222 0.0212 0.0036 0 0 0 
0 0 0 0 0 0 0 0 0 0 0 0 0 0 0 0 0.1928 4.8548 6.1554 2.0564 0.5846 0.1386 0.0148 0.0026 0 0 0 0 0 0 0 0 0 0.0122 0.618 3.3396 4.3322 2.4252 0.944 0.2556 0.064 0.0092 0 0 0 0 0 0 0 0 0 0.0388 0.6472 2.3258 3.2938 2.2488 0.9962 0.3492 0.0878 0.0094 0.003 0 0 0 0 0 0 0 0.0008 0.0444 0.5134 1.51 2.451 2.0054 0.959 0.4118 0.09 0.0094 0.0048 0 0 0 0 0 0 0 0.0008 0.037 0.2652 0.9052 1.5726 1.6348 1.0294 0.4166 0.1204 0.0134 0.0034 0.0012 0 0 
0 0 0 0 0 0 0 0 0 0 0 0 0 0 0 0 0.2248 4.8972 5.9568 2.0822 0.663 0.156 0.0178 0.0022 0 0 0 0 0 0 0 0 0 0.0144 0.7154 3.3806 4.0992 2.4054 0.9858 0.3298 0.0506 0.0166 0.0022 0 0 0 0 0 0 0 0 0.0664 0.7908 2.302 3.149 2.1262 1.068 0.3918 0.092 0.0102 0.0036 0 0 0 0 0 0 0 0.003 0.099 0.6074 1.5206 2.3222 1.8888 1.0424 0.4116 0.0836 0.018 0.0034 0 0 0 0 0 0 0 0.003 0.0852 0.2962 0.8912 1.545 1.587 1.0186 0.427 0.1214 0.0214 0.004 0 0 0 
0 0 0 0 0 0 0 0 0 0 0 0 0 0 0 0 0.308 4.7012 5.948 2.2882 0.6362 0.0956 0.0228 0 0 0 0 0 0 0 0 0 0 0.0108 0.7096 3.2768 4.1598 2.5412 0.9742 0.2604 0.0604 0.0068 0 0 0 0 0 0 0 0 0 0.0756 0.7508 2.2742 3.0368 2.3188 1.1078 0.3532 0.0712 0.0108 0.0008 0 0 0 0 0 0 0 0.0034 0.1066 0.5562 1.4896 2.2078 2.0246 1.1018 0.402 0.093 0.0122 0.0028 0 0 0 0 0 0 0 0.0022 0.0852 0.302 0.8854 1.435 1.6188 1.0836 0.4576 0.1128 0.0148 0.0026 0 0 0 
0 0 0 0 0 0 0 0 0 0 0 0 0 0 0 0 0.2688 4.7786 6.0874 2.191 0.5494 0.1134 0.0114 0 0 0 0 0 0 0 0 0 0 0.0244 0.67 3.31 4.1744 2.5252 0.9726 0.2476 0.0658 0.0074 0.0026 0 0 0 0 0 0 0 0.002 0.0888 0.7198 2.2796 3.0702 2.31 1.079 0.3518 0.081 0.012 0.004 0.0018 0 0 0 0 0 0 0.0072 0.0872 0.6018 1.4738 2.2542 1.9822 1.0912 0.3806 0.1014 0.0152 0.0042 0.001 0 0 0 0 0 0 0.0052 0.056 0.367 0.8734 1.4386 1.5454 1.0914 0.47 0.1198 0.0288 0.0032 0.0012 0 0 
0 0 0 0 0 0 0 0 0 0 0 0 0 0 0 0 0.2956 4.8324 5.9884 2.1404 0.5636 0.134 0.0296 0.0106 0.0054 0 0 0 0 0 0 0 0 0.0188 0.659 3.2554 4.3196 2.4418 0.9618 0.246 0.071 0.0202 0.0052 0.0012 0 0 0 0 0 0 0.0006 0.07 0.6626 2.3014 3.1938 2.2646 1.0612 0.3218 0.0972 0.0208 0.0056 0.0004 0 0 0 0 0 0 0.0008 0.0646 0.5052 1.5986 2.241 1.991 1.101 0.3692 0.1056 0.0176 0.0048 0.0006 0 0 0 0 0 0 0 0.0362 0.332 0.9192 1.4928 1.5422 1.0512 0.4698 0.134 0.0172 0.0054 0 0 0 
0 0 0 0 0 0 0 0 0 0 0 0 0 0 0 0 0.2108 4.8158 5.9764 2.3118 0.5444 0.1156 0.023 0.0022 0 0 0 0 0 0 0 0 0 0.0098 0.6594 3.2844 4.1674 2.5732 0.9724 0.2566 0.0598 0.017 0 0 0 0 0 0 0 0 0 0.054 0.6792 2.2908 3.1712 2.359 1.0402 0.314 0.0722 0.0186 0.0008 0 0 0 0 0 0 0 0 0.066 0.5276 1.5234 2.3344 2.0078 1.1046 0.31 0.1058 0.0168 0.0036 0 0 0 0 0 0 0 0.002 0.0426 0.2728 0.823 1.6668 1.6104 1.0448 0.4038 0.1066 0.0264 0.0008 0 0 0 
0 0 0 0 0 0 0 0 0 0 0 0 0 0 0 0 0.2296 4.772 6.1502 2.177 0.5518 0.0846 0.0252 0.0096 0 0 0 0 0 0 0 0 0 0.0168 0.6434 3.2378 4.4284 2.3836 0.9544 0.251 0.0652 0.0194 0 0 0 0 0 0 0 0 0.002 0.0628 0.6674 2.282 3.2662 2.2026 1.0548 0.348 0.0842 0.0274 0.0026 0 0 0 0 0 0 0 0.0058 0.0854 0.4852 1.4928 2.4184 1.9424 1.0404 0.384 0.1134 0.0264 0.0058 0 0 0 0 0 0 0 0.0052 0.0566 0.286 0.8692 1.592 1.5262 1.0504 0.4606 0.1178 0.034 0.002 0 0 0 
0 0 0 0 0 0 0 0 0 0 0 0 0 0 0 0 0.2028 4.8828 6.054 2.1388 0.5604 0.1026 0.0522 0.0028 0.0022 0.0014 0 0 0 0 0 0 0 0.0188 0.6936 3.3852 4.1118 2.4056 0.9904 0.3026 0.0632 0.0238 0.005 0 0 0 0 0 0 0 0.0042 0.0692 0.8106 2.3532 2.9156 2.164 1.1116 0.4276 0.0978 0.041 0.0052 0 0 0 0 0 0 0.0008 0.0086 0.1042 0.6342 1.6148 2.0856 1.7918 1.0858 0.4866 0.1406 0.0422 0.0048 0 0 0 0 0 0 0.002 0.0138 0.0766 0.3804 0.9594 1.3508 1.4372 0.9974 0.51 0.218 0.048 0.0064 0 0 0 
0 0 0 0 0 0 0 0 0 0 0 0 0 0 0 0 0.1872 4.771 6.2284 2.1646 0.5244 0.1076 0.0168 0 0 0 0 0 0 0 0 0 0 0.0162 0.5796 3.2472 4.364 2.5558 0.9182 0.2692 0.0452 0.0046 0 0 0 0 0 0 0 0 0.0014 0.0576 0.5744 2.31 3.2372 2.3778 0.9994 0.348 0.0846 0.0096 0 0 0 0 0 0 0 0 0.0074 0.0546 0.4464 1.5134 2.3602 2.114 1.0092 0.3684 0.1108 0.0156 0 0 0 0 0 0 0 0 0.0022 0.0456 0.2428 0.8558 1.5524 1.6782 1.0558 0.4254 0.1226 0.0192 0 0 0 0 
0 0 0 0 0 0 0 0 0 0 0 0 0 0 0 0 0.194 4.7232 6.2968 2.2266 0.4758 0.0798 0.0038 0 0 0 0 0 0 0 0 0 0 0.0084 0.5582 3.1852 4.4158 2.721 0.8672 0.2136 0.0306 0 0 0 0 0 0 0 0 0 0.0008 0.0414 0.5506 2.222 3.2938 2.587 0.9614 0.2906 0.0488 0.0036 0 0 0 0 0 0 0 0 0.001 0.0458 0.3808 1.4322 2.4838 2.2452 1.0346 0.312 0.06 0.0046 0 0 0 0 0 0 0 0 0 0.0312 0.2066 0.7916 1.6064 1.818 1.1008 0.3702 0.068 0.0072 0 0 0 0 
0 0 0 0 0 0 0 0 0 0 0 0 0 0 0 0 0.2416 4.873 5.9874 2.1238 0.601 0.135 0.0306 0.0058 0.0018 0 0 0 0 0 0 0 0 0.0182 0.7538 3.2994 4.1414 2.4294 0.9604 0.3204 0.063 0.0108 0.0032 0 0 0 0 0 0 0 0.0022 0.0742 0.799 2.3188 3.0412 2.1616 1.0574 0.4334 0.0956 0.0152 0.0014 0 0 0 0 0 0 0 0.0082 0.1018 0.603 1.586 2.1838 1.8428 1.0592 0.4482 0.1464 0.0206 0 0 0 0 0 0 0 0.0006 0.0096 0.0858 0.3526 0.9472 1.4144 1.472 1.0086 0.5018 0.1648 0.0396 0.003 0 0 0 
0 0 0 0 0 0 0 0 0 0 0 0 0 0 0 0 0.2104 4.8154 5.9774 2.283 0.5634 0.1224 0.0228 0.0052 0 0 0 0 0 0 0 0 0 0.0116 0.7128 3.2538 4.1888 2.4596 1.0138 0.3 0.0546 0.005 0 0 0 0 0 0 0 0 0 0.0644 0.7286 2.3208 3.0726 2.3442 1.012 0.3564 0.0914 0.0096 0 0 0 0 0 0 0 0 0.001 0.0824 0.5864 1.5558 2.1986 1.996 1.099 0.3852 0.0874 0.0082 0 0 0 0 0 0 0 0 0.0056 0.0516 0.3296 0.9014 1.5122 1.5276 1.0754 0.478 0.1054 0.01 0.0032 0 0 0 
0 0 0 0 0 0 0 0 0 0 0 0 0 0 0 0 0.2034 4.8248 6.098 2.1658 0.5874 0.094 0.0256 0.001 0 0 0 0 0 0 0 0 0 0.016 0.5904 3.267 4.4024 2.464 0.9098 0.2694 0.0704 0.0098 0.0008 0 0 0 0 0 0 0 0 0.0522 0.578 2.334 3.27 2.3358 0.9858 0.354 0.0714 0.0166 0.0022 0 0 0 0 0 0 0 0.0028 0.0596 0.4818 1.4744 2.4616 2.0508 0.9894 0.3726 0.0892 0.0172 0.0006 0 0 0 0 0 0 0 0.0036 0.0428 0.2598 0.8438 1.5858 1.6986 1.0268 0.411 0.109 0.0188 0 0 0 0 
0 0 0 0 0 0 0 0 0 0 0 0 0 0 0 0 0.2674 4.8464 5.9476 2.1396 0.5834 0.1764 0.0318 0.0074 0 0 0 0 0 0 0 0 0 0.0164 0.7346 3.2766 4.2412 2.3992 0.9446 0.303 0.0672 0.013 0.0042 0 0 0 0 0 0 0 0.0006 0.0734 0.769 2.2558 3.1798 2.1594 1.0596 0.374 0.0966 0.0278 0.004 0 0 0 0 0 0 0 0.0048 0.1088 0.5516 1.5338 2.2634 1.9486 1.0264 0.4176 0.1132 0.0248 0.0058 0.0012 0 0 0 0 0 0 0.0066 0.075 0.3252 0.9234 1.4826 1.4852 1.0688 0.4492 0.1408 0.0322 0.009 0.002 0 0 
