0.03 0.09 0.15 0.21 0.27 0.33 0.39 0.45 0.51 0.57 0.63 0.69 0.75 0.81 0.87 0.93 0.99 1.05 1.11 1.17 1.23 1.29 1.35 1.41 1.47 1.53 1.59 1.65 1.71 1.77 1.83 1.89 1.95 2.01 2.07 2.13 2.19 2.25 2.31 2.37 2.43 2.49 2.55 2.61 2.67 2.73 2.79 2.85 2.91 2.97 3.03 3.09 3.15 3.21 3.27 3.33 3.39 3.45 3.51 3.57 3.63 3.69 3.75 3.81 3.87 3.93 3.99 4.05 4.11 4.17 4.23 4.29 4.35 4.41 4.47 4.53 4.59 4.65 4.71 4.77 4.83 4.89 4.95 5.01 5.07 5.13 5.19 5.25 5.31 5.37 5.43 5.49 5.55 5.61 5.67 5.73 5.79 5.85 5.91 5.97 
0 0 0 0 0 0 0 0 0 0 0 0 0 0 0 0 0.169 5.7628 5.5438 0.993 0.108 0.0146 0.0088 0.0014 0 0 0 0 0 0 0 0 0 0.0128 0.9006 4.4514 3.9448 1.186 0.2518 0.0446 0.0074 0.0018 0 0 0 0 0 0 0 0 0 0.1024 1.1952 3.4294 2.8962 1.0564 0.254 0.0568 0.0106 0 0 0 0 0 0 0 0 0 0.0086 0.2086 1.0676 2.561 2.1608 0.8902 0.2352 0.0604 0.0084 0 0 0 0 0 0 0 0 0 0.01 0.2038 0.7498 1.7998 1.5706 0.746 0.2582 0.0544 0.0068 0.0012 0 0 0 0 
0 0 0 0 0 0 0 0 0 0 0 0 0 0 0 0 0.1758 6.3902 6.2168 1.103 0.1056 0.0086 0 0 0 0 0 0 0 0 0 0 0 0.006 0.908 5.0472 4.4116 1.396 0.204 0.0272 0 0 0 0 0 0 0 0 0 0 0 0.0612 1.2658 3.8834 3.3328 1.2116 0.2194 0.0258 0 0 0 0 0 0 0 0 0 0 0.0032 0.136 1.2266 2.8672 2.5786 0.9644 0.2066 0.0174 0 0 0 0 0 0 0 0 0 0 0.0046 0.1386 0.8792 1.9696 1.9474 0.8574 0.1846 0.0186 0 0 0 0 0 0 
0 0 0 0 0 0 0 0 0 0 0 0 0 0 0 0 0.1486 6.5554 6.0236 1.1264 0.1246 0.0164 0.005 0 0 0 0 0 0 0 0 0 0 0.0094 0.9422 5.1154 4.3048 1.371 0.2214 0.0304 0.0054 0 0 0 0 0 0 0 0 0 0 0.0684 1.3716 3.862 3.2774 1.1178 0.2514 0.0456 0.0058 0 0 0 0 0 0 0 0 0 0.0038 0.146 1.2966 2.9218 2.4542 0.8842 0.2404 0.0474 0.0056 0 0 0 0 0 0 0 0 0 0.0032 0.1494 0.9156 2.0964 1.809 0.72 0.2524 0.0506 0.0034 0 0 0 0 0 
0 0 0 0 0 0 0 0 0 0 0 0 0 0 0 0 0.1414 6.432 5.9978 1.2164 0.1946 0.0148 0.003 0 0 0 0 0 0 0 0 0 0 0.006 0.9394 5.0296 4.1394 1.473 0.384 0.0256 0.003 0 0 0 0 0 0 0 0 0 0 0.0822 1.2762 3.8842 3.0352 1.3392 0.3482 0.0308 0.0026 0.0014 0 0 0 0 0 0 0 0 0.0046 0.1596 1.2632 2.7906 2.3442 1.0964 0.284 0.0524 0.005 0 0 0 0 0 0 0 0 0 0.0066 0.156 0.9378 1.8398 1.794 0.9316 0.2738 0.0488 0.0092 0.0024 0 0 0 0 
0 0 0 0 0 0 0 0 0 0 0 0 0 0 0 0 0.1352 6.4214 6.1344 1.1652 0.1282 0.0156 0 0 0 0 0 0 0 0 0 0 0 0.004 0.8826 5.0008 4.4474 1.3452 0.2838 0.0328 0.0034 0 0 0 0 0 0 0 0 0 0 0.0656 1.2428 3.8556 3.3184 1.2146 0.2616 0.039 0.0024 0 0 0 0 0 0 0 0 0 0 0.1256 1.156 2.9278 2.5282 1.0086 0.2102 0.0406 0.003 0 0 0 0 0 0 0 0 0 0.0018 0.1164 0.8324 2.016 1.9828 0.8028 0.2038 0.0376 0.0064 0 0 0 0 0 
0 0 0 0 0 0 0 0 0 0 0 0 0 0 0 0 0.1532 6.2938 6.1086 1.2618 0.172 0.0096 0.001 0 0 0 0 0 0 0 0 0 0 0.011 0.9312 4.8174 4.3122 1.516 0.359 0.0478 0.0054 0 0 0 0 0 0 0 0 0 0 0.0746 1.2904 3.7108 3.1384 1.3508 0.3578 0.066 0.0112 0 0 0 0 0 0 0 0 0 0.0026 0.1546 1.265 2.6652 2.3674 1.1244 0.3388 0.0696 0.0124 0 0 0 0 0 0 0 0 0 0.0058 0.1636 0.8986 1.7632 1.8096 0.941 0.3378 0.0734 0.007 0 0 0 0 0 
0 0 0 0 0 0 0 0 0 0 0 0 0 0 0 0 0.2056 6.6458 5.898 1.0882 0.147 0.0154 0 0 0 0 0 0 0 0 0 0 0 0.02 1.2206 4.9606 4.2638 1.2528 0.2556 0.0266 0 0 0 0 0 0 0 0 0 0 0.0022 0.1434 1.6432 3.707 3.1248 1.1228 0.2354 0.0182 0.003 0 0 0 0 0 0 0 0 0 0.0152 0.2802 1.5048 2.7326 2.2946 0.9534 0.1942 0.0214 0.0036 0 0 0 0 0 0 0 0 0.0014 0.0262 0.278 1.133 1.8914 1.64 0.8304 0.17 0.025 0.0034 0.0012 0 0 0 0 
0 0 0 0 0 0 0 0 0 0 0 0 0 0 0 0 0.2098 6.2046 6.1208 1.2172 0.2178 0.0246 0.0052 0 0 0 0 0 0 0 0 0 0 0.0118 0.9992 4.672 4.3344 1.5364 0.3648 0.0684 0.013 0 0 0 0 0 0 0 0 0 0 0.0982 1.3386 3.4632 3.2378 1.3758 0.3842 0.09 0.0122 0 0 0 0 0 0 0 0 0 0.0042 0.2008 1.2022 2.5104 2.397 1.197 0.3966 0.0778 0.014 0 0 0 0 0 0 0 0 0 0.0106 0.2174 0.8726 1.6808 1.6718 1.0688 0.3856 0.0786 0.0138 0 0 0 0 0 
0 0 0 0 0 0 0 0 0 0 0 0 0 0 0 0 0.1516 6.6388 5.961 1.1088 0.1226 0.0142 0.003 0 0 0 0 0 0 0 0 0 0 0.0094 1.1472 4.9148 4.3078 1.3588 0.2282 0.03 0.0038 0 0 0 0 0 0 0 0 0 0.0008 0.118 1.5326 3.684 3.2024 1.1922 0.2282 0.0418 0 0 0 0 0 0 0 0 0 0 0 0.2656 1.376 2.7738 2.334 0.983 0.2282 0.0394 0 0 0 0 0 0 0 0 0 0 0.0192 0.2258 1.0422 1.921 1.6522 0.8638 0.2308 0.045 0 0 0 0 0 0 
0 0 0 0 0 0 0 0 0 0 0 0 0 0 0 0 0.153 6.6394 5.908 1.13 0.1524 0.0168 0.0004 0 0 0 0 0 0 0 0 0 0 0.0124 0.9776 5.2382 4.1596 1.2786 0.2874 0.0436 0.0026 0 0 0 0 0 0 0 0 0 0.001 0.0946 1.439 3.9528 3.1086 1.1162 0.2344 0.0474 0.006 0 0 0 0 0 0 0 0 0 0.004 0.1772 1.4018 2.9342 2.2966 0.9256 0.1992 0.0558 0.0052 0.0004 0 0 0 0 0 0 0 0 0.0078 0.1954 1.0944 1.9416 1.7128 0.7874 0.2012 0.0508 0.0086 0 0 0 0 0 
0 0 0 0 0 0 0 0 0 0 0 0 0 0 0 0 0.1806 6.3284 6.0764 1.21 0.191 0.0136 0 0 0 0 0 0 0 0 0 0 0 0.0094 0.9838 5.0118 4.1492 1.499 0.2962 0.0506 0 0 0 0 0 0 0 0 0 0 0.001 0.0882 1.4144 3.762 3.1276 1.246 0.3042 0.0524 0.0042 0 0 0 0 0 0 0 0 0 0.0048 0.166 1.3422 2.8324 2.334 0.9748 0.2844 0.0568 0.0046 0 0 0 0 0 0 0 0 0.0004 0.0076 0.1624 0.9524 2.0076 1.7292 0.7954 0.2684 0.0716 0.005 0 0 0 0 0 
0 0 0 0 0 0 0 0 0 0 0 0 0 0 0 0 0.166 6.589 6.092 1.0182 0.125 0.0098 0 0 0 0 0 0 0 0 0 0 0 0.0138 1.0464 5.155 4.2468 1.2956 0.2158 0.0266 0 0 0 0 0 0 0 0 0 0 0.0006 0.121 1.492 3.8618 3.1256 1.1472 0.2234 0.028 0.0004 0 0 0 0 0 0 0 0 0 0.0138 0.2356 1.432 2.7982 2.3058 0.974 0.2056 0.033 0.002 0 0 0 0 0 0 0 0 0 0.0332 0.2646 1.028 1.9044 1.732 0.7944 0.2058 0.0342 0.0034 0 0 0 0 0 
0 0 0 0 0 0 0 0 0 0 0 0 0 0 0 0 0.1964 6.4156 5.9226 1.271 0.1846 0.0098 0 0 0 0 0 0 0 0 0 0 0 0.0082 1.036 4.877 4.2218 1.445 0.363 0.0434 0.005 0.0006 0 0 0 0 0 0 0 0 0 0.0932 1.4644 3.573 3.1986 1.2616 0.3508 0.0498 0.0062 0.0024 0 0 0 0 0 0 0 0 0 0.2136 1.3442 2.6292 2.3376 1.1062 0.3106 0.049 0.0078 0.0018 0 0 0 0 0 0 0 0 0.0008 0.2228 0.9934 1.747 1.7144 0.9684 0.3006 0.0406 0.0104 0.0016 0 0 0 0 
0 0 0 0 0 0 0 0 0 0 0 0 0 0 0 0 0.1542 6.474 5.9444 1.1894 0.215 0.023 0 0 0 0 0 0 0 0 0 0 0 0.0098 1.0034 4.9906 4.2066 1.4532 0.2856 0.0422 0.0086 0 0 0 0 0 0 0 0 0 0 0.1026 1.3932 3.7946 3.1536 1.2266 0.27 0.048 0.0114 0 0 0 0 0 0 0 0 0 0.0058 0.1742 1.349 2.7942 2.3668 1.0178 0.2254 0.0594 0.0074 0 0 0 0 0 0 0 0 0 0.0122 0.1862 0.9036 1.9978 1.7798 0.8494 0.2028 0.0644 0.0038 0 0 0 0 0 
0 0 0 0 0 0 0 0 0 0 0 0 0 0 0 0 0.1588 6.6054 5.9854 1.1332 0.1066 0.0072 0.0034 0 0 0 0 0 0 0 0 0 0 0.0052 1.099 5.1052 4.1122 1.3894 0.2466 0.04 0.0024 0 0 0 0 0 0 0 0 0 0 0.0852 1.6162 3.7648 3.0784 1.1518 0.2466 0.0518 0.0052 0 0 0 0 0 0 0 0 0 0.0018 0.1994 1.4818 2.8396 2.339 0.8764 0.2086 0.048 0.0052 0.0002 0 0 0 0 0 0 0 0 0.0056 0.1978 1.0488 2.0222 1.7154 0.7744 0.18 0.0512 0.0046 0 0 0 0 0 
0 0 0 0 0 0 0 0 0 0 0 0 0 0 0 0 0.1692 6.6982 5.883 1.0586 0.177 0.0122 0.0018 0 0 0 0 0 0 0 0 0 0 0.014 1.0704 5.1916 4.1834 1.2258 0.2788 0.035 0.001 0 0 0 0 0 0 0 0 0 0 0.1186 1.5538 3.9308 2.9994 1.0948 0.2672 0.032 0.0034 0 0 0 0 0 0 0 0 0 0.0118 0.2204 1.4562 2.9166 2.2322 0.9032 0.2318 0.0242 0.0036 0 0 0 0 0 0 0 0 0.0026 0.0238 0.2186 1.056 2.0688 1.6104 0.769 0.2258 0.0228 0.0022 0 0 0 0 0 
0 0 0 0 0 0 0 0 0 0 0 0 0 0 0 0 0.1644 6.4918 6.0184 1.1694 0.1452 0.0108 0 0 0 0 0 0 0 0 0 0 0 0.0084 0.9998 5.0358 4.1578 1.4816 0.274 0.0382 0.0044 0 0 0 0 0 0 0 0 0 0.0008 0.0928 1.4158 3.8484 3.037 1.2774 0.27 0.048 0.0098 0 0 0 0 0 0 0 0 0 0.0072 0.1728 1.3116 2.8792 2.3094 1.0408 0.2214 0.0494 0.0082 0 0 0 0 0 0 0 0 0 0.009 0.1886 0.9386 2.0036 1.6686 0.8894 0.2474 0.0502 0.0046 0 0 0 0 0 
0 0 0 0 0 0 0 0 0 0 0 0 0 0 0 0 0.1636 6.4982 6.1136 1.093 0.1242 0.0074 0 0 0 0 0 0 0 0 0 0 0 0.0134 0.9934 5.066 4.2974 1.3632 0.2238 0.0398 0.0026 0.0004 0 0 0 0 0 0 0 0 0.0004 0.0934 1.4002 3.836 3.2124 1.146 0.2528 0.0404 0.0184 0 0 0 0 0 0 0 0 0 0.0004 0.2088 1.332 2.8452 2.3848 0.9388 0.2296 0.0438 0.0126 0.004 0 0 0 0 0 0 0 0 0.0068 0.2236 0.9196 2.042 1.7214 0.7828 0.2298 0.0522 0.0174 0.0044 0 0 0 0 
0 0 0 0 0 0 0 0 0 0 0 0 0 0 0 0 0.1752 6.517 5.9412 1.1874 0.1646 0.0122 0.0024 0 0 0 0 0 0 0 0 0 0 0.0088 1.0196 5.0924 4.1854 1.3796 0.2686 0.042 0.0036 0 0 0 0 0 0 0 0 0 0 0.088 1.4758 3.8214 3.1182 1.1748 0.2628 0.057 0.002 0 0 0 0 0 0 0 0 0 0.0014 0.1788 1.3944 2.878 2.2954 0.9672 0.2352 0.045 0.0046 0 0 0 0 0 0 0 0 0 0.0084 0.1548 1.074 1.966 1.708 0.7942 0.24 0.0484 0.0062 0 0 0 0 0 
0 0 0 0 0 0 0 0 0 0 0 0 0 0 0 0 0.2008 6.4534 6.0808 1.116 0.1298 0.0176 0.0016 0 0 0 0 0 0 0 0 0 0 0.012 1.0122 4.8972 4.3796 1.4392 0.2118 0.0388 0.0076 0.0016 0 0 0 0 0 0 0 0 0.0012 0.1156 1.3976 3.7716 3.2002 1.224 0.2366 0.0424 0.0098 0.001 0 0 0 0 0 0 0 0 0.0102 0.2208 1.3068 2.6996 2.4824 0.98 0.245 0.0494 0.0058 0 0 0 0 0 0 0 0 0 0.022 0.2206 0.9608 1.8792 1.7484 0.8484 0.2516 0.0598 0.0092 0 0 0 0 0 
0 0 0 0 0 0 0 0 0 0 0 0 0 0 0 0 0.1488 6.7184 5.9598 1.0094 0.1418 0.0218 0 0 0 0 0 0 0 0 0 0 0 0.008 1.0186 5.246 4.2176 1.2108 0.2514 0.0402 0.0074 0 0 0 0 0 0 0 0 0 0 0.0924 1.482 4.0366 3.0372 1.0646 0.2334 0.0436 0.0102 0 0 0 0 0 0 0 0 0 0.0008 0.1708 1.4986 2.9122 2.2936 0.8672 0.2068 0.0392 0.0094 0.0014 0 0 0 0 0 0 0 0 0.0064 0.1812 1.141 2.0408 1.5714 0.822 0.1898 0.036 0.0078 0.0036 0 0 0 0 
0 0 0 0 0 0 0 0 0 0 0 0 0 0 0 0 0.1848 6.5412 6.0956 1.0814 0.0942 0.0028 0 0 0 0 0 0 0 0 0 0 0 0.0144 0.9884 5.1838 4.2394 1.369 0.1886 0.0164 0 0 0 0 0 0 0 0 0 0 0.0008 0.1096 1.3802 4.0096 3.1708 1.0978 0.2032 0.028 0 0 0 0 0 0 0 0 0 0 0.0088 0.1836 1.3316 3.0026 2.4054 0.8586 0.1904 0.019 0 0 0 0 0 0 0 0 0 0 0.0188 0.1704 1.0098 2.0796 1.762 0.7586 0.1802 0.0206 0 0 0 0 0 0 
0 0 0 0 0 0 0 0 0 0 0 0 0 0 0 0 0.1508 6.7352 6.0534 0.9756 0.077 0.008 0 0 0 0 0 0 0 0 0 0 0 0.01 1.0882 5.1812 4.2658 1.25 0.1852 0.0168 0.0028 0 0 0 0 0 0 0 0 0 0.0006 0.112 1.586 3.8774 3.166 1.0412 0.1816 0.031 0.0042 0 0 0 0 0 0 0 0 0 0.0072 0.2426 1.5088 2.8566 2.301 0.8858 0.1624 0.0322 0.0034 0 0 0 0 0 0 0 0 0 0.0162 0.2516 1.1184 1.9972 1.6486 0.7476 0.176 0.0412 0.0032 0 0 0 0 0 
0 0 0 0 0 0 0 0 0 0 0 0 0 0 0 0 0.167 6.79 5.9534 0.9624 0.1192 0.008 0 0 0 0 0 0 0 0 0 0 0 0.009 1.0964 5.2264 4.2598 1.1828 0.2034 0.0222 0 0 0 0 0 0 0 0 0 0 0 0.1142 1.5748 3.97 3.0766 1.0312 0.1974 0.0344 0.0014 0 0 0 0 0 0 0 0 0 0.001 0.2146 1.5232 2.9402 2.2512 0.8706 0.1754 0.0222 0.0016 0 0 0 0 0 0 0 0 0 0.0082 0.1972 1.1548 2.0754 1.6572 0.723 0.163 0.0194 0.0018 0 0 0 0 0 
0 0 0 0 0 0 0 0 0 0 0 0 0 0 0 0 0.1476 6.5812 6.035 1.116 0.109 0.0112 0 0 0 0 0 0 0 0 0 0 0 0.0098 0.9924 5.1472 4.2752 1.321 0.236 0.0184 0 0 0 0 0 0 0 0 0 0 0.0012 0.0792 1.4728 3.8742 3.2174 1.0934 0.2408 0.021 0 0 0 0 0 0 0 0 0 0 0.0056 0.1746 1.3738 2.9334 2.3738 0.8986 0.2268 0.0118 0.0016 0 0 0 0 0 0 0 0 0 0.0094 0.179 0.9976 2.0728 1.7532 0.762 0.2076 0.018 0.0004 0 0 0 0 0 
0 0 0 0 0 0 0 0 0 0 0 0 0 0 0 0 0.1538 6.5776 5.9586 1.1528 0.1394 0.0178 0 0 0 0 0 0 0 0 0 0 0 0.0108 1.0712 5.0448 4.2246 1.3608 0.255 0.0304 0.0024 0 0 0 0 0 0 0 0 0 0.001 0.1202 1.4602 3.8568 3.0274 1.2112 0.2838 0.0394 0 0 0 0 0 0 0 0 0 0 0.0098 0.211 1.3696 2.8334 2.321 0.9656 0.2532 0.0312 0.0052 0 0 0 0 0 0 0 0 0.0018 0.0188 0.192 1.0206 1.9762 1.7112 0.816 0.221 0.036 0.0064 0 0 0 0 0 
0 0 0 0 0 0 0 0 0 0 0 0 0 0 0 0 0.158 6.6908 6.0272 1.0212 0.0968 0.006 0 0 0 0 0 0 0 0 0 0 0 0.003 1.0922 5.253 4.146 1.2704 0.2212 0.0142 0 0 0 0 0 0 0 0 0 0 0.0008 0.1032 1.525 4.0286 3.012 1.0494 0.2628 0.0182 0 0 0 0 0 0 0 0 0 0 0.009 0.1936 1.5296 2.9428 2.204 0.8758 0.2256 0.0196 0 0 0 0 0 0 0 0 0 0 0.011 0.214 1.1448 2.0436 1.6136 0.732 0.1998 0.0412 0 0 0 0 0 0 
0 0 0 0 0 0 0 0 0 0 0 0 0 0 0 0 0.1524 6.5322 6.1068 1.0822 0.1168 0.0096 0 0 0 0 0 0 0 0 0 0 0 0.003 1.015 5.0514 4.3362 1.3326 0.2362 0.0256 0 0 0 0 0 0 0 0 0 0 0 0.0962 1.4322 3.781 3.2428 1.1656 0.2522 0.0288 0.0012 0 0 0 0 0 0 0 0 0 0.0024 0.2318 1.2872 2.8214 2.4508 0.9602 0.2218 0.023 0.0014 0 0 0 0 0 0 0 0 0 0.0138 0.2172 0.9352 1.933 1.8384 0.826 0.2088 0.0256 0.002 0 0 0 0 0 
0 0 0 0 0 0 0 0 0 0 0 0 0 0 0 0 0.1646 6.9046 5.8382 0.974 0.109 0.0074 0.0022 0 0 0 0 0 0 0 0 0 0 0.013 1.1116 5.4114 4.0884 1.1758 0.1764 0.0198 0.0036 0 0 0 0 0 0 0 0 0 0 0.131 1.6086 4.1722 2.9312 0.9502 0.1832 0.0196 0.004 0 0 0 0 0 0 0 0 0 0.0072 0.2754 1.5484 3.0528 2.2178 0.7334 0.1496 0.0138 0.0016 0 0 0 0 0 0 0 0 0 0.0118 0.3116 1.1278 2.0846 1.6972 0.6164 0.1406 0.01 0 0 0 0 0 0 
0 0 0 0 0 0 0 0 0 0 0 0 0 0 0 0 0.1426 6.3374 6.1344 1.2372 0.1352 0.0132 0 0 0 0 0 0 0 0 0 0 0 0.0062 0.9004 4.9908 4.2296 1.564 0.274 0.0322 0.0028 0 0 0 0 0 0 0 0 0 0.0018 0.0686 1.2982 3.7726 3.1542 1.3408 0.3232 0.0342 0.0064 0 0 0 0 0 0 0 0 0 0.0016 0.1646 1.2384 2.7486 2.4024 1.0678 0.313 0.0584 0.0022 0.003 0 0 0 0 0 0 0 0 0.0034 0.1612 0.898 1.907 1.7658 0.9024 0.2704 0.0812 0.0062 0.0032 0.0012 0 0 0 
0 0 0 0 0 0 0 0 0 0 0 0 0 0 0 0 0.181 6.3712 6.0394 1.212 0.1676 0.0284 0.0004 0 0 0 0 0 0 0 0 0 0 0.0088 0.98 4.8858 4.3492 1.414 0.3036 0.0534 0.0052 0 0 0 0 0 0 0 0 0 0 0.1014 1.361 3.6652 3.1652 1.3222 0.3012 0.0758 0.0056 0.0024 0 0 0 0 0 0 0 0 0.007 0.1748 1.3068 2.7494 2.309 1.0478 0.3212 0.0708 0.0112 0.002 0 0 0 0 0 0 0 0 0.006 0.187 0.9514 1.9346 1.613 0.8632 0.327 0.1068 0.0096 0.0014 0 0 0 0 
0 0 0 0 0 0 0 0 0 0 0 0 0 0 0 0 0.1724 6.3952 6.0338 1.2112 0.1668 0.017 0.0036 0 0 0 0 0 0 0 0 0 0 0.0158 0.955 4.981 4.2888 1.4232 0.2664 0.0618 0.0066 0.0014 0 0 0 0 0 0 0 0 0 0.0832 1.2954 3.8994 3.1634 1.2222 0.2556 0.0652 0.0156 0 0 0 0 0 0 0 0 0 0.0022 0.165 1.254 2.8734 2.3964 1.001 0.2184 0.0722 0.0158 0.0016 0 0 0 0 0 0 0 0 0.0054 0.1652 0.9424 1.9258 1.7956 0.8326 0.2498 0.0682 0.0122 0.0028 0 0 0 0 
0 0 0 0 0 0 0 0 0 0 0 0 0 0 0 0 0.1772 6.5538 6.003 1.1144 0.132 0.0166 0.003 0 0 0 0 0 0 0 0 0 0 0.0078 1.1074 5.0034 4.2802 1.3272 0.2416 0.029 0.0034 0 0 0 0 0 0 0 0 0 0 0.1142 1.4982 3.7576 3.2602 1.084 0.2482 0.0346 0.0022 0.0008 0 0 0 0 0 0 0 0 0.0044 0.2324 1.3596 2.8374 2.4134 0.8996 0.2196 0.031 0.0026 0 0 0 0 0 0 0 0 0 0.0186 0.2222 0.9994 1.9588 1.7754 0.783 0.2112 0.0306 0.0008 0 0 0 0 0 
0 0 0 0 0 0 0 0 0 0 0 0 0 0 0 0 0.1596 6.4116 6.2196 1.0936 0.0978 0.017 0.0008 0 0 0 0 0 0 0 0 0 0 0.0114 0.9944 4.9026 4.441 1.4208 0.1964 0.0294 0.004 0 0 0 0 0 0 0 0 0 0.001 0.0844 1.4034 3.6932 3.2816 1.29 0.2094 0.0288 0.0082 0 0 0 0 0 0 0 0 0 0.0036 0.18 1.3102 2.724 2.4574 1.089 0.1896 0.0416 0.0046 0 0 0 0 0 0 0 0 0 0.0118 0.1782 0.9534 1.8868 1.7752 0.962 0.1874 0.041 0.002 0.0022 0 0 0 0 
0 0 0 0 0 0 0 0 0 0 0 0 0 0 0 0 0.1584 6.2906 6.1752 1.2244 0.1364 0.015 0 0 0 0 0 0 0 0 0 0 0 0.011 0.9046 4.8366 4.365 1.5178 0.322 0.043 0 0 0 0 0 0 0 0 0 0 0.0016 0.0906 1.2462 3.7262 3.1794 1.3588 0.3434 0.0532 0.0006 0 0 0 0 0 0 0 0 0 0.0072 0.1556 1.1918 2.7706 2.4044 1.1214 0.2972 0.0518 0 0 0 0 0 0 0 0 0 0 0.0088 0.1458 0.895 1.8354 1.7646 0.9552 0.3238 0.0714 0 0 0 0 0 0 
0 0 0 0 0 0 0 0 0 0 0 0 0 0 0 0 0.1586 6.4926 6.0658 1.1034 0.1648 0.0148 0 0 0 0 0 0 0 0 0 0 0 0.0086 0.95 5.1048 4.2936 1.3268 0.272 0.0408 0.0034 0 0 0 0 0 0 0 0 0 0.0004 0.0738 1.4132 3.8544 3.164 1.1932 0.254 0.044 0.003 0 0 0 0 0 0 0 0 0 0.0014 0.1648 1.307 2.8958 2.4204 0.9764 0.2004 0.0274 0.0064 0 0 0 0 0 0 0 0 0 0.004 0.1662 0.9238 1.9916 1.8918 0.8066 0.1856 0.025 0.0054 0 0 0 0 0 
0 0 0 0 0 0 0 0 0 0 0 0 0 0 0 0 0.1794 6.4924 5.9952 1.1398 0.1646 0.02 0.0086 0 0 0 0 0 0 0 0 0 0 0.0164 1.1316 4.9062 4.2256 1.3732 0.2918 0.0458 0.007 0.0024 0 0 0 0 0 0 0 0 0.0006 0.1218 1.4872 3.78 3.044 1.2154 0.2782 0.0616 0.0068 0.0044 0 0 0 0 0 0 0 0 0.0042 0.2514 1.3578 2.7742 2.3054 1.0014 0.238 0.0514 0.0128 0.0034 0 0 0 0 0 0 0 0 0.0084 0.2516 0.9822 1.8644 1.7596 0.8488 0.2176 0.055 0.0124 0 0 0 0 0 
0 0 0 0 0 0 0 0 0 0 0 0 0 0 0 0 0.1658 6.681 6.017 1.0232 0.103 0.01 0 0 0 0 0 0 0 0 0 0 0 0.0082 1.0896 5.1642 4.214 1.2756 0.2204 0.0268 0.0012 0 0 0 0 0 0 0 0 0 0.0008 0.0982 1.5478 3.9186 3.097 1.0682 0.2448 0.0246 0 0 0 0 0 0 0 0 0 0 0.0024 0.2452 1.4382 2.8872 2.2878 0.8668 0.2524 0.02 0 0 0 0 0 0 0 0 0 0 0.0176 0.2628 1.0694 1.9968 1.6248 0.7688 0.2304 0.0294 0 0 0 0 0 0 
0 0 0 0 0 0 0 0 0 0 0 0 0 0 0 0 0.1518 6.6268 6.024 1.0628 0.127 0.0076 0 0 0 0 0 0 0 0 0 0 0 0.0086 1.0224 5.1034 4.299 1.3032 0.2034 0.05 0.01 0 0 0 0 0 0 0 0 0 0.0004 0.1036 1.497 3.8638 3.166 1.0596 0.2636 0.037 0.009 0 0 0 0 0 0 0 0 0 0.0026 0.2348 1.339 2.957 2.2664 0.9546 0.2042 0.0372 0.0042 0 0 0 0 0 0 0 0 0 0.0096 0.2362 0.9956 1.9788 1.7548 0.7816 0.2026 0.0342 0.0066 0 0 0 0 0 
0 0 0 0 0 0 0 0 0 0 0 0 0 0 0 0 0.1874 6.6182 5.9094 1.122 0.149 0.0102 0.002 0.0018 0 0 0 0 0 0 0 0 0 0.0118 1.0194 5.1594 4.153 1.3272 0.2806 0.041 0.0062 0.0014 0 0 0 0 0 0 0 0 0.0016 0.0848 1.4552 3.9272 3.0528 1.1448 0.2766 0.0494 0.0072 0.0004 0 0 0 0 0 0 0 0 0.0072 0.178 1.3848 2.894 2.2908 0.9538 0.2524 0.0296 0.0094 0 0 0 0 0 0 0 0 0 0.0072 0.1748 1.0562 1.9946 1.699 0.7694 0.252 0.0426 0.0042 0 0 0 0 0 
0 0 0 0 0 0 0 0 0 0 0 0 0 0 0 0 0.1682 6.7772 5.9638 0.9868 0.0914 0.0126 0 0 0 0 0 0 0 0 0 0 0 0.0084 1.0168 5.3042 4.2562 1.2058 0.1758 0.0312 0.0016 0 0 0 0 0 0 0 0 0 0 0.0654 1.5008 4.1226 3.048 1.0554 0.1784 0.0282 0.0012 0 0 0 0 0 0 0 0 0 0 0.1682 1.4752 3.0434 2.2726 0.8532 0.1702 0.0172 0 0 0 0 0 0 0 0 0 0 0.006 0.1462 1.1604 2.1316 1.653 0.7262 0.1608 0.0158 0 0 0 0 0 0 
0 0 0 0 0 0 0 0 0 0 0 0 0 0 0 0 0.1674 6.6146 6.0154 1.0824 0.1154 0.0048 0 0 0 0 0 0 0 0 0 0 0 0.0124 1.0288 5.0554 4.3616 1.278 0.2188 0.0404 0.0046 0 0 0 0 0 0 0 0 0 0 0.1156 1.465 3.8384 3.167 1.1404 0.2312 0.0368 0.0056 0 0 0 0 0 0 0 0 0 0.007 0.1976 1.4054 2.9092 2.337 0.9004 0.1988 0.039 0.0056 0 0 0 0 0 0 0 0 0 0.022 0.1612 1.0884 1.997 1.736 0.7696 0.1804 0.036 0.0094 0 0 0 0 0 
0 0 0 0 0 0 0 0 0 0 0 0 0 0 0 0 0.1808 6.6102 6.063 1.0006 0.1374 0.008 0 0 0 0 0 0 0 0 0 0 0 0.0104 1.0102 5.232 4.2658 1.2256 0.218 0.038 0 0 0 0 0 0 0 0 0 0 0.0014 0.0958 1.4316 4.0296 3.1758 1.0092 0.2168 0.0392 0.0006 0 0 0 0 0 0 0 0 0 0.0066 0.2036 1.3526 3.0496 2.3434 0.8276 0.185 0.0304 0.0012 0 0 0 0 0 0 0 0 0 0.0094 0.2054 1.0488 2.0544 1.7696 0.6878 0.1882 0.0364 0 0 0 0 0 0 
0 0 0 0 0 0 0 0 0 0 0 0 0 0 0 0 0.1546 6.5044 6.0574 1.1182 0.152 0.0134 0 0 0 0 0 0 0 0 0 0 0 0.0132 1.0016 5.0032 4.2464 1.4418 0.2528 0.036 0.0036 0.0014 0 0 0 0 0 0 0 0 0.0022 0.0946 1.4038 3.8834 3.0206 1.2528 0.2842 0.0516 0.0068 0 0 0 0 0 0 0 0 0 0.01 0.2048 1.3256 2.8618 2.255 0.9916 0.2882 0.0574 0.0056 0 0 0 0 0 0 0 0 0 0.02 0.19 0.9608 1.985 1.7032 0.7744 0.2888 0.074 0.0038 0 0 0 0 0 
0 0 0 0 0 0 0 0 0 0 0 0 0 0 0 0 0.1622 6.3086 6.2242 1.1694 0.1206 0.0124 0.0026 0 0 0 0 0 0 0 0 0 0 0.0084 0.995 4.7684 4.5078 1.429 0.2446 0.0412 0.0056 0 0 0 0 0 0 0 0 0 0 0.1044 1.4006 3.4668 3.4206 1.31 0.254 0.0354 0.0082 0 0 0 0 0 0 0 0 0 0.0042 0.1996 1.2456 2.6456 2.4492 1.1742 0.2342 0.0406 0.0058 0.001 0 0 0 0 0 0 0 0 0.012 0.1888 0.9228 1.8156 1.7952 0.9488 0.2572 0.049 0.0106 0 0 0 0 0 
0 0 0 0 0 0 0 0 0 0 0 0 0 0 0 0 0.2016 6.5014 5.862 1.2244 0.194 0.0166 0 0 0 0 0 0 0 0 0 0 0 0.0146 1.068 4.9564 4.1606 1.4552 0.309 0.0284 0.0026 0.0038 0.0014 0 0 0 0 0 0 0 0.0018 0.1044 1.4398 3.7514 3.0902 1.2322 0.3252 0.0436 0.0046 0.0038 0.003 0 0 0 0 0 0 0 0.0072 0.2004 1.3222 2.7756 2.3262 1.0264 0.2914 0.0412 0.0034 0.004 0.002 0 0 0 0 0 0 0 0.0158 0.191 0.989 1.8512 1.7736 0.847 0.283 0.041 0.0028 0.0032 0.0024 0 0 0 
0 0 0 0 0 0 0 0 0 0 0 0 0 0 0 0 0.177 6.4534 5.9642 1.2276 0.1596 0.0172 0.001 0 0 0 0 0 0 0 0 0 0 0.0056 1.0072 4.9192 4.301 1.3724 0.329 0.0562 0.0094 0 0 0 0 0 0 0 0 0 0 0.0818 1.4088 3.7674 3.1264 1.2132 0.3204 0.0708 0.0112 0 0 0 0 0 0 0 0 0 0.0006 0.186 1.234 2.8692 2.3844 0.9508 0.2936 0.0688 0.0126 0 0 0 0 0 0 0 0 0 0.0016 0.1872 0.8986 1.9958 1.7262 0.844 0.249 0.0852 0.0124 0 0 0 0 0 
0 0 0 0 0 0 0 0 0 0 0 0 0 0 0 0 0.1506 6.7618 5.8802 1.0728 0.1288 0.0058 0 0 0 0 0 0 0 0 0 0 0 0.0102 1.0942 5.194 4.2078 1.2386 0.24 0.0152 0 0 0 0 0 0 0 0 0 0 0 0.092 1.5518 3.9282 3.1194 1.068 0.2126 0.026 0.002 0 0 0 0 0 0 0 0 0 0.0036 0.1918 1.4606 2.883 2.3722 0.8732 0.1822 0.0322 0.0012 0 0 0 0 0 0 0 0 0 0.0092 0.231 1.1054 1.9906 1.7114 0.7548 0.163 0.0334 0.0012 0 0 0 0 0 
0 0 0 0 0 0 0 0 0 0 0 0 0 0 0 0 0.1678 6.7456 5.7656 1.1674 0.1426 0.0066 0.0044 0 0 0 0 0 0 0 0 0 0 0.007 1.1706 5.1716 4.0564 1.3088 0.254 0.0248 0.005 0.0018 0 0 0 0 0 0 0 0 0 0.1036 1.6706 3.9108 2.9314 1.1124 0.2362 0.0292 0.005 0.0008 0 0 0 0 0 0 0 0 0.003 0.2008 1.6154 2.921 2.1656 0.8476 0.2074 0.035 0.0032 0.001 0 0 0 0 0 0 0 0 0.0058 0.2006 1.1712 2.1204 1.582 0.674 0.1986 0.0436 0.0038 0 0 0 0 0 
0 0 0 0 0 0 0 0 0 0 0 0 0 0 0 0 0.1716 6.676 5.827 1.18 0.1322 0.0132 0 0 0 0 0 0 0 0 0 0 0 0.017 1.1606 5.0068 4.0988 1.39 0.2852 0.0336 0.008 0 0 0 0 0 0 0 0 0 0.0014 0.1262 1.6206 3.6994 3.0136 1.1914 0.297 0.0396 0.01 0.0008 0 0 0 0 0 0 0 0 0.0074 0.2488 1.5734 2.6554 2.1714 1.0212 0.2624 0.041 0.0172 0.0018 0 0 0 0 0 0 0 0 0.013 0.248 1.1624 1.8366 1.588 0.805 0.2796 0.045 0.014 0.0084 0 0 0 0 
0 0 0 0 0 0 0 0 0 0 0 0 0 0 0 0 0.155 6.6592 6.0166 1.079 0.0902 0 0 0 0 0 0 0 0 0 0 0 0 0.0094 0.9964 5.2542 4.263 1.2466 0.2086 0.0214 0.0004 0 0 0 0 0 0 0 0 0 0 0.1 1.4972 3.968 3.1214 1.1016 0.1888 0.0214 0.0016 0 0 0 0 0 0 0 0 0 0.0068 0.1944 1.4258 2.9844 2.3172 0.8686 0.1846 0.0168 0.0014 0 0 0 0 0 0 0 0 0 0.0078 0.1996 1.1 2.0444 1.7014 0.7276 0.19 0.0286 0.0006 0 0 0 0 0 
0 0 0 0 0 0 0 0 0 0 0 0 0 0 0 0 0.1948 6.4598 6.0102 1.1708 0.1516 0.0128 0 0 0 0 0 0 0 0 0 0 0 0.0152 1.2016 4.7956 4.2888 1.3854 0.2738 0.0342 0.0054 0 0 0 0 0 0 0 0 0 0.0038 0.142 1.5626 3.574 3.1408 1.2498 0.2642 0.059 0.0038 0 0 0 0 0 0 0 0 0 0.0142 0.2892 1.3972 2.6276 2.3524 0.9982 0.2666 0.052 0.0026 0 0 0 0 0 0 0 0 0 0.0326 0.2764 0.99 1.8168 1.7224 0.8254 0.278 0.0558 0.0026 0 0 0 0 0 
0 0 0 0 0 0 0 0 0 0 0 0 0 0 0 0 0.159 6.5284 6.082 1.111 0.1098 0.0088 0.001 0 0 0 0 0 0 0 0 0 0 0.0112 1.097 5.0096 4.2324 1.3818 0.2374 0.0288 0.0018 0 0 0 0 0 0 0 0 0 0 0.109 1.4932 3.8094 3.1088 1.1738 0.2678 0.038 0 0 0 0 0 0 0 0 0 0 0.008 0.2332 1.377 2.8252 2.3296 0.9218 0.268 0.0372 0 0 0 0 0 0 0 0 0 0 0.0208 0.2384 0.9784 1.939 1.7422 0.7922 0.2514 0.0352 0.0024 0 0 0 0 0 
0 0 0 0 0 0 0 0 0 0 0 0 0 0 0 0 0.1662 6.2222 6.104 1.293 0.1684 0.0422 0.004 0 0 0 0 0 0 0 0 0 0 0.0114 1.0218 4.5936 4.3404 1.5998 0.3614 0.0582 0.0134 0 0 0 0 0 0 0 0 0 0 0.1098 1.352 3.4424 3.1906 1.4226 0.3962 0.0784 0.008 0 0 0 0 0 0 0 0 0 0.0102 0.2196 1.221 2.4668 2.4426 1.1732 0.377 0.0842 0.0054 0 0 0 0 0 0 0 0 0 0.022 0.2404 0.8318 1.6534 1.724 1.0488 0.3812 0.091 0.0074 0 0 0 0 0 
0 0 0 0 0 0 0 0 0 0 0 0 0 0 0 0 0.1642 6.5386 6.074 1.0612 0.1466 0.0154 0 0 0 0 0 0 0 0 0 0 0 0.0116 0.9744 5.123 4.2456 1.367 0.2392 0.0372 0.002 0 0 0 0 0 0 0 0 0 0.0006 0.0816 1.3984 3.919 3.1306 1.1376 0.2894 0.0408 0.002 0 0 0 0 0 0 0 0 0 0.0032 0.182 1.3316 2.8768 2.399 0.9238 0.2412 0.0376 0.0048 0 0 0 0 0 0 0 0 0 0.0044 0.189 0.9712 2.0042 1.7828 0.7616 0.2396 0.0398 0.0074 0 0 0 0 0 
0 0 0 0 0 0 0 0 0 0 0 0 0 0 0 0 0.197 6.5834 5.9662 1.1172 0.1252 0.011 0 0 0 0 0 0 0 0 0 0 0 0.0158 1.1068 5.072 4.227 1.338 0.2142 0.0252 0.001 0 0 0 0 0 0 0 0 0 0.0012 0.1032 1.5126 3.878 3.0418 1.2244 0.2074 0.0298 0.0016 0 0 0 0 0 0 0 0 0 0.0114 0.2112 1.4376 2.846 2.2768 0.9702 0.2188 0.025 0.003 0 0 0 0 0 0 0 0 0 0.0182 0.2354 1.0396 1.9524 1.713 0.7994 0.2154 0.0236 0.003 0 0 0 0 0 
0 0 0 0 0 0 0 0 0 0 0 0 0 0 0 0 0.205 6.4846 6.0838 1.0728 0.1398 0.014 0 0 0 0 0 0 0 0 0 0 0 0.0164 1.0888 4.9224 4.3288 1.3602 0.2482 0.0338 0.0014 0 0 0 0 0 0 0 0 0 0 0.124 1.5092 3.6644 3.1738 1.2204 0.2628 0.0404 0.005 0 0 0 0 0 0 0 0 0 0.0094 0.2534 1.4118 2.6678 2.33 1.0546 0.2126 0.054 0.0064 0 0 0 0 0 0 0 0 0 0.0156 0.2588 1.0294 1.7996 1.6944 0.926 0.2144 0.0578 0.004 0 0 0 0 0 
0 0 0 0 0 0 0 0 0 0 0 0 0 0 0 0 0.1568 6.2432 6.0672 1.3224 0.183 0.0262 0.0012 0 0 0 0 0 0 0 0 0 0 0.01 0.9366 4.7868 4.2956 1.5496 0.3448 0.0658 0.0108 0 0 0 0 0 0 0 0 0 0.0014 0.0832 1.2438 3.7116 3.1858 1.3572 0.35 0.0586 0.0074 0.001 0 0 0 0 0 0 0 0 0.0054 0.1656 1.1376 2.7358 2.4486 1.1094 0.331 0.0614 0.0052 0 0 0 0 0 0 0 0 0 0.0074 0.147 0.8332 1.8228 1.8488 0.9522 0.3232 0.0608 0.0046 0 0 0 0 0 
0 0 0 0 0 0 0 0 0 0 0 0 0 0 0 0 0.1636 6.4972 5.94 1.2546 0.1368 0.0078 0 0 0 0 0 0 0 0 0 0 0 0.0134 1.0692 4.933 4.1456 1.4978 0.3136 0.0274 0 0 0 0 0 0 0 0 0 0 0.0016 0.1142 1.5184 3.6486 3.0382 1.3118 0.3288 0.0374 0.001 0 0 0 0 0 0 0 0 0 0.0042 0.2378 1.3944 2.644 2.2856 1.0854 0.2868 0.0594 0.0024 0 0 0 0 0 0 0 0 0 0.0134 0.2388 1.026 1.7608 1.7408 0.8742 0.268 0.0708 0.0072 0 0 0 0 0 
0 0 0 0 0 0 0 0 0 0 0 0 0 0 0 0 0.1796 6.6416 5.9032 1.0662 0.1678 0.0332 0.0066 0.0018 0 0 0 0 0 0 0 0 0 0.0118 1.1636 5.039 4.0888 1.329 0.2912 0.0646 0.0098 0.0022 0 0 0 0 0 0 0 0 0.002 0.161 1.6106 3.7772 2.929 1.1182 0.3284 0.06 0.0132 0.0004 0 0 0 0 0 0 0 0 0.0122 0.3138 1.4668 2.7318 2.1856 0.9184 0.2988 0.06 0.0126 0 0 0 0 0 0 0 0 0 0.0352 0.337 1.0592 1.8164 1.6172 0.7788 0.2714 0.066 0.0188 0 0 0 0 0 
0 0 0 0 0 0 0 0 0 0 0 0 0 0 0 0 0.144 6.7224 5.9538 1.0458 0.124 0.0082 0.0018 0 0 0 0 0 0 0 0 0 0 0.0108 1.1072 5.1498 4.1942 1.2712 0.2458 0.019 0.002 0 0 0 0 0 0 0 0 0 0 0.1182 1.6294 3.8488 3.0194 1.1162 0.2268 0.0392 0.002 0 0 0 0 0 0 0 0 0 0.009 0.2404 1.517 2.849 2.2244 0.9384 0.175 0.046 0.0008 0 0 0 0 0 0 0 0 0 0.0166 0.2574 1.099 2.0364 1.5824 0.7656 0.176 0.0642 0.0024 0 0 0 0 0 
0 0 0 0 0 0 0 0 0 0 0 0 0 0 0 0 0.1728 6.6902 5.882 1.07 0.155 0.0278 0.0022 0 0 0 0 0 0 0 0 0 0 0.0108 1.0796 5.11 4.2582 1.2434 0.232 0.0598 0.0062 0 0 0 0 0 0 0 0 0 0 0.1076 1.491 3.9126 3.1158 1.0694 0.2312 0.0604 0.012 0 0 0 0 0 0 0 0 0 0.0006 0.2218 1.3932 2.9442 2.372 0.789 0.209 0.0562 0.014 0 0 0 0 0 0 0 0 0 0.0114 0.2296 1.0194 2.0298 1.736 0.7064 0.212 0.0438 0.0116 0 0 0 0 0 
0 0 0 0 0 0 0 0 0 0 0 0 0 0 0 0 0.1294 6.574 6.0998 1.0576 0.124 0.011 0.0042 0 0 0 0 0 0 0 0 0 0 0.0058 0.9496 5.1758 4.3428 1.2542 0.242 0.0252 0.0046 0 0 0 0 0 0 0 0 0 0.0006 0.0614 1.4012 3.9722 3.1666 1.1088 0.2516 0.0312 0.0064 0 0 0 0 0 0 0 0 0 0.0008 0.1458 1.3846 2.949 2.3028 0.941 0.2324 0.0372 0.0064 0 0 0 0 0 0 0 0 0 0.0042 0.1484 1.0384 2.1184 1.5996 0.8156 0.2204 0.0494 0.0056 0 0 0 0 0 
0 0 0 0 0 0 0 0 0 0 0 0 0 0 0 0 0.1396 6.7524 5.9796 0.9874 0.128 0.013 0 0 0 0 0 0 0 0 0 0 0 0.0074 1.0406 5.3238 4.1296 1.2254 0.2326 0.0404 0.0002 0 0 0 0 0 0 0 0 0 0.0008 0.107 1.5516 3.9958 3.0358 1.0314 0.2408 0.03 0.0068 0 0 0 0 0 0 0 0 0 0.0086 0.2134 1.4702 2.9166 2.384 0.773 0.196 0.0294 0.0088 0 0 0 0 0 0 0 0 0.0002 0.0196 0.2058 1.1068 2.029 1.752 0.6792 0.1644 0.0342 0.0088 0 0 0 0 0 
0 0 0 0 0 0 0 0 0 0 0 0 0 0 0 0 0.1384 6.4878 5.9412 1.2334 0.1866 0.0098 0.0028 0 0 0 0 0 0 0 0 0 0 0.0074 0.973 5.039 4.1962 1.4144 0.3128 0.0526 0.0046 0 0 0 0 0 0 0 0 0 0 0.0984 1.3532 3.824 3.139 1.2292 0.2962 0.0558 0.0042 0 0 0 0 0 0 0 0 0 0.0064 0.1836 1.233 2.889 2.3742 1.0346 0.2304 0.0422 0.0066 0 0 0 0 0 0 0 0 0 0.0182 0.171 0.874 1.9914 1.82 0.8484 0.2304 0.0422 0.0044 0 0 0 0 0 
0 0 0 0 0 0 0 0 0 0 0 0 0 0 0 0 0.183 6.634 6.0674 0.9952 0.1088 0.0116 0 0 0 0 0 0 0 0 0 0 0 0.0082 1.0144 5.1658 4.3182 1.2718 0.197 0.0246 0 0 0 0 0 0 0 0 0 0 0.0006 0.1042 1.4328 3.94 3.18 1.1032 0.2202 0.019 0 0 0 0 0 0 0 0 0 0 0.006 0.2044 1.3762 2.9216 2.3268 0.941 0.2082 0.0158 0 0 0 0 0 0 0 0 0 0 0.019 0.2084 1.0578 2.0238 1.653 0.8192 0.1966 0.02 0.0022 0 0 0 0 0 
0 0 0 0 0 0 0 0 0 0 0 0 0 0 0 0 0.1918 6.4152 5.9486 1.2536 0.1702 0.0194 0.0012 0 0 0 0 0 0 0 0 0 0 0.0108 1.0218 4.9894 4.1834 1.4366 0.2952 0.0534 0.009 0.0004 0 0 0 0 0 0 0 0 0.0002 0.1018 1.472 3.7018 3.0684 1.2758 0.296 0.0722 0.0118 0 0 0 0 0 0 0 0 0 0.0006 0.2252 1.3668 2.6806 2.3814 1.0004 0.2566 0.0648 0.0188 0.004 0.0008 0 0 0 0 0 0 0 0.0112 0.2248 0.9494 1.9052 1.7178 0.8602 0.2376 0.0612 0.0242 0.0038 0.0046 0 0 0 
0 0 0 0 0 0 0 0 0 0 0 0 0 0 0 0 0.1798 6.4558 6.017 1.2144 0.1292 0.0038 0 0 0 0 0 0 0 0 0 0 0 0.0152 1.0034 5.0046 4.231 1.434 0.2786 0.0332 0 0 0 0 0 0 0 0 0 0 0 0.1298 1.3334 3.8186 3.1552 1.2448 0.2902 0.0258 0.0022 0 0 0 0 0 0 0 0 0 0.0168 0.187 1.299 2.7914 2.3668 1.0626 0.2464 0.0262 0.0038 0 0 0 0 0 0 0 0 0.0006 0.0272 0.1804 0.9798 1.8674 1.7698 0.8898 0.256 0.0262 0.0028 0 0 0 0 0 
0 0 0 0 0 0 0 0 0 0 0 0 0 0 0 0 0.1692 6.5056 5.9402 1.1972 0.1722 0.0156 0 0 0 0 0 0 0 0 0 0 0 0.0102 1.0604 4.9032 4.3004 1.3884 0.2836 0.0482 0.0056 0 0 0 0 0 0 0 0 0 0 0.0978 1.4926 3.694 3.172 1.2042 0.2864 0.0442 0.0088 0 0 0 0 0 0 0 0 0 0.0032 0.2148 1.3892 2.6786 2.4514 0.9488 0.2608 0.0444 0.0082 0.0006 0 0 0 0 0 0 0 0 0.007 0.232 1.026 1.8316 1.745 0.8542 0.2466 0.0446 0.013 0 0 0 0 0 
0 0 0 0 0 0 0 0 0 0 0 0 0 0 0 0 0.1542 6.2024 6.224 1.2402 0.1664 0.0128 0 0 0 0 0 0 0 0 0 0 0 0.0086 0.8938 4.738 4.4528 1.572 0.2844 0.0504 0 0 0 0 0 0 0 0 0 0 0 0.0662 1.2602 3.548 3.332 1.4228 0.3092 0.0578 0.0038 0 0 0 0 0 0 0 0 0 0.0044 0.1232 1.1948 2.661 2.4774 1.1762 0.2896 0.0718 0.0016 0 0 0 0 0 0 0 0 0 0.004 0.1356 0.8498 1.7828 1.8726 0.9522 0.3212 0.0722 0.0096 0 0 0 0 0 
0 0 0 0 0 0 0 0 0 0 0 0 0 0 0 0 0.1766 6.4858 6.0238 1.1244 0.1702 0.0156 0.002 0.0016 0 0 0 0 0 0 0 0 0 0.0172 1.0242 4.9814 4.2594 1.3732 0.2906 0.0448 0.0092 0 0 0 0 0 0 0 0 0 0 0.1472 1.3696 3.75 3.1808 1.1882 0.3106 0.0464 0.0072 0 0 0 0 0 0 0 0 0 0.0116 0.2244 1.2864 2.8054 2.3748 0.9932 0.2604 0.0386 0.0052 0 0 0 0 0 0 0 0 0 0.0216 0.2164 0.947 1.9052 1.7452 0.8604 0.2474 0.055 0.0018 0 0 0 0 0 
0 0 0 0 0 0 0 0 0 0 0 0 0 0 0 0 0.1398 6.4246 6.1354 1.1326 0.145 0.0226 0 0 0 0 0 0 0 0 0 0 0 0.0048 0.876 4.9804 4.5106 1.3318 0.2602 0.0304 0.0058 0 0 0 0 0 0 0 0 0 0.0004 0.058 1.2418 3.8564 3.3642 1.2088 0.2352 0.0296 0.0056 0 0 0 0 0 0 0 0 0 0.0032 0.1146 1.1172 2.9426 2.5842 1.0138 0.1888 0.0336 0.002 0 0 0 0 0 0 0 0 0 0.0056 0.1152 0.797 2.0588 1.9918 0.8342 0.1664 0.0266 0.0044 0 0 0 0 0 
0 0 0 0 0 0 0 0 0 0 0 0 0 0 0 0 0.1522 6.7668 5.7892 1.1348 0.134 0.017 0.006 0 0 0 0 0 0 0 0 0 0 0.0104 1.0496 5.3158 4.0678 1.2416 0.2766 0.033 0.0052 0 0 0 0 0 0 0 0 0 0.0008 0.1122 1.6066 3.896 3.0286 1.0618 0.2522 0.0344 0.0074 0 0 0 0 0 0 0 0 0 0.0068 0.2074 1.5196 2.9182 2.2204 0.9012 0.1884 0.0326 0.005 0.0004 0 0 0 0 0 0 0 0.0012 0.0124 0.225 1.0798 2.0052 1.7364 0.7464 0.1732 0.0128 0.0076 0 0 0 0 0 
0 0 0 0 0 0 0 0 0 0 0 0 0 0 0 0 0.172 6.3856 6.0624 1.1914 0.1778 0.0108 0 0 0 0 0 0 0 0 0 0 0 0.0124 0.9686 4.8796 4.2908 1.5008 0.3062 0.038 0.0036 0 0 0 0 0 0 0 0 0 0 0.0952 1.3598 3.7212 3.0998 1.3554 0.319 0.0438 0.0058 0 0 0 0 0 0 0 0 0 0.0048 0.1604 1.305 2.7204 2.3802 1.0686 0.312 0.043 0.0056 0 0 0 0 0 0 0 0 0 0.0084 0.1444 0.9612 1.858 1.8 0.8632 0.3 0.0534 0.0114 0 0 0 0 0 
0 0 0 0 0 0 0 0 0 0 0 0 0 0 0 0 0.1488 6.5942 5.9114 1.1492 0.1722 0.0242 0 0 0 0 0 0 0 0 0 0 0 0.0088 1.0782 5.0422 4.1786 1.3448 0.3048 0.0426 0 0 0 0 0 0 0 0 0 0 0.0008 0.0768 1.5172 3.8878 3.008 1.1918 0.2798 0.0374 0.0004 0 0 0 0 0 0 0 0 0 0.0036 0.1586 1.437 2.9036 2.2968 0.9228 0.2416 0.036 0 0 0 0 0 0 0 0 0 0 0.0056 0.1592 1.0242 2.0352 1.7334 0.793 0.2122 0.0372 0 0 0 0 0 0 
0 0 0 0 0 0 0 0 0 0 0 0 0 0 0 0 0.1426 6.569 5.9446 1.1986 0.1348 0.0104 0 0 0 0 0 0 0 0 0 0 0 0.0142 1.016 5.0976 4.103 1.4534 0.269 0.043 0.0038 0 0 0 0 0 0 0 0 0 0.0014 0.1118 1.4586 3.7646 3.0982 1.2214 0.28 0.0614 0.0026 0 0 0 0 0 0 0 0 0 0.006 0.2042 1.3948 2.7462 2.3452 0.9832 0.2752 0.0448 0.0004 0 0 0 0 0 0 0 0 0 0.0142 0.2132 0.988 1.9502 1.7008 0.8168 0.2662 0.0506 0 0 0 0 0 0 
0 0 0 0 0 0 0 0 0 0 0 0 0 0 0 0 0.1812 6.5982 5.92 1.0776 0.1732 0.0438 0.006 0 0 0 0 0 0 0 0 0 0 0.0144 1.1576 5.0154 4.1724 1.278 0.2632 0.0724 0.0186 0.0064 0.0016 0 0 0 0 0 0 0 0.0002 0.131 1.6142 3.6804 3.1014 1.1 0.2734 0.0722 0.0222 0.0032 0.0018 0 0 0 0 0 0 0 0.007 0.2808 1.4944 2.6284 2.3374 0.9316 0.2252 0.0698 0.0216 0.0032 0.0006 0 0 0 0 0 0 0 0.015 0.3098 1.068 1.7688 1.7072 0.8274 0.2118 0.0666 0.0226 0.0028 0 0 0 0 
0 0 0 0 0 0 0 0 0 0 0 0 0 0 0 0 0.1534 6.3778 6.0742 1.2144 0.1504 0.0256 0.0042 0 0 0 0 0 0 0 0 0 0 0.0078 0.925 4.9162 4.3602 1.4382 0.286 0.0526 0.012 0.002 0 0 0 0 0 0 0 0 0 0.0718 1.3218 3.7136 3.254 1.2954 0.2706 0.0578 0.0128 0.0022 0 0 0 0 0 0 0 0 0.002 0.1362 1.2834 2.7214 2.4698 1.0576 0.2716 0.046 0.012 0 0 0 0 0 0 0 0 0 0.0014 0.1268 0.9232 1.8694 1.8728 0.878 0.2772 0.0436 0.0076 0 0 0 0 0 
0 0 0 0 0 0 0 0 0 0 0 0 0 0 0 0 0.1586 6.561 6.013 1.1 0.1484 0.019 0 0 0 0 0 0 0 0 0 0 0 0.012 1.0874 5.0218 4.2326 1.3372 0.2708 0.0358 0.0024 0 0 0 0 0 0 0 0 0 0 0.1174 1.5064 3.7688 3.1002 1.1878 0.2752 0.0408 0.0034 0 0 0 0 0 0 0 0 0 0.0036 0.2444 1.4148 2.7532 2.2924 1.0008 0.2412 0.0478 0.0018 0 0 0 0 0 0 0 0 0 0.0078 0.2648 1.0142 1.8734 1.7166 0.8226 0.252 0.046 0.0026 0 0 0 0 0 
0 0 0 0 0 0 0 0 0 0 0 0 0 0 0 0 0.232 6.619 5.8518 1.149 0.1386 0.0096 0 0 0 0 0 0 0 0 0 0 0 0.0156 1.1818 5.0482 4.1114 1.3702 0.2422 0.0276 0.003 0 0 0 0 0 0 0 0 0 0 0.1262 1.574 3.8686 3.0148 1.1486 0.2324 0.0276 0.0078 0 0 0 0 0 0 0 0 0 0.0044 0.2266 1.5256 2.7948 2.2854 0.908 0.2196 0.0282 0.0066 0.0008 0 0 0 0 0 0 0 0.001 0.0148 0.2306 1.1464 1.9882 1.5982 0.7744 0.1928 0.0428 0.0108 0 0 0 0 0 
0 0 0 0 0 0 0 0 0 0 0 0 0 0 0 0 0.1664 6.361 6.18 1.0988 0.1578 0.0242 0.0112 0.0006 0 0 0 0 0 0 0 0 0 0.0088 0.9202 4.9936 4.3184 1.4092 0.2956 0.0376 0.0088 0.0078 0 0 0 0 0 0 0 0 0.0006 0.0806 1.312 3.8116 3.1864 1.2446 0.3022 0.0484 0.0092 0.0038 0.0006 0 0 0 0 0 0 0 0.0044 0.1278 1.273 2.8114 2.4508 0.9836 0.2858 0.0448 0.0132 0.003 0.0022 0 0 0 0 0 0 0 0.003 0.1432 0.9436 1.9196 1.7912 0.8848 0.239 0.0634 0.0054 0.0068 0 0 0 0 
0 0 0 0 0 0 0 0 0 0 0 0 0 0 0 0 0.166 6.56 5.9912 1.1542 0.1132 0.0154 0 0 0 0 0 0 0 0 0 0 0 0.009 1.0362 5.0178 4.2672 1.3666 0.2506 0.0452 0.0058 0.0016 0 0 0 0 0 0 0 0 0 0.106 1.43 3.882 3.1016 1.1474 0.269 0.0546 0.0084 0.001 0 0 0 0 0 0 0 0 0.0058 0.199 1.3426 2.8602 2.372 0.9382 0.227 0.0454 0.008 0.0018 0 0 0 0 0 0 0 0 0.0092 0.1922 1.0056 1.9648 1.7676 0.797 0.2038 0.0476 0.0094 0.0028 0 0 0 0 
0 0 0 0 0 0 0 0 0 0 0 0 0 0 0 0 0.1696 6.8312 5.9178 0.971 0.0964 0.0118 0.0022 0 0 0 0 0 0 0 0 0 0 0.0106 1.0892 5.375 4.1316 1.1388 0.226 0.0196 0.0064 0.0028 0 0 0 0 0 0 0 0 0 0.1082 1.5654 4.0698 3.0078 1.0226 0.2026 0.0156 0.0048 0.0032 0 0 0 0 0 0 0 0 0.0092 0.2468 1.5188 2.9602 2.2276 0.8548 0.1624 0.0152 0.0034 0.0016 0 0 0 0 0 0 0 0 0.0212 0.2424 1.157 2.043 1.6404 0.7064 0.1708 0.0148 0.004 0 0 0 0 0 
0 0 0 0 0 0 0 0 0 0 0 0 0 0 0 0 0.1722 6.5116 5.9488 1.1734 0.1624 0.0268 0.0048 0 0 0 0 0 0 0 0 0 0 0.0068 0.9874 5.132 4.149 1.389 0.2744 0.0574 0.004 0 0 0 0 0 0 0 0 0 0 0.057 1.4026 3.9242 3.1472 1.1146 0.2836 0.0656 0.0052 0 0 0 0 0 0 0 0 0 0.0004 0.1342 1.3674 2.8676 2.4252 0.9008 0.263 0.0358 0.0056 0 0 0 0 0 0 0 0 0.0006 0.002 0.1298 1.0202 1.9052 1.8962 0.7684 0.2286 0.0458 0.0032 0 0 0 0 0 
0 0 0 0 0 0 0 0 0 0 0 0 0 0 0 0 0.1238 6.7116 5.9854 1.0664 0.1062 0.0066 0 0 0 0 0 0 0 0 0 0 0 0.0032 1.0116 5.1918 4.2546 1.267 0.2554 0.0164 0 0 0 0 0 0 0 0 0 0 0 0.0772 1.5394 3.8956 3.118 1.0952 0.2574 0.0172 0 0 0 0 0 0 0 0 0 0 0.0024 0.1824 1.4732 2.8618 2.336 0.9024 0.2146 0.0264 0.0008 0 0 0 0 0 0 0 0 0 0.0056 0.2138 1.0488 2.0076 1.718 0.7844 0.1834 0.0374 0.001 0 0 0 0 0 
0 0 0 0 0 0 0 0 0 0 0 0 0 0 0 0 0.1748 6.6476 5.997 1.068 0.104 0.0086 0 0 0 0 0 0 0 0 0 0 0 0.0122 1.0182 5.1778 4.266 1.2938 0.204 0.0276 0.0004 0 0 0 0 0 0 0 0 0 0.002 0.1 1.414 4.0204 3.1346 1.0988 0.2002 0.0284 0.0016 0 0 0 0 0 0 0 0 0 0.008 0.19 1.3576 2.9924 2.3348 0.9036 0.1852 0.0284 0 0 0 0 0 0 0 0 0 0.0008 0.011 0.2158 1.0146 2.056 1.6982 0.7988 0.1804 0.0244 0 0 0 0 0 0 
0 0 0 0 0 0 0 0 0 0 0 0 0 0 0 0 0.1552 6.6246 5.923 1.1222 0.145 0.0208 0.0084 0.0008 0 0 0 0 0 0 0 0 0 0.0134 1.0708 5.0998 4.1504 1.3452 0.2648 0.0368 0.0086 0.0102 0 0 0 0 0 0 0 0 0.0022 0.1248 1.5274 3.7708 3.1094 1.1394 0.2634 0.0426 0.0106 0.0094 0 0 0 0 0 0 0 0 0.0114 0.2148 1.4604 2.752 2.305 0.9526 0.226 0.0552 0.0116 0.011 0 0 0 0 0 0 0 0 0.0168 0.2322 1.044 1.9072 1.757 0.7558 0.2148 0.034 0.0266 0.0116 0 0 0 0 
0 0 0 0 0 0 0 0 0 0 0 0 0 0 0 0 0.1626 6.7394 5.907 1.0286 0.147 0.0154 0 0 0 0 0 0 0 0 0 0 0 0.0106 1.0528 5.2716 4.124 1.2532 0.2568 0.0284 0.0026 0 0 0 0 0 0 0 0 0 0 0.1064 1.5666 3.9332 3.0114 1.0948 0.2462 0.037 0.0044 0 0 0 0 0 0 0 0 0 0.0008 0.2126 1.5328 2.886 2.2128 0.8884 0.221 0.0378 0.0078 0 0 0 0 0 0 0 0 0 0.0088 0.2162 1.1616 1.966 1.6778 0.7186 0.187 0.048 0.0118 0.0042 0 0 0 0 
0 0 0 0 0 0 0 0 0 0 0 0 0 0 0 0 0.1566 6.583 6.2088 0.9728 0.0762 0.0026 0 0 0 0 0 0 0 0 0 0 0 0.0116 1.024 5.132 4.3716 1.2514 0.1914 0.0162 0.0018 0 0 0 0 0 0 0 0 0 0.0004 0.1224 1.4754 3.8852 3.1412 1.1566 0.1954 0.0206 0.0028 0 0 0 0 0 0 0 0 0 0.0058 0.2454 1.3908 2.911 2.298 0.934 0.1868 0.0282 0 0 0 0 0 0 0 0 0 0 0.0166 0.2588 1.0342 2.0134 1.6738 0.7454 0.2168 0.0384 0.0026 0 0 0 0 0 
0 0 0 0 0 0 0 0 0 0 0 0 0 0 0 0 0.1746 6.4348 5.861 1.2622 0.2324 0.034 0.001 0 0 0 0 0 0 0 0 0 0 0.015 0.9686 4.989 4.1328 1.448 0.3738 0.0606 0.0106 0.0016 0 0 0 0 0 0 0 0 0.0004 0.0992 1.3764 3.8168 3.037 1.2184 0.366 0.0736 0.0122 0 0 0 0 0 0 0 0 0 0.0032 0.2012 1.2762 2.8224 2.2594 1.0294 0.3238 0.0696 0.0148 0 0 0 0 0 0 0 0 0 0.0052 0.2024 0.9266 1.9154 1.7194 0.864 0.2752 0.0792 0.0126 0 0 0 0 0 
0 0 0 0 0 0 0 0 0 0 0 0 0 0 0 0 0.1418 6.519 5.9916 1.2042 0.1306 0.0128 0 0 0 0 0 0 0 0 0 0 0 0.0076 0.997 5.078 4.2292 1.3736 0.2738 0.0354 0.0054 0 0 0 0 0 0 0 0 0 0.001 0.0766 1.4058 3.8784 3.1494 1.1844 0.255 0.0402 0.0072 0.002 0 0 0 0 0 0 0 0 0.0018 0.161 1.3282 2.921 2.338 0.9966 0.2094 0.0336 0.0064 0.0028 0.0012 0 0 0 0 0 0 0 0.0034 0.1452 1.0198 1.9766 1.7852 0.8166 0.2092 0.0332 0.005 0.0044 0.0014 0 0 0 
0 0 0 0 0 0 0 0 0 0 0 0 0 0 0 0 0.1902 6.3192 5.9252 1.3168 0.2298 0.0188 0 0 0 0 0 0 0 0 0 0 0 0.0186 1.0514 4.714 4.1876 1.5842 0.3666 0.0712 0.0064 0 0 0 0 0 0 0 0 0 0.0016 0.1186 1.4214 3.4214 3.2152 1.364 0.3522 0.0946 0.011 0 0 0 0 0 0 0 0 0 0.0196 0.1798 1.2994 2.5554 2.3426 1.16 0.3534 0.0728 0.017 0 0 0 0 0 0 0 0 0.003 0.0158 0.1868 0.9028 1.7856 1.6596 0.9828 0.37 0.0818 0.0118 0 0 0 0 0 
0 0 0 0 0 0 0 0 0 0 0 0 0 0 0 0 0.1938 6.4842 5.9288 1.2504 0.1318 0.011 0 0 0 0 0 0 0 0 0 0 0 0.007 1.0508 4.9978 4.166 1.4674 0.272 0.039 0 0 0 0 0 0 0 0 0 0 0.0002 0.081 1.4972 3.7776 3.0602 1.2944 0.2378 0.0516 0 0 0 0 0 0 0 0 0 0 0.002 0.1914 1.3794 2.7854 2.333 1.0382 0.2282 0.0392 0.0032 0 0 0 0 0 0 0 0 0 0.0036 0.1928 1.0228 1.8726 1.7774 0.8266 0.2614 0.0378 0.005 0 0 0 0 0 
0 0 0 0 0 0 0 0 0 0 0 0 0 0 0 0 0.1498 6.8276 5.8976 1.0174 0.0954 0.0116 0.0006 0 0 0 0 0 0 0 0 0 0 0.0124 1.0748 5.3078 4.1484 1.226 0.2116 0.018 0.001 0 0 0 0 0 0 0 0 0 0.0004 0.1068 1.5866 4.0332 3.0098 1.0264 0.2214 0.0154 0 0 0 0 0 0 0 0 0 0 0.007 0.2128 1.5446 2.962 2.252 0.8184 0.19 0.0132 0 0 0 0 0 0 0 0 0 0 0.0124 0.2336 1.136 2.083 1.663 0.7018 0.1506 0.0176 0.002 0 0 0 0 0 
0 0 0 0 0 0 0 0 0 0 0 0 0 0 0 0 0.1624 6.651 5.9882 1.05 0.1376 0.0092 0.0016 0 0 0 0 0 0 0 0 0 0 0.0078 1.051 5.2746 4.17 1.2278 0.2322 0.0354 0.0012 0 0 0 0 0 0 0 0 0 0.0002 0.0998 1.5582 3.9906 2.9842 1.0646 0.2588 0.0386 0.005 0 0 0 0 0 0 0 0 0 0.0066 0.2112 1.5328 2.8926 2.2392 0.8308 0.2312 0.0518 0.0038 0 0 0 0 0 0 0 0 0 0.0166 0.2028 1.1704 2.0122 1.6046 0.701 0.222 0.0704 0 0 0 0 0 0 
0 0 0 0 0 0 0 0 0 0 0 0 0 0 0 0 0.1492 6.6058 5.9766 1.0872 0.1486 0.0296 0.003 0 0 0 0 0 0 0 0 0 0 0.006 1.043 5.1262 4.1702 1.335 0.2684 0.0404 0.0108 0 0 0 0 0 0 0 0 0 0 0.0764 1.4838 3.8634 3.0776 1.1622 0.2778 0.0502 0.0086 0 0 0 0 0 0 0 0 0 0.0012 0.181 1.4158 2.8778 2.2936 0.9166 0.2552 0.051 0.0078 0 0 0 0 0 0 0 0 0 0.0054 0.1922 1.035 1.9602 1.7386 0.7764 0.2174 0.0624 0.0124 0 0 0 0 0 
0 0 0 0 0 0 0 0 0 0 0 0 0 0 0 0 0.168 6.4974 6.0936 1.0762 0.1496 0.0152 0 0 0 0 0 0 0 0 0 0 0 0.006 1.1396 4.8682 4.3644 1.3268 0.2622 0.0312 0.0016 0 0 0 0 0 0 0 0 0 0 0.1182 1.4978 3.6996 3.2796 1.1014 0.2584 0.0414 0.0036 0 0 0 0 0 0 0 0 0 0.0086 0.2426 1.4134 2.67 2.4104 0.9846 0.2288 0.0392 0.0024 0 0 0 0 0 0 0 0 0 0.0196 0.25 1.0208 1.8512 1.7574 0.8166 0.2358 0.0404 0.0082 0 0 0 0 0 
0 0 0 0 0 0 0 0 0 0 0 0 0 0 0 0 0.139 6.209 6.0722 1.3484 0.2072 0.0218 0.0024 0 0 0 0 0 0 0 0 0 0 0.004 0.8576 4.782 4.3938 1.5228 0.358 0.0748 0.0052 0.0018 0 0 0 0 0 0 0 0 0 0.0672 1.1948 3.6558 3.261 1.3872 0.3336 0.0818 0.016 0.0026 0 0 0 0 0 0 0 0 0.0008 0.1106 1.1142 2.7062 2.5178 1.1316 0.3296 0.0724 0.0162 0.0006 0 0 0 0 0 0 0 0 0.0096 0.1154 0.779 1.8198 1.8822 0.9662 0.33 0.0826 0.0152 0 0 0 0 0 
0 0 0 0 0 0 0 0 0 0 0 0 0 0 0 0 0.1438 6.963 5.6936 1.0418 0.1412 0.0166 0 0 0 0 0 0 0 0 0 0 0 0.017 1.1164 5.4608 3.8926 1.1894 0.2762 0.0406 0.007 0 0 0 0 0 0 0 0 0 0.003 0.0962 1.7492 4.0508 2.7822 1.0066 0.2462 0.0566 0.0078 0.0014 0 0 0 0 0 0 0 0 0.0146 0.2018 1.7618 2.8398 2.087 0.8128 0.2258 0.0442 0.0088 0.0034 0 0 0 0 0 0 0 0.0026 0.0192 0.2494 1.3198 1.9408 1.4772 0.7306 0.1988 0.0462 0.0126 0.0028 0 0 0 0 
0 0 0 0 0 0 0 0 0 0 0 0 0 0 0 0 0.1626 6.526 6.0518 1.1424 0.114 0.0032 0 0 0 0 0 0 0 0 0 0 0 0.0108 1.039 5.0226 4.2472 1.3934 0.263 0.0234 0.0006 0 0 0 0 0 0 0 0 0 0 0.0986 1.4332 3.8004 3.158 1.2138 0.2508 0.0424 0.0028 0 0 0 0 0 0 0 0 0 0.0042 0.1838 1.3784 2.8226 2.3322 0.9728 0.2696 0.0322 0.0042 0 0 0 0 0 0 0 0 0 0.01 0.1846 1.0136 1.9778 1.6484 0.8522 0.2588 0.0492 0.0054 0 0 0 0 0 
