0.03 0.09 0.15 0.21 0.27 0.33 0.39 0.45 0.51 0.57 0.63 0.69 0.75 0.81 0.87 0.93 0.99 1.05 1.11 1.17 1.23 1.29 1.35 1.41 1.47 1.53 1.59 1.65 1.71 1.77 1.83 1.89 1.95 2.01 2.07 2.13 2.19 2.25 2.31 2.37 2.43 2.49 2.55 2.61 2.67 2.73 2.79 2.85 2.91 2.97 3.03 3.09 3.15 3.21 3.27 3.33 3.39 3.45 3.51 3.57 3.63 3.69 3.75 3.81 3.87 3.93 3.99 4.05 4.11 4.17 4.23 4.29 4.35 4.41 4.47 4.53 4.59 4.65 4.71 4.77 4.83 4.89 4.95 5.01 5.07 5.13 5.19 5.25 5.31 5.37 5.43 5.49 5.55 5.61 5.67 5.73 5.79 5.85 5.91 5.97 
0 0 0 0 0 0 0 0 0 0 0 0 0 0 0 0 0.0008 10.7596 1.841 0 0 0 0 0 0 0 0 0 0 0 0 0 0 0 3.023 7.215 0.5632 0 0 0 0 0 0 0 0 0 0 0 0 0 0 0.7992 4.172 3.8924 0.1374 0 0 0 0 0 0 0 0 0 0 0 0 0 0.0932 2.2338 2.7756 2.056 0.0422 0 0 0 0 0 0 0 0 0 0 0 0 0.0036 0.6588 1.843 1.7476 1.1178 0.0298 0 0 0 0 0 0 0 0 0 
0 0 0 0 0 0 0 0 0 0 0 0 0 0 0 0 0 12.3146 1.6854 0 0 0 0 0 0 0 0 0 0 0 0 0 0 0 2.9704 9.0162 0.0134 0 0 0 0 0 0 0 0 0 0 0 0 0 0 0.0752 6.2324 3.6924 0 0 0 0 0 0 0 0 0 0 0 0 0 0 0 1.5768 5.431 0.9922 0 0 0 0 0 0 0 0 0 0 0 0 0 0 0.044 2.721 3.1692 0.0658 0 0 0 0 0 0 0 0 0 0 
0 0 0 0 0 0 0 0 0 0 0 0 0 0 0 0 0 12.492 1.508 0 0 0 0 0 0 0 0 0 0 0 0 0 0 0 2.0478 9.8806 0.0716 0 0 0 0 0 0 0 0 0 0 0 0 0 0 0 6.4158 3.5842 0 0 0 0 0 0 0 0 0 0 0 0 0 0 0 0.1944 7.636 0.1696 0 0 0 0 0 0 0 0 0 0 0 0 0 0 0 2.2658 3.7342 0 0 0 0 0 0 0 0 0 0 0 
0 0 0 0 0 0 0 0 0 0 0 0 0 0 0 0 0.0474 11.7306 2.222 0 0 0 0 0 0 0 0 0 0 0 0 0 0 0 2.528 9.0102 0.4618 0 0 0 0 0 0 0 0 0 0 0 0 0 0 0.0022 6.2942 3.6982 0.0054 0 0 0 0 0 0 0 0 0 0 0 0 0 0 0.2664 6.9778 0.7558 0 0 0 0 0 0 0 0 0 0 0 0 0 0 0 2.219 3.756 0.025 0 0 0 0 0 0 0 0 0 0 
0 0 0 0 0 0 0 0 0 0 0 0 0 0 0 0 0 12.1824 1.8176 0 0 0 0 0 0 0 0 0 0 0 0 0 0 0 2.7264 9.2022 0.0714 0 0 0 0 0 0 0 0 0 0 0 0 0 0 0.0116 6.5312 3.4572 0 0 0 0 0 0 0 0 0 0 0 0 0 0 0 1.304 6.135 0.561 0 0 0 0 0 0 0 0 0 0 0 0 0 0 0 2.6694 3.3306 0 0 0 0 0 0 0 0 0 0 0 
0 0 0 0 0 0 0 0 0 0 0 0 0 0 0 0 0.0012 12.132 1.8668 0 0 0 0 0 0 0 0 0 0 0 0 0 0 0 3.02 8.684 0.296 0 0 0 0 0 0 0 0 0 0 0 0 0 0 0.2448 6.0242 3.6764 0.0546 0 0 0 0 0 0 0 0 0 0 0 0 0 0.0268 1.7322 4.9014 1.3396 0 0 0 0 0 0 0 0 0 0 0 0 0 0 0.158 2.6002 2.9234 0.3184 0 0 0 0 0 0 0 0 0 0 
0 0 0 0 0 0 0 0 0 0 0 0 0 0 0 0 0.0152 11.608 2.3768 0 0 0 0 0 0 0 0 0 0 0 0 0 0 0.0014 3.5258 7.479 0.9938 0 0 0 0 0 0 0 0 0 0 0 0 0 0 1.0766 4.3868 4.1262 0.4104 0 0 0 0 0 0 0 0 0 0 0 0 0 0.2476 2.2824 2.9146 2.473 0.0824 0 0 0 0 0 0 0 0 0 0 0 0 0.0044 0.9214 1.8008 1.787 1.4698 0.0166 0 0 0 0 0 0 0 0 0 
0 0 0 0 0 0 0 0 0 0 0 0 0 0 0 0 0 12.1976 1.8024 0 0 0 0 0 0 0 0 0 0 0 0 0 0 0 2.3622 9.5232 0.1146 0 0 0 0 0 0 0 0 0 0 0 0 0 0 0.0146 6.5664 3.419 0 0 0 0 0 0 0 0 0 0 0 0 0 0 0 1.114 6.6184 0.2676 0 0 0 0 0 0 0 0 0 0 0 0 0 0 0 2.658 3.342 0 0 0 0 0 0 0 0 0 0 0 
0 0 0 0 0 0 0 0 0 0 0 0 0 0 0 0 0 12.114 1.886 0 0 0 0 0 0 0 0 0 0 0 0 0 0 0 2.4004 9.3836 0.216 0 0 0 0 0 0 0 0 0 0 0 0 0 0 0.0086 6.7216 3.2698 0 0 0 0 0 0 0 0 0 0 0 0 0 0 0 1.038 6.6648 0.2972 0 0 0 0 0 0 0 0 0 0 0 0 0 0 0 2.5824 3.4176 0 0 0 0 0 0 0 0 0 0 0 
0 0 0 0 0 0 0 0 0 0 0 0 0 0 0 0 0 12.1578 1.8422 0 0 0 0 0 0 0 0 0 0 0 0 0 0 0 2.1018 9.8172 0.081 0 0 0 0 0 0 0 0 0 0 0 0 0 0 0 6.6186 3.3814 0 0 0 0 0 0 0 0 0 0 0 0 0 0 0 0.8294 7.1174 0.0532 0 0 0 0 0 0 0 0 0 0 0 0 0 0 0 2.3968 3.6032 0 0 0 0 0 0 0 0 0 0 0 
0 0 0 0 0 0 0 0 0 0 0 0 0 0 0 0 0.0042 11.9772 2.0186 0 0 0 0 0 0 0 0 0 0 0 0 0 0 0 2.6856 8.7984 0.516 0 0 0 0 0 0 0 0 0 0 0 0 0 0 0.269 5.904 3.7668 0.0602 0 0 0 0 0 0 0 0 0 0 0 0 0 0.0284 1.3802 5.6168 0.9636 0.011 0 0 0 0 0 0 0 0 0 0 0 0 0 0.1458 2.431 3.1686 0.2532 0.0014 0 0 0 0 0 0 0 0 0 
0 0 0 0 0 0 0 0 0 0 0 0 0 0 0 0 0.0054 11.9646 2.03 0 0 0 0 0 0 0 0 0 0 0 0 0 0 0.0024 3.2122 8.136 0.6494 0 0 0 0 0 0 0 0 0 0 0 0 0 0 0.6202 5.191 4.041 0.1478 0 0 0 0 0 0 0 0 0 0 0 0 0 0.0848 2.0392 3.9834 1.834 0.0586 0 0 0 0 0 0 0 0 0 0 0 0 0.004 0.4496 2.3014 2.444 0.7822 0.0188 0 0 0 0 0 0 0 0 0 
0 0 0 0 0 0 0 0 0 0 0 0 0 0 0 0 0 12.1936 1.8064 0 0 0 0 0 0 0 0 0 0 0 0 0 0 0 2.5764 9.2852 0.1384 0 0 0 0 0 0 0 0 0 0 0 0 0 0 0.0336 6.5004 3.466 0 0 0 0 0 0 0 0 0 0 0 0 0 0 0 1.3618 5.924 0.7142 0 0 0 0 0 0 0 0 0 0 0 0 0 0 0 2.6848 3.3152 0 0 0 0 0 0 0 0 0 0 0 
0 0 0 0 0 0 0 0 0 0 0 0 0 0 0 0 0 12.1678 1.8322 0 0 0 0 0 0 0 0 0 0 0 0 0 0 0 2.5658 9.267 0.1672 0 0 0 0 0 0 0 0 0 0 0 0 0 0 0.0928 6.2026 3.7046 0 0 0 0 0 0 0 0 0 0 0 0 0 0 0 1.3464 5.8974 0.7562 0 0 0 0 0 0 0 0 0 0 0 0 0 0 0.0492 2.5484 3.2334 0.169 0 0 0 0 0 0 0 0 0 0 
0 0 0 0 0 0 0 0 0 0 0 0 0 0 0 0 0 11.9578 2.0422 0 0 0 0 0 0 0 0 0 0 0 0 0 0 0 2.4714 9.4774 0.0512 0 0 0 0 0 0 0 0 0 0 0 0 0 0 0.0006 6.3446 3.6548 0 0 0 0 0 0 0 0 0 0 0 0 0 0 0 0.955 6.7096 0.3354 0 0 0 0 0 0 0 0 0 0 0 0 0 0 0 2.281 3.719 0 0 0 0 0 0 0 0 0 0 0 
0 0 0 0 0 0 0 0 0 0 0 0 0 0 0 0 0 11.817 2.183 0 0 0 0 0 0 0 0 0 0 0 0 0 0 0 2.7814 9.0702 0.1484 0 0 0 0 0 0 0 0 0 0 0 0 0 0 0.022 6.1282 3.8498 0 0 0 0 0 0 0 0 0 0 0 0 0 0 0 1.103 6.219 0.678 0 0 0 0 0 0 0 0 0 0 0 0 0 0 0.0066 2.3986 3.5382 0.0566 0 0 0 0 0 0 0 0 0 0 
0 0 0 0 0 0 0 0 0 0 0 0 0 0 0 0 0.0094 11.6654 2.3252 0 0 0 0 0 0 0 0 0 0 0 0 0 0 0.001 3.0162 8.3908 0.592 0 0 0 0 0 0 0 0 0 0 0 0 0 0 0.4418 5.3606 4.0858 0.1118 0 0 0 0 0 0 0 0 0 0 0 0 0 0.0502 1.9018 4.1806 1.8262 0.0412 0 0 0 0 0 0 0 0 0 0 0 0 0.0018 0.3258 2.35 2.5494 0.7464 0.0266 0 0 0 0 0 0 0 0 0 
0 0 0 0 0 0 0 0 0 0 0 0 0 0 0 0 0.005 11.7616 2.2334 0 0 0 0 0 0 0 0 0 0 0 0 0 0 0.0006 3.0774 8.2784 0.6436 0 0 0 0 0 0 0 0 0 0 0 0 0 0 0.551 5.2316 4.072 0.1454 0 0 0 0 0 0 0 0 0 0 0 0 0 0.0628 2.0168 4.0804 1.7844 0.0556 0 0 0 0 0 0 0 0 0 0 0 0 0.0022 0.4098 2.2836 2.443 0.8268 0.0346 0 0 0 0 0 0 0 0 0 
0 0 0 0 0 0 0 0 0 0 0 0 0 0 0 0 0.0014 12.038 1.9606 0 0 0 0 0 0 0 0 0 0 0 0 0 0 0 2.773 8.788 0.439 0 0 0 0 0 0 0 0 0 0 0 0 0 0 0.0586 6.3852 3.509 0.0472 0 0 0 0 0 0 0 0 0 0 0 0 0 0 1.372 5.7418 0.8862 0 0 0 0 0 0 0 0 0 0 0 0 0 0 0.0022 2.4896 3.3662 0.142 0 0 0 0 0 0 0 0 0 0 
0 0 0 0 0 0 0 0 0 0 0 0 0 0 0 0 0.0016 11.9704 2.028 0 0 0 0 0 0 0 0 0 0 0 0 0 0 0 2.4474 9.246 0.3066 0 0 0 0 0 0 0 0 0 0 0 0 0 0 0.054 6.2508 3.6454 0.0498 0 0 0 0 0 0 0 0 0 0 0 0 0 0 1.051 6.2548 0.6942 0 0 0 0 0 0 0 0 0 0 0 0 0 0 0.003 2.2432 3.6632 0.0906 0 0 0 0 0 0 0 0 0 0 
0 0 0 0 0 0 0 0 0 0 0 0 0 0 0 0 0.0338 11.4322 2.534 0 0 0 0 0 0 0 0 0 0 0 0 0 0 0 2.8448 8.52 0.6352 0 0 0 0 0 0 0 0 0 0 0 0 0 0 0.0262 6.07 3.8798 0.024 0 0 0 0 0 0 0 0 0 0 0 0 0 0 0.6348 6.5062 0.859 0 0 0 0 0 0 0 0 0 0 0 0 0 0 0 2.0328 3.9118 0.0554 0 0 0 0 0 0 0 0 0 0 
0 0 0 0 0 0 0 0 0 0 0 0 0 0 0 0 0.0474 11.456 2.493 0.0036 0 0 0 0 0 0 0 0 0 0 0 0 0 0 2.742 8.3524 0.9056 0 0 0 0 0 0 0 0 0 0 0 0 0 0 0.02 6.6174 3.1632 0.1994 0 0 0 0 0 0 0 0 0 0 0 0 0 0 0.76 6.0224 1.214 0.0036 0 0 0 0 0 0 0 0 0 0 0 0 0 0 2.3826 3.4678 0.1496 0 0 0 0 0 0 0 0 0 0 
0 0 0 0 0 0 0 0 0 0 0 0 0 0 0 0 0.0354 11.294 2.6702 0.0004 0 0 0 0 0 0 0 0 0 0 0 0 0 0 3.0144 7.8296 1.156 0 0 0 0 0 0 0 0 0 0 0 0 0 0 0.0142 6.5864 3.168 0.2314 0 0 0 0 0 0 0 0 0 0 0 0 0 0 1.0162 5.5058 1.4738 0.0042 0 0 0 0 0 0 0 0 0 0 0 0 0 0 2.4216 3.4166 0.1618 0 0 0 0 0 0 0 0 0 0 
0 0 0 0 0 0 0 0 0 0 0 0 0 0 0 0 0.0508 11.2588 2.69 0.0004 0 0 0 0 0 0 0 0 0 0 0 0 0 0 3.0362 7.7776 1.1862 0 0 0 0 0 0 0 0 0 0 0 0 0 0 0.0162 6.4746 3.2734 0.2358 0 0 0 0 0 0 0 0 0 0 0 0 0 0 1.041 5.4858 1.4728 0.0004 0 0 0 0 0 0 0 0 0 0 0 0 0 0 2.3608 3.4796 0.1596 0 0 0 0 0 0 0 0 0 0 
0 0 0 0 0 0 0 0 0 0 0 0 0 0 0 0 0.0794 10.9558 2.9558 0.009 0 0 0 0 0 0 0 0 0 0 0 0 0 0 2.9844 7.7228 1.2922 0.0006 0 0 0 0 0 0 0 0 0 0 0 0 0 0.0366 6.2832 3.3492 0.331 0 0 0 0 0 0 0 0 0 0 0 0 0 0 0.8196 5.5966 1.5658 0.018 0 0 0 0 0 0 0 0 0 0 0 0 0 0 2.0976 3.6618 0.2406 0 0 0 0 0 0 0 0 0 0 
0 0 0 0 0 0 0 0 0 0 0 0 0 0 0 0 0.0436 11.088 2.8464 0.022 0 0 0 0 0 0 0 0 0 0 0 0 0 0 2.8852 7.9364 1.177 0.0014 0 0 0 0 0 0 0 0 0 0 0 0 0 0.0724 6.3638 3.2168 0.347 0 0 0 0 0 0 0 0 0 0 0 0 0 0 0.7896 5.8116 1.381 0.0178 0 0 0 0 0 0 0 0 0 0 0 0 0 0 2.0368 3.737 0.2262 0 0 0 0 0 0 0 0 0 0 
0 0 0 0 0 0 0 0 0 0 0 0 0 0 0 0 0.0784 10.8506 3.044 0.027 0 0 0 0 0 0 0 0 0 0 0 0 0 0 3.1998 7.235 1.5576 0.0076 0 0 0 0 0 0 0 0 0 0 0 0 0 0.1012 6.1302 3.1804 0.5882 0 0 0 0 0 0 0 0 0 0 0 0 0 0 1.0846 5.1916 1.6792 0.0446 0 0 0 0 0 0 0 0 0 0 0 0 0 0 2.1812 3.3964 0.4224 0 0 0 0 0 0 0 0 0 0 
0 0 0 0 0 0 0 0 0 0 0 0 0 0 0 0 0.0764 10.7946 3.1254 0.0036 0 0 0 0 0 0 0 0 0 0 0 0 0 0 2.4746 8.6062 0.9192 0 0 0 0 0 0 0 0 0 0 0 0 0 0 0 6.2874 3.652 0.0606 0 0 0 0 0 0 0 0 0 0 0 0 0 0 0.6812 6.0626 1.256 0.0002 0 0 0 0 0 0 0 0 0 0 0 0 0 0 1.5812 4.3594 0.0594 0 0 0 0 0 0 0 0 0 0 
0 0 0 0 0 0 0 0 0 0 0 0 0 0 0 0 0.087 11.0382 2.8656 0.0092 0 0 0 0 0 0 0 0 0 0 0 0 0 0 2.859 8.0222 1.1178 0.001 0 0 0 0 0 0 0 0 0 0 0 0 0 0.005 6.423 3.324 0.248 0 0 0 0 0 0 0 0 0 0 0 0 0 0 0.8712 5.6446 1.4778 0.0064 0 0 0 0 0 0 0 0 0 0 0 0 0 0 2.103 3.72 0.177 0 0 0 0 0 0 0 0 0 0 
0 0 0 0 0 0 0 0 0 0 0 0 0 0 0 0 0.0646 10.9084 2.9914 0.0356 0 0 0 0 0 0 0 0 0 0 0 0 0 0 3.4616 7.0128 1.4896 0.036 0 0 0 0 0 0 0 0 0 0 0 0 0 0.1878 6.1338 3.0614 0.6098 0.0072 0 0 0 0 0 0 0 0 0 0 0 0 0 1.3662 4.9672 1.5308 0.1358 0 0 0 0 0 0 0 0 0 0 0 0 0 0.0086 2.3218 3.2288 0.4408 0 0 0 0 0 0 0 0 0 0 
0 0 0 0 0 0 0 0 0 0 0 0 0 0 0 0 0.0412 11.2528 2.6988 0.0072 0 0 0 0 0 0 0 0 0 0 0 0 0 0 2.8714 8.1744 0.9542 0 0 0 0 0 0 0 0 0 0 0 0 0 0 0.0322 6.3428 3.5242 0.1008 0 0 0 0 0 0 0 0 0 0 0 0 0 0 0.7954 5.9954 1.2044 0.0048 0 0 0 0 0 0 0 0 0 0 0 0 0 0 2.0826 3.7948 0.1226 0 0 0 0 0 0 0 0 0 0 
0 0 0 0 0 0 0 0 0 0 0 0 0 0 0 0 0.017 11.0688 2.909 0.0052 0 0 0 0 0 0 0 0 0 0 0 0 0 0 3.495 6.92 1.5774 0.0076 0 0 0 0 0 0 0 0 0 0 0 0 0 0.2328 6.036 3.1422 0.589 0 0 0 0 0 0 0 0 0 0 0 0 0 0 1.5136 4.7816 1.5812 0.1236 0 0 0 0 0 0 0 0 0 0 0 0 0 0.0398 2.2666 3.1956 0.497 0.001 0 0 0 0 0 0 0 0 0 
0 0 0 0 0 0 0 0 0 0 0 0 0 0 0 0 0.0384 11.2246 2.7306 0.0064 0 0 0 0 0 0 0 0 0 0 0 0 0 0 2.991 7.831 1.178 0 0 0 0 0 0 0 0 0 0 0 0 0 0 0.0402 6.3412 3.4008 0.2178 0 0 0 0 0 0 0 0 0 0 0 0 0 0 0.9264 5.6466 1.4206 0.0064 0 0 0 0 0 0 0 0 0 0 0 0 0 0 2.1482 3.648 0.2038 0 0 0 0 0 0 0 0 0 0 
0 0 0 0 0 0 0 0 0 0 0 0 0 0 0 0 0.0514 11.2352 2.6866 0.0268 0 0 0 0 0 0 0 0 0 0 0 0 0 0.0002 2.731 8.3588 0.91 0 0 0 0 0 0 0 0 0 0 0 0 0 0 0.0346 6.2768 3.6132 0.0754 0 0 0 0 0 0 0 0 0 0 0 0 0 0 0.7624 6.1782 1.0594 0 0 0 0 0 0 0 0 0 0 0 0 0 0 0 1.8856 4.0408 0.0736 0 0 0 0 0 0 0 0 0 0 
0 0 0 0 0 0 0 0 0 0 0 0 0 0 0 0 0.0892 11.1018 2.7478 0.0612 0 0 0 0 0 0 0 0 0 0 0 0 0 0.0056 2.622 8.5192 0.8504 0.0028 0 0 0 0 0 0 0 0 0 0 0 0 0 0.0774 5.7444 4.093 0.0852 0 0 0 0 0 0 0 0 0 0 0 0 0 0.0006 0.8498 6.2418 0.9068 0.001 0 0 0 0 0 0 0 0 0 0 0 0 0 0 1.6934 4.1708 0.1358 0 0 0 0 0 0 0 0 0 0 
0 0 0 0 0 0 0 0 0 0 0 0 0 0 0 0 0.0806 11.1504 2.7058 0.0632 0 0 0 0 0 0 0 0 0 0 0 0 0 0.0118 2.873 7.9998 1.1014 0.014 0 0 0 0 0 0 0 0 0 0 0 0 0 0.2018 5.4634 4.1994 0.1354 0 0 0 0 0 0 0 0 0 0 0 0 0 0.0044 0.9904 5.8374 1.1574 0.0104 0 0 0 0 0 0 0 0 0 0 0 0 0 0.021 1.9558 3.7508 0.2724 0 0 0 0 0 0 0 0 0 0 
0 0 0 0 0 0 0 0 0 0 0 0 0 0 0 0 0.0974 11.0168 2.8304 0.0554 0 0 0 0 0 0 0 0 0 0 0 0 0 0.0044 2.7344 8.316 0.9444 0.0008 0 0 0 0 0 0 0 0 0 0 0 0 0 0.1816 5.4208 4.2558 0.1418 0 0 0 0 0 0 0 0 0 0 0 0 0 0.0018 1.0498 5.5876 1.3514 0.0094 0 0 0 0 0 0 0 0 0 0 0 0 0 0.0208 2.041 3.5634 0.3748 0 0 0 0 0 0 0 0 0 0 
0 0 0 0 0 0 0 0 0 0 0 0 0 0 0 0 0.0374 11.162 2.7944 0.0062 0 0 0 0 0 0 0 0 0 0 0 0 0 0.0002 2.8998 8.37 0.73 0 0 0 0 0 0 0 0 0 0 0 0 0 0 0.1444 5.5172 4.2982 0.0402 0 0 0 0 0 0 0 0 0 0 0 0 0 0 1.1594 5.5894 1.25 0.0012 0 0 0 0 0 0 0 0 0 0 0 0 0 0.0502 2.207 3.4076 0.3352 0 0 0 0 0 0 0 0 0 0 
0 0 0 0 0 0 0 0 0 0 0 0 0 0 0 0 0.0926 11.045 2.8194 0.043 0 0 0 0 0 0 0 0 0 0 0 0 0 0.005 2.9362 7.9714 1.084 0.0034 0 0 0 0 0 0 0 0 0 0 0 0 0 0.2536 5.4586 4.044 0.2438 0 0 0 0 0 0 0 0 0 0 0 0 0 0.0046 1.4164 5.005 1.5396 0.0344 0 0 0 0 0 0 0 0 0 0 0 0 0 0.0622 2.2002 3.2046 0.5294 0.0036 0 0 0 0 0 0 0 0 0 
0 0 0 0 0 0 0 0 0 0 0 0 0 0 0 0 0.0594 10.9304 2.999 0.0112 0 0 0 0 0 0 0 0 0 0 0 0 0 0.001 3.0026 8.0366 0.9598 0 0 0 0 0 0 0 0 0 0 0 0 0 0 0.2054 5.4922 4.1334 0.169 0 0 0 0 0 0 0 0 0 0 0 0 0 0 1.21 5.357 1.4054 0.0276 0 0 0 0 0 0 0 0 0 0 0 0 0 0.0646 2.0642 3.3826 0.4874 0.0012 0 0 0 0 0 0 0 0 0 
0 0 0 0 0 0 0 0 0 0 0 0 0 0 0 0 0.0294 11.2074 2.7546 0.0086 0 0 0 0 0 0 0 0 0 0 0 0 0 0.0006 3.3396 7.3702 1.2496 0.04 0 0 0 0 0 0 0 0 0 0 0 0 0 0.536 5.3702 3.595 0.4746 0.0242 0 0 0 0 0 0 0 0 0 0 0 0 0.0254 1.9292 4.3388 1.5804 0.1246 0.0016 0 0 0 0 0 0 0 0 0 0 0 0 0.1682 2.2704 2.8576 0.6676 0.0362 0 0 0 0 0 0 0 0 0 
0 0 0 0 0 0 0 0 0 0 0 0 0 0 0 0 0.0738 10.9544 2.964 0.0078 0 0 0 0 0 0 0 0 0 0 0 0 0 0.0032 2.8626 7.844 1.2876 0.0026 0 0 0 0 0 0 0 0 0 0 0 0 0 0.3244 5.3642 4.029 0.2824 0 0 0 0 0 0 0 0 0 0 0 0 0 0.004 1.3224 5.1258 1.533 0.0148 0 0 0 0 0 0 0 0 0 0 0 0 0 0.035 1.9228 3.6384 0.4038 0 0 0 0 0 0 0 0 0 0 
0 0 0 0 0 0 0 0 0 0 0 0 0 0 0 0 0.0852 11.1724 2.7064 0.036 0 0 0 0 0 0 0 0 0 0 0 0 0 0.0028 2.9474 7.9428 1.104 0.003 0 0 0 0 0 0 0 0 0 0 0 0 0 0.2548 5.2708 4.3384 0.136 0 0 0 0 0 0 0 0 0 0 0 0 0 0.0012 1.1586 5.42 1.41 0.0102 0 0 0 0 0 0 0 0 0 0 0 0 0 0.0538 2.0814 3.3798 0.4836 0.0014 0 0 0 0 0 0 0 0 0 
0 0 0 0 0 0 0 0 0 0 0 0 0 0 0 0 0.1068 11.0132 2.8676 0.0124 0 0 0 0 0 0 0 0 0 0 0 0 0 0.0086 3.217 7.5544 1.211 0.009 0 0 0 0 0 0 0 0 0 0 0 0 0 0.714 4.647 4.2194 0.4192 0.0004 0 0 0 0 0 0 0 0 0 0 0 0 0.0654 2.0184 3.5144 2.313 0.0888 0 0 0 0 0 0 0 0 0 0 0 0 0 0.3804 2.1708 2.183 1.2512 0.0146 0 0 0 0 0 0 0 0 0 
0 0 0 0 0 0 0 0 0 0 0 0 0 0 0 0 0.1268 10.733 3.1316 0.0086 0 0 0 0 0 0 0 0 0 0 0 0 0 0.0056 2.8644 7.977 1.1434 0.0096 0 0 0 0 0 0 0 0 0 0 0 0 0 0.3722 5.0918 4.2324 0.3036 0 0 0 0 0 0 0 0 0 0 0 0 0 0.0216 1.4882 4.5162 1.927 0.047 0 0 0 0 0 0 0 0 0 0 0 0 0 0.0988 2.2016 2.9082 0.789 0.0024 0 0 0 0 0 0 0 0 0 
0 0 0 0 0 0 0 0 0 0 0 0 0 0 0 0 0.0848 10.8352 3.0656 0.0144 0 0 0 0 0 0 0 0 0 0 0 0 0 0.0032 2.8498 8.1328 1.0132 0.001 0 0 0 0 0 0 0 0 0 0 0 0 0 0.2864 5.086 4.4838 0.1438 0 0 0 0 0 0 0 0 0 0 0 0 0 0 1.4006 4.7838 1.7914 0.0242 0 0 0 0 0 0 0 0 0 0 0 0 0 0.0956 2.1588 3.053 0.692 0.0006 0 0 0 0 0 0 0 0 0 
0 0 0 0 0 0 0 0 0 0 0 0 0 0 0 0 0.0862 11.042 2.8718 0 0 0 0 0 0 0 0 0 0 0 0 0 0 0.0076 3.305 7.4052 1.279 0.0032 0 0 0 0 0 0 0 0 0 0 0 0 0 0.8926 4.3824 4.232 0.493 0 0 0 0 0 0 0 0 0 0 0 0 0 0.094 2.2604 3.032 2.4394 0.1742 0 0 0 0 0 0 0 0 0 0 0 0 0.0024 0.6594 1.9658 1.851 1.453 0.0684 0 0 0 0 0 0 0 0 0 
0 0 0 0 0 0 0 0 0 0 0 0 0 0 0 0 0.1002 10.803 3.0742 0.0226 0 0 0 0 0 0 0 0 0 0 0 0 0 0.0032 2.8798 7.8894 1.2206 0.007 0 0 0 0 0 0 0 0 0 0 0 0 0 0.319 5.284 4.099 0.298 0 0 0 0 0 0 0 0 0 0 0 0 0 0.0094 1.377 4.7714 1.8008 0.0414 0 0 0 0 0 0 0 0 0 0 0 0 0 0.0974 1.9904 3.2604 0.6518 0 0 0 0 0 0 0 0 0 0 
0 0 0 0 0 0 0 0 0 0 0 0 0 0 0 0 0.116 10.83 2.9996 0.0544 0 0 0 0 0 0 0 0 0 0 0 0 0 0.0056 3.0116 7.6862 1.2866 0.01 0 0 0 0 0 0 0 0 0 0 0 0 0 0.2342 5.471 3.9798 0.315 0 0 0 0 0 0 0 0 0 0 0 0 0 0 1.3632 4.9666 1.6082 0.062 0 0 0 0 0 0 0 0 0 0 0 0 0 0.0618 2.0566 3.2996 0.5806 0.0014 0 0 0 0 0 0 0 0 0 
0 0 0 0 0 0 0 0 0 0 0 0 0 0 0 0 0.204 10.4748 3.2484 0.0728 0 0 0 0 0 0 0 0 0 0 0 0 0 0.0318 3.416 6.7316 1.729 0.0916 0 0 0 0 0 0 0 0 0 0 0 0 0.001 0.8286 4.6512 3.6186 0.847 0.0536 0 0 0 0 0 0 0 0 0 0 0 0 0.1512 1.9356 3.5052 1.989 0.4 0.019 0 0 0 0 0 0 0 0 0 0 0 0.0136 0.428 1.9226 2.3174 1.1334 0.183 0.002 0 0 0 0 0 0 0 0 
0 0 0 0 0 0 0 0 0 0 0 0 0 0 0 0 0.2948 10.0646 3.6144 0.0262 0 0 0 0 0 0 0 0 0 0 0 0 0 0.0706 3.1982 6.8064 1.9118 0.013 0 0 0 0 0 0 0 0 0 0 0 0 0.0078 1.0196 3.9776 4.0522 0.9344 0.0084 0 0 0 0 0 0 0 0 0 0 0 0 0.3116 1.9074 2.9056 2.2566 0.6108 0.008 0 0 0 0 0 0 0 0 0 0 0 0.046 0.761 1.6108 1.8076 1.3286 0.4454 0.0006 0 0 0 0 0 0 0 0 
0 0 0 0 0 0 0 0 0 0 0 0 0 0 0 0 0.103 10.8658 2.9926 0.0386 0 0 0 0 0 0 0 0 0 0 0 0 0 0 3.3418 7.0722 1.5598 0.0262 0 0 0 0 0 0 0 0 0 0 0 0 0 0.1764 6.0144 3.1358 0.6688 0.0046 0 0 0 0 0 0 0 0 0 0 0 0 0 1.5312 4.6958 1.6528 0.1202 0 0 0 0 0 0 0 0 0 0 0 0 0 0.0126 2.2214 3.168 0.5978 0.0002 0 0 0 0 0 0 0 0 0 
0 0 0 0 0 0 0 0 0 0 0 0 0 0 0 0 0.209 10.4084 3.2708 0.1118 0 0 0 0 0 0 0 0 0 0 0 0 0 0.0414 3.3146 6.8434 1.7092 0.0914 0 0 0 0 0 0 0 0 0 0 0 0 0.0046 0.6078 4.7974 3.807 0.7672 0.016 0 0 0 0 0 0 0 0 0 0 0 0 0.0726 1.6486 3.9094 2.0986 0.2708 0 0 0 0 0 0 0 0 0 0 0 0 0 0.1728 2.076 2.5724 1.1116 0.0672 0 0 0 0 0 0 0 0 0 
0 0 0 0 0 0 0 0 0 0 0 0 0 0 0 0 0.1872 10.6542 3.029 0.1296 0 0 0 0 0 0 0 0 0 0 0 0 0 0.032 3.139 7.0464 1.757 0.0256 0 0 0 0 0 0 0 0 0 0 0 0 0 0.6238 4.578 4.2872 0.511 0 0 0 0 0 0 0 0 0 0 0 0 0 0.0366 1.3864 4.2692 2.2676 0.0402 0 0 0 0 0 0 0 0 0 0 0 0 0 0.1578 2.1248 2.7318 0.9808 0.0048 0 0 0 0 0 0 0 0 0 
0 0 0 0 0 0 0 0 0 0 0 0 0 0 0 0 0.2302 10.3132 3.335 0.1216 0 0 0 0 0 0 0 0 0 0 0 0 0 0.004 2.9496 7.613 1.3926 0.0408 0 0 0 0 0 0 0 0 0 0 0 0 0 0.2698 4.8378 4.5916 0.2996 0.0012 0 0 0 0 0 0 0 0 0 0 0 0 0.0012 0.9182 5.2434 1.807 0.0302 0 0 0 0 0 0 0 0 0 0 0 0 0 0.0258 1.6154 3.8286 0.5292 0.001 0 0 0 0 0 0 0 0 0 
0 0 0 0 0 0 0 0 0 0 0 0 0 0 0 0 0.2822 9.9972 3.6512 0.0694 0 0 0 0 0 0 0 0 0 0 0 0 0 0.0048 3.3098 6.8872 1.6456 0.1526 0 0 0 0 0 0 0 0 0 0 0 0 0 0.6652 4.5374 3.9412 0.8006 0.0556 0 0 0 0 0 0 0 0 0 0 0 0 0.051 1.3216 4.3616 1.9794 0.2808 0.0056 0 0 0 0 0 0 0 0 0 0 0 0 0.1482 1.6272 3.2844 0.861 0.0792 0 0 0 0 0 0 0 0 0 
0 0 0 0 0 0 0 0 0 0 0 0 0 0 0 0 0.1916 10.4874 3.311 0.01 0 0 0 0 0 0 0 0 0 0 0 0 0 0.0222 3.324 7.0736 1.5414 0.0388 0 0 0 0 0 0 0 0 0 0 0 0 0.0036 0.9944 4.0948 4.197 0.6886 0.0216 0 0 0 0 0 0 0 0 0 0 0 0 0.171 2.1486 2.8474 2.488 0.3424 0.0026 0 0 0 0 0 0 0 0 0 0 0 0.0034 0.7058 1.8514 1.6544 1.6272 0.1578 0 0 0 0 0 0 0 0 0 
0 0 0 0 0 0 0 0 0 0 0 0 0 0 0 0 0.2698 10.1516 3.501 0.0776 0 0 0 0 0 0 0 0 0 0 0 0 0 0.0142 2.8206 7.8886 1.2688 0.0078 0 0 0 0 0 0 0 0 0 0 0 0 0 0.1992 4.8882 4.6584 0.2542 0 0 0 0 0 0 0 0 0 0 0 0 0 0.003 0.9604 5.2802 1.6816 0.0748 0 0 0 0 0 0 0 0 0 0 0 0 0 0.0436 1.6658 3.6112 0.6442 0.0352 0 0 0 0 0 0 0 0 0 
0 0 0 0 0 0 0 0 0 0 0 0 0 0 0 0 0.3558 9.8432 3.6608 0.1402 0 0 0 0 0 0 0 0 0 0 0 0 0 0.0184 2.6076 7.8122 1.538 0.0238 0 0 0 0 0 0 0 0 0 0 0 0 0 0.0944 4.766 4.7812 0.3584 0 0 0 0 0 0 0 0 0 0 0 0 0 0 0.6224 5.6166 1.7052 0.0558 0 0 0 0 0 0 0 0 0 0 0 0 0 0 1.1444 4.2848 0.5606 0.0102 0 0 0 0 0 0 0 0 0 
0 0 0 0 0 0 0 0 0 0 0 0 0 0 0 0 0.146 10.6756 3.132 0.0464 0 0 0 0 0 0 0 0 0 0 0 0 0 0.0046 2.6934 8.1144 1.177 0.0106 0 0 0 0 0 0 0 0 0 0 0 0 0 0.1928 5.33 4.3038 0.1734 0 0 0 0 0 0 0 0 0 0 0 0 0 0.0016 0.87 5.6486 1.4696 0.0102 0 0 0 0 0 0 0 0 0 0 0 0 0 0.0042 1.6662 4.0512 0.2784 0 0 0 0 0 0 0 0 0 0 
0 0 0 0 0 0 0 0 0 0 0 0 0 0 0 0 0.1226 10.765 3.0682 0.0442 0 0 0 0 0 0 0 0 0 0 0 0 0 0.0038 3.0708 7.7378 1.1876 0 0 0 0 0 0 0 0 0 0 0 0 0 0 0.2882 4.8886 4.7296 0.0936 0 0 0 0 0 0 0 0 0 0 0 0 0 0.0012 0.8974 5.6268 1.4738 0.0008 0 0 0 0 0 0 0 0 0 0 0 0 0 0.0096 1.9436 3.5744 0.4704 0.002 0 0 0 0 0 0 0 0 0 
0 0 0 0 0 0 0 0 0 0 0 0 0 0 0 0 0.1282 10.584 3.2872 0.0006 0 0 0 0 0 0 0 0 0 0 0 0 0 0 3.0288 7.6238 1.3318 0.0156 0 0 0 0 0 0 0 0 0 0 0 0 0 0.2626 5.4982 3.769 0.4702 0 0 0 0 0 0 0 0 0 0 0 0 0 0 0.8886 5.3662 1.7108 0.0344 0 0 0 0 0 0 0 0 0 0 0 0 0 0.0114 1.8556 3.7808 0.3522 0 0 0 0 0 0 0 0 0 0 
0 0 0 0 0 0 0 0 0 0 0 0 0 0 0 0 0.0604 10.9512 2.987 0.0014 0 0 0 0 0 0 0 0 0 0 0 0 0 0.0076 3.4394 7.1382 1.392 0.0228 0 0 0 0 0 0 0 0 0 0 0 0 0 0.8534 4.667 3.8616 0.612 0.006 0 0 0 0 0 0 0 0 0 0 0 0 0.1042 2.1114 3.444 2.1278 0.2126 0 0 0 0 0 0 0 0 0 0 0 0 0.0004 0.4946 2.0126 2.2284 1.227 0.037 0 0 0 0 0 0 0 0 0 
0 0 0 0 0 0 0 0 0 0 0 0 0 0 0 0 0.1044 10.798 3.0976 0 0 0 0 0 0 0 0 0 0 0 0 0 0 0.0056 3.0306 7.8394 1.1232 0.0012 0 0 0 0 0 0 0 0 0 0 0 0 0 0.7516 4.45 4.443 0.3554 0 0 0 0 0 0 0 0 0 0 0 0 0 0.1362 1.8794 3.4488 2.4308 0.1048 0 0 0 0 0 0 0 0 0 0 0 0 0.0004 0.569 1.8734 2.2338 1.306 0.0174 0 0 0 0 0 0 0 0 0 
0 0 0 0 0 0 0 0 0 0 0 0 0 0 0 0 0.1072 10.8068 3.0776 0.0084 0 0 0 0 0 0 0 0 0 0 0 0 0 0 2.7322 8.3332 0.9346 0 0 0 0 0 0 0 0 0 0 0 0 0 0 0.1744 5.3666 4.2916 0.1674 0 0 0 0 0 0 0 0 0 0 0 0 0 0 1.0558 5.4428 1.4922 0.0092 0 0 0 0 0 0 0 0 0 0 0 0 0 0.0018 1.9928 3.6182 0.3872 0 0 0 0 0 0 0 0 0 0 
0 0 0 0 0 0 0 0 0 0 0 0 0 0 0 0 0.1116 10.9272 2.9428 0.0184 0 0 0 0 0 0 0 0 0 0 0 0 0 0.0008 3.0144 7.8004 1.1716 0.0128 0 0 0 0 0 0 0 0 0 0 0 0 0 0.3546 5.4088 3.7974 0.4392 0 0 0 0 0 0 0 0 0 0 0 0 0 0.0008 1.6014 4.6986 1.5922 0.107 0 0 0 0 0 0 0 0 0 0 0 0 0 0.0812 2.1696 3.0724 0.6686 0.0082 0 0 0 0 0 0 0 0 0 
0 0 0 0 0 0 0 0 0 0 0 0 0 0 0 0 0.1274 10.6214 3.2498 0.0014 0 0 0 0 0 0 0 0 0 0 0 0 0 0.0014 3.1916 7.3438 1.4524 0.0108 0 0 0 0 0 0 0 0 0 0 0 0 0 0.6722 4.7282 3.9932 0.602 0.0044 0 0 0 0 0 0 0 0 0 0 0 0 0.0582 1.8804 3.848 1.989 0.2244 0 0 0 0 0 0 0 0 0 0 0 0 0 0.341 2.0464 2.427 1.1128 0.0728 0 0 0 0 0 0 0 0 0 
0 0 0 0 0 0 0 0 0 0 0 0 0 0 0 0 0.101 10.7872 3.0968 0.015 0 0 0 0 0 0 0 0 0 0 0 0 0 0.0098 3.1248 7.5772 1.2878 0.0004 0 0 0 0 0 0 0 0 0 0 0 0 0 0.683 4.5542 4.447 0.3158 0 0 0 0 0 0 0 0 0 0 0 0 0 0.006 2.0748 3.4216 2.3882 0.1094 0 0 0 0 0 0 0 0 0 0 0 0 0 0.3814 2.1686 2.0414 1.3762 0.0324 0 0 0 0 0 0 0 0 0 
0 0 0 0 0 0 0 0 0 0 0 0 0 0 0 0 0.0388 11.1876 2.7632 0.0104 0 0 0 0 0 0 0 0 0 0 0 0 0 0.0006 2.8476 8.349 0.8028 0 0 0 0 0 0 0 0 0 0 0 0 0 0 0.1912 5.5798 4.1392 0.0898 0 0 0 0 0 0 0 0 0 0 0 0 0 0 1.1822 5.5442 1.2632 0.0104 0 0 0 0 0 0 0 0 0 0 0 0 0 0.0722 2.0588 3.4928 0.3758 0.0004 0 0 0 0 0 0 0 0 0 
0 0 0 0 0 0 0 0 0 0 0 0 0 0 0 0 0.0414 11.0908 2.8486 0.0192 0 0 0 0 0 0 0 0 0 0 0 0 0 0 3.2542 7.4836 1.2454 0.0168 0 0 0 0 0 0 0 0 0 0 0 0 0 0.1314 6.0542 3.3796 0.4348 0 0 0 0 0 0 0 0 0 0 0 0 0 0 1.206 5.192 1.5922 0.0098 0 0 0 0 0 0 0 0 0 0 0 0 0 0 2.2582 3.4882 0.2536 0 0 0 0 0 0 0 0 0 0 
0 0 0 0 0 0 0 0 0 0 0 0 0 0 0 0 0.0442 10.9672 2.9648 0.0238 0 0 0 0 0 0 0 0 0 0 0 0 0 0 3.6182 6.7778 1.5312 0.0728 0 0 0 0 0 0 0 0 0 0 0 0 0 0.2844 5.8842 3.0632 0.7568 0.0114 0 0 0 0 0 0 0 0 0 0 0 0 0 1.6694 4.5494 1.6528 0.1284 0 0 0 0 0 0 0 0 0 0 0 0 0 0.0036 2.3328 3.0542 0.608 0.0014 0 0 0 0 0 0 0 0 0 
0 0 0 0 0 0 0 0 0 0 0 0 0 0 0 0 0.1278 10.87 2.967 0.0352 0 0 0 0 0 0 0 0 0 0 0 0 0 0.0012 3.3292 7.1676 1.4558 0.0462 0 0 0 0 0 0 0 0 0 0 0 0 0 0.3168 5.7498 3.3064 0.5938 0.0332 0 0 0 0 0 0 0 0 0 0 0 0 0.0114 1.5506 4.641 1.6152 0.1756 0.0062 0 0 0 0 0 0 0 0 0 0 0 0 0.0746 2.127 3.1872 0.5672 0.044 0 0 0 0 0 0 0 0 0 
0 0 0 0 0 0 0 0 0 0 0 0 0 0 0 0 0.0526 11.2538 2.688 0.0056 0 0 0 0 0 0 0 0 0 0 0 0 0 0.0014 2.9254 7.9904 1.0826 0.0002 0 0 0 0 0 0 0 0 0 0 0 0 0 0.0942 6.1054 3.5688 0.2304 0.0012 0 0 0 0 0 0 0 0 0 0 0 0 0.0012 1.4206 5.1076 1.419 0.0516 0 0 0 0 0 0 0 0 0 0 0 0 0 0.0406 2.1944 3.3382 0.4224 0.0044 0 0 0 0 0 0 0 0 0 
0 0 0 0 0 0 0 0 0 0 0 0 0 0 0 0 0.0892 10.7944 3.094 0.0224 0 0 0 0 0 0 0 0 0 0 0 0 0 0 3.0904 7.4274 1.4632 0.019 0 0 0 0 0 0 0 0 0 0 0 0 0 0.1294 6.0816 3.2882 0.4898 0.011 0 0 0 0 0 0 0 0 0 0 0 0 0 1.2852 5.0022 1.582 0.1306 0 0 0 0 0 0 0 0 0 0 0 0 0 0.0292 2.0118 3.5498 0.4038 0.0054 0 0 0 0 0 0 0 0 0 
0 0 0 0 0 0 0 0 0 0 0 0 0 0 0 0 0.0464 11.17 2.77 0.0136 0 0 0 0 0 0 0 0 0 0 0 0 0 0.001 3.1584 7.517 1.3098 0.0138 0 0 0 0 0 0 0 0 0 0 0 0 0 0.1734 6.1492 3.279 0.3944 0.004 0 0 0 0 0 0 0 0 0 0 0 0 0.0012 1.3904 5.0332 1.4872 0.088 0 0 0 0 0 0 0 0 0 0 0 0 0 0.0432 2.2134 3.3322 0.4024 0.0088 0 0 0 0 0 0 0 0 0 
0 0 0 0 0 0 0 0 0 0 0 0 0 0 0 0 0.0464 11.1716 2.7758 0.0062 0 0 0 0 0 0 0 0 0 0 0 0 0 0 2.8656 7.9962 1.1382 0 0 0 0 0 0 0 0 0 0 0 0 0 0 0.0118 6.3528 3.4618 0.1736 0 0 0 0 0 0 0 0 0 0 0 0 0 0 0.8904 5.6996 1.4056 0.0044 0 0 0 0 0 0 0 0 0 0 0 0 0 0 2.0796 3.7136 0.2068 0 0 0 0 0 0 0 0 0 0 
0 0 0 0 0 0 0 0 0 0 0 0 0 0 0 0 0.0768 11.0544 2.8462 0.0226 0 0 0 0 0 0 0 0 0 0 0 0 0 0 3.1478 7.4228 1.4238 0.0056 0 0 0 0 0 0 0 0 0 0 0 0 0 0.089 6.1224 3.3326 0.4546 0.0014 0 0 0 0 0 0 0 0 0 0 0 0 0 1.3484 4.9936 1.5816 0.0764 0 0 0 0 0 0 0 0 0 0 0 0 0 0.0124 2.1822 3.343 0.4624 0 0 0 0 0 0 0 0 0 0 
0 0 0 0 0 0 0 0 0 0 0 0 0 0 0 0 0.1626 10.6572 3.1358 0.0444 0 0 0 0 0 0 0 0 0 0 0 0 0 0.002 3.2008 7.153 1.6286 0.0156 0 0 0 0 0 0 0 0 0 0 0 0 0 0.2662 5.6328 3.487 0.6086 0.0054 0 0 0 0 0 0 0 0 0 0 0 0 0.0002 1.4362 4.6972 1.6794 0.187 0 0 0 0 0 0 0 0 0 0 0 0 0 0.0686 2.0022 3.1864 0.7216 0.0212 0 0 0 0 0 0 0 0 0 
0 0 0 0 0 0 0 0 0 0 0 0 0 0 0 0 0.0558 10.978 2.9498 0.0164 0 0 0 0 0 0 0 0 0 0 0 0 0 0.0014 3.462 6.7716 1.7616 0.0034 0 0 0 0 0 0 0 0 0 0 0 0 0 0.3378 5.7442 3.2168 0.7008 0.0004 0 0 0 0 0 0 0 0 0 0 0 0 0 1.8058 4.2776 1.7528 0.1638 0 0 0 0 0 0 0 0 0 0 0 0 0 0.084 2.2176 2.9354 0.7506 0.0124 0 0 0 0 0 0 0 0 0 
0 0 0 0 0 0 0 0 0 0 0 0 0 0 0 0 0.1236 10.8284 3.0188 0.0292 0 0 0 0 0 0 0 0 0 0 0 0 0 0.003 2.976 7.664 1.3512 0.0058 0 0 0 0 0 0 0 0 0 0 0 0 0 0.147 5.7188 3.7968 0.3374 0 0 0 0 0 0 0 0 0 0 0 0 0 0.0016 1.2938 5.0026 1.6152 0.0868 0 0 0 0 0 0 0 0 0 0 0 0 0 0.0468 2.0222 3.3316 0.5894 0.01 0 0 0 0 0 0 0 0 0 
0 0 0 0 0 0 0 0 0 0 0 0 0 0 0 0 0.1926 10.5626 3.2274 0.0174 0 0 0 0 0 0 0 0 0 0 0 0 0 0.0038 2.7734 7.9986 1.2238 0.0004 0 0 0 0 0 0 0 0 0 0 0 0 0 0.1448 5.5154 4.0282 0.3116 0 0 0 0 0 0 0 0 0 0 0 0 0 0.0052 1.1878 4.976 1.7744 0.0566 0 0 0 0 0 0 0 0 0 0 0 0 0 0.0492 1.9814 3.3452 0.6114 0.0128 0 0 0 0 0 0 0 0 0 
0 0 0 0 0 0 0 0 0 0 0 0 0 0 0 0 0.1026 11.065 2.83 0.0024 0 0 0 0 0 0 0 0 0 0 0 0 0 0.0078 3.2982 7.4204 1.2734 0.0002 0 0 0 0 0 0 0 0 0 0 0 0 0 0.9496 4.2802 4.2266 0.5424 0.0012 0 0 0 0 0 0 0 0 0 0 0 0 0.1136 2.2528 3.0156 2.3712 0.246 0.0008 0 0 0 0 0 0 0 0 0 0 0 0.0002 0.6992 1.942 1.794 1.4538 0.1108 0 0 0 0 0 0 0 0 0 
0 0 0 0 0 0 0 0 0 0 0 0 0 0 0 0 0.2348 10.3784 3.3524 0.0344 0 0 0 0 0 0 0 0 0 0 0 0 0 0.0086 3.2508 7.0212 1.7108 0.0086 0 0 0 0 0 0 0 0 0 0 0 0 0 0.6942 4.6902 3.8482 0.7582 0.0092 0 0 0 0 0 0 0 0 0 0 0 0 0.1304 1.753 3.6746 2.1 0.337 0.005 0 0 0 0 0 0 0 0 0 0 0 0.0008 0.4508 1.8078 2.4488 1.147 0.1448 0 0 0 0 0 0 0 0 0 
0 0 0 0 0 0 0 0 0 0 0 0 0 0 0 0 0.2034 10.5122 3.2134 0.071 0 0 0 0 0 0 0 0 0 0 0 0 0 0.0032 2.8696 7.6644 1.4446 0.0182 0 0 0 0 0 0 0 0 0 0 0 0 0 0.1128 5.7994 3.569 0.5158 0.003 0 0 0 0 0 0 0 0 0 0 0 0 0 1.113 5.136 1.6388 0.1114 0.0008 0 0 0 0 0 0 0 0 0 0 0 0 0.0076 1.7988 3.5878 0.5942 0.0116 0 0 0 0 0 0 0 0 0 
0 0 0 0 0 0 0 0 0 0 0 0 0 0 0 0 0.1726 10.3966 3.3672 0.0636 0 0 0 0 0 0 0 0 0 0 0 0 0 0.0054 3.3796 6.6802 1.8892 0.0456 0 0 0 0 0 0 0 0 0 0 0 0 0 0.3562 5.554 3.1944 0.8708 0.0246 0 0 0 0 0 0 0 0 0 0 0 0 0.009 1.5078 4.4386 1.7982 0.2436 0.0028 0 0 0 0 0 0 0 0 0 0 0 0 0.072 1.9776 3.1474 0.7608 0.0422 0 0 0 0 0 0 0 0 0 
0 0 0 0 0 0 0 0 0 0 0 0 0 0 0 0 0.1266 10.4772 3.3724 0.0238 0 0 0 0 0 0 0 0 0 0 0 0 0 0 3.4246 6.7476 1.7866 0.0412 0 0 0 0 0 0 0 0 0 0 0 0 0 0.2676 5.7878 3.0858 0.8576 0.0012 0 0 0 0 0 0 0 0 0 0 0 0 0 1.4024 4.6762 1.7732 0.1482 0 0 0 0 0 0 0 0 0 0 0 0 0 0.0042 2.1274 3.1822 0.6862 0 0 0 0 0 0 0 0 0 0 
0 0 0 0 0 0 0 0 0 0 0 0 0 0 0 0 0.2188 10.297 3.4172 0.067 0 0 0 0 0 0 0 0 0 0 0 0 0 0.0004 2.5006 8.1538 1.33 0.0152 0 0 0 0 0 0 0 0 0 0 0 0 0 0.1586 5.2904 4.2654 0.2856 0 0 0 0 0 0 0 0 0 0 0 0 0 0 0.757 5.6422 1.5918 0.009 0 0 0 0 0 0 0 0 0 0 0 0 0 0.0006 1.2766 4.5104 0.2124 0 0 0 0 0 0 0 0 0 0 
0 0 0 0 0 0 0 0 0 0 0 0 0 0 0 0 0.1156 10.8882 2.9574 0.0388 0 0 0 0 0 0 0 0 0 0 0 0 0 0.0174 3.0392 7.296 1.621 0.0264 0 0 0 0 0 0 0 0 0 0 0 0 0 0.592 4.8022 4.1612 0.4386 0.006 0 0 0 0 0 0 0 0 0 0 0 0 0.05 1.5604 4.4306 1.871 0.088 0 0 0 0 0 0 0 0 0 0 0 0 0 0.1688 1.976 3.0484 0.792 0.0148 0 0 0 0 0 0 0 0 0 
0 0 0 0 0 0 0 0 0 0 0 0 0 0 0 0 0.2636 10.3378 3.3156 0.083 0 0 0 0 0 0 0 0 0 0 0 0 0 0.0528 3.2204 6.928 1.7158 0.081 0.002 0 0 0 0 0 0 0 0 0 0 0 0.0054 0.8862 4.1486 4.1202 0.7906 0.049 0 0 0 0 0 0 0 0 0 0 0 0 0.1432 2.0074 3.0822 2.324 0.4154 0.0278 0 0 0 0 0 0 0 0 0 0 0 0.0086 0.5504 1.9332 1.822 1.429 0.2488 0.008 0 0 0 0 0 0 0 0 
0 0 0 0 0 0 0 0 0 0 0 0 0 0 0 0 0.3168 10.209 3.4112 0.063 0 0 0 0 0 0 0 0 0 0 0 0 0 0.051 3.1692 6.9998 1.7388 0.0412 0 0 0 0 0 0 0 0 0 0 0 0 0.0026 0.8856 4.1098 4.1456 0.841 0.0154 0 0 0 0 0 0 0 0 0 0 0 0 0.1272 2.0906 2.8774 2.4172 0.4812 0.0064 0 0 0 0 0 0 0 0 0 0 0 0.0078 0.6046 1.884 1.7242 1.4872 0.2922 0 0 0 0 0 0 0 0 0 
0 0 0 0 0 0 0 0 0 0 0 0 0 0 0 0 0.3238 10.0058 3.5854 0.0808 0.0042 0 0 0 0 0 0 0 0 0 0 0 0 0.0622 3.4684 6.3538 1.9572 0.1534 0.005 0 0 0 0 0 0 0 0 0 0 0 0.0052 1.2786 3.65 3.8612 1.107 0.0944 0.0036 0 0 0 0 0 0 0 0 0 0 0 0.3014 2.0494 2.5612 2.3944 0.6566 0.0366 0.0004 0 0 0 0 0 0 0 0 0 0 0.0018 0.8722 1.629 1.4606 1.6584 0.3612 0.0168 0 0 0 0 0 0 0 0 
0 0 0 0 0 0 0 0 0 0 0 0 0 0 0 0 0.336 9.985 3.5352 0.1406 0.0032 0 0 0 0 0 0 0 0 0 0 0 0 0.064 3.2522 6.65 1.846 0.1804 0.0074 0 0 0 0 0 0 0 0 0 0 0 0.0064 0.8048 4.4314 3.7004 0.9342 0.1176 0.0052 0 0 0 0 0 0 0 0 0 0 0 0.1544 1.7154 3.5608 2.0072 0.5016 0.0602 0.0004 0 0 0 0 0 0 0 0 0 0 0.0014 0.4278 1.8078 2.2766 1.189 0.2744 0.023 0 0 0 0 0 0 0 0 
0 0 0 0 0 0 0 0 0 0 0 0 0 0 0 0 0.3938 9.8824 3.4532 0.2534 0.0172 0 0 0 0 0 0 0 0 0 0 0 0 0.0904 3.2986 6.4866 1.804 0.2818 0.0358 0.0028 0 0 0 0 0 0 0 0 0 0 0.0096 0.7598 4.441 3.6844 0.9252 0.161 0.0182 0.0008 0 0 0 0 0 0 0 0 0 0 0.1066 1.4952 3.8594 2.0534 0.4084 0.0722 0.0048 0 0 0 0 0 0 0 0 0 0 0 0.1792 1.8428 2.6838 1.0386 0.2336 0.0212 0.0008 0 0 0 0 0 0 0 
0 0 0 0 0 0 0 0 0 0 0 0 0 0 0 0 0.2574 10.2368 3.3634 0.1424 0 0 0 0 0 0 0 0 0 0 0 0 0 0.0422 3.2942 6.753 1.7474 0.1586 0.0046 0 0 0 0 0 0 0 0 0 0 0 0.0008 0.6516 4.6816 3.8166 0.7754 0.074 0 0 0 0 0 0 0 0 0 0 0 0 0.0554 1.6076 4.024 1.9818 0.3188 0.0124 0 0 0 0 0 0 0 0 0 0 0 0 0.1654 1.9396 2.7554 1.0144 0.1208 0.0044 0 0 0 0 0 0 0 0 
0 0 0 0 0 0 0 0 0 0 0 0 0 0 0 0 0.2738 10.1738 3.4078 0.1442 0.0004 0 0 0 0 0 0 0 0 0 0 0 0 0.0328 3.3764 6.5912 1.8216 0.1702 0.0078 0 0 0 0 0 0 0 0 0 0 0 0.0014 0.6248 4.839 3.543 0.9 0.0892 0.0026 0 0 0 0 0 0 0 0 0 0 0 0.048 1.585 3.9996 2.0286 0.3002 0.0386 0 0 0 0 0 0 0 0 0 0 0 0 0.1338 1.937 2.8276 0.9624 0.1332 0.006 0 0 0 0 0 0 0 0 
0 0 0 0 0 0 0 0 0 0 0 0 0 0 0 0 0.3148 10.0816 3.4864 0.1172 0 0 0 0 0 0 0 0 0 0 0 0 0 0.0178 3.1962 6.8578 1.816 0.1122 0 0 0 0 0 0 0 0 0 0 0 0 0 0.5034 4.868 3.7234 0.8512 0.054 0 0 0 0 0 0 0 0 0 0 0 0 0.0556 1.4916 4.0818 2.041 0.3138 0.0162 0 0 0 0 0 0 0 0 0 0 0 0.002 0.157 1.7782 2.9084 1.046 0.1084 0 0 0 0 0 0 0 0 0 
0 0 0 0 0 0 0 0 0 0 0 0 0 0 0 0 0.3144 10.1476 3.4148 0.1222 0.001 0 0 0 0 0 0 0 0 0 0 0 0 0.0198 3.099 7.1468 1.6332 0.097 0.0042 0 0 0 0 0 0 0 0 0 0 0 0 0.342 5.1162 3.8354 0.6546 0.0498 0.002 0 0 0 0 0 0 0 0 0 0 0 0.0292 1.2742 4.5582 1.885 0.2352 0.0182 0 0 0 0 0 0 0 0 0 0 0 0 0.0896 1.8024 3.1986 0.8188 0.0862 0.0044 0 0 0 0 0 0 0 0 
0 0 0 0 0 0 0 0 0 0 0 0 0 0 0 0 0.37 9.8058 3.6618 0.1624 0 0 0 0 0 0 0 0 0 0 0 0 0 0.008 2.8088 7.4208 1.727 0.0354 0 0 0 0 0 0 0 0 0 0 0 0 0 0.182 4.9014 4.4436 0.4644 0.0086 0 0 0 0 0 0 0 0 0 0 0 0 0 0.9428 4.9596 1.9988 0.0988 0 0 0 0 0 0 0 0 0 0 0 0 0 0.0052 1.48 3.8294 0.6644 0.021 0 0 0 0 0 0 0 0 0 
0 0 0 0 0 0 0 0 0 0 0 0 0 0 0 0 0.244 9.9328 3.709 0.1134 0.0008 0 0 0 0 0 0 0 0 0 0 0 0 0.0198 4.0424 5.3794 2.314 0.243 0.0014 0 0 0 0 0 0 0 0 0 0 0 0 0.8456 4.8882 2.7198 1.4086 0.1374 0.0004 0 0 0 0 0 0 0 0 0 0 0 0.0404 2.0196 3.4286 1.84 0.6544 0.017 0 0 0 0 0 0 0 0 0 0 0 0 0.1966 2.0062 2.5412 1.1252 0.1304 0.0004 0 0 0 0 0 0 0 0 
0 0 0 0 0 0 0 0 0 0 0 0 0 0 0 0 0.4442 9.6978 3.6546 0.1988 0.0046 0 0 0 0 0 0 0 0 0 0 0 0 0.025 3.23 6.5948 1.981 0.1668 0.0024 0 0 0 0 0 0 0 0 0 0 0 0 0.6106 4.4778 3.8682 0.9386 0.1018 0.003 0 0 0 0 0 0 0 0 0 0 0 0.0508 1.7024 3.59 2.1786 0.4348 0.0434 0 0 0 0 0 0 0 0 0 0 0 0.0008 0.2052 1.884 2.408 1.2968 0.198 0.0072 0 0 0 0 0 0 0 0 
