0.03 0.09 0.15 0.21 0.27 0.33 0.39 0.45 0.51 0.57 0.63 0.69 0.75 0.81 0.87 0.93 0.99 1.05 1.11 1.17 1.23 1.29 1.35 1.41 1.47 1.53 1.59 1.65 1.71 1.77 1.83 1.89 1.95 2.01 2.07 2.13 2.19 2.25 2.31 2.37 2.43 2.49 2.55 2.61 2.67 2.73 2.79 2.85 2.91 2.97 3.03 3.09 3.15 3.21 3.27 3.33 3.39 3.45 3.51 3.57 3.63 3.69 3.75 3.81 3.87 3.93 3.99 4.05 4.11 4.17 4.23 4.29 4.35 4.41 4.47 4.53 4.59 4.65 4.71 4.77 4.83 4.89 4.95 5.01 5.07 5.13 5.19 5.25 5.31 5.37 5.43 5.49 5.55 5.61 5.67 5.73 5.79 5.85 5.91 5.97 
0 0 0 0 0 0 0 0 0 0 0 0 0 0 0 0 0.0008 0.7354 3.4998 2.1284 0.6414 0.1652 0.0266 0.0032 0 0 0 0 0 0 0 0 0 0 0.001 0.2186 1.2882 1.8336 1.2822 0.5316 0.1872 0.0484 0.0088 0.001 0 0 0 0 0 0 0 0 0.0006 0.0746 0.3816 0.7908 1.0054 0.7436 0.395 0.1388 0.0462 0.0168 0.007 0 0 0 0 0 0 0 0 0.0128 0.0812 0.1872 0.3146 0.417 0.3606 0.2438 0.1182 0.0482 0.0048 0.006 0.0058 0 0 0 0 0 0 0 0 0 0 0 0 0 0 0 0 0 
0 0 0 0 0 0 0 0 0 0 0 0 0 0 0 0 0.0074 0.8188 3.3182 2.4648 0.9782 0.261 0.1106 0.0326 0.0034 0.0022 0.0028 0 0 0 0 0 0 0 0.0062 0.1968 1.0754 1.7782 1.4766 0.8138 0.3868 0.1642 0.0608 0.0274 0.008 0.002 0.0018 0.002 0 0 0 0 0.0016 0.0486 0.2622 0.6948 0.9874 0.8086 0.566 0.3104 0.169 0.102 0.0252 0.007 0.0072 0.0062 0.0038 0 0 0 0 0.0034 0.0452 0.1468 0.3212 0.4018 0.3486 0.2596 0.2014 0.1402 0.0712 0.0394 0.0098 0.0018 0.0078 0.0018 0 0 0 0 0 0 0 0 0 0 0 0 0 0 
0 0 0 0 0 0 0 0 0 0 0 0 0 0 0 0 0.002 0.7688 3.1086 2.5388 1.0742 0.3326 0.1014 0.0404 0.0128 0.0082 0.004 0.004 0.0042 0 0 0 0 0 0.007 0.1466 0.9662 1.7374 1.5572 0.9194 0.3934 0.153 0.0706 0.0248 0.009 0.006 0.0042 0.0052 0 0 0 0 0.0018 0.0156 0.205 0.631 0.9342 0.975 0.5832 0.3462 0.159 0.0854 0.0342 0.0116 0.0082 0.0056 0.004 0 0 0 0 0.001 0.0194 0.0984 0.233 0.4008 0.3714 0.3762 0.207 0.1354 0.0698 0.035 0.0196 0.0164 0.0086 0.0052 0.0028 0 0 0 0 0 0 0 0 0 0 0 0 0 
0 0 0 0 0 0 0 0 0 0 0 0 0 0 0 0 0.0086 0.8756 3.1014 2.4978 1.071 0.3536 0.0744 0.0092 0.0048 0.0036 0 0 0 0 0 0 0 0 0.0152 0.2076 1.0038 1.8506 1.4092 0.928 0.4022 0.1334 0.0386 0.0076 0.0038 0 0 0 0 0 0 0 0.0014 0.0346 0.2266 0.6856 1.0594 0.8356 0.6058 0.3008 0.1632 0.067 0.017 0.003 0 0 0 0 0 0 0 0.0008 0.0192 0.1042 0.2302 0.4814 0.4232 0.3118 0.2012 0.123 0.074 0.0276 0.0034 0 0 0 0 0 0 0 0 0 0 0 0 0 0 0 0 0 
0 0 0 0 0 0 0 0 0 0 0 0 0 0 0 0 0.0042 0.8352 3.4076 2.5234 0.8732 0.2944 0.0502 0.0078 0.004 0 0 0 0 0 0 0 0 0 0.0046 0.2026 1.1802 1.7766 1.5524 0.8384 0.3126 0.1092 0.0222 0.0012 0 0 0 0 0 0 0 0 0.0014 0.045 0.285 0.706 1.0456 0.9152 0.5568 0.2982 0.1164 0.0304 0 0 0 0 0 0 0 0 0 0.006 0.0368 0.1346 0.3148 0.4004 0.4186 0.3408 0.2006 0.1026 0.0368 0.0056 0.0024 0 0 0 0 0 0 0 0 0 0 0 0 0 0 0 0 0 
0 0 0 0 0 0 0 0 0 0 0 0 0 0 0 0 0.0086 0.725 3.0434 2.5356 1.0628 0.3902 0.1336 0.0612 0.029 0.009 0.0016 0 0 0 0 0 0 0 0.0076 0.211 0.8794 1.6752 1.4518 0.9144 0.4618 0.2108 0.1116 0.0536 0.012 0.0096 0.0012 0 0 0 0 0 0.0008 0.058 0.2654 0.6062 0.8054 0.8008 0.6042 0.3836 0.236 0.115 0.066 0.03 0.0206 0.008 0 0 0 0 0 0.0056 0.046 0.128 0.261 0.2986 0.327 0.2774 0.2204 0.1788 0.1114 0.0524 0.0412 0.0236 0.0216 0.007 0 0 0 0 0 0 0 0 0 0 0 0 0 0 
0 0 0 0 0 0 0 0 0 0 0 0 0 0 0 0 0.0088 0.9622 3.2866 2.3964 0.99 0.2754 0.0582 0.0152 0.0072 0 0 0 0 0 0 0 0 0 0.0098 0.2444 1.188 1.8694 1.5982 0.7564 0.2408 0.0612 0.018 0.0078 0.0038 0.0022 0 0 0 0 0 0 0.0054 0.0424 0.31 0.7604 1.0952 0.9838 0.4982 0.1896 0.0712 0.0266 0.0082 0.0038 0.0018 0.0034 0 0 0 0 0 0.005 0.0404 0.1134 0.3068 0.4742 0.4052 0.3398 0.1878 0.0788 0.0256 0.007 0.004 0.0054 0.0024 0.0042 0 0 0 0 0 0 0 0 0 0 0 0 0 0 
0 0 0 0 0 0 0 0 0 0 0 0 0 0 0 0 0.0034 0.7616 3.2988 2.5362 0.9284 0.3542 0.0898 0.0216 0.006 0 0 0 0 0 0 0 0 0 0.0074 0.1926 1.0154 1.8478 1.5238 0.814 0.4152 0.1428 0.0324 0.0074 0.0012 0 0 0 0 0 0 0 0.002 0.0368 0.2268 0.6862 0.9952 0.8836 0.6028 0.3534 0.17 0.0288 0.0122 0.0022 0 0 0 0 0 0 0 0.0026 0.0318 0.119 0.2738 0.4108 0.3668 0.3246 0.2482 0.1234 0.0726 0.0218 0.0046 0 0 0 0 0 0 0 0 0 0 0 0 0 0 0 0 0 
0 0 0 0 0 0 0 0 0 0 0 0 0 0 0 0 0.0068 0.8302 3.2646 2.3652 0.9578 0.3974 0.15 0.0252 0.0028 0 0 0 0 0 0 0 0 0 0.006 0.1988 1.0856 1.829 1.4906 0.8244 0.3744 0.1458 0.0378 0.0076 0 0 0 0 0 0 0 0 0 0.0204 0.2388 0.7286 1.0428 0.8618 0.6014 0.3298 0.1248 0.0394 0.0122 0 0 0 0 0 0 0 0 0 0.011 0.1038 0.298 0.3926 0.3818 0.3238 0.2108 0.169 0.0756 0.031 0.0026 0 0 0 0 0 0 0 0 0 0 0 0 0 0 0 0 0 
0 0 0 0 0 0 0 0 0 0 0 0 0 0 0 0 0 0.7562 3.351 2.3384 0.9762 0.3836 0.1302 0.0322 0.0186 0.0126 0.001 0 0 0 0 0 0 0 0.0062 0.217 1.098 1.7622 1.4124 0.8568 0.3828 0.1564 0.0558 0.0368 0.009 0.0034 0.0032 0 0 0 0 0 0.0046 0.0516 0.2872 0.6734 0.9378 0.829 0.6038 0.3498 0.1362 0.0618 0.0414 0.0194 0.004 0 0 0 0 0 0.0024 0.0064 0.0534 0.1148 0.2562 0.2928 0.373 0.3432 0.2674 0.1512 0.0612 0.0414 0.025 0.0082 0.0034 0 0 0 0 0 0 0 0 0 0 0 0 0 0 0 
0 0 0 0 0 0 0 0 0 0 0 0 0 0 0 0 0.007 0.9224 3.1644 2.3836 0.9868 0.3806 0.1114 0.0212 0.0144 0.0062 0.002 0 0 0 0 0 0 0 0.0102 0.2458 1.1636 1.6866 1.4666 0.831 0.3838 0.1536 0.0374 0.0118 0.0074 0.0022 0 0 0 0 0 0.0016 0.0036 0.0616 0.3546 0.6838 0.8604 0.8716 0.567 0.3516 0.1758 0.044 0.0168 0.0076 0 0 0 0 0 0 0 0.0054 0.061 0.1608 0.2418 0.3768 0.3952 0.2632 0.2082 0.1132 0.103 0.0504 0.0112 0.0056 0.0042 0 0 0 0 0 0 0 0 0 0 0 0 0 0 0 
0 0 0 0 0 0 0 0 0 0 0 0 0 0 0 0 0.0054 0.8412 3.1996 2.5178 0.972 0.3092 0.1076 0.0378 0.0094 0 0 0 0 0 0 0 0 0 0.0132 0.2108 1.0342 1.8522 1.612 0.7838 0.3292 0.1032 0.0518 0.0086 0.001 0 0 0 0 0 0 0.0016 0.003 0.0432 0.2554 0.6774 1.0028 0.9634 0.6226 0.2586 0.096 0.0534 0.0196 0.003 0 0 0 0 0 0 0.0018 0.0068 0.0278 0.1136 0.2406 0.3618 0.4594 0.3642 0.2186 0.116 0.0602 0.0238 0.0054 0 0 0 0 0 0 0 0 0 0 0 0 0 0 0 0 0 
0 0 0 0 0 0 0 0 0 0 0 0 0 0 0 0 0.0096 0.7452 3.2438 2.4446 1.0002 0.3692 0.133 0.0384 0.013 0.003 0 0 0 0 0 0 0 0 0.0066 0.228 1.0408 1.667 1.455 0.8582 0.4544 0.1776 0.0636 0.0318 0.0088 0.0066 0.0016 0 0 0 0 0 0.001 0.0552 0.2682 0.6468 0.89 0.8918 0.5744 0.3128 0.1846 0.1036 0.0442 0.0148 0.0064 0.0048 0.0014 0 0 0 0 0.0068 0.0494 0.1066 0.2354 0.3512 0.4102 0.3234 0.2286 0.125 0.0714 0.049 0.0336 0.0032 0.0018 0.0036 0.0008 0 0 0 0 0 0 0 0 0 0 0 0 0 
0 0 0 0 0 0 0 0 0 0 0 0 0 0 0 0 0.0002 0.7558 3.6482 2.5776 0.8026 0.1894 0.0256 0.0006 0 0 0 0 0 0 0 0 0 0 0.008 0.192 1.1966 2.0358 1.5494 0.7728 0.2074 0.0266 0.0114 0 0 0 0 0 0 0 0 0 0.0042 0.042 0.2988 0.7584 1.1454 1.0076 0.5228 0.1982 0.0192 0.0034 0 0 0 0 0 0 0 0 0 0.0042 0.0438 0.143 0.305 0.4838 0.4606 0.3342 0.1714 0.052 0.002 0 0 0 0 0 0 0 0 0 0 0 0 0 0 0 0 0 0 0 
0 0 0 0 0 0 0 0 0 0 0 0 0 0 0 0 0.0046 0.753 3.3532 2.5504 1.0188 0.2724 0.0392 0.0084 0 0 0 0 0 0 0 0 0 0 0.009 0.1874 1.0162 1.8806 1.5734 0.9114 0.3388 0.0802 0.003 0 0 0 0 0 0 0 0 0 0.0008 0.0286 0.226 0.6628 1.005 1.035 0.6732 0.3102 0.0526 0.0058 0 0 0 0 0 0 0 0 0 0.0016 0.0268 0.1076 0.2634 0.4026 0.4526 0.4212 0.2334 0.0718 0.0158 0.0032 0 0 0 0 0 0 0 0 0 0 0 0 0 0 0 0 0 0 
0 0 0 0 0 0 0 0 0 0 0 0 0 0 0 0 0.0064 0.8476 3.2356 2.5318 0.9316 0.331 0.0858 0.0166 0.0084 0.0026 0.0026 0 0 0 0 0 0 0 0.0044 0.207 1.0964 1.8678 1.4142 0.8218 0.4322 0.118 0.027 0.0064 0.0048 0 0 0 0 0 0 0 0.0054 0.0396 0.2784 0.693 0.989 0.8774 0.613 0.3124 0.1372 0.0412 0.0082 0.0052 0 0 0 0 0 0 0.0024 0.005 0.0244 0.142 0.2312 0.406 0.4064 0.413 0.181 0.0916 0.0684 0.0246 0.004 0 0 0 0 0 0 0 0 0 0 0 0 0 0 0 0 0 
0 0 0 0 0 0 0 0 0 0 0 0 0 0 0 0 0.0028 0.9064 3.689 2.4218 0.7862 0.1692 0.0204 0.0032 0.001 0 0 0 0 0 0 0 0 0 0.006 0.199 1.2832 2.0442 1.6076 0.6642 0.1672 0.028 0.0006 0 0 0 0 0 0 0 0 0 0.0036 0.0434 0.3098 0.8562 1.1958 0.9516 0.4668 0.1482 0.0178 0.0068 0 0 0 0 0 0 0 0 0.002 0.0074 0.0342 0.1626 0.3934 0.5018 0.4316 0.3042 0.1218 0.041 0 0 0 0 0 0 0 0 0 0 0 0 0 0 0 0 0 0 0 0 
0 0 0 0 0 0 0 0 0 0 0 0 0 0 0 0 0.0012 0.7518 3.914 2.4958 0.638 0.147 0.0418 0.0104 0 0 0 0 0 0 0 0 0 0 0.0048 0.211 1.3288 2.253 1.402 0.5424 0.1856 0.0678 0.0046 0 0 0 0 0 0 0 0 0 0.003 0.0372 0.3464 0.9492 1.2158 0.8466 0.3678 0.1744 0.0578 0.0018 0 0 0 0 0 0 0 0 0 0.0034 0.0482 0.2002 0.3872 0.4948 0.4062 0.2458 0.1322 0.0658 0.0162 0 0 0 0 0 0 0 0 0 0 0 0 0 0 0 0 0 0 0 
0 0 0 0 0 0 0 0 0 0 0 0 0 0 0 0 0.001 0.7592 3.975 2.2944 0.7108 0.2008 0.0516 0.006 0.0012 0 0 0 0 0 0 0 0 0 0.0022 0.2252 1.3794 2.104 1.4648 0.5568 0.1952 0.0614 0.0082 0.0028 0 0 0 0 0 0 0 0 0 0.0502 0.3858 0.8754 1.1698 0.8912 0.3976 0.1838 0.0366 0.0096 0 0 0 0 0 0 0 0 0 0.0044 0.063 0.1716 0.3754 0.4898 0.417 0.2586 0.1388 0.0584 0.0168 0.0062 0 0 0 0 0 0 0 0 0 0 0 0 0 0 0 0 0 0 
0 0 0 0 0 0 0 0 0 0 0 0 0 0 0 0 0.0028 0.6934 3.288 2.5814 1.0206 0.3028 0.0932 0.0146 0.0032 0 0 0 0 0 0 0 0 0 0.005 0.135 1.0336 1.8812 1.5588 0.8802 0.3352 0.13 0.0344 0.0066 0 0 0 0 0 0 0 0 0.0014 0.0172 0.194 0.6634 1.077 0.9596 0.6426 0.2582 0.1144 0.0624 0.0086 0.0012 0 0 0 0 0 0 0 0 0.0112 0.1024 0.2442 0.4464 0.4012 0.3724 0.2326 0.0826 0.0564 0.0326 0.0126 0.0028 0.0026 0 0 0 0 0 0 0 0 0 0 0 0 0 0 0 
0 0 0 0 0 0 0 0 0 0 0 0 0 0 0 0 0.0048 0.8164 3.6064 2.4016 0.7712 0.2798 0.0776 0.0172 0.0138 0.005 0.0032 0.003 0 0 0 0 0 0 0.005 0.2618 1.2964 1.9 1.3196 0.7322 0.2716 0.1386 0.051 0.0124 0.0026 0.002 0.004 0.0028 0 0 0 0 0 0.0756 0.3588 0.8956 1.0282 0.7072 0.4004 0.2698 0.1382 0.0886 0.0254 0.0028 0.0036 0.0024 0.0034 0 0 0 0 0.0016 0.068 0.2048 0.376 0.3904 0.3414 0.2204 0.1524 0.0898 0.0668 0.049 0.0214 0.0098 0.0026 0.005 0.0006 0 0 0 0 0 0 0 0 0 0 0 0 0 
0 0 0 0 0 0 0 0 0 0 0 0 0 0 0 0 0.0012 0.8682 3.5132 2.5068 0.8886 0.1876 0.0262 0.0082 0 0 0 0 0 0 0 0 0 0 0.0076 0.2576 1.256 1.9882 1.4734 0.7172 0.2468 0.0496 0.0036 0 0 0 0 0 0 0 0 0 0.0038 0.062 0.3246 0.8078 1.0962 0.9708 0.4836 0.1902 0.05 0.011 0 0 0 0 0 0 0 0 0 0.0094 0.0434 0.1476 0.307 0.4674 0.4872 0.324 0.1464 0.0532 0.0084 0.006 0 0 0 0 0 0 0 0 0 0 0 0 0 0 0 0 0 0 
0 0 0 0 0 0 0 0 0 0 0 0 0 0 0 0 0.0016 0.8542 3.5586 2.5984 0.7226 0.1876 0.0674 0.0096 0 0 0 0 0 0 0 0 0 0 0.0076 0.1698 1.181 2.1712 1.565 0.6376 0.1752 0.071 0.0194 0.0022 0 0 0 0 0 0 0 0 0.0012 0.0288 0.2804 0.886 1.1794 0.905 0.4428 0.1818 0.0626 0.0282 0.0038 0 0 0 0 0 0 0 0 0.0052 0.0266 0.1456 0.3674 0.5036 0.4868 0.2332 0.1424 0.0586 0.0288 0.0018 0 0 0 0 0 0 0 0 0 0 0 0 0 0 0 0 0 0 
0 0 0 0 0 0 0 0 0 0 0 0 0 0 0 0 0.0048 0.8132 3.2716 2.4768 0.9408 0.3154 0.1392 0.0268 0.0114 0 0 0 0 0 0 0 0 0 0.0092 0.208 1.0622 1.8338 1.477 0.848 0.3464 0.1486 0.045 0.0174 0.0044 0 0 0 0 0 0 0 0.0018 0.0446 0.2462 0.7288 0.9806 0.8794 0.5846 0.31 0.1362 0.0544 0.0242 0.006 0.0032 0 0 0 0 0 0 0.003 0.028 0.1246 0.2696 0.3752 0.4086 0.328 0.2362 0.1334 0.0492 0.0332 0.0064 0.0046 0 0 0 0 0 0 0 0 0 0 0 0 0 0 0 0 
0 0 0 0 0 0 0 0 0 0 0 0 0 0 0 0 0.0026 0.7254 3.1964 2.4898 1.0156 0.4048 0.143 0.0212 0.0012 0 0 0 0 0 0 0 0 0 0.0038 0.1876 0.9336 1.7786 1.4804 0.8938 0.4902 0.1542 0.0624 0.0132 0.0022 0 0 0 0 0 0 0 0.002 0.0296 0.2442 0.6322 0.882 0.8414 0.6864 0.4056 0.1942 0.057 0.0198 0.0056 0 0 0 0 0 0 0 0.0016 0.0328 0.1038 0.2334 0.3316 0.3576 0.3652 0.2898 0.1718 0.0654 0.0334 0.0136 0 0 0 0 0 0 0 0 0 0 0 0 0 0 0 0 0 
0 0 0 0 0 0 0 0 0 0 0 0 0 0 0 0 0.0106 0.9452 3.2826 2.521 0.9194 0.2254 0.0652 0.021 0.0058 0.003 0.0008 0 0 0 0 0 0 0 0.0028 0.222 1.1416 1.9208 1.5184 0.7664 0.2856 0.0906 0.0336 0.0096 0.0086 0 0 0 0 0 0 0 0.002 0.0454 0.271 0.8296 0.9954 0.861 0.5728 0.281 0.0908 0.0384 0.0126 0 0 0 0 0 0 0 0.001 0.0088 0.0412 0.1762 0.32 0.4344 0.3306 0.318 0.2092 0.1032 0.0444 0.013 0 0 0 0 0 0 0 0 0 0 0 0 0 0 0 0 0 0 
0 0 0 0 0 0 0 0 0 0 0 0 0 0 0 0 0.0056 0.8002 3.2554 2.4428 0.9656 0.3518 0.1192 0.0412 0.0152 0.003 0 0 0 0 0 0 0 0 0.0108 0.2084 1.0794 1.7482 1.394 0.8656 0.4406 0.1636 0.062 0.0192 0.0082 0 0 0 0 0 0 0 0.0064 0.0544 0.2704 0.6958 0.898 0.8068 0.606 0.3766 0.1618 0.078 0.0336 0.0078 0.0044 0 0 0 0 0 0.0018 0.0028 0.0496 0.1336 0.2598 0.3722 0.3276 0.302 0.2508 0.143 0.0982 0.0348 0.0136 0.0102 0 0 0 0 0 0 0 0 0 0 0 0 0 0 0 0 
0 0 0 0 0 0 0 0 0 0 0 0 0 0 0 0 0.0066 0.6678 2.9408 2.6 1.2708 0.3724 0.1054 0.0308 0.0054 0 0 0 0 0 0 0 0 0 0.0032 0.177 0.8206 1.636 1.5634 1.0356 0.5222 0.1624 0.0534 0.0262 0 0 0 0 0 0 0 0 0 0.0258 0.1744 0.5576 0.8924 0.8918 0.6938 0.4134 0.2256 0.1004 0.0198 0.005 0 0 0 0 0 0 0 0.0014 0.0124 0.1066 0.1832 0.3482 0.3846 0.3142 0.2592 0.2106 0.1076 0.0524 0.0174 0.0022 0 0 0 0 0 0 0 0 0 0 0 0 0 0 0 0 
0 0 0 0 0 0 0 0 0 0 0 0 0 0 0 0 0.0026 0.8472 3.3098 2.3604 1.0422 0.3416 0.09 0.0062 0 0 0 0 0 0 0 0 0 0 0.0102 0.257 1.1552 1.6754 1.436 0.9154 0.3662 0.1476 0.0346 0.0024 0 0 0 0 0 0 0 0 0.0046 0.0588 0.3322 0.6954 0.8902 0.8618 0.6052 0.3414 0.1564 0.0472 0.0068 0 0 0 0 0 0 0 0 0.004 0.067 0.1342 0.2622 0.3198 0.4024 0.341 0.2736 0.1282 0.0572 0.0104 0 0 0 0 0 0 0 0 0 0 0 0 0 0 0 0 0 0 
0 0 0 0 0 0 0 0 0 0 0 0 0 0 0 0 0.0052 0.8738 3.2982 2.5846 0.8998 0.2588 0.0552 0.0138 0.0042 0.0064 0 0 0 0 0 0 0 0.0008 0.0054 0.189 1.0754 1.9592 1.5858 0.794 0.2632 0.085 0.0264 0.01 0.0058 0 0 0 0 0 0 0 0.0038 0.037 0.2218 0.7152 1.1216 0.9746 0.5576 0.248 0.0778 0.0362 0.0034 0.003 0 0 0 0 0 0 0 0.0076 0.0466 0.1052 0.2556 0.4362 0.4884 0.3588 0.1842 0.0788 0.0336 0.005 0 0 0 0 0 0 0 0 0 0 0 0 0 0 0 0 0 0 
0 0 0 0 0 0 0 0 0 0 0 0 0 0 0 0 0.0054 0.8086 3.18 2.568 0.9644 0.3074 0.1158 0.0344 0.016 0 0 0 0 0 0 0 0 0 0.002 0.2094 1.0554 1.7924 1.595 0.7774 0.3278 0.139 0.075 0.0238 0.0028 0 0 0 0 0 0 0 0.0016 0.0306 0.2634 0.6442 0.9816 0.99 0.5924 0.262 0.133 0.0778 0.0234 0 0 0 0 0 0 0 0 0 0.0284 0.1074 0.2388 0.383 0.4594 0.3572 0.174 0.115 0.091 0.037 0.0066 0.0022 0 0 0 0 0 0 0 0 0 0 0 0 0 0 0 0 
0 0 0 0 0 0 0 0 0 0 0 0 0 0 0 0 0.0072 0.7138 3.002 2.5954 1.1162 0.3768 0.1374 0.0388 0.0124 0 0 0 0 0 0 0 0 0 0.007 0.1428 0.9374 1.6514 1.5958 0.9788 0.434 0.1706 0.0712 0.011 0 0 0 0 0 0 0 0 0 0.0358 0.1902 0.5754 0.8472 0.9762 0.731 0.3528 0.195 0.0774 0.019 0 0 0 0 0 0 0 0 0.0006 0.0172 0.0942 0.1844 0.3176 0.4128 0.4068 0.2496 0.1708 0.1068 0.0236 0.0156 0 0 0 0 0 0 0 0 0 0 0 0 0 0 0 0 0 
0 0 0 0 0 0 0 0 0 0 0 0 0 0 0 0 0.0066 0.6672 3.0848 2.5792 1.0428 0.4046 0.1502 0.051 0.0136 0 0 0 0 0 0 0 0 0 0 0.1274 0.8546 1.7024 1.5606 0.9306 0.4972 0.2104 0.0876 0.0228 0.0038 0.0026 0 0 0 0 0 0 0 0.0184 0.1484 0.5488 1.0198 0.8184 0.6248 0.444 0.2206 0.1086 0.0348 0.0068 0.0066 0 0 0 0 0 0 0 0.008 0.059 0.2334 0.379 0.3864 0.3218 0.2516 0.1854 0.0882 0.0572 0.019 0.0058 0.0052 0 0 0 0 0 0 0 0 0 0 0 0 0 0 0 
0 0 0 0 0 0 0 0 0 0 0 0 0 0 0 0 0.0016 0.6828 3.2524 2.618 0.966 0.3088 0.1114 0.0328 0.0236 0.0026 0 0 0 0 0 0 0 0 0.0086 0.1892 0.9126 1.805 1.62 0.8748 0.3856 0.1304 0.0434 0.0212 0.0068 0.0024 0 0 0 0 0 0 0.0046 0.043 0.2252 0.5648 0.951 1.0146 0.649 0.3138 0.1498 0.0584 0.0232 0.0026 0 0 0 0 0 0 0 0.006 0.0242 0.0944 0.2422 0.35 0.4476 0.3588 0.221 0.1224 0.0834 0.044 0.006 0 0 0 0 0 0 0 0 0 0 0 0 0 0 0 0 0 
0 0 0 0 0 0 0 0 0 0 0 0 0 0 0 0 0.0012 0.7928 3.6932 2.4394 0.7938 0.1798 0.0694 0.03 0.0004 0 0 0 0 0 0 0 0 0 0.0058 0.1938 1.2266 2.0472 1.4584 0.7044 0.2546 0.0756 0.027 0.0022 0.0028 0.0016 0 0 0 0 0 0 0.0024 0.038 0.2618 0.8634 1.0824 0.9108 0.5548 0.1896 0.0704 0.0158 0.0056 0.005 0 0 0 0 0 0 0 0.0046 0.0238 0.1746 0.3512 0.4306 0.4518 0.3074 0.1624 0.054 0.021 0.0138 0.0048 0 0 0 0 0 0 0 0 0 0 0 0 0 0 0 0 0 
0 0 0 0 0 0 0 0 0 0 0 0 0 0 0 0 0.0042 1.0224 3.7868 2.3076 0.6924 0.1524 0.0306 0.0036 0 0 0 0 0 0 0 0 0 0 0.004 0.2966 1.419 2.205 1.3946 0.5182 0.1466 0.0146 0.0014 0 0 0 0 0 0 0 0 0 0.001 0.059 0.3658 1.0738 1.2144 0.8144 0.3416 0.1054 0.0172 0.0074 0 0 0 0 0 0 0 0 0 0.0036 0.0516 0.2102 0.448 0.53 0.4114 0.2154 0.095 0.0254 0.0056 0.0038 0 0 0 0 0 0 0 0 0 0 0 0 0 0 0 0 0 0 
0 0 0 0 0 0 0 0 0 0 0 0 0 0 0 0 0.0074 0.7994 3.1204 2.5764 1.0686 0.3224 0.0782 0.0238 0.0034 0 0 0 0 0 0 0 0 0 0.0124 0.1978 1.033 1.7316 1.4898 0.932 0.3624 0.1692 0.0526 0.0192 0 0 0 0 0 0 0 0 0.0084 0.037 0.2206 0.705 0.9736 0.8964 0.5244 0.3386 0.1622 0.098 0.0298 0.006 0 0 0 0 0 0 0.0008 0.0048 0.0188 0.0848 0.2746 0.4238 0.4718 0.275 0.1948 0.112 0.078 0.0404 0.0116 0.0088 0 0 0 0 0 0 0 0 0 0 0 0 0 0 0 0 
0 0 0 0 0 0 0 0 0 0 0 0 0 0 0 0 0.0078 0.7018 2.8688 2.5652 1.2188 0.4664 0.15 0.0178 0.0034 0 0 0 0 0 0 0 0 0 0.0052 0.149 0.8026 1.5908 1.6264 1.0274 0.495 0.2202 0.051 0.0228 0.0062 0.0034 0 0 0 0 0 0 0 0.017 0.1626 0.5018 0.809 1.001 0.7084 0.5044 0.1888 0.0548 0.0292 0.0126 0.0104 0 0 0 0 0 0 0 0.0102 0.0552 0.1746 0.3094 0.4024 0.3982 0.3246 0.2064 0.071 0.0214 0.0064 0.0084 0.0118 0 0 0 0 0 0 0 0 0 0 0 0 0 0 0 
0 0 0 0 0 0 0 0 0 0 0 0 0 0 0 0 0.004 0.6988 2.8454 2.691 1.2498 0.3846 0.106 0.0204 0 0 0 0 0 0 0 0 0 0 0.0026 0.122 0.761 1.6082 1.7422 1.1158 0.4768 0.1458 0.0242 0.0014 0 0 0 0 0 0 0 0 0 0.0178 0.1168 0.4834 0.8572 1.0328 0.869 0.4182 0.1444 0.0482 0.0122 0 0 0 0 0 0 0 0 0.0018 0.0098 0.046 0.1572 0.3046 0.4658 0.4414 0.2968 0.178 0.0756 0.014 0.007 0.002 0 0 0 0 0 0 0 0 0 0 0 0 0 0 0 0 
0 0 0 0 0 0 0 0 0 0 0 0 0 0 0 0 0.0026 0.7102 2.9982 2.5814 1.1326 0.428 0.0938 0.0362 0.004 0.007 0.006 0 0 0 0 0 0 0 0.0064 0.155 0.9682 1.6092 1.537 0.9756 0.5104 0.1664 0.045 0.0156 0.0112 0 0 0 0 0 0 0 0.004 0.0344 0.1832 0.584 0.8902 0.8984 0.7378 0.3692 0.1898 0.0712 0.026 0.0118 0 0 0 0 0 0 0 0.0064 0.0228 0.0578 0.1746 0.339 0.3946 0.4264 0.3042 0.139 0.0776 0.0474 0.0102 0 0 0 0 0 0 0 0 0 0 0 0 0 0 0 0 0 
0 0 0 0 0 0 0 0 0 0 0 0 0 0 0 0 0.0066 0.8072 3.2238 2.5514 0.93 0.3094 0.1182 0.036 0.0096 0.0078 0 0 0 0 0 0 0 0 0.0046 0.1852 1.02 1.8832 1.5462 0.763 0.3614 0.145 0.0614 0.0164 0.01 0.0036 0 0 0 0 0 0 0.0014 0.0234 0.2458 0.6974 1.0758 0.8418 0.5382 0.2904 0.1752 0.078 0.0148 0.0094 0.0054 0.003 0 0 0 0 0 0.0012 0.022 0.1056 0.3062 0.4394 0.367 0.3046 0.1944 0.1166 0.062 0.0488 0.018 0.0058 0.0042 0.0042 0 0 0 0 0 0 0 0 0 0 0 0 0 0 
0 0 0 0 0 0 0 0 0 0 0 0 0 0 0 0 0.0002 0.6678 3.3518 2.4902 1.0012 0.3338 0.1002 0.0156 0.0168 0.0174 0.005 0 0 0 0 0 0 0 0.0038 0.1512 0.9692 1.8534 1.5784 0.8384 0.386 0.1324 0.0372 0.014 0.0142 0.0136 0.0082 0 0 0 0 0 0 0.0388 0.1892 0.6406 1.0258 0.8812 0.6632 0.3472 0.1174 0.0514 0.0136 0.0084 0.0088 0.011 0.0034 0 0 0 0 0.002 0.0154 0.0808 0.2688 0.422 0.387 0.3474 0.2186 0.1248 0.0682 0.0244 0.01 0.0078 0.0098 0.0076 0.0054 0 0 0 0 0 0 0 0 0 0 0 0 0 
0 0 0 0 0 0 0 0 0 0 0 0 0 0 0 0 0.005 0.7972 3.1806 2.5124 0.9902 0.3234 0.1068 0.0594 0.0198 0.0052 0 0 0 0 0 0 0 0.0008 0.006 0.1956 1.0546 1.7192 1.5032 0.9246 0.3566 0.144 0.0578 0.0228 0.0086 0.0042 0.002 0 0 0 0 0 0.0024 0.0476 0.2464 0.6926 0.9056 0.8482 0.6212 0.367 0.1434 0.082 0.0266 0.0146 0.0024 0 0 0 0 0 0.0018 0.0048 0.0238 0.1538 0.2646 0.3364 0.3194 0.3488 0.2632 0.1398 0.0666 0.04 0.0214 0.005 0.006 0.0046 0 0 0 0 0 0 0 0 0 0 0 0 0 0 
0 0 0 0 0 0 0 0 0 0 0 0 0 0 0 0 0.0066 0.9216 3.3544 2.5408 0.8414 0.243 0.063 0.023 0.0028 0.0034 0 0 0 0 0 0 0 0 0.0066 0.254 1.2028 1.8774 1.5716 0.7434 0.238 0.073 0.022 0.01 0.0012 0 0 0 0 0 0 0 0 0.058 0.3294 0.8046 1.0142 0.9522 0.508 0.2092 0.0838 0.028 0.0126 0 0 0 0 0 0 0 0 0.005 0.0298 0.1628 0.3568 0.3878 0.4358 0.3226 0.1502 0.0832 0.043 0.0202 0.0028 0 0 0 0 0 0 0 0 0 0 0 0 0 0 0 0 0 
0 0 0 0 0 0 0 0 0 0 0 0 0 0 0 0 0.0018 0.9072 3.4536 2.4864 0.8674 0.2274 0.0466 0.006 0.0036 0 0 0 0 0 0 0 0 0 0.0042 0.2098 1.2528 1.8954 1.5178 0.8256 0.2058 0.0492 0.0206 0.0168 0.002 0 0 0 0 0 0 0 0.0014 0.0418 0.3318 0.8404 0.9538 0.9464 0.5852 0.2176 0.0474 0.018 0.0162 0 0 0 0 0 0 0 0 0.0014 0.046 0.1742 0.343 0.397 0.4504 0.319 0.1678 0.0638 0.025 0.0098 0.0026 0 0 0 0 0 0 0 0 0 0 0 0 0 0 0 0 0 
0 0 0 0 0 0 0 0 0 0 0 0 0 0 0 0 0.0054 0.8396 3.4016 2.5532 0.934 0.2174 0.0346 0.0094 0.0048 0 0 0 0 0 0 0 0 0 0.008 0.1972 1.1222 1.9746 1.6006 0.8006 0.2292 0.06 0.0044 0.0032 0 0 0 0 0 0 0 0 0.0012 0.0446 0.2546 0.6994 1.1404 1.0426 0.5872 0.1826 0.0412 0.0028 0.0034 0 0 0 0 0 0 0 0 0.0044 0.0288 0.1376 0.2464 0.4608 0.5112 0.348 0.1972 0.0466 0.0136 0.0054 0 0 0 0 0 0 0 0 0 0 0 0 0 0 0 0 0 0 
0 0 0 0 0 0 0 0 0 0 0 0 0 0 0 0 0.0028 0.871 3.3506 2.558 0.8714 0.241 0.0704 0.0348 0 0 0 0 0 0 0 0 0 0 0.0028 0.201 1.173 1.9664 1.44 0.7594 0.3148 0.1126 0.0266 0.0034 0 0 0 0 0 0 0 0 0 0.0434 0.2874 0.8098 1.0624 0.8442 0.5036 0.2736 0.1216 0.0472 0.0068 0 0 0 0 0 0 0 0 0.0048 0.0348 0.146 0.3274 0.4838 0.3414 0.2506 0.2238 0.1254 0.0492 0.0128 0 0 0 0 0 0 0 0 0 0 0 0 0 0 0 0 0 0 
0 0 0 0 0 0 0 0 0 0 0 0 0 0 0 0 0.0046 0.8224 3.6776 2.5454 0.7774 0.1528 0.0192 0.0006 0 0 0 0 0 0 0 0 0 0 0.0082 0.2328 1.1874 2.1248 1.7228 0.5706 0.1432 0.0102 0 0 0 0 0 0 0 0 0 0 0.0068 0.052 0.3054 0.8536 1.2374 0.9788 0.4172 0.1304 0.0184 0 0 0 0 0 0 0 0 0 0.0032 0.0088 0.0476 0.1308 0.3372 0.5208 0.4938 0.3054 0.1202 0.0266 0.0056 0 0 0 0 0 0 0 0 0 0 0 0 0 0 0 0 0 0 0 
0 0 0 0 0 0 0 0 0 0 0 0 0 0 0 0 0.0052 0.7996 3.5036 2.682 0.8394 0.1482 0.02 0.002 0 0 0 0 0 0 0 0 0 0 0.0022 0.1568 1.1676 2.0934 1.5824 0.7524 0.2052 0.0396 0.0004 0 0 0 0 0 0 0 0 0 0 0.0282 0.223 0.8342 1.2032 0.9546 0.513 0.2048 0.0382 0.0008 0 0 0 0 0 0 0 0 0 0.0034 0.0308 0.1114 0.3326 0.5208 0.506 0.3032 0.1464 0.0418 0.0036 0 0 0 0 0 0 0 0 0 0 0 0 0 0 0 0 0 0 0 
0 0 0 0 0 0 0 0 0 0 0 0 0 0 0 0 0.004 0.8098 3.408 2.5124 0.9366 0.2402 0.0598 0.0268 0.0024 0 0 0 0 0 0 0 0 0 0.0028 0.2622 1.0658 1.8418 1.638 0.8158 0.2554 0.0836 0.0272 0.0056 0.0018 0 0 0 0 0 0 0 0.0012 0.0652 0.3002 0.6796 0.9894 1.0156 0.5844 0.2286 0.096 0.0322 0.0076 0 0 0 0 0 0 0 0 0.0106 0.067 0.143 0.2336 0.3896 0.438 0.3452 0.2052 0.1178 0.04 0.01 0 0 0 0 0 0 0 0 0 0 0 0 0 0 0 0 0 0 
0 0 0 0 0 0 0 0 0 0 0 0 0 0 0 0 0.0038 0.8964 3.1592 2.4872 0.9884 0.3336 0.106 0.0184 0.007 0 0 0 0 0 0 0 0 0 0.0062 0.204 1.0488 1.8352 1.658 0.7568 0.3244 0.1112 0.0406 0.0148 0 0 0 0 0 0 0 0 0.0018 0.0368 0.2712 0.6682 1.0126 1.0018 0.571 0.2686 0.1016 0.0448 0.0176 0.0026 0.0014 0 0 0 0 0 0 0.0014 0.042 0.1126 0.2356 0.4024 0.4532 0.3464 0.194 0.1152 0.0614 0.0244 0.0102 0.0012 0 0 0 0 0 0 0 0 0 0 0 0 0 0 0 0 
0 0 0 0 0 0 0 0 0 0 0 0 0 0 0 0 0.0012 0.957 3.73 2.4546 0.6852 0.1528 0.0166 0.0026 0 0 0 0 0 0 0 0 0 0 0.0106 0.23 1.3408 2.2076 1.4868 0.535 0.1536 0.033 0.0026 0 0 0 0 0 0 0 0 0 0.0044 0.0442 0.3068 0.9936 1.2642 0.904 0.3366 0.1188 0.0236 0.0038 0 0 0 0 0 0 0 0 0 0.0016 0.0444 0.176 0.4272 0.5486 0.436 0.2398 0.088 0.0252 0.0132 0 0 0 0 0 0 0 0 0 0 0 0 0 0 0 0 0 0 0 
0 0 0 0 0 0 0 0 0 0 0 0 0 0 0 0 0.0024 0.837 3.5914 2.5992 0.7578 0.1618 0.0358 0.0104 0.0042 0 0 0 0 0 0 0 0 0 0.0044 0.242 1.2532 2.0296 1.5258 0.7016 0.1882 0.0426 0.0088 0.0038 0 0 0 0 0 0 0 0 0.0004 0.0596 0.3288 0.8234 1.138 0.9278 0.5176 0.1508 0.046 0.0066 0.001 0 0 0 0 0 0 0 0 0.002 0.0538 0.1724 0.3252 0.4358 0.4718 0.342 0.1382 0.0436 0.0152 0 0 0 0 0 0 0 0 0 0 0 0 0 0 0 0 0 0 0 
0 0 0 0 0 0 0 0 0 0 0 0 0 0 0 0 0.0036 0.8488 3.687 2.5518 0.665 0.1798 0.0534 0.0106 0 0 0 0 0 0 0 0 0 0 0.0116 0.2558 1.2754 2.0834 1.5204 0.5902 0.2118 0.042 0.0086 0.0008 0 0 0 0 0 0 0 0 0.0088 0.0606 0.34 0.8724 1.2112 0.8292 0.4586 0.1704 0.039 0.0098 0 0 0 0 0 0 0 0 0 0.009 0.036 0.1492 0.3754 0.5254 0.3936 0.3066 0.1572 0.037 0.0088 0.0018 0 0 0 0 0 0 0 0 0 0 0 0 0 0 0 0 0 0 
0 0 0 0 0 0 0 0 0 0 0 0 0 0 0 0 0.0054 0.8264 3.5612 2.598 0.7434 0.1778 0.0688 0.0172 0.0018 0 0 0 0 0 0 0 0 0 0.0086 0.2364 1.1566 2.0462 1.5492 0.6958 0.2208 0.0632 0.0188 0.0044 0 0 0 0 0 0 0 0 0.0056 0.0632 0.2818 0.7946 1.156 0.9394 0.4762 0.182 0.084 0.0136 0.0036 0 0 0 0 0 0 0 0.0012 0.0106 0.038 0.114 0.349 0.5136 0.4434 0.2774 0.1438 0.0746 0.0252 0.0092 0 0 0 0 0 0 0 0 0 0 0 0 0 0 0 0 0 0 
0 0 0 0 0 0 0 0 0 0 0 0 0 0 0 0 0.0066 0.7752 3.1164 2.675 1.034 0.2896 0.0824 0.0172 0.0036 0 0 0 0 0 0 0 0 0 0.0016 0.156 0.8986 1.8 1.8032 0.9076 0.3032 0.0884 0.0378 0.0036 0 0 0 0 0 0 0 0 0 0.0098 0.1618 0.5564 1.096 1.1494 0.6252 0.2548 0.1222 0.0196 0.0048 0 0 0 0 0 0 0 0 0 0.0098 0.06 0.2134 0.4398 0.5466 0.4016 0.1728 0.086 0.0464 0.0172 0.0064 0 0 0 0 0 0 0 0 0 0 0 0 0 0 0 0 0 
0 0 0 0 0 0 0 0 0 0 0 0 0 0 0 0 0.0056 0.8496 3.2874 2.5716 0.9574 0.2336 0.0686 0.0104 0.0158 0 0 0 0 0 0 0 0 0 0.0102 0.1864 1.0182 1.9546 1.6572 0.806 0.2478 0.0952 0.0156 0.0088 0 0 0 0 0 0 0 0 0.0032 0.0362 0.2264 0.711 1.078 1.0298 0.5636 0.241 0.08 0.0142 0.0092 0.0034 0.004 0 0 0 0 0 0.0016 0.0028 0.0278 0.1042 0.269 0.4712 0.43 0.3634 0.2014 0.0952 0.0142 0.0108 0.0056 0.0028 0 0 0 0 0 0 0 0 0 0 0 0 0 0 0 0 
0 0 0 0 0 0 0 0 0 0 0 0 0 0 0 0 0.006 0.8006 3.3966 2.5342 0.9172 0.2516 0.0642 0.0282 0.0014 0 0 0 0 0 0 0 0 0 0.0034 0.1942 1.1384 1.9684 1.5096 0.7892 0.2634 0.1032 0.021 0.007 0.0022 0 0 0 0 0 0 0 0 0.0402 0.2542 0.7326 1.0816 0.9998 0.563 0.207 0.0916 0.0172 0.0104 0.0024 0 0 0 0 0 0 0 0.0002 0.0384 0.12 0.2834 0.4358 0.4734 0.3214 0.2154 0.0612 0.0236 0.0272 0 0 0 0 0 0 0 0 0 0 0 0 0 0 0 0 0 0 
0 0 0 0 0 0 0 0 0 0 0 0 0 0 0 0 0.0038 0.8018 3.515 2.5974 0.7534 0.2116 0.0612 0.0292 0.024 0.0026 0 0 0 0 0 0 0 0 0.0046 0.1694 1.1064 2.0224 1.5828 0.7258 0.2332 0.0892 0.0424 0.0176 0.0062 0 0 0 0 0 0 0 0.002 0.026 0.2476 0.7598 1.1392 0.9746 0.4786 0.214 0.0776 0.049 0.0256 0.006 0 0 0 0 0 0 0 0.0052 0.034 0.1208 0.3122 0.4998 0.4748 0.2658 0.1318 0.062 0.0408 0.0358 0.0144 0.0026 0 0 0 0 0 0 0 0 0 0 0 0 0 0 0 0 
0 0 0 0 0 0 0 0 0 0 0 0 0 0 0 0 0.0066 0.8758 3.3958 2.4552 0.8806 0.277 0.0748 0.0186 0.012 0.0036 0 0 0 0 0 0 0 0 0.0094 0.2114 1.1788 1.9246 1.4906 0.7292 0.267 0.0908 0.0564 0.024 0.0112 0.0032 0.0034 0 0 0 0 0 0.0034 0.0472 0.2832 0.816 1.114 0.805 0.5032 0.2302 0.0866 0.0312 0.0388 0.0272 0.0064 0.0046 0.003 0 0 0 0 0.0016 0.0362 0.1512 0.358 0.444 0.3992 0.2498 0.1614 0.0896 0.0502 0.0118 0.0158 0.0176 0.0088 0.0048 0 0 0 0 0 0 0 0 0 0 0 0 0 0 
0 0 0 0 0 0 0 0 0 0 0 0 0 0 0 0 0.0076 0.795 3.2058 2.5268 0.9914 0.3292 0.1018 0.032 0.0104 0 0 0 0 0 0 0 0 0 0.0058 0.2138 1.0462 1.7742 1.4904 0.914 0.3854 0.119 0.0426 0.0086 0 0 0 0 0 0 0 0 0.0014 0.0528 0.2354 0.7078 0.9416 0.8822 0.6298 0.334 0.1542 0.0384 0.0176 0.002 0.0028 0 0 0 0 0 0 0.0074 0.0302 0.1264 0.2754 0.3526 0.3402 0.3476 0.2784 0.1348 0.0574 0.0344 0.0132 0.002 0 0 0 0 0 0 0 0 0 0 0 0 0 0 0 0 
0 0 0 0 0 0 0 0 0 0 0 0 0 0 0 0 0.006 0.8388 3.251 2.6476 0.8772 0.2578 0.0802 0.0274 0.014 0 0 0 0 0 0 0 0 0 0.008 0.2266 1.0546 1.816 1.664 0.7434 0.3094 0.1154 0.0412 0.0126 0.0044 0.0044 0 0 0 0 0 0 0.0032 0.058 0.2844 0.645 1.0626 0.92 0.5502 0.2942 0.1062 0.051 0.0156 0.0082 0.0014 0 0 0 0 0 0 0.0078 0.0396 0.1342 0.2708 0.413 0.4362 0.3026 0.2118 0.0872 0.0582 0.0232 0.0154 0 0 0 0 0 0 0 0 0 0 0 0 0 0 0 0 0 
0 0 0 0 0 0 0 0 0 0 0 0 0 0 0 0 0.0072 0.8092 3.1238 2.5396 1.0562 0.312 0.115 0.0312 0.0058 0 0 0 0 0 0 0 0 0 0.0064 0.1598 0.9642 1.7668 1.523 0.9486 0.4156 0.1768 0.0354 0.0034 0 0 0 0 0 0 0 0 0 0.031 0.2308 0.6004 0.9436 0.9164 0.6424 0.392 0.164 0.07 0.0094 0 0 0 0 0 0 0 0 0.0046 0.0346 0.1128 0.2216 0.3764 0.3716 0.3766 0.2338 0.1724 0.0752 0.0194 0.001 0 0 0 0 0 0 0 0 0 0 0 0 0 0 0 0 0 
0 0 0 0 0 0 0 0 0 0 0 0 0 0 0 0 0.0048 0.79 3.4096 2.457 0.961 0.2696 0.0854 0.0142 0.0084 0 0 0 0 0 0 0 0 0 0.01 0.2268 1.0906 1.8164 1.5516 0.8812 0.3218 0.0704 0.0222 0.009 0 0 0 0 0 0 0 0 0.0038 0.0486 0.2788 0.671 0.955 1.0256 0.6716 0.2386 0.079 0.0218 0.0062 0 0 0 0 0 0 0 0 0.0058 0.0454 0.1118 0.2392 0.3884 0.5012 0.3682 0.1976 0.1008 0.0224 0.0132 0.006 0 0 0 0 0 0 0 0 0 0 0 0 0 0 0 0 0 
0 0 0 0 0 0 0 0 0 0 0 0 0 0 0 0 0.0038 1.0694 4.4838 1.9914 0.3836 0.058 0.01 0 0 0 0 0 0 0 0 0 0 0 0.007 0.335 1.9264 2.3208 1.0742 0.2904 0.0418 0.0044 0 0 0 0 0 0 0 0 0 0 0.002 0.085 0.6214 1.3142 1.2276 0.5732 0.149 0.0236 0.0038 0.0002 0 0 0 0 0 0 0 0 0 0.0124 0.1042 0.366 0.5978 0.5212 0.3004 0.0784 0.0162 0.0034 0 0 0 0 0 0 0 0 0 0 0 0 0 0 0 0 0 0 0 0 
0 0 0 0 0 0 0 0 0 0 0 0 0 0 0 0 0.0026 0.7608 3.6822 2.5726 0.7166 0.1796 0.0718 0.0138 0 0 0 0 0 0 0 0 0 0 0.0074 0.2142 1.226 2.0838 1.5344 0.6196 0.209 0.0874 0.0164 0.0018 0 0 0 0 0 0 0 0 0.0026 0.0442 0.3074 0.8686 1.1612 0.8612 0.4648 0.1796 0.082 0.0208 0.0076 0 0 0 0 0 0 0 0 0.0018 0.0378 0.157 0.4146 0.464 0.4102 0.2646 0.1178 0.0474 0.0386 0.0242 0.0088 0.0052 0.008 0 0 0 0 0 0 0 0 0 0 0 0 0 0 0 
0 0 0 0 0 0 0 0 0 0 0 0 0 0 0 0 0.0056 0.7458 3.3562 2.5268 0.9822 0.2712 0.0954 0.0156 0.0012 0 0 0 0 0 0 0 0 0 0.0028 0.1726 0.9748 1.9362 1.6206 0.8342 0.3268 0.098 0.0238 0.0102 0 0 0 0 0 0 0 0 0.0012 0.035 0.207 0.6336 1.0918 0.9646 0.6744 0.2636 0.0952 0.0266 0.007 0 0 0 0 0 0 0 0 0.003 0.017 0.0882 0.2666 0.4184 0.4546 0.3898 0.2156 0.1042 0.0304 0.0122 0 0 0 0 0 0 0 0 0 0 0 0 0 0 0 0 0 0 
0 0 0 0 0 0 0 0 0 0 0 0 0 0 0 0 0.0108 0.7282 3.1054 2.5354 1.092 0.3694 0.1186 0.0244 0.0122 0.0036 0 0 0 0 0 0 0 0 0.0106 0.1826 0.8846 1.6474 1.6446 1.0258 0.4234 0.1264 0.0416 0.0084 0.0046 0 0 0 0 0 0 0 0.0026 0.048 0.209 0.5356 0.9384 0.941 0.7176 0.3734 0.1398 0.0702 0.0198 0.0024 0.0022 0 0 0 0 0 0 0.0034 0.0216 0.0746 0.2232 0.3352 0.433 0.3702 0.2892 0.148 0.067 0.0212 0.012 0.0014 0 0 0 0 0 0 0 0 0 0 0 0 0 0 0 0 
0 0 0 0 0 0 0 0 0 0 0 0 0 0 0 0 0.0032 0.7256 3.4806 2.6552 0.8744 0.2004 0.0462 0.0092 0.0052 0 0 0 0 0 0 0 0 0 0.0046 0.1556 1.0026 1.9942 1.7086 0.815 0.258 0.047 0.0108 0.0036 0 0 0 0 0 0 0 0 0.0008 0.0276 0.2198 0.682 1.1596 0.9862 0.5914 0.2596 0.059 0.014 0 0 0 0 0 0 0 0 0 0.0014 0.029 0.1074 0.2774 0.471 0.4926 0.3528 0.1694 0.0688 0.0302 0 0 0 0 0 0 0 0 0 0 0 0 0 0 0 0 0 0 0 
0 0 0 0 0 0 0 0 0 0 0 0 0 0 0 0 0.0028 0.749 3.2478 2.5612 0.9926 0.284 0.1044 0.04 0.0182 0 0 0 0 0 0 0 0 0 0.0036 0.1774 0.9852 1.8422 1.593 0.8714 0.3104 0.1366 0.0632 0.009 0.004 0.0026 0.0014 0 0 0 0 0 0.0016 0.028 0.214 0.6194 1.0116 1.0186 0.6012 0.309 0.1208 0.0478 0.017 0.0086 0.0024 0 0 0 0 0 0 0.002 0.021 0.0942 0.2394 0.4072 0.4518 0.3126 0.2428 0.118 0.0724 0.024 0.0096 0.005 0 0 0 0 0 0 0 0 0 0 0 0 0 0 0 0 
0 0 0 0 0 0 0 0 0 0 0 0 0 0 0 0 0.007 0.9332 3.247 2.5262 0.8922 0.2594 0.1032 0.0258 0.005 0.001 0 0 0 0 0 0 0 0 0.022 0.2974 1.0586 1.8794 1.5426 0.803 0.2782 0.0766 0.0358 0.0054 0.001 0 0 0 0 0 0 0 0.0094 0.1034 0.3198 0.664 0.9926 0.968 0.5658 0.214 0.1062 0.0508 0.006 0 0 0 0 0 0 0 0 0.0268 0.0724 0.115 0.256 0.4038 0.406 0.3364 0.1982 0.1124 0.0542 0.0152 0.0036 0 0 0 0 0 0 0 0 0 0 0 0 0 0 0 0 0 
0 0 0 0 0 0 0 0 0 0 0 0 0 0 0 0 0.0016 0.7216 4.0674 2.2186 0.7316 0.175 0.0466 0.0348 0.0028 0 0 0 0 0 0 0 0 0 0.0038 0.1942 1.4478 2.1344 1.3284 0.6122 0.1934 0.065 0.0192 0.0016 0 0 0 0 0 0 0 0 0 0.036 0.34 1.0232 1.1356 0.791 0.4392 0.156 0.0604 0.0176 0.001 0 0 0 0 0 0 0 0 0.0014 0.0358 0.1834 0.4086 0.4746 0.4068 0.2584 0.1452 0.0538 0.0204 0.0104 0.0012 0 0 0 0 0 0 0 0 0 0 0 0 0 0 0 0 0 
0 0 0 0 0 0 0 0 0 0 0 0 0 0 0 0 0.0062 0.8942 3.432 2.588 0.807 0.2132 0.05 0.0094 0 0 0 0 0 0 0 0 0 0 0.0162 0.2766 1.1566 1.89 1.57 0.7594 0.2678 0.0528 0.0106 0 0 0 0 0 0 0 0 0 0.0046 0.0854 0.3024 0.771 1.0694 0.927 0.5518 0.1762 0.0862 0.0256 0.0004 0 0 0 0 0 0 0 0.001 0.012 0.0634 0.1572 0.3192 0.3898 0.4582 0.3334 0.1484 0.0764 0.026 0.015 0 0 0 0 0 0 0 0 0 0 0 0 0 0 0 0 0 0 
0 0 0 0 0 0 0 0 0 0 0 0 0 0 0 0 0.0008 0.8646 3.6286 2.3642 0.782 0.2522 0.087 0.0162 0.0044 0 0 0 0 0 0 0 0 0 0.0032 0.2108 1.2768 2.0676 1.412 0.6692 0.264 0.0748 0.0168 0.0048 0 0 0 0 0 0 0 0 0.0012 0.0282 0.3284 0.8294 1.0798 0.9686 0.4968 0.2112 0.0474 0.009 0 0 0 0 0 0 0 0 0 0 0.0332 0.1146 0.2988 0.5128 0.5102 0.2948 0.1576 0.064 0.0092 0.0048 0 0 0 0 0 0 0 0 0 0 0 0 0 0 0 0 0 0 
0 0 0 0 0 0 0 0 0 0 0 0 0 0 0 0 0.0032 0.7394 3.5974 2.353 0.8984 0.2562 0.0906 0.0524 0.0094 0 0 0 0 0 0 0 0 0 0.0102 0.1964 1.1884 1.91 1.495 0.7498 0.2712 0.1126 0.0528 0.0136 0 0 0 0 0 0 0 0 0.003 0.0484 0.2898 0.7576 1.0204 0.9608 0.505 0.2352 0.1178 0.0516 0.0104 0 0 0 0 0 0 0 0 0.003 0.0444 0.1328 0.27 0.4348 0.4256 0.3032 0.1844 0.1094 0.0616 0.0238 0.0046 0.0024 0 0 0 0 0 0 0 0 0 0 0 0 0 0 0 0 
0 0 0 0 0 0 0 0 0 0 0 0 0 0 0 0 0.0082 0.7696 3.0122 2.5194 1.201 0.4078 0.068 0.0116 0.0022 0 0 0 0 0 0 0 0 0 0.0036 0.1988 0.9348 1.618 1.6202 0.9588 0.4554 0.1554 0.0498 0.0052 0 0 0 0 0 0 0 0 0 0.0356 0.2414 0.5928 0.807 0.9386 0.781 0.363 0.1626 0.0622 0.0106 0.0028 0.0024 0 0 0 0 0 0 0.0042 0.0324 0.0978 0.2114 0.3272 0.3696 0.4332 0.2828 0.1258 0.0666 0.0364 0.0126 0 0 0 0 0 0 0 0 0 0 0 0 0 0 0 0 0 
0 0 0 0 0 0 0 0 0 0 0 0 0 0 0 0 0.0026 0.8004 3.5364 2.577 0.8566 0.1922 0.0174 0.0164 0.001 0 0 0 0 0 0 0 0 0 0.0054 0.1988 1.1236 2.034 1.576 0.731 0.2484 0.0614 0.0194 0.002 0 0 0 0 0 0 0 0 0.001 0.0334 0.2856 0.754 1.1016 1.0056 0.5496 0.1824 0.0576 0.022 0.0028 0.0044 0 0 0 0 0 0 0 0 0.0424 0.138 0.3296 0.4794 0.4372 0.3276 0.1558 0.0644 0.0138 0.0056 0.003 0.0032 0 0 0 0 0 0 0 0 0 0 0 0 0 0 0 0 
0 0 0 0 0 0 0 0 0 0 0 0 0 0 0 0 0.004 0.7656 3.391 2.4544 0.9502 0.3184 0.0758 0.022 0.0074 0.0112 0 0 0 0 0 0 0 0 0.0054 0.219 1.157 1.8394 1.4206 0.797 0.3574 0.1382 0.0456 0.015 0.0054 0 0 0 0 0 0 0 0.002 0.0428 0.2916 0.7686 0.979 0.8384 0.5408 0.2922 0.1512 0.0688 0.0186 0.006 0 0 0 0 0 0 0 0.0044 0.0322 0.1496 0.2774 0.3838 0.4282 0.3022 0.1614 0.1418 0.064 0.0304 0.0192 0.0054 0 0 0 0 0 0 0 0 0 0 0 0 0 0 0 0 
0 0 0 0 0 0 0 0 0 0 0 0 0 0 0 0 0.0028 0.7652 3.4376 2.4458 0.883 0.357 0.0854 0.0228 0.0004 0 0 0 0 0 0 0 0 0 0.0056 0.1964 1.0076 1.9776 1.6092 0.7674 0.2712 0.1214 0.0374 0.0062 0 0 0 0 0 0 0 0 0.0018 0.0504 0.239 0.6872 1.0862 0.941 0.572 0.2596 0.1254 0.0352 0.0022 0 0 0 0 0 0 0 0 0.0072 0.0324 0.1022 0.2454 0.4198 0.446 0.3526 0.2198 0.1092 0.0472 0.0156 0.0026 0 0 0 0 0 0 0 0 0 0 0 0 0 0 0 0 0 
0 0 0 0 0 0 0 0 0 0 0 0 0 0 0 0 0.0032 0.8164 3.191 2.5446 1.0514 0.2744 0.0976 0.0168 0.0046 0 0 0 0 0 0 0 0 0 0.0066 0.2334 1.0222 1.7404 1.5816 0.8174 0.3888 0.1498 0.0368 0.0108 0.0094 0.0028 0 0 0 0 0 0 0.0026 0.0458 0.2498 0.6102 1.0376 0.9366 0.5864 0.2892 0.1522 0.0606 0.0192 0.0062 0.0036 0 0 0 0 0 0 0.0064 0.027 0.1058 0.2466 0.3992 0.4922 0.3192 0.2126 0.0848 0.0602 0.0282 0.0102 0.0076 0 0 0 0 0 0 0 0 0 0 0 0 0 0 0 0 
0 0 0 0 0 0 0 0 0 0 0 0 0 0 0 0 0.0024 0.8258 3.2732 2.591 0.9346 0.273 0.0678 0.024 0.0064 0.0018 0 0 0 0 0 0 0 0 0.0062 0.1958 1.0166 1.9432 1.5034 0.8348 0.3428 0.0994 0.034 0.0132 0.0106 0 0 0 0 0 0 0 0.0036 0.0382 0.2784 0.6886 1.0302 0.8738 0.6246 0.2588 0.1038 0.0612 0.0296 0.0092 0 0 0 0 0 0 0 0.0036 0.0438 0.1368 0.2952 0.4056 0.411 0.2982 0.1886 0.1134 0.0554 0.0294 0.0126 0.0064 0 0 0 0 0 0 0 0 0 0 0 0 0 0 0 0 
0 0 0 0 0 0 0 0 0 0 0 0 0 0 0 0 0.0064 0.8196 3.3638 2.441 0.8776 0.3004 0.156 0.0334 0.0018 0 0 0 0 0 0 0 0 0 0.006 0.229 1.1678 1.7846 1.4812 0.8002 0.3354 0.1204 0.0618 0.0136 0 0 0 0 0 0 0 0 0 0.054 0.3218 0.7268 0.9406 0.868 0.582 0.2744 0.144 0.0748 0.0136 0 0 0 0 0 0 0 0 0.0042 0.0378 0.1808 0.2778 0.3436 0.3636 0.303 0.2332 0.1536 0.0674 0.0322 0.0028 0 0 0 0 0 0 0 0 0 0 0 0 0 0 0 0 0 
0 0 0 0 0 0 0 0 0 0 0 0 0 0 0 0 0.0054 0.8084 3.0734 2.6516 1.032 0.3346 0.0642 0.0304 0 0 0 0 0 0 0 0 0 0 0.0046 0.2294 0.9222 1.7168 1.6378 1.0102 0.3366 0.1026 0.0308 0.009 0 0 0 0 0 0 0 0 0.0028 0.0616 0.2088 0.5374 0.944 1.075 0.751 0.2908 0.0928 0.0234 0.0124 0 0 0 0 0 0 0 0.0016 0.008 0.0282 0.0944 0.2264 0.3058 0.4904 0.4396 0.2204 0.106 0.0552 0.022 0.002 0 0 0 0 0 0 0 0 0 0 0 0 0 0 0 0 0 
0 0 0 0 0 0 0 0 0 0 0 0 0 0 0 0 0.0046 0.8832 3.1866 2.6496 0.9428 0.2596 0.0536 0.02 0 0 0 0 0 0 0 0 0 0 0.0072 0.2206 1.0116 1.8742 1.6216 0.8702 0.2942 0.0702 0.0278 0.0024 0 0 0 0 0 0 0 0 0.0012 0.037 0.2588 0.6772 1.0332 0.996 0.6236 0.2508 0.0916 0.0248 0.0024 0.0034 0 0 0 0 0 0 0 0.0016 0.025 0.1324 0.289 0.4072 0.3968 0.4022 0.2204 0.0808 0.02 0.0166 0.008 0 0 0 0 0 0 0 0 0 0 0 0 0 0 0 0 0 
0 0 0 0 0 0 0 0 0 0 0 0 0 0 0 0 0.006 0.7646 3.2878 2.4816 1.03 0.2826 0.0874 0.0488 0.0102 0.001 0 0 0 0 0 0 0 0 0.0076 0.1994 1.0706 1.842 1.4988 0.8564 0.3326 0.1264 0.0538 0.011 0.0014 0 0 0 0 0 0 0 0.0034 0.0336 0.2642 0.738 0.9678 0.8954 0.585 0.2944 0.1332 0.055 0.0226 0.0074 0 0 0 0 0 0 0 0 0.0354 0.1458 0.2604 0.3668 0.4014 0.3388 0.2018 0.1202 0.0724 0.041 0.0136 0.0024 0 0 0 0 0 0 0 0 0 0 0 0 0 0 0 0 
0 0 0 0 0 0 0 0 0 0 0 0 0 0 0 0 0.0042 0.8624 3.2682 2.457 0.9504 0.2822 0.088 0.0392 0.0134 0.0146 0.0162 0.0042 0 0 0 0 0 0 0.0034 0.2104 1.1142 1.8152 1.4296 0.8792 0.3678 0.0948 0.0376 0.014 0.0204 0.013 0.0004 0 0 0 0 0 0.0018 0.0496 0.2608 0.7122 0.9222 0.9328 0.6302 0.2954 0.1122 0.0354 0.0264 0.0182 0.0028 0 0 0 0 0 0 0.005 0.0404 0.1082 0.2384 0.394 0.484 0.2916 0.1982 0.1432 0.0458 0.022 0.0258 0.0034 0 0 0 0 0 0 0 0 0 0 0 0 0 0 0 0 
0 0 0 0 0 0 0 0 0 0 0 0 0 0 0 0 0.0094 0.7244 3.0442 2.5018 1.1214 0.4258 0.1272 0.0362 0.0096 0 0 0 0 0 0 0 0 0 0.0058 0.1592 0.8776 1.6302 1.5782 1.0406 0.4776 0.1688 0.0496 0.0068 0.0034 0.0022 0 0 0 0 0 0 0.0002 0.0176 0.1654 0.5268 0.9188 0.9532 0.7434 0.4248 0.1808 0.052 0.005 0.0066 0.0054 0 0 0 0 0 0 0.0048 0.0142 0.0468 0.2016 0.3644 0.4002 0.3756 0.3244 0.1476 0.0692 0.0248 0.0122 0.0126 0.0016 0 0 0 0 0 0 0 0 0 0 0 0 0 0 0 
0 0 0 0 0 0 0 0 0 0 0 0 0 0 0 0 0.002 0.7884 3.4186 2.5322 0.9072 0.2362 0.0738 0.0266 0.0094 0.0056 0 0 0 0 0 0 0 0 0.0054 0.2032 1.0808 1.8824 1.6682 0.8046 0.2238 0.0654 0.0284 0.0252 0.0082 0.0044 0 0 0 0 0 0 0 0.0398 0.2434 0.6786 1.1498 0.9874 0.5702 0.2172 0.049 0.0242 0.0204 0.0076 0.0098 0.0026 0 0 0 0 0 0.0054 0.0172 0.0964 0.3012 0.4654 0.448 0.37 0.1712 0.0442 0.0304 0.0184 0.0166 0.008 0.0076 0 0 0 0 0 0 0 0 0 0 0 0 0 0 0 
0 0 0 0 0 0 0 0 0 0 0 0 0 0 0 0 0.0036 0.8006 3.0628 2.5098 1.0396 0.4214 0.1254 0.0244 0.0102 0.0022 0 0 0 0 0 0 0 0 0.0048 0.1812 1.0068 1.6548 1.5266 0.9238 0.4324 0.1706 0.0674 0.0272 0.0044 0 0 0 0 0 0 0 0.0028 0.0446 0.2168 0.614 0.9306 0.8668 0.6412 0.3774 0.1776 0.075 0.0428 0.0104 0 0 0 0 0 0 0 0.0072 0.0212 0.0902 0.203 0.4002 0.4562 0.3318 0.2 0.1246 0.0724 0.0464 0.0296 0.0108 0.005 0.0014 0 0 0 0 0 0 0 0 0 0 0 0 0 0 
0 0 0 0 0 0 0 0 0 0 0 0 0 0 0 0 0.0138 0.743 2.9984 2.6436 1.1136 0.3332 0.1192 0.0264 0.0058 0.003 0 0 0 0 0 0 0 0 0.01 0.1636 0.8692 1.648 1.6104 0.9968 0.4424 0.164 0.0638 0.0264 0.0054 0 0 0 0 0 0 0 0.005 0.0338 0.171 0.5658 0.9096 0.9348 0.676 0.3874 0.2042 0.0604 0.0274 0.022 0.0026 0 0 0 0 0 0.0016 0.0022 0.0286 0.0964 0.2112 0.3316 0.456 0.3482 0.245 0.1356 0.0768 0.038 0.0148 0.0118 0.0022 0 0 0 0 0 0 0 0 0 0 0 0 0 0 0 
0 0 0 0 0 0 0 0 0 0 0 0 0 0 0 0 0.0042 0.7472 3.0016 2.4634 1.0934 0.443 0.1542 0.0684 0.0142 0.0104 0 0 0 0 0 0 0 0 0.0072 0.1866 0.9058 1.608 1.4832 0.9766 0.4694 0.191 0.0804 0.0532 0.0224 0.0098 0.0048 0.0016 0 0 0 0 0 0.0464 0.1938 0.5662 0.8006 0.9352 0.7146 0.3638 0.164 0.0892 0.0682 0.0288 0.0198 0.0078 0.0016 0 0 0 0 0.0068 0.0162 0.085 0.1996 0.3218 0.376 0.3674 0.2386 0.1834 0.0908 0.0552 0.0342 0.0192 0.0034 0.0024 0 0 0 0 0 0 0 0 0 0 0 0 0 0 
0 0 0 0 0 0 0 0 0 0 0 0 0 0 0 0 0.0108 0.8094 3.3052 2.4892 1.0194 0.2806 0.0702 0.0152 0 0 0 0 0 0 0 0 0 0 0.0124 0.2174 1.012 1.8362 1.549 0.8574 0.3512 0.1472 0.0142 0.003 0 0 0 0 0 0 0 0 0.0074 0.0568 0.2564 0.677 1.0108 0.894 0.5716 0.3118 0.1588 0.0434 0.0084 0.0036 0 0 0 0 0 0 0.0028 0.01 0.0438 0.138 0.2484 0.4206 0.4312 0.2764 0.2144 0.124 0.0618 0.0178 0.0052 0.0056 0 0 0 0 0 0 0 0 0 0 0 0 0 0 0 0 
0 0 0 0 0 0 0 0 0 0 0 0 0 0 0 0 0.0032 0.7938 3.2504 2.5136 0.9298 0.3496 0.084 0.0262 0.016 0.016 0.0114 0.006 0 0 0 0 0 0 0.0042 0.2124 1.0616 1.8762 1.413 0.811 0.3676 0.141 0.059 0.0204 0.0092 0.013 0.0114 0 0 0 0 0 0.0026 0.0462 0.2638 0.685 1.0204 0.8356 0.537 0.3128 0.1636 0.0766 0.026 0.0162 0.0062 0.0058 0.0022 0 0 0 0 0.0056 0.0388 0.1158 0.2482 0.3976 0.4044 0.3228 0.163 0.1278 0.0886 0.0548 0.0088 0.0138 0.01 0 0 0 0 0 0 0 0 0 0 0 0 0 0 0 
0 0 0 0 0 0 0 0 0 0 0 0 0 0 0 0 0.0056 0.7874 3.7528 2.4558 0.7662 0.1874 0.0386 0.0044 0.0018 0 0 0 0 0 0 0 0 0 0.0044 0.213 1.2552 2.0538 1.4888 0.6956 0.2178 0.0548 0.0106 0.006 0 0 0 0 0 0 0 0 0.001 0.0594 0.2878 0.9242 1.1046 0.8354 0.4902 0.2142 0.0636 0.0178 0.0018 0 0 0 0 0 0 0 0 0.0118 0.0436 0.1544 0.403 0.4842 0.3742 0.2654 0.1592 0.0728 0.0314 0 0 0 0 0 0 0 0 0 0 0 0 0 0 0 0 0 0 0 
0 0 0 0 0 0 0 0 0 0 0 0 0 0 0 0 0.0048 0.7998 3.6204 2.4294 0.8694 0.2224 0.0382 0.014 0.0016 0 0 0 0 0 0 0 0 0 0.0058 0.2852 1.249 1.9148 1.506 0.7398 0.1964 0.073 0.0278 0.0022 0 0 0 0 0 0 0 0 0.002 0.0826 0.344 0.8464 1.0446 0.8542 0.5376 0.1676 0.0872 0.0276 0.0062 0 0 0 0 0 0 0 0 0.0134 0.0558 0.169 0.3144 0.3754 0.4706 0.3132 0.1688 0.0706 0.0266 0.0206 0.0016 0 0 0 0 0 0 0 0 0 0 0 0 0 0 0 0 0 
0 0 0 0 0 0 0 0 0 0 0 0 0 0 0 0 0.0014 0.7998 3.626 2.5108 0.8176 0.1696 0.0588 0.0098 0.002 0.0042 0 0 0 0 0 0 0 0 0.0012 0.241 1.1588 2.0596 1.4792 0.674 0.2562 0.0866 0.0258 0.008 0.0054 0.0042 0 0 0 0 0 0 0 0.0626 0.3018 0.8532 1.0478 0.9002 0.4526 0.202 0.108 0.05 0.0122 0.0058 0.0038 0 0 0 0 0 0 0.0044 0.0536 0.17 0.3172 0.506 0.4246 0.2506 0.1252 0.0706 0.0518 0.0128 0.0068 0.0038 0.0026 0 0 0 0 0 0 0 0 0 0 0 0 0 0 0 
0 0 0 0 0 0 0 0 0 0 0 0 0 0 0 0 0.0096 0.836 3.17 2.3888 1.0366 0.387 0.1198 0.0408 0.0072 0.0042 0 0 0 0 0 0 0 0 0.0056 0.2132 1.1664 1.6708 1.4354 0.8254 0.4062 0.1774 0.0696 0.0202 0.0078 0.002 0 0 0 0 0 0 0.0028 0.0334 0.3032 0.6838 0.9718 0.8132 0.5532 0.3354 0.1632 0.0886 0.035 0.0164 0 0 0 0 0 0 0 0 0.033 0.1306 0.2562 0.4302 0.3588 0.259 0.2114 0.1398 0.094 0.0408 0.0324 0.0052 0.0022 0.0024 0.004 0 0 0 0 0 0 0 0 0 0 0 0 0 
0 0 0 0 0 0 0 0 0 0 0 0 0 0 0 0 0.0014 0.8822 3.4884 2.463 0.859 0.2378 0.0546 0.0136 0 0 0 0 0 0 0 0 0 0 0.0024 0.2376 1.2246 1.9432 1.4632 0.7662 0.2662 0.0864 0.0102 0 0 0 0 0 0 0 0 0 0.0014 0.0498 0.3498 0.8272 1.008 0.868 0.5622 0.2178 0.0828 0.033 0 0 0 0 0 0 0 0 0 0.0052 0.0562 0.1634 0.3054 0.4556 0.3924 0.3232 0.172 0.0752 0.0482 0.0032 0 0 0 0 0 0 0 0 0 0 0 0 0 0 0 0 0 0 
0 0 0 0 0 0 0 0 0 0 0 0 0 0 0 0 0.0026 0.8402 3.443 2.5332 0.8344 0.2284 0.0732 0.0366 0.0066 0.0018 0 0 0 0 0 0 0 0 0.0034 0.2456 1.237 1.9268 1.546 0.6448 0.2678 0.0802 0.0408 0.0076 0 0 0 0 0 0 0 0 0.0012 0.0438 0.3296 0.7764 1.1032 0.914 0.501 0.2122 0.0834 0.0292 0.006 0 0 0 0 0 0 0 0 0.0026 0.0534 0.1568 0.2978 0.444 0.3988 0.311 0.1582 0.0878 0.0616 0.0176 0.0104 0 0 0 0 0 0 0 0 0 0 0 0 0 0 0 0 0 
0 0 0 0 0 0 0 0 0 0 0 0 0 0 0 0 0.0034 0.7484 3.5486 2.6544 0.8248 0.1966 0.0238 0 0 0 0 0 0 0 0 0 0 0 0.0092 0.2116 1.1802 1.989 1.647 0.717 0.213 0.0298 0.0032 0 0 0 0 0 0 0 0 0 0.0048 0.0566 0.2932 0.7572 1.13 1.01 0.517 0.1896 0.039 0.0026 0 0 0 0 0 0 0 0 0.0024 0.0062 0.055 0.1264 0.2718 0.4698 0.5174 0.318 0.1688 0.0542 0.008 0.002 0 0 0 0 0 0 0 0 0 0 0 0 0 0 0 0 0 0 
