0.03 0.09 0.15 0.21 0.27 0.33 0.39 0.45 0.51 0.57 0.63 0.69 0.75 0.81 0.87 0.93 0.99 1.05 1.11 1.17 1.23 1.29 1.35 1.41 1.47 1.53 1.59 1.65 1.71 1.77 1.83 1.89 1.95 2.01 2.07 2.13 2.19 2.25 2.31 2.37 2.43 2.49 2.55 2.61 2.67 2.73 2.79 2.85 2.91 2.97 3.03 3.09 3.15 3.21 3.27 3.33 3.39 3.45 3.51 3.57 3.63 3.69 3.75 3.81 3.87 3.93 3.99 4.05 4.11 4.17 4.23 4.29 4.35 4.41 4.47 4.53 4.59 4.65 4.71 4.77 4.83 4.89 4.95 5.01 5.07 5.13 5.19 5.25 5.31 5.37 5.43 5.49 5.55 5.61 5.67 5.73 5.79 5.85 5.91 5.97 
0 0 0 0 0 0 0 0 0 0 0 0 0 0 0 0 0 0 0 0.0028 0.0476 0.1938 0.4914 0.8688 1.0742 1.1124 0.9562 0.7974 0.5614 0.386 0.2968 0.1668 0.108 0.0636 0.0386 0.0192 0.0076 0.0052 0.003 0 0 0.0006 0.005 0.0206 0.064 0.1184 0.199 0.3668 0.495 0.5938 0.6378 0.6112 0.5492 0.4778 0.367 0.3064 0.1948 0.1348 0.0956 0.062 0.0438 0.0248 0.0152 0.0084 0.0062 0.0038 0.0038 0.0126 0.0232 0.0476 0.069 0.1206 0.1998 0.2598 0.3082 0.3388 0.3858 0.3202 0.3126 0.2798 0.2524 0.1828 0.1506 0.0998 0.0744 0.0616 0.0246 0.0198 0.0204 0.0194 0.007 0.0078 0.0084 0.006 0.0114 0.0178 0.0272 0.0492 0.0722 0.0932 
0 0 0 0 0 0 0 0 0 0 0 0 0 0 0 0 0 0 0 0.005 0.0604 0.2774 0.5876 0.9492 1.204 1.2424 1.1394 0.9208 0.6422 0.3926 0.2422 0.14 0.0916 0.0538 0.0268 0.015 0.0068 0.0022 0.0006 0 0.0012 0.0008 0.0096 0.0324 0.0784 0.1888 0.3134 0.41 0.5698 0.6822 0.7186 0.6336 0.606 0.5012 0.4138 0.291 0.1996 0.1238 0.104 0.0546 0.0326 0.0172 0.0098 0.0068 0.0008 0.0006 0.0038 0.0106 0.0298 0.0688 0.122 0.1824 0.261 0.3178 0.3542 0.381 0.3864 0.3732 0.3354 0.3078 0.2362 0.1952 0.1722 0.1024 0.0732 0.0318 0.023 0.0142 0.007 0.0042 0.0036 0.0046 0.0016 0.0072 0.0232 0.035 0.0476 0.08 0.0976 0.1204 
0 0 0 0 0 0 0 0 0 0 0 0 0 0 0 0 0 0 0 0.0048 0.032 0.2138 0.575 1.0272 1.2452 1.2894 1.1006 0.8342 0.62 0.4256 0.2606 0.16 0.0852 0.0458 0.0314 0.0268 0.0114 0.0042 0.0024 0.0012 0.0038 0.0008 0.0074 0.0254 0.0634 0.1768 0.2768 0.4456 0.5506 0.6446 0.7182 0.68 0.6002 0.4948 0.3844 0.3144 0.216 0.141 0.0904 0.0652 0.0562 0.018 0.0106 0.0072 0.0036 0.0066 0.012 0.0156 0.0392 0.0742 0.11 0.1614 0.2198 0.2848 0.3504 0.4196 0.3822 0.3296 0.3468 0.2766 0.2206 0.232 0.177 0.1342 0.0736 0.0678 0.0384 0.017 0.007 0.0022 0.0036 0.0052 0.0094 0.013 0.0332 0.0348 0.0462 0.0666 0.0924 0.098 
0 0 0 0 0 0 0 0 0 0 0 0 0 0 0 0 0 0 0 0.0028 0.054 0.2374 0.5956 0.9944 1.2866 1.2708 1.0956 0.8656 0.5862 0.3864 0.274 0.168 0.0872 0.0494 0.021 0.0062 0.0034 0.0032 0.0042 0.005 0.001 0.0014 0.0058 0.027 0.0772 0.1362 0.2818 0.4366 0.5924 0.6694 0.7136 0.7064 0.626 0.4876 0.4344 0.289 0.2218 0.1226 0.0668 0.0478 0.0282 0.0108 0.0068 0.0046 0.0034 0.0022 0.0068 0.0168 0.0312 0.042 0.0986 0.1826 0.2588 0.291 0.396 0.3556 0.3728 0.394 0.376 0.322 0.303 0.186 0.1388 0.0954 0.0482 0.0312 0.0192 0.0148 0.0084 0.0078 0.001 0.0012 0.0068 0.0168 0.021 0.0308 0.0464 0.071 0.0888 0.1328 
0 0 0 0 0 0 0 0 0 0 0 0 0 0 0 0 0 0 0 0.0072 0.0512 0.21 0.5926 0.976 1.2768 1.2662 1.0546 0.8502 0.648 0.4078 0.2894 0.1602 0.0822 0.0438 0.0332 0.027 0.0114 0.0074 0.003 0.0018 0.0012 0.0008 0.0092 0.0154 0.0566 0.1506 0.3084 0.4238 0.5428 0.6888 0.6626 0.7168 0.634 0.535 0.431 0.2808 0.1852 0.1372 0.0862 0.0546 0.0406 0.0164 0.0088 0.0108 0.0038 0.003 0.0042 0.0098 0.0232 0.0608 0.101 0.1484 0.2226 0.3108 0.361 0.3964 0.4284 0.3978 0.3308 0.2938 0.2534 0.201 0.161 0.1188 0.071 0.0502 0.0242 0.0112 0.0104 0.0024 0.0034 0.001 0.0018 0.0062 0.0164 0.0358 0.0376 0.0734 0.102 0.1232 
0 0 0 0 0 0 0 0 0 0 0 0 0 0 0 0 0 0 0 0.0036 0.04 0.2192 0.599 0.931 1.183 1.337 1.1436 0.8846 0.6452 0.43 0.2664 0.1502 0.0866 0.0376 0.0124 0.0086 0.0096 0.007 0.0036 0.0018 0 0.0004 0.0062 0.0204 0.0686 0.1516 0.2624 0.4232 0.5598 0.6738 0.7302 0.723 0.6302 0.5526 0.4208 0.2658 0.1896 0.1216 0.0742 0.0428 0.033 0.0286 0.0118 0.0056 0.0024 0.0038 0.0014 0.005 0.0166 0.0476 0.1172 0.1564 0.2208 0.3016 0.3968 0.4022 0.4204 0.434 0.361 0.301 0.2352 0.1744 0.1262 0.088 0.067 0.0486 0.0334 0.0196 0.0104 0.0042 0.0026 0.0026 0.0032 0.0084 0.0078 0.0214 0.05 0.0752 0.1044 0.1256 
0 0 0 0 0 0 0 0 0 0 0 0 0 0 0 0 0 0 0 0.0064 0.0604 0.2438 0.5876 1.0602 1.328 1.337 1.1026 0.8444 0.552 0.398 0.2048 0.1266 0.0642 0.0312 0.0164 0.0124 0.0146 0.0036 0.003 0.0014 0.0028 0.005 0.0102 0.0296 0.0756 0.167 0.3152 0.466 0.629 0.7666 0.6876 0.6852 0.5904 0.4786 0.4056 0.2628 0.182 0.1004 0.0578 0.0302 0.0224 0.0138 0.0118 0.0032 0.0026 0.0028 0.0124 0.0176 0.0374 0.0794 0.1122 0.2182 0.2768 0.3024 0.3902 0.4156 0.402 0.3718 0.3324 0.2896 0.2452 0.17 0.127 0.0762 0.046 0.0214 0.0254 0.019 0.0068 0.0012 0.0034 0.0082 0.007 0.0078 0.016 0.0386 0.062 0.0864 0.0934 0.1474 
0 0 0 0 0 0 0 0 0 0 0 0 0 0 0 0 0 0 0.0004 0.0044 0.0404 0.2276 0.5266 0.8974 1.2312 1.338 1.1458 0.8142 0.6236 0.447 0.2654 0.167 0.1012 0.0788 0.0412 0.0266 0.0118 0.0058 0.003 0.0026 0 0.0014 0.005 0.0356 0.0686 0.1234 0.234 0.3712 0.5168 0.6646 0.7206 0.6966 0.6768 0.5486 0.438 0.2826 0.2314 0.1398 0.0998 0.0602 0.0352 0.0246 0.0138 0.0064 0.0028 0.0042 0.005 0.0116 0.0194 0.0422 0.0952 0.1252 0.2112 0.2968 0.325 0.388 0.4128 0.373 0.373 0.3382 0.2766 0.2228 0.171 0.105 0.0728 0.0518 0.0434 0.0172 0.0122 0.0064 0.0026 0.0034 0.0068 0.0082 0.0156 0.0246 0.035 0.057 0.0802 0.0998 
0 0 0 0 0 0 0 0 0 0 0 0 0 0 0 0 0 0 0 0.008 0.0556 0.2278 0.6634 1.035 1.1838 1.2258 1.124 0.8698 0.631 0.4228 0.269 0.127 0.0846 0.0388 0.0176 0.0062 0.0036 0.0038 0.0024 0 0 0.0036 0.0152 0.0392 0.0824 0.1674 0.2846 0.4508 0.5878 0.689 0.7236 0.6474 0.57 0.4988 0.4104 0.2986 0.2214 0.1424 0.0714 0.0428 0.0218 0.0172 0.0058 0.0024 0.0042 0.0058 0.0096 0.0178 0.048 0.0796 0.1232 0.1792 0.2328 0.3014 0.3386 0.4092 0.3972 0.3704 0.3546 0.2978 0.2578 0.1664 0.1408 0.104 0.0708 0.0388 0.0206 0.0194 0.0082 0.0062 0.0042 0.006 0.0114 0.0174 0.0252 0.0374 0.0456 0.0808 0.1112 0.1234 
0 0 0 0 0 0 0 0 0 0 0 0 0 0 0 0 0 0 0 0.0032 0.039 0.1836 0.5066 0.916 1.1888 1.2652 1.1314 0.888 0.628 0.4698 0.3144 0.2044 0.1252 0.0708 0.035 0.0192 0.0056 0.0046 0.0012 0 0 0.002 0.0084 0.0244 0.0554 0.1342 0.2328 0.3668 0.4804 0.637 0.661 0.6726 0.6368 0.5422 0.4566 0.3638 0.2506 0.197 0.1188 0.0626 0.0396 0.0212 0.0168 0.0118 0.0036 0.0044 0.0068 0.0186 0.0272 0.042 0.0808 0.1126 0.193 0.2636 0.2986 0.3472 0.3848 0.368 0.384 0.3536 0.296 0.259 0.1754 0.1296 0.094 0.057 0.0438 0.0268 0.0096 0.008 0.0118 0.0134 0.0074 0.0068 0.0078 0.0244 0.0362 0.048 0.0682 0.0806 
0 0 0 0 0 0 0 0 0 0 0 0 0 0 0 0 0 0 0 0.0072 0.0452 0.2424 0.6268 1.0612 1.2988 1.2792 1.06 0.865 0.5782 0.3842 0.2262 0.14 0.086 0.0456 0.0244 0.018 0.009 0.0026 0 0 0.0002 0.0012 0.009 0.0404 0.0764 0.189 0.344 0.4674 0.5988 0.7344 0.6838 0.6488 0.6014 0.4846 0.373 0.2698 0.191 0.1304 0.069 0.0356 0.02 0.0134 0.0116 0.0046 0.0012 0.0042 0.0092 0.0238 0.0502 0.07 0.1252 0.189 0.3064 0.317 0.3594 0.364 0.3806 0.3954 0.357 0.3012 0.2436 0.1812 0.132 0.0712 0.0406 0.0286 0.0134 0.0138 0.0084 0.0046 0.006 0.0116 0.012 0.0106 0.0218 0.0464 0.0712 0.0802 0.1032 0.1096 
0 0 0 0 0 0 0 0 0 0 0 0 0 0 0 0 0 0 0.0002 0.003 0.0384 0.2044 0.5672 1.0028 1.1714 1.2348 1.1126 0.8844 0.6274 0.4382 0.2788 0.1768 0.0948 0.0496 0.0344 0.0204 0.02 0.0092 0.0096 0.0058 0.0038 0.0018 0.0064 0.0298 0.064 0.1508 0.2482 0.4194 0.578 0.6826 0.6752 0.6516 0.61 0.5294 0.4098 0.3096 0.1994 0.1572 0.1094 0.0678 0.0424 0.0188 0.01 0.0078 0.0072 0.0036 0.0106 0.0134 0.0378 0.0532 0.0918 0.1586 0.2138 0.278 0.328 0.3708 0.4132 0.3854 0.3666 0.3216 0.264 0.226 0.143 0.1112 0.1 0.0518 0.0326 0.0124 0.0064 0.0086 0.0044 0.0056 0.0122 0.0162 0.0212 0.0328 0.0502 0.0552 0.0644 0.1014 
0 0 0 0 0 0 0 0 0 0 0 0 0 0 0 0 0 0 0 0.0052 0.0452 0.2126 0.5752 0.9818 1.2612 1.2698 1.175 0.8776 0.5736 0.3882 0.2344 0.1624 0.1082 0.06 0.0384 0.0186 0.0126 0 0 0 0.0008 0.004 0.0092 0.0276 0.0654 0.1538 0.2632 0.4056 0.5392 0.6726 0.715 0.7236 0.6344 0.498 0.4196 0.2734 0.2106 0.1416 0.1006 0.0668 0.0436 0.0152 0.0158 0.0022 0.0008 0.0006 0.0104 0.021 0.029 0.0582 0.0848 0.1502 0.2156 0.2844 0.3524 0.3688 0.4164 0.402 0.376 0.3308 0.257 0.1984 0.1636 0.1026 0.0656 0.0476 0.0266 0.014 0.0064 0.0088 0.0048 0.003 0.0074 0.017 0.0316 0.028 0.0472 0.0648 0.0824 0.0962 
0 0 0 0 0 0 0 0 0 0 0 0 0 0 0 0 0 0 0 0.0018 0.038 0.199 0.5848 0.9926 1.216 1.2972 1.1784 0.91 0.6422 0.385 0.235 0.1408 0.0886 0.0466 0.023 0.0116 0.0058 0.0014 0.0008 0.0014 0 0.002 0.011 0.0202 0.0642 0.1676 0.2756 0.4358 0.5484 0.634 0.6716 0.619 0.6316 0.5838 0.4566 0.3094 0.2036 0.1314 0.0892 0.0636 0.039 0.0254 0.014 0.0014 0.0016 0.002 0.0072 0.014 0.0348 0.0594 0.1116 0.1634 0.2274 0.2876 0.38 0.3688 0.3658 0.373 0.3624 0.3092 0.2454 0.1914 0.1476 0.0964 0.0836 0.073 0.0348 0.0194 0.0124 0.0124 0.0114 0.0086 0.01 0.0118 0.0218 0.0324 0.0422 0.0892 0.105 0.1288 
0 0 0 0 0 0 0 0 0 0 0 0 0 0 0 0 0 0 0 0.0022 0.0388 0.239 0.6398 1.0544 1.2392 1.3 1.1016 0.8794 0.5854 0.3492 0.2448 0.1322 0.0822 0.048 0.023 0.013 0.0164 0.0064 0.005 0 0.0014 0.001 0.0066 0.0302 0.064 0.1602 0.313 0.5048 0.6186 0.7194 0.6846 0.6658 0.5394 0.4528 0.4018 0.3026 0.19 0.1228 0.0842 0.046 0.0306 0.0198 0.0116 0.0148 0.0078 0.0052 0.0054 0.015 0.0354 0.0738 0.125 0.1896 0.272 0.3576 0.358 0.3714 0.3902 0.3676 0.3254 0.2766 0.2294 0.1744 0.1418 0.0974 0.0656 0.0406 0.0342 0.016 0.008 0.0092 0.0096 0.0056 0.0086 0.0174 0.0318 0.0382 0.0742 0.0942 0.108 0.1402 
0 0 0 0 0 0 0 0 0 0 0 0 0 0 0 0 0 0 0 0.0068 0.0478 0.2196 0.5294 0.9628 1.2204 1.1732 1.102 0.885 0.6646 0.4326 0.2902 0.2006 0.131 0.0658 0.0372 0.017 0.004 0.0036 0.0064 0 0.0004 0.0026 0.0078 0.0246 0.0736 0.1382 0.2112 0.3792 0.528 0.6884 0.7072 0.6864 0.617 0.4942 0.4098 0.3238 0.2672 0.1814 0.1162 0.0736 0.0286 0.021 0.0078 0.0058 0.0044 0.0046 0.0056 0.013 0.0214 0.0462 0.0888 0.1172 0.1758 0.2882 0.337 0.3842 0.4344 0.3946 0.3882 0.326 0.2502 0.2128 0.1544 0.1306 0.0872 0.0608 0.0282 0.0164 0.015 0.0104 0.0034 0.0034 0.0042 0.008 0.0114 0.0202 0.0338 0.0494 0.0844 0.1178 
0 0 0 0 0 0 0 0 0 0 0 0 0 0 0 0 0 0 0.0002 0.0036 0.0336 0.2192 0.5982 0.9616 1.2012 1.2694 1.1472 0.8456 0.6052 0.4416 0.2628 0.1706 0.1092 0.0604 0.0356 0.0244 0.01 0.0004 0 0 0 0.0006 0.0036 0.0272 0.0694 0.1624 0.2696 0.4074 0.5634 0.627 0.702 0.7324 0.6168 0.5332 0.4136 0.2982 0.2082 0.1376 0.1062 0.0562 0.0298 0.0136 0.009 0.0046 0.0074 0.0036 0.0042 0.0158 0.03 0.0554 0.0978 0.1508 0.2408 0.2974 0.3402 0.429 0.3918 0.369 0.3416 0.3032 0.256 0.2148 0.145 0.1052 0.0804 0.0522 0.027 0.0158 0.0154 0.0114 0.0062 0.0042 0.0044 0.009 0.0152 0.0286 0.0472 0.0528 0.1002 0.1326 
0 0 0 0 0 0 0 0 0 0 0 0 0 0 0 0 0 0 0 0.0044 0.0482 0.2156 0.535 0.9148 1.1564 1.239 1.1926 0.9154 0.6688 0.4374 0.2958 0.172 0.1058 0.0532 0.025 0.0086 0.0076 0.0022 0.0022 0 0 0.0006 0.004 0.0204 0.0684 0.1262 0.2236 0.3772 0.474 0.6444 0.7112 0.7434 0.637 0.5532 0.4074 0.3026 0.2214 0.1728 0.1208 0.083 0.0538 0.0218 0.0128 0.0112 0.0078 0.001 0.0022 0.0122 0.0184 0.047 0.0798 0.1332 0.1928 0.2674 0.3026 0.3668 0.4088 0.41 0.377 0.3358 0.2716 0.2214 0.1688 0.1212 0.1 0.0672 0.0364 0.023 0.0138 0.0102 0.0064 0.0042 0.0034 0.0084 0.0124 0.033 0.0482 0.0578 0.0718 0.1016 
0 0 0 0 0 0 0 0 0 0 0 0 0 0 0 0 0 0 0 0.0026 0.037 0.2258 0.5736 0.9634 1.2434 1.2932 1.0712 0.8082 0.6066 0.3942 0.286 0.1876 0.1294 0.0722 0.048 0.0234 0.014 0.0054 0.0072 0.006 0.0016 0.0014 0.0016 0.02 0.0658 0.1522 0.258 0.4398 0.5522 0.642 0.7112 0.676 0.557 0.477 0.4054 0.2984 0.2366 0.1712 0.1264 0.0748 0.0526 0.0262 0.0182 0.0148 0.0072 0.0116 0.0072 0.0134 0.0222 0.0554 0.0844 0.1432 0.2624 0.2938 0.3128 0.3868 0.3788 0.3876 0.3446 0.2906 0.2318 0.1992 0.167 0.1184 0.1168 0.0608 0.0386 0.033 0.0176 0.0102 0.009 0.0078 0.0076 0.0126 0.0178 0.02 0.0448 0.0722 0.0968 0.1292 
0 0 0 0 0 0 0 0 0 0 0 0 0 0 0 0 0 0 0 0.0028 0.059 0.251 0.5994 0.8748 1.1348 1.222 1.0904 0.9276 0.689 0.4564 0.3078 0.175 0.0932 0.048 0.0248 0.0152 0.0084 0.01 0.0062 0.0024 0.0018 0.001 0.004 0.0374 0.0868 0.1664 0.306 0.4036 0.5038 0.597 0.6548 0.6502 0.6312 0.491 0.436 0.3406 0.2644 0.1664 0.102 0.0668 0.04 0.017 0.0068 0.0088 0.0082 0.0076 0.01 0.022 0.0392 0.0732 0.1174 0.1732 0.2292 0.27 0.3174 0.3688 0.3614 0.3506 0.3422 0.2932 0.2304 0.195 0.1628 0.1388 0.0956 0.0692 0.0538 0.0334 0.0264 0.0128 0.0118 0.0084 0.008 0.0106 0.0198 0.0326 0.059 0.0664 0.0958 0.1054 
0 0 0 0 0 0 0 0 0 0 0 0 0 0 0 0 0 0 0.0002 0.0052 0.0588 0.218 0.5646 0.8588 1.1812 1.2278 1.1138 0.9008 0.7126 0.4584 0.2886 0.1774 0.1094 0.0568 0.0256 0.0194 0.007 0.0052 0.0046 0.0046 0.0012 0.001 0.0128 0.0376 0.0882 0.1642 0.2324 0.329 0.4736 0.622 0.6622 0.6734 0.6246 0.5312 0.4564 0.3636 0.2524 0.1678 0.1086 0.085 0.0424 0.0264 0.0156 0.0106 0.017 0.0072 0.0112 0.023 0.0442 0.0572 0.0874 0.1288 0.1986 0.242 0.2964 0.363 0.372 0.3758 0.348 0.3066 0.2772 0.239 0.1978 0.138 0.1026 0.0506 0.0388 0.022 0.0274 0.023 0.0226 0.0102 0.0064 0.0098 0.0214 0.0278 0.0466 0.0542 0.0724 0.0906 
0 0 0 0 0 0 0 0 0 0 0 0 0 0 0 0 0 0 0 0.005 0.048 0.1944 0.552 0.9824 1.226 1.2014 1.0462 0.93 0.6554 0.4176 0.2494 0.1862 0.1194 0.0814 0.0484 0.0292 0.0158 0.0052 0.0014 0.001 0.001 0.002 0.0078 0.0274 0.07 0.1494 0.2804 0.3996 0.564 0.6322 0.6616 0.6546 0.6104 0.4868 0.4292 0.3434 0.2428 0.1626 0.1124 0.0734 0.0324 0.0194 0.0098 0.0064 0.0072 0.0094 0.012 0.0286 0.0366 0.0668 0.0976 0.152 0.1962 0.2486 0.3142 0.3472 0.405 0.4022 0.379 0.3124 0.251 0.217 0.177 0.138 0.0808 0.0542 0.028 0.0132 0.0128 0.0092 0.0098 0.0146 0.01 0.0158 0.0136 0.0234 0.0528 0.0566 0.0786 0.1052 
0 0 0 0 0 0 0 0 0 0 0 0 0 0 0 0 0 0 0 0.0064 0.0474 0.2366 0.6536 1.0644 1.3314 1.229 1.0472 0.809 0.6066 0.3842 0.274 0.1582 0.0746 0.0464 0.013 0.0092 0.002 0.0024 0.001 0.0012 0.0036 0.0036 0.0046 0.0264 0.0722 0.1936 0.3496 0.498 0.596 0.684 0.7572 0.6964 0.5544 0.4438 0.3584 0.254 0.194 0.1248 0.0938 0.0538 0.0222 0.0092 0.0038 0.0048 0.0016 0.001 0.007 0.0176 0.0332 0.0678 0.1148 0.1794 0.3076 0.3502 0.4044 0.428 0.4202 0.3524 0.3012 0.275 0.2368 0.1528 0.096 0.0834 0.07 0.047 0.0348 0.0134 0.0032 0.0012 0.0012 0.0052 0.0028 0.009 0.0112 0.0276 0.0486 0.0942 0.1146 0.1378 
0 0 0 0 0 0 0 0 0 0 0 0 0 0 0 0 0 0 0 0.0034 0.0502 0.2426 0.6102 0.9524 1.2058 1.282 1.1316 0.8354 0.6022 0.4008 0.2638 0.16 0.1032 0.0604 0.041 0.0272 0.015 0.0098 0.0014 0.0016 0 0.001 0.0086 0.0234 0.0766 0.161 0.2892 0.4492 0.588 0.6236 0.6822 0.6728 0.6098 0.5378 0.3818 0.2846 0.2178 0.1362 0.0892 0.0648 0.0426 0.0302 0.0128 0.0058 0.0124 0.0036 0.0076 0.0152 0.0298 0.0564 0.0928 0.1446 0.2354 0.3428 0.3882 0.3612 0.3904 0.3934 0.3284 0.2844 0.249 0.1824 0.1494 0.1264 0.0908 0.0524 0.0316 0.0188 0.0124 0.0082 0.0028 0.0052 0.0064 0.0084 0.0146 0.0214 0.0468 0.0618 0.103 0.1198 
0 0 0 0 0 0 0 0 0 0 0 0 0 0 0 0 0 0 0 0.0026 0.0396 0.2576 0.6586 1.1006 1.297 1.305 1.053 0.7886 0.5744 0.3498 0.2396 0.159 0.069 0.0358 0.0342 0.018 0.01 0.0022 0.001 0.0018 0.0028 0.0022 0.0054 0.0272 0.0766 0.1848 0.3392 0.4966 0.625 0.699 0.7004 0.6594 0.5654 0.4496 0.3406 0.2816 0.196 0.1206 0.085 0.0558 0.0412 0.0164 0.0076 0.0056 0.0076 0.006 0.0104 0.0198 0.0346 0.0868 0.1514 0.2206 0.2894 0.3292 0.337 0.391 0.4094 0.3416 0.2708 0.2544 0.224 0.17 0.1484 0.1092 0.0708 0.049 0.0364 0.0188 0.0118 0.0092 0.0058 0.0092 0.0184 0.024 0.0314 0.0474 0.0622 0.0872 0.12 0.1266 
0 0 0 0 0 0 0 0 0 0 0 0 0 0 0 0 0 0 0 0.0002 0.043 0.236 0.6378 1.0066 1.2932 1.2268 1.0644 0.8648 0.5656 0.3926 0.2872 0.1682 0.0892 0.057 0.0282 0.0178 0.0112 0.0102 0 0 0 0.0002 0.006 0.0294 0.0822 0.1838 0.3336 0.4554 0.5618 0.6128 0.6818 0.6602 0.5866 0.4548 0.3906 0.3104 0.2418 0.1378 0.0916 0.0774 0.0416 0.0204 0.0142 0.0094 0.0062 0.0074 0.0098 0.0294 0.049 0.0802 0.143 0.1816 0.2516 0.2984 0.3208 0.331 0.3486 0.356 0.3358 0.2884 0.2346 0.204 0.1688 0.1196 0.09 0.063 0.0406 0.0148 0.022 0.0128 0.0064 0.0046 0.006 0.0118 0.0374 0.0478 0.068 0.0856 0.0998 0.1168 
0 0 0 0 0 0 0 0 0 0 0 0 0 0 0 0 0 0 0 0.0036 0.0334 0.198 0.5336 0.908 1.1432 1.1558 1.0474 0.9214 0.6862 0.485 0.343 0.2116 0.1286 0.0788 0.0464 0.0352 0.0162 0.0098 0.0086 0.0062 0 0 0.0038 0.01 0.0468 0.1532 0.2282 0.388 0.4672 0.606 0.662 0.6586 0.6186 0.5062 0.4448 0.3364 0.2752 0.2034 0.1432 0.1106 0.0692 0.0306 0.0122 0.0116 0.0064 0.0044 0.0036 0.0134 0.0228 0.0424 0.0744 0.1308 0.1786 0.2358 0.2784 0.3542 0.3644 0.4172 0.3758 0.3012 0.2878 0.2532 0.201 0.1484 0.1056 0.0634 0.0434 0.0306 0.0328 0.0224 0.0164 0.0068 0.0108 0.0064 0.012 0.0164 0.024 0.049 0.0708 0.078 
0 0 0 0 0 0 0 0 0 0 0 0 0 0 0 0 0 0 0 0.0014 0.037 0.22 0.5828 1.0488 1.3646 1.3598 1.1524 0.8812 0.5336 0.3364 0.1938 0.1232 0.0774 0.0308 0.0138 0.0088 0.0108 0.0144 0.0056 0.0022 0.0012 0.0014 0.0062 0.0142 0.0546 0.1708 0.3134 0.448 0.656 0.734 0.7958 0.721 0.5998 0.4526 0.3528 0.248 0.155 0.1034 0.0612 0.0354 0.0176 0.019 0.0078 0.0072 0.0076 0.009 0.0084 0.0152 0.0248 0.0628 0.1288 0.2034 0.2846 0.348 0.403 0.4044 0.424 0.396 0.3536 0.26 0.1916 0.1246 0.1064 0.0794 0.0586 0.0508 0.0288 0.0118 0.0072 0.0098 0.005 0.0082 0.0076 0.0188 0.0238 0.039 0.0714 0.0838 0.118 0.151 
0 0 0 0 0 0 0 0 0 0 0 0 0 0 0 0 0 0 0 0.008 0.0652 0.2604 0.6584 1.0022 1.1904 1.251 1.0686 0.8268 0.6104 0.391 0.2764 0.1544 0.0988 0.0578 0.0296 0.0214 0.015 0.0078 0.0064 0 0.0008 0.0028 0.0156 0.043 0.0872 0.1854 0.3086 0.4796 0.5998 0.6906 0.7052 0.6524 0.5174 0.4748 0.3868 0.2482 0.192 0.148 0.0906 0.0608 0.0344 0.033 0.0178 0.0154 0.0076 0.0096 0.0072 0.0176 0.0446 0.078 0.132 0.1838 0.2514 0.32 0.3712 0.3952 0.373 0.368 0.3212 0.2952 0.208 0.1784 0.1572 0.0776 0.066 0.053 0.0332 0.0278 0.0126 0.0122 0.0068 0.0052 0.013 0.0158 0.0252 0.0316 0.0456 0.068 0.1038 0.1392 
0 0 0 0 0 0 0 0 0 0 0 0 0 0 0 0 0 0 0.0006 0.0026 0.0434 0.2572 0.6482 1.0592 1.1876 1.2624 1.0724 0.8696 0.6054 0.3928 0.2458 0.1542 0.0746 0.055 0.032 0.0204 0.0066 0.0052 0.0038 0.001 0 0.0004 0.0058 0.0306 0.0754 0.182 0.3242 0.4734 0.5926 0.7086 0.7054 0.653 0.5666 0.4946 0.3632 0.2892 0.1836 0.139 0.0888 0.0496 0.0288 0.0226 0.0146 0.0068 0.0012 0.002 0.0078 0.015 0.0392 0.0794 0.1156 0.2018 0.273 0.3272 0.3624 0.3646 0.3874 0.369 0.3112 0.3126 0.228 0.1896 0.1388 0.0964 0.0646 0.0564 0.0254 0.02 0.0072 0.0032 0.0044 0.0022 0.0066 0.0094 0.0184 0.042 0.0696 0.107 0.108 0.117 
0 0 0 0 0 0 0 0 0 0 0 0 0 0 0 0 0 0 0 0.0042 0.0444 0.204 0.599 0.9398 1.1908 1.2266 1.1286 0.839 0.6202 0.4348 0.32 0.1936 0.1202 0.0654 0.0356 0.0142 0.0078 0.0034 0.0008 0.0008 0.0024 0.0036 0.0112 0.02 0.0628 0.1446 0.2366 0.4306 0.5536 0.6504 0.6838 0.6338 0.6296 0.5164 0.4214 0.2944 0.265 0.1778 0.11 0.073 0.0344 0.0236 0.011 0.007 0.0054 0.0038 0.0062 0.0142 0.0264 0.048 0.0948 0.1522 0.2274 0.2688 0.321 0.349 0.3908 0.3918 0.383 0.3372 0.2516 0.2278 0.1756 0.0912 0.0736 0.0632 0.0418 0.0216 0.0096 0.008 0.0118 0.0098 0.007 0.0112 0.0204 0.0318 0.0344 0.0698 0.0714 0.0854 
0 0 0 0 0 0 0 0 0 0 0 0 0 0 0 0 0 0 0 0.0066 0.0548 0.254 0.6374 1.056 1.267 1.1974 1.0312 0.8388 0.5996 0.395 0.2846 0.1616 0.099 0.0628 0.0244 0.0144 0.009 0.0032 0.0032 0 0 0.003 0.0056 0.0294 0.0704 0.1822 0.3728 0.4646 0.6188 0.7042 0.6912 0.6396 0.5566 0.4742 0.3392 0.28 0.219 0.1346 0.0922 0.052 0.0266 0.0134 0.0164 0.0104 0.0048 0.0038 0.0038 0.0186 0.0302 0.0626 0.1176 0.1984 0.2894 0.3536 0.421 0.3862 0.3902 0.3452 0.3006 0.2404 0.2344 0.1782 0.122 0.1128 0.0766 0.0452 0.0208 0.022 0.0124 0.0084 0.0064 0.0036 0.006 0.0082 0.0108 0.0242 0.0554 0.079 0.116 0.1382 
0 0 0 0 0 0 0 0 0 0 0 0 0 0 0 0 0 0 0 0.0008 0.0314 0.17 0.5264 0.925 1.2262 1.2692 1.1724 0.9226 0.694 0.444 0.2738 0.1366 0.0772 0.0544 0.0276 0.0182 0.0088 0.0082 0.007 0.0062 0 0 0 0.0118 0.0358 0.1014 0.2206 0.4118 0.581 0.6802 0.7046 0.67 0.6566 0.5578 0.411 0.3068 0.2134 0.1588 0.0896 0.0648 0.0484 0.0336 0.0184 0.0092 0.005 0.0054 0.0026 0.0046 0.0144 0.0328 0.0916 0.1528 0.2008 0.2566 0.3478 0.4324 0.4396 0.3902 0.3228 0.29 0.2478 0.2108 0.1792 0.1074 0.0816 0.073 0.0492 0.0284 0.0142 0.0108 0.0086 0.0042 0.0068 0.0108 0.0104 0.0242 0.048 0.063 0.0784 0.1184 
0 0 0 0 0 0 0 0 0 0 0 0 0 0 0 0 0 0 0 0.005 0.0354 0.1966 0.5968 1.0816 1.352 1.3274 1.0708 0.8542 0.5786 0.3612 0.2184 0.1678 0.0872 0.0338 0.0108 0.0086 0.0088 0.0036 0.0014 0 0 0.0008 0.0024 0.0202 0.0588 0.153 0.3008 0.4854 0.6376 0.7084 0.7012 0.696 0.6364 0.5018 0.3366 0.2922 0.194 0.1158 0.0704 0.029 0.0286 0.0174 0.007 0.0024 0.0006 0.0018 0.0022 0.0108 0.0236 0.072 0.1264 0.1886 0.2356 0.3258 0.3932 0.4442 0.414 0.3702 0.3696 0.2748 0.237 0.167 0.1076 0.0756 0.0582 0.0438 0.0314 0.0122 0.0082 0.006 0.0034 0.002 0.0014 0.0068 0.028 0.042 0.0626 0.0846 0.097 0.1276 
0 0 0 0 0 0 0 0 0 0 0 0 0 0 0 0 0 0 0 0.0012 0.0218 0.1544 0.464 0.8792 1.2002 1.2842 1.1748 0.9082 0.624 0.4736 0.3074 0.179 0.1292 0.0808 0.0602 0.0306 0.0116 0.0062 0.0044 0.005 0 0 0.0038 0.022 0.0556 0.1008 0.1962 0.3386 0.4758 0.585 0.636 0.6374 0.6354 0.554 0.4706 0.3716 0.3172 0.1936 0.1424 0.1012 0.0576 0.0424 0.0228 0.015 0.0088 0.0072 0.0074 0.0154 0.0262 0.0446 0.0812 0.1266 0.1842 0.2244 0.2538 0.3068 0.3088 0.3534 0.3656 0.36 0.3198 0.2564 0.2166 0.1672 0.1156 0.0872 0.0646 0.0418 0.0276 0.0188 0.0104 0.0064 0.0048 0.0188 0.0248 0.043 0.0422 0.0582 0.0816 0.0836 
0 0 0 0 0 0 0 0 0 0 0 0 0 0 0 0 0 0 0 0.0056 0.0606 0.2484 0.6278 1.0824 1.3652 1.3176 1.0868 0.7978 0.5342 0.3536 0.2392 0.1362 0.0782 0.0406 0.0172 0.0048 0.0038 0 0 0 0 0 0.006 0.03 0.0826 0.1924 0.355 0.5434 0.6612 0.753 0.7148 0.6754 0.5602 0.4738 0.318 0.2246 0.1634 0.1054 0.0714 0.0334 0.0172 0.0114 0.0066 0.0008 0 0 0.001 0.0188 0.0546 0.0798 0.1236 0.2176 0.2824 0.3614 0.4296 0.4564 0.4256 0.3586 0.3454 0.2336 0.1754 0.1464 0.1086 0.082 0.0474 0.031 0.0112 0.008 0.0016 0.0008 0.0014 0.0026 0.01 0.0208 0.028 0.0396 0.0666 0.098 0.11 0.1288 
0 0 0 0 0 0 0 0 0 0 0 0 0 0 0 0 0 0 0 0.0026 0.0444 0.212 0.5094 0.9062 1.0962 1.222 1.0918 0.92 0.7146 0.4908 0.3134 0.212 0.1158 0.072 0.037 0.02 0.0126 0.004 0.0032 0 0.0008 0.001 0.003 0.019 0.0644 0.1398 0.239 0.359 0.477 0.5628 0.6156 0.605 0.6948 0.6046 0.4988 0.3564 0.2606 0.1818 0.1272 0.091 0.0474 0.0242 0.0162 0.0056 0.0028 0.0022 0.0014 0.0184 0.0262 0.044 0.0992 0.127 0.1716 0.2368 0.3 0.321 0.3594 0.3964 0.3688 0.3198 0.2824 0.232 0.2052 0.1682 0.1334 0.0864 0.0414 0.0274 0.0174 0.012 0.006 0.002 0.004 0.0066 0.0162 0.02 0.0272 0.0558 0.0796 0.0984 
0 0 0 0 0 0 0 0 0 0 0 0 0 0 0 0 0 0 0 0.0098 0.0634 0.2316 0.6252 1.0108 1.2208 1.2296 1.1486 0.8334 0.6094 0.4176 0.2528 0.1668 0.0756 0.047 0.0248 0.0128 0.011 0.006 0.0014 0.0016 0 0.005 0.0086 0.0324 0.0916 0.1514 0.3046 0.4992 0.5716 0.6772 0.6794 0.6668 0.6092 0.4802 0.3678 0.3014 0.2228 0.1264 0.0994 0.0528 0.0282 0.013 0.0076 0.0038 0.0032 0.0072 0.0068 0.0182 0.0324 0.0722 0.115 0.1602 0.2226 0.2976 0.3562 0.4102 0.3964 0.4076 0.3472 0.322 0.272 0.2116 0.1332 0.087 0.055 0.0398 0.0122 0.0066 0.0052 0.0044 0.0022 0.0018 0.008 0.0196 0.0198 0.0272 0.042 0.0658 0.0846 0.1016 
0 0 0 0 0 0 0 0 0 0 0 0 0 0 0 0 0 0 0 0.0026 0.0382 0.191 0.5206 0.897 1.1636 1.2472 1.1278 0.9486 0.713 0.4836 0.2972 0.1912 0.0984 0.0372 0.0204 0.01 0.004 0.0024 0.0026 0.0028 0.0006 0.0002 0.0052 0.0192 0.042 0.1302 0.2262 0.3862 0.508 0.6098 0.6948 0.709 0.5978 0.576 0.453 0.3786 0.2548 0.1614 0.091 0.0638 0.039 0.0258 0.0074 0.009 0.0054 0.0048 0.0046 0.0114 0.0244 0.035 0.0852 0.125 0.1786 0.2722 0.308 0.3448 0.4116 0.4082 0.3836 0.3622 0.2776 0.229 0.1628 0.121 0.0944 0.0666 0.0418 0.0208 0.0168 0.0066 0.0028 0.006 0.0136 0.015 0.016 0.0168 0.0238 0.0444 0.075 0.087 
0 0 0 0 0 0 0 0 0 0 0 0 0 0 0 0 0 0 0 0.0016 0.057 0.2834 0.5852 0.974 1.1662 1.162 1.06 0.833 0.6624 0.489 0.2984 0.1798 0.099 0.0722 0.0316 0.0246 0.0094 0.004 0.0032 0.001 0.0026 0.0014 0.0134 0.0338 0.0918 0.1612 0.3054 0.4544 0.4936 0.5966 0.6622 0.6298 0.5836 0.5174 0.3894 0.3122 0.2516 0.1844 0.129 0.07 0.052 0.0326 0.0124 0.0106 0.0056 0.0082 0.0098 0.0198 0.0302 0.074 0.1246 0.185 0.2094 0.2804 0.311 0.3492 0.3692 0.3224 0.3178 0.329 0.269 0.1976 0.148 0.1384 0.1118 0.078 0.0546 0.0386 0.0136 0.01 0.007 0.0098 0.0086 0.0134 0.0194 0.0346 0.0488 0.0732 0.1048 0.114 
0 0 0 0 0 0 0 0 0 0 0 0 0 0 0 0 0 0 0 0.001 0.0354 0.2076 0.5598 0.935 1.2 1.3368 1.1576 0.84 0.5734 0.404 0.272 0.1786 0.1272 0.0674 0.0402 0.0248 0.0208 0.0078 0.0032 0.0022 0.0014 0.0012 0.004 0.0162 0.06 0.1174 0.268 0.4038 0.5206 0.6718 0.6946 0.6892 0.5974 0.5334 0.4622 0.3318 0.2124 0.1286 0.0816 0.07 0.0434 0.0326 0.0264 0.015 0.0082 0.0062 0.0088 0.0112 0.0312 0.0426 0.0852 0.1546 0.2206 0.2772 0.3248 0.3504 0.382 0.3828 0.3702 0.3482 0.275 0.2198 0.141 0.0984 0.0866 0.0714 0.0422 0.0322 0.0174 0.0146 0.0098 0.0076 0.0098 0.006 0.0162 0.034 0.0582 0.0718 0.0924 0.073 
0 0 0 0 0 0 0 0 0 0 0 0 0 0 0 0 0 0 0 0.0002 0.0298 0.1802 0.5508 0.9694 1.1476 1.2454 1.1178 0.8916 0.6974 0.458 0.3192 0.162 0.0788 0.0604 0.043 0.0214 0.008 0.005 0.0042 0.0044 0.0028 0.0016 0.0024 0.0128 0.052 0.151 0.2612 0.3802 0.5016 0.6074 0.672 0.7108 0.6564 0.5574 0.4352 0.3192 0.2456 0.1502 0.1054 0.0722 0.041 0.0244 0.011 0.0128 0.0102 0.006 0.0034 0.009 0.027 0.0402 0.0914 0.14 0.2212 0.2492 0.3104 0.3938 0.3788 0.4062 0.3574 0.3326 0.2672 0.2098 0.1488 0.1254 0.0934 0.0748 0.0516 0.0306 0.0194 0.0052 0.0044 0.0076 0.0056 0.0092 0.018 0.021 0.0374 0.0506 0.07 0.0958 
0 0 0 0 0 0 0 0 0 0 0 0 0 0 0 0 0 0 0 0.0024 0.049 0.1796 0.476 0.8674 1.1222 1.1756 1.1362 0.9066 0.6842 0.5358 0.3646 0.2088 0.1272 0.0668 0.0372 0.0278 0.0198 0.0058 0.0032 0.0028 0.001 0 0.0024 0.0178 0.0614 0.1268 0.2072 0.3054 0.4616 0.5856 0.6306 0.636 0.615 0.5506 0.4836 0.407 0.3038 0.1802 0.1382 0.1044 0.0588 0.0482 0.0248 0.0206 0.0166 0.0064 0.0044 0.012 0.0182 0.0428 0.0822 0.1122 0.1806 0.2268 0.297 0.3282 0.3476 0.3688 0.3226 0.31 0.2722 0.242 0.2284 0.1662 0.1284 0.0916 0.064 0.0554 0.0396 0.0184 0.0226 0.0154 0.0068 0.012 0.0136 0.0212 0.03 0.0426 0.0682 0.0868 
0 0 0 0 0 0 0 0 0 0 0 0 0 0 0 0 0 0 0.0002 0.0052 0.0518 0.2402 0.6006 1.0182 1.2598 1.2432 1.1018 0.8414 0.6012 0.3926 0.27 0.144 0.1046 0.0468 0.0282 0.0202 0.014 0.012 0.003 0.001 0.0008 0.0028 0.0134 0.0326 0.0682 0.148 0.2856 0.4234 0.5752 0.6582 0.7552 0.7054 0.5902 0.5232 0.41 0.3012 0.2018 0.1076 0.0692 0.0552 0.032 0.0226 0.0088 0.0044 0.0044 0.0052 0.0078 0.0156 0.0286 0.0668 0.1062 0.165 0.224 0.3046 0.3636 0.413 0.4306 0.4102 0.3466 0.3056 0.1992 0.1558 0.1508 0.1082 0.0722 0.0498 0.0332 0.0164 0.0116 0.0046 0.006 0.0026 0.007 0.0108 0.0216 0.0352 0.047 0.0672 0.1096 0.1358 
0 0 0 0 0 0 0 0 0 0 0 0 0 0 0 0 0 0 0 0.0024 0.0426 0.1802 0.5562 0.8986 1.234 1.3572 1.1928 0.8698 0.6188 0.4152 0.2654 0.156 0.1018 0.059 0.0268 0.0134 0.0034 0.0022 0.0016 0.0026 0 0.001 0.0084 0.026 0.0608 0.1228 0.2348 0.377 0.5434 0.689 0.753 0.6898 0.6152 0.5422 0.4118 0.3004 0.2246 0.1532 0.1032 0.065 0.0284 0.0244 0.0146 0.0088 0.0034 0.0008 0.004 0.0126 0.0298 0.0576 0.099 0.1362 0.1982 0.2986 0.3184 0.3776 0.381 0.3844 0.3638 0.392 0.276 0.191 0.1478 0.1094 0.0812 0.0534 0.0294 0.0258 0.0212 0.0092 0.004 0.0032 0.0046 0.0138 0.0246 0.0302 0.041 0.0622 0.0736 0.1144 
0 0 0 0 0 0 0 0 0 0 0 0 0 0 0 0 0 0 0 0.0034 0.0458 0.2132 0.5316 1.0012 1.261 1.2354 1.0652 0.8414 0.6222 0.4318 0.2862 0.1976 0.1326 0.0704 0.0414 0.0106 0.0056 0.0034 0 0 0 0 0.0052 0.0242 0.0702 0.15 0.2546 0.393 0.5852 0.6362 0.6536 0.6716 0.6144 0.52 0.4032 0.3368 0.2562 0.1744 0.1212 0.0732 0.0354 0.0136 0.0068 0.001 0 0 0.0006 0.0096 0.0308 0.0672 0.118 0.16 0.2214 0.292 0.3284 0.3752 0.3368 0.36 0.3264 0.2978 0.2762 0.2404 0.1792 0.1434 0.0982 0.0552 0.0372 0.0278 0.0102 0.0058 0.0022 0 0.0036 0.0156 0.0254 0.0358 0.0534 0.0652 0.0952 0.1016 
0 0 0 0 0 0 0 0 0 0 0 0 0 0 0 0 0 0 0 0.0034 0.04 0.2004 0.5284 0.9568 1.1534 1.2252 1.1154 0.9402 0.6488 0.4432 0.2946 0.184 0.11 0.067 0.036 0.0306 0.0146 0.008 0 0 0.0006 0.0042 0.0058 0.0188 0.0514 0.1304 0.2758 0.3852 0.5356 0.6476 0.669 0.6446 0.637 0.5042 0.4038 0.3188 0.2426 0.1848 0.129 0.0864 0.0482 0.0344 0.02 0.01 0.0112 0.0042 0.0022 0.0076 0.0182 0.0406 0.0912 0.1618 0.2352 0.2808 0.3382 0.3652 0.3608 0.3618 0.3542 0.2806 0.2384 0.216 0.18 0.1374 0.1102 0.0796 0.057 0.03 0.021 0.0082 0.0056 0.0056 0.0042 0.0098 0.0134 0.0244 0.058 0.0648 0.0782 0.112 
0 0 0 0 0 0 0 0 0 0 0 0 0 0 0 0 0 0 0 0.003 0.041 0.2228 0.5936 1.015 1.2866 1.3138 1.1074 0.8446 0.6078 0.388 0.2464 0.1332 0.0992 0.0552 0.021 0.0098 0.0044 0.0026 0.0018 0.0028 0 0.0004 0.0078 0.0224 0.0694 0.1712 0.2934 0.4298 0.6056 0.7368 0.7054 0.6566 0.5958 0.4624 0.3752 0.2998 0.1996 0.1528 0.109 0.0488 0.018 0.0136 0.0084 0.0088 0.0038 0.006 0.011 0.0168 0.0364 0.0642 0.1102 0.1648 0.2362 0.3286 0.3792 0.3816 0.386 0.3932 0.3554 0.2852 0.2228 0.1842 0.161 0.1092 0.0682 0.0366 0.025 0.0166 0.0144 0.0046 0.0026 0.0084 0.014 0.016 0.0198 0.0414 0.0506 0.092 0.0888 0.115 
0 0 0 0 0 0 0 0 0 0 0 0 0 0 0 0 0 0 0 0.0054 0.0478 0.2338 0.619 1.045 1.3078 1.2952 1.0698 0.7722 0.5318 0.3944 0.2478 0.171 0.1058 0.0632 0.0424 0.0332 0.0106 0.0032 0.0006 0 0 0.0032 0.0166 0.0386 0.0932 0.1656 0.3128 0.4906 0.5942 0.724 0.6868 0.6232 0.5216 0.4408 0.3628 0.2664 0.2238 0.1498 0.0888 0.0766 0.0518 0.0382 0.016 0.008 0.0058 0.0068 0.0104 0.0214 0.0458 0.081 0.1272 0.2016 0.2652 0.2782 0.374 0.4018 0.3672 0.3782 0.2992 0.2624 0.2298 0.1842 0.1254 0.09 0.0666 0.0412 0.045 0.0308 0.0212 0.022 0.009 0.0134 0.0092 0.016 0.0308 0.0394 0.0706 0.0908 0.105 0.1052 
0 0 0 0 0 0 0 0 0 0 0 0 0 0 0 0 0 0 0 0.0018 0.0446 0.217 0.5596 1.0466 1.3394 1.3878 1.179 0.847 0.5854 0.3602 0.1894 0.1084 0.062 0.033 0.02 0.0098 0.009 0 0 0 0 0 0.0036 0.0212 0.0508 0.1434 0.3078 0.4662 0.6272 0.7194 0.7618 0.6998 0.6246 0.5416 0.386 0.2762 0.1588 0.0962 0.0612 0.0282 0.0198 0.0022 0.0018 0.0022 0.0006 0.001 0.0076 0.011 0.023 0.062 0.1072 0.1764 0.3058 0.3278 0.3756 0.428 0.4182 0.389 0.3674 0.2882 0.23 0.1632 0.1228 0.0736 0.0564 0.038 0.0164 0.0064 0.0018 0.0018 0.0052 0.0038 0.0056 0.0094 0.0118 0.0322 0.059 0.0862 0.1148 0.127 
0 0 0 0 0 0 0 0 0 0 0 0 0 0 0 0 0 0 0 0.0092 0.0456 0.1946 0.5114 0.9506 1.1794 1.2474 1.128 0.864 0.6852 0.4368 0.2846 0.2008 0.1136 0.0566 0.0264 0.021 0.0126 0.0094 0.0064 0.004 0.0018 0.0056 0.0086 0.0256 0.0616 0.1144 0.2452 0.3892 0.564 0.605 0.6592 0.6702 0.642 0.5724 0.4186 0.2932 0.2648 0.1862 0.1 0.0486 0.0384 0.0322 0.0216 0.0116 0.0086 0.0078 0.0128 0.0152 0.02 0.0426 0.0894 0.1366 0.2186 0.2646 0.3392 0.3494 0.373 0.4108 0.3664 0.3136 0.2796 0.2158 0.1506 0.1198 0.0908 0.0576 0.0502 0.0252 0.021 0.0126 0.0086 0.0142 0.0134 0.0138 0.0146 0.021 0.0416 0.0532 0.0746 0.1 
0 0 0 0 0 0 0 0 0 0 0 0 0 0 0 0 0 0 0 0.0078 0.0774 0.2826 0.6952 1.105 1.3476 1.2174 1.0494 0.7892 0.5394 0.3538 0.2422 0.1368 0.0774 0.0456 0.0244 0.0052 0.001 0.001 0.0016 0 0 0.002 0.0152 0.0458 0.1276 0.2256 0.3678 0.516 0.638 0.7388 0.6756 0.6814 0.5572 0.424 0.333 0.2294 0.1308 0.1064 0.0918 0.0482 0.0248 0.0112 0.005 0.001 0.004 0.0048 0.01 0.0286 0.0616 0.0914 0.1566 0.2558 0.2992 0.351 0.4038 0.4082 0.3816 0.344 0.3192 0.2496 0.1778 0.141 0.0958 0.0722 0.0538 0.0354 0.0304 0.0174 0.0086 0.005 0.0046 0.0084 0.0148 0.02 0.0284 0.0446 0.0672 0.0896 0.1334 0.144 
0 0 0 0 0 0 0 0 0 0 0 0 0 0 0 0 0 0 0 0.0026 0.036 0.1896 0.5702 1.0158 1.2698 1.2694 1.11 0.8134 0.6064 0.433 0.302 0.1508 0.0932 0.0616 0.0484 0.022 0.0042 0.0016 0 0 0 0.001 0.0036 0.0198 0.0602 0.1582 0.276 0.45 0.545 0.6196 0.6854 0.7122 0.6476 0.5326 0.3774 0.265 0.2166 0.17 0.1168 0.0666 0.041 0.0186 0.011 0.0058 0 0.0012 0.0008 0.0068 0.0314 0.0616 0.1048 0.1852 0.2204 0.2948 0.3196 0.4 0.3998 0.3502 0.333 0.3258 0.2692 0.21 0.158 0.1144 0.0774 0.0458 0.0382 0.0288 0.008 0.0052 0.0048 0.0026 0.0078 0.0128 0.0198 0.033 0.0574 0.0608 0.0824 0.1082 
0 0 0 0 0 0 0 0 0 0 0 0 0 0 0 0 0 0 0 0.0022 0.0456 0.2164 0.638 1.0392 1.2602 1.3342 1.111 0.8524 0.5932 0.3504 0.2288 0.1434 0.094 0.0486 0.02 0.011 0.002 0.0024 0.0026 0.0044 0 0.0006 0.009 0.023 0.0842 0.1608 0.2938 0.472 0.6066 0.7394 0.7246 0.6202 0.5694 0.4768 0.38 0.291 0.2048 0.1386 0.079 0.0468 0.0286 0.0232 0.014 0.0082 0.0026 0.002 0.0098 0.0216 0.0354 0.0718 0.1228 0.201 0.2522 0.3194 0.3552 0.3986 0.384 0.3664 0.345 0.288 0.2236 0.17 0.1284 0.1088 0.0672 0.0478 0.0264 0.0224 0.0254 0.0084 0.0012 0.002 0.0072 0.0144 0.0336 0.0444 0.0566 0.079 0.1022 0.121 
0 0 0 0 0 0 0 0 0 0 0 0 0 0 0 0 0 0 0 0.0052 0.0486 0.2048 0.5868 1.026 1.2818 1.2838 1.0738 0.8186 0.651 0.3962 0.2516 0.1746 0.0792 0.0472 0.0286 0.0232 0.0106 0.0062 0.0018 0.0004 0 0 0.0006 0.0264 0.058 0.1476 0.2668 0.4606 0.6056 0.6682 0.7258 0.701 0.5718 0.4864 0.4092 0.3016 0.1914 0.1376 0.0976 0.0552 0.0438 0.0254 0.0088 0.0064 0.0042 0 0 0.0076 0.0252 0.0612 0.1006 0.163 0.2408 0.3172 0.3898 0.4064 0.4186 0.3666 0.3452 0.27 0.219 0.1908 0.148 0.1138 0.0788 0.0664 0.0304 0.0212 0.0074 0.0048 0.0046 0.0024 0.0076 0.0092 0.0214 0.0224 0.0466 0.0786 0.092 0.1322 
0 0 0 0 0 0 0 0 0 0 0 0 0 0 0 0 0 0 0 0.003 0.0532 0.24 0.619 1.0158 1.2718 1.2454 1.13 0.8642 0.5806 0.371 0.245 0.1532 0.099 0.051 0.0318 0.0094 0.007 0.003 0.0014 0.0028 0.0024 0.0016 0.0112 0.0368 0.0836 0.1728 0.2944 0.4276 0.5786 0.6804 0.7294 0.6782 0.6142 0.4998 0.3742 0.278 0.2064 0.139 0.0968 0.0482 0.0238 0.0112 0.0062 0.0024 0.0036 0.0056 0.0116 0.0204 0.034 0.0604 0.1004 0.1922 0.2584 0.3324 0.3704 0.3642 0.401 0.3776 0.323 0.3054 0.2486 0.2034 0.1424 0.0938 0.052 0.044 0.023 0.0116 0.0096 0.008 0.0056 0.0054 0.007 0.0104 0.02 0.0362 0.0496 0.0814 0.1142 0.1282 
0 0 0 0 0 0 0 0 0 0 0 0 0 0 0 0 0 0 0 0.0026 0.05 0.217 0.5156 0.9084 1.2222 1.218 1.1314 0.912 0.616 0.4496 0.2588 0.1896 0.133 0.0602 0.04 0.0306 0.0152 0.0078 0.0064 0.005 0.0048 0.0068 0.0124 0.0226 0.073 0.1474 0.2244 0.3882 0.5254 0.6376 0.6844 0.6572 0.5638 0.5318 0.4154 0.327 0.2528 0.1722 0.1196 0.0888 0.0496 0.0354 0.0304 0.0186 0.0098 0.0092 0.0128 0.0138 0.0364 0.0588 0.0898 0.1474 0.2002 0.268 0.3194 0.337 0.3626 0.3708 0.3488 0.2952 0.2764 0.2186 0.1566 0.1364 0.1046 0.0782 0.056 0.049 0.0314 0.0118 0.0106 0.0098 0.015 0.008 0.017 0.0322 0.0456 0.0538 0.0854 0.1066 
0 0 0 0 0 0 0 0 0 0 0 0 0 0 0 0 0 0 0.0006 0.006 0.04 0.2008 0.4954 0.8682 1.1566 1.2218 1.1608 0.9182 0.6888 0.5034 0.2912 0.1914 0.0966 0.0588 0.0418 0.0204 0.0144 0.0074 0.0044 0.0062 0.003 0.001 0.002 0.0102 0.0504 0.1072 0.233 0.37 0.5136 0.6582 0.6456 0.6484 0.676 0.5746 0.4502 0.3182 0.2542 0.1736 0.1022 0.0678 0.0542 0.0352 0.0172 0.0138 0.0078 0.0026 0.0026 0.009 0.0188 0.0368 0.0622 0.1104 0.1916 0.2882 0.3524 0.338 0.3782 0.3776 0.39 0.336 0.2754 0.2462 0.1908 0.1154 0.0914 0.0688 0.0474 0.0218 0.0282 0.0146 0.0094 0.01 0.0068 0.0078 0.0056 0.0146 0.0336 0.0566 0.0676 0.0764 
0 0 0 0 0 0 0 0 0 0 0 0 0 0 0 0 0 0 0 0.004 0.0372 0.1964 0.548 0.9898 1.2586 1.2408 1.137 0.898 0.6166 0.4162 0.27 0.169 0.1022 0.0588 0.0206 0.0132 0.0102 0.0068 0.0044 0.0022 0 0.0038 0.0064 0.0218 0.0558 0.1248 0.245 0.3996 0.559 0.6698 0.7394 0.7598 0.6588 0.504 0.3586 0.3094 0.2256 0.1386 0.0874 0.0556 0.0284 0.02 0.01 0.0072 0.0032 0.0034 0.0072 0.0056 0.0162 0.0508 0.0888 0.1548 0.232 0.2752 0.349 0.4278 0.411 0.3914 0.3378 0.3216 0.2898 0.216 0.1502 0.1 0.0586 0.0468 0.0326 0.0258 0.0056 0.006 0.0048 0.0008 0.0006 0.0068 0.0144 0.0288 0.0412 0.0548 0.0896 0.1062 
0 0 0 0 0 0 0 0 0 0 0 0 0 0 0 0 0 0 0.0002 0.0052 0.0478 0.2098 0.5874 0.9532 1.2152 1.2128 1.017 0.8684 0.6448 0.4764 0.3162 0.1932 0.117 0.0606 0.037 0.0144 0.0136 0.0036 0.0062 0 0 0 0.0058 0.0314 0.068 0.1572 0.2474 0.4282 0.5402 0.61 0.6572 0.6078 0.595 0.5704 0.4874 0.353 0.2224 0.1488 0.1106 0.0662 0.0416 0.0218 0.0174 0.0064 0.0026 0.0038 0.0058 0.0104 0.0266 0.0618 0.1092 0.1464 0.2142 0.2622 0.3252 0.3536 0.3802 0.373 0.3316 0.3282 0.311 0.2328 0.1684 0.1368 0.0862 0.0506 0.0346 0.0194 0.0082 0.008 0.0056 0.0038 0.0054 0.0028 0.023 0.0314 0.0544 0.071 0.0844 0.0938 
0 0 0 0 0 0 0 0 0 0 0 0 0 0 0 0 0 0 0.0004 0.0048 0.031 0.1948 0.5124 0.93 1.2816 1.358 1.096 0.8696 0.5902 0.3878 0.3 0.1756 0.096 0.0642 0.0496 0.027 0.0136 0.0106 0.0022 0.0008 0.0016 0.0032 0.003 0.0188 0.0452 0.1032 0.2236 0.3774 0.5482 0.6758 0.724 0.7356 0.6742 0.5172 0.4082 0.3136 0.2162 0.1298 0.0894 0.0806 0.0422 0.0296 0.0156 0.0118 0.0068 0.0078 0.0054 0.0092 0.0208 0.0356 0.078 0.1428 0.1976 0.2708 0.3226 0.3598 0.4032 0.4212 0.4242 0.3416 0.2932 0.1872 0.14 0.097 0.0738 0.051 0.0496 0.0214 0.026 0.016 0.0118 0.0084 0.0064 0.0088 0.0188 0.0302 0.0334 0.0408 0.069 0.0918 
0 0 0 0 0 0 0 0 0 0 0 0 0 0 0 0 0 0 0 0.0042 0.04 0.1954 0.4944 0.8708 1.25 1.3314 1.1674 0.8798 0.6252 0.4226 0.2462 0.1794 0.1084 0.0876 0.0446 0.0262 0.0152 0.0044 0.0014 0.0006 0.0016 0.0044 0.0098 0.0172 0.0434 0.1014 0.2244 0.3934 0.5232 0.6594 0.7222 0.7022 0.6452 0.5784 0.4092 0.2934 0.2092 0.1506 0.1 0.0756 0.0442 0.0342 0.0164 0.0138 0.012 0.0132 0.0076 0.0126 0.0232 0.0424 0.0832 0.1588 0.1828 0.2316 0.3444 0.3846 0.404 0.422 0.3982 0.3048 0.2422 0.194 0.135 0.1174 0.088 0.062 0.0544 0.0444 0.029 0.0104 0.0076 0.0084 0.0118 0.017 0.0222 0.0264 0.0398 0.049 0.0618 0.0934 
0 0 0 0 0 0 0 0 0 0 0 0 0 0 0 0 0 0 0 0.0016 0.0348 0.2072 0.5412 1.029 1.2986 1.4316 1.1636 0.8486 0.5718 0.3558 0.2408 0.1396 0.0622 0.037 0.0172 0.0084 0.0022 0.0016 0.0004 0.0006 0.001 0.0022 0.0094 0.0254 0.0642 0.1156 0.2628 0.451 0.5598 0.688 0.8306 0.7098 0.6724 0.5272 0.3868 0.2642 0.1934 0.1054 0.0498 0.0422 0.0206 0.0108 0.0056 0.0004 0.001 0.0052 0.0092 0.0186 0.0242 0.0516 0.099 0.1648 0.2244 0.299 0.3836 0.4128 0.4508 0.4366 0.367 0.302 0.2526 0.1896 0.0986 0.0788 0.0496 0.0314 0.0192 0.0122 0.0148 0.0142 0.007 0.0056 0.0062 0.011 0.0154 0.0342 0.0446 0.071 0.0966 0.1354 
0 0 0 0 0 0 0 0 0 0 0 0 0 0 0 0 0 0 0 0.0036 0.041 0.2194 0.5616 1.0514 1.3688 1.3102 1.1064 0.8328 0.559 0.3712 0.2352 0.126 0.083 0.0624 0.0326 0.009 0.008 0.0064 0.0022 0.0026 0.0034 0.0014 0.008 0.0224 0.0768 0.1734 0.287 0.4756 0.6168 0.6868 0.7534 0.6412 0.577 0.4744 0.3914 0.2698 0.1784 0.1358 0.1012 0.0598 0.0262 0.016 0.0118 0.0052 0.0046 0.004 0.004 0.0138 0.0324 0.0776 0.1552 0.2024 0.2496 0.3 0.3612 0.3976 0.406 0.3968 0.3426 0.2668 0.1974 0.1472 0.1154 0.086 0.0648 0.0694 0.0422 0.0294 0.0178 0.0092 0.0066 0.0058 0.0098 0.0238 0.037 0.0382 0.0528 0.085 0.1198 0.13 
0 0 0 0 0 0 0 0 0 0 0 0 0 0 0 0 0 0 0 0.0014 0.0352 0.18 0.5072 0.9452 1.2908 1.313 1.199 0.9116 0.6156 0.41 0.2504 0.1346 0.0886 0.0416 0.0308 0.016 0.0124 0.0058 0.002 0.0024 0.0028 0.0036 0.0046 0.017 0.048 0.1066 0.2204 0.369 0.5516 0.639 0.7198 0.7054 0.6586 0.5298 0.438 0.3126 0.2394 0.173 0.081 0.0648 0.046 0.028 0.0154 0.0088 0.007 0.0064 0.0092 0.0126 0.023 0.0592 0.08 0.1354 0.1914 0.2416 0.3524 0.3926 0.3934 0.3806 0.3596 0.3476 0.2498 0.1778 0.1642 0.1514 0.0892 0.0624 0.0506 0.0264 0.0194 0.0136 0.0102 0.0128 0.008 0.016 0.0222 0.0286 0.0396 0.0484 0.0922 0.1284 
0 0 0 0 0 0 0 0 0 0 0 0 0 0 0 0 0 0 0 0.0038 0.0414 0.2098 0.5762 1.0054 1.251 1.2426 1.0816 0.8316 0.6098 0.4338 0.2642 0.1866 0.1114 0.0766 0.032 0.0216 0.0114 0.0066 0.0014 0.0012 0.0004 0.0038 0.0092 0.0232 0.0702 0.1404 0.2764 0.4426 0.5736 0.6412 0.6498 0.6424 0.577 0.5046 0.4232 0.346 0.239 0.167 0.104 0.0886 0.0388 0.0178 0.008 0.005 0.0046 0.0108 0.0102 0.0146 0.0234 0.0522 0.0954 0.1574 0.2416 0.292 0.3548 0.335 0.377 0.3628 0.3694 0.2948 0.2576 0.2176 0.1748 0.1238 0.071 0.0664 0.0534 0.0196 0.0096 0.007 0.006 0.0064 0.014 0.0134 0.017 0.0266 0.0498 0.0696 0.0858 0.099 
0 0 0 0 0 0 0 0 0 0 0 0 0 0 0 0 0 0 0 0.0044 0.0424 0.24 0.688 1.1354 1.36 1.3254 1.0654 0.7866 0.5418 0.3426 0.2228 0.1136 0.0652 0.037 0.0118 0.0052 0.0044 0.005 0.003 0 0 0.0016 0.0148 0.0288 0.077 0.194 0.3458 0.5118 0.6222 0.7394 0.7834 0.7248 0.6046 0.4908 0.3058 0.1904 0.1306 0.088 0.0672 0.0362 0.0162 0.0134 0.0048 0.0064 0.004 0.0052 0.0056 0.0258 0.0324 0.0726 0.1402 0.2156 0.2776 0.3326 0.4042 0.4854 0.4614 0.4212 0.3308 0.24 0.1624 0.1218 0.0956 0.062 0.0366 0.0248 0.018 0.01 0.0072 0.0038 0.0048 0.0062 0.0122 0.0156 0.018 0.0426 0.0674 0.1064 0.1174 0.1418 
0 0 0 0 0 0 0 0 0 0 0 0 0 0 0 0 0 0 0 0.003 0.0448 0.2134 0.587 0.9718 1.2976 1.2912 1.0984 0.824 0.6162 0.3724 0.236 0.1684 0.1034 0.0704 0.0464 0.0298 0.0122 0.0054 0.0048 0.0012 0.0012 0.0016 0.0034 0.0242 0.0648 0.1614 0.2658 0.4266 0.5706 0.6612 0.73 0.6716 0.5972 0.5234 0.395 0.2704 0.2082 0.1572 0.1026 0.073 0.0378 0.0234 0.0112 0.0106 0.008 0.0026 0.0022 0.0122 0.0372 0.0642 0.1104 0.1736 0.2082 0.2768 0.3466 0.3856 0.4052 0.4112 0.3616 0.3 0.2268 0.1694 0.1458 0.126 0.08 0.0444 0.044 0.0298 0.0198 0.01 0.009 0.0034 0.0056 0.0078 0.0214 0.0398 0.053 0.0748 0.0798 0.106 
0 0 0 0 0 0 0 0 0 0 0 0 0 0 0 0 0 0 0 0.0024 0.048 0.2342 0.6022 1.0146 1.2714 1.242 1.1874 0.9562 0.6476 0.3458 0.198 0.1254 0.0726 0.0328 0.0136 0.0036 0.0022 0 0 0 0 0.0016 0.0062 0.0232 0.0692 0.1554 0.3014 0.4388 0.5996 0.6828 0.751 0.7214 0.6194 0.4912 0.4126 0.2752 0.1886 0.1118 0.079 0.038 0.0192 0.0084 0.006 0 0.0014 0.0012 0.0036 0.0106 0.0408 0.064 0.1094 0.1584 0.2784 0.3388 0.364 0.4318 0.3976 0.396 0.3356 0.2876 0.2332 0.1626 0.1206 0.1002 0.0804 0.0452 0.0238 0.0076 0.0034 0.0014 0.0048 0.0078 0.0082 0.0108 0.0132 0.0358 0.056 0.0886 0.1012 0.1262 
0 0 0 0 0 0 0 0 0 0 0 0 0 0 0 0 0 0 0.0006 0.0032 0.0382 0.1946 0.5324 0.9742 1.208 1.2812 1.1708 0.8792 0.6112 0.4076 0.271 0.1714 0.1048 0.0642 0.0354 0.0264 0.0136 0.0074 0.0034 0.0012 0 0.001 0.002 0.0198 0.0672 0.1274 0.2422 0.3966 0.5246 0.6612 0.697 0.6984 0.62 0.5144 0.4174 0.3246 0.2216 0.1612 0.1002 0.0682 0.0444 0.0374 0.0216 0.0138 0.0078 0.009 0.0034 0.0062 0.0166 0.058 0.105 0.1422 0.2112 0.2718 0.318 0.3816 0.3896 0.3878 0.3802 0.3426 0.2516 0.2068 0.1482 0.0968 0.08 0.0604 0.036 0.0302 0.023 0.0128 0.009 0.0092 0.0088 0.015 0.0182 0.03 0.0448 0.0734 0.0762 0.1196 
0 0 0 0 0 0 0 0 0 0 0 0 0 0 0 0 0 0 0 0.0048 0.039 0.2238 0.5716 0.977 1.2168 1.2684 1.0724 0.8494 0.6464 0.4318 0.2832 0.1738 0.1138 0.0714 0.032 0.0132 0.0076 0.0024 0.0012 0 0.0006 0.0006 0.0056 0.0268 0.0922 0.1948 0.292 0.4058 0.5218 0.6016 0.666 0.651 0.6212 0.551 0.4408 0.3058 0.242 0.1768 0.0938 0.0478 0.034 0.0208 0.0056 0.0016 0.0006 0.0016 0.0086 0.0124 0.0366 0.0706 0.1276 0.1734 0.2476 0.2688 0.2982 0.3294 0.3562 0.398 0.3862 0.3196 0.2786 0.2232 0.1528 0.1072 0.0642 0.051 0.0416 0.0246 0.015 0.0032 0.006 0.0018 0.0062 0.0098 0.0222 0.0382 0.0534 0.074 0.0706 0.096 
0 0 0 0 0 0 0 0 0 0 0 0 0 0 0 0 0 0 0 0.0032 0.044 0.2102 0.5358 0.9866 1.204 1.2968 1.1308 0.867 0.6322 0.4224 0.256 0.201 0.0944 0.0512 0.0346 0.0126 0.0076 0.0048 0.0048 0 0 0.0008 0.0044 0.0322 0.064 0.154 0.2592 0.4046 0.573 0.6856 0.714 0.6668 0.5796 0.4644 0.417 0.3 0.2168 0.1596 0.0988 0.0794 0.0508 0.0268 0.0194 0.0108 0.0084 0.0078 0.0128 0.0226 0.0318 0.0496 0.0864 0.1596 0.2174 0.292 0.3546 0.3868 0.4024 0.3716 0.3524 0.2834 0.2424 0.1776 0.1708 0.1182 0.0862 0.0598 0.0402 0.0278 0.0196 0.0192 0.0098 0.0094 0.0154 0.0196 0.0278 0.0438 0.0398 0.0508 0.0734 0.0892 
0 0 0 0 0 0 0 0 0 0 0 0 0 0 0 0 0 0 0 0.0016 0.0358 0.221 0.595 0.9896 1.2396 1.2288 1.0884 0.889 0.6124 0.4074 0.29 0.171 0.1122 0.0516 0.028 0.0166 0.011 0.0072 0.003 0.0008 0 0.0012 0.0038 0.0234 0.0588 0.1408 0.2872 0.4588 0.569 0.6778 0.6934 0.615 0.607 0.5178 0.3852 0.2876 0.2372 0.152 0.107 0.0616 0.0394 0.0332 0.0174 0.0122 0.005 0.0056 0.005 0.0164 0.0294 0.0546 0.1002 0.1836 0.2342 0.2938 0.3292 0.3786 0.3734 0.3748 0.3554 0.31 0.2798 0.1936 0.1304 0.1044 0.075 0.0636 0.0476 0.0224 0.0128 0.0126 0.01 0.0072 0.0042 0.0108 0.0204 0.0364 0.0444 0.0708 0.0988 0.1122 
0 0 0 0 0 0 0 0 0 0 0 0 0 0 0 0 0 0 0.0004 0.012 0.0716 0.2734 0.5934 1.0298 1.2022 1.2434 1.0596 0.8624 0.6136 0.3476 0.2456 0.1922 0.1252 0.077 0.0336 0.0114 0.0032 0.0016 0.0008 0 0 0.0024 0.018 0.0462 0.089 0.1728 0.295 0.4328 0.5964 0.7256 0.7554 0.6828 0.5272 0.4462 0.3816 0.2768 0.1738 0.1338 0.0762 0.0642 0.0482 0.0228 0.0166 0.0072 0.005 0.005 0.0184 0.025 0.0426 0.0664 0.1048 0.1712 0.24 0.346 0.4146 0.4028 0.4046 0.3752 0.3294 0.2758 0.1922 0.1522 0.1124 0.0992 0.0822 0.0518 0.0298 0.0222 0.0134 0.009 0.0096 0.0094 0.0082 0.0178 0.02 0.0458 0.0492 0.0852 0.0944 0.1264 
0 0 0 0 0 0 0 0 0 0 0 0 0 0 0 0 0 0 0 0.0046 0.0522 0.2024 0.5434 0.9362 1.1856 1.2264 1.031 0.9126 0.6542 0.4948 0.3466 0.1966 0.1138 0.06 0.0182 0.0122 0.0058 0.0022 0.0012 0 0 0.0032 0.0084 0.0254 0.069 0.1318 0.2648 0.386 0.5004 0.6 0.6728 0.6572 0.6038 0.6012 0.4504 0.3662 0.2596 0.1614 0.1166 0.0548 0.0388 0.0096 0.0074 0.0054 0.0018 0.0082 0.0096 0.0168 0.0258 0.0464 0.0744 0.1368 0.1914 0.2612 0.2946 0.3342 0.4182 0.4008 0.4032 0.3642 0.2942 0.2328 0.1666 0.1244 0.0728 0.0496 0.0322 0.0248 0.0104 0.0074 0.0062 0.006 0.0032 0.0096 0.0208 0.0226 0.0392 0.0404 0.081 0.076 
0 0 0 0 0 0 0 0 0 0 0 0 0 0 0 0 0 0 0 0.0056 0.053 0.2198 0.5866 1.04 1.3006 1.2792 1.148 0.829 0.5926 0.3742 0.2446 0.1394 0.075 0.047 0.0314 0.0172 0.0114 0.0028 0.0026 0 0.0022 0.003 0.0076 0.0246 0.0828 0.1856 0.297 0.4326 0.5914 0.6786 0.721 0.6728 0.5926 0.5176 0.3918 0.267 0.1864 0.1428 0.0808 0.0464 0.033 0.026 0.0132 0.0018 0.0036 0.0046 0.0078 0.0168 0.0356 0.0696 0.1288 0.1796 0.236 0.3056 0.374 0.4114 0.3702 0.367 0.359 0.306 0.2164 0.1854 0.1464 0.0994 0.08 0.0422 0.0306 0.0122 0.0062 0.006 0.0036 0.0022 0.0058 0.0186 0.0304 0.0386 0.0532 0.0868 0.098 0.1054 
0 0 0 0 0 0 0 0 0 0 0 0 0 0 0 0 0 0 0 0.0062 0.044 0.2464 0.6876 1.0502 1.2888 1.3282 1.0708 0.787 0.6136 0.3812 0.2098 0.1296 0.0672 0.034 0.027 0.0152 0.0074 0.0016 0.0008 0.0012 0.003 0.003 0.0058 0.0294 0.0862 0.1582 0.3346 0.5072 0.607 0.6928 0.7662 0.7116 0.6004 0.4936 0.3396 0.241 0.1572 0.1152 0.0558 0.0316 0.0188 0.0158 0.0118 0.0116 0.007 0.003 0.0038 0.014 0.0332 0.0782 0.1236 0.178 0.2644 0.3474 0.421 0.424 0.4362 0.3914 0.3438 0.2648 0.2204 0.168 0.1028 0.0538 0.0444 0.0292 0.0248 0.0128 0.0036 0.0014 0.0018 0.006 0.0114 0.0144 0.0326 0.0318 0.0622 0.0854 0.1238 0.1402 
0 0 0 0 0 0 0 0 0 0 0 0 0 0 0 0 0 0 0 0.0036 0.0368 0.2212 0.5862 0.9882 1.2626 1.2826 1.1548 0.9358 0.6284 0.3694 0.2494 0.1416 0.0594 0.0326 0.0196 0.0106 0.0092 0.0036 0.001 0.0012 0.0018 0.0014 0.008 0.0192 0.0484 0.145 0.2744 0.4484 0.5902 0.7186 0.6994 0.7194 0.6416 0.5356 0.363 0.2862 0.179 0.1474 0.071 0.046 0.0298 0.013 0.008 0.003 0.002 0.004 0.0078 0.0126 0.0258 0.0444 0.1044 0.1638 0.231 0.325 0.392 0.4152 0.4142 0.3964 0.3604 0.2868 0.252 0.1754 0.1224 0.0894 0.0596 0.0558 0.037 0.013 0.0076 0.0016 0.0024 0.0036 0.0076 0.0124 0.019 0.0262 0.0478 0.0844 0.109 0.123 
0 0 0 0 0 0 0 0 0 0 0 0 0 0 0 0 0 0 0 0.0028 0.0574 0.2156 0.6556 1.0038 1.2516 1.3206 1.1224 0.8586 0.5694 0.3756 0.2516 0.1298 0.0768 0.0542 0.0294 0.0074 0.007 0.0082 0.0022 0 0 0 0.0118 0.0354 0.0722 0.161 0.3126 0.463 0.611 0.6898 0.6988 0.6168 0.5964 0.483 0.4298 0.2798 0.189 0.1258 0.0792 0.0546 0.0384 0.0162 0.0102 0.0128 0.009 0.0044 0.0076 0.0104 0.0482 0.0828 0.1366 0.1882 0.2642 0.3042 0.3414 0.3904 0.3876 0.3542 0.338 0.2764 0.2278 0.1954 0.1372 0.111 0.059 0.0324 0.0296 0.0262 0.0202 0.0148 0.0086 0.011 0.009 0.0194 0.0286 0.0324 0.0444 0.0738 0.1158 0.1338 
0 0 0 0 0 0 0 0 0 0 0 0 0 0 0 0 0 0 0 0.005 0.0764 0.287 0.6984 1.2452 1.4324 1.3448 1.0306 0.7522 0.4438 0.294 0.1852 0.0794 0.043 0.0364 0.0242 0.0144 0.0076 0 0 0 0 0.0038 0.0108 0.038 0.095 0.2234 0.4206 0.6448 0.7264 0.7702 0.7482 0.6628 0.4832 0.3658 0.2538 0.1732 0.1424 0.0884 0.0642 0.04 0.0198 0.008 0.0078 0.0048 0.0052 0.0068 0.0094 0.0286 0.068 0.1272 0.1856 0.2774 0.3538 0.3724 0.4178 0.4192 0.37 0.327 0.2798 0.223 0.152 0.1264 0.0932 0.0644 0.0404 0.023 0.0106 0.0072 0.0058 0.011 0.0034 0.0114 0.017 0.0298 0.0534 0.0822 0.088 0.13 0.1454 0.1548 
0 0 0 0 0 0 0 0 0 0 0 0 0 0 0 0 0 0 0.0002 0.0074 0.0488 0.2322 0.6056 1.0754 1.284 1.3174 1.0762 0.824 0.5626 0.3618 0.2584 0.1632 0.072 0.0536 0.0306 0.0142 0.006 0.0014 0.0038 0.0012 0 0 0.008 0.0304 0.088 0.165 0.2926 0.4774 0.6028 0.7254 0.731 0.6738 0.5952 0.4814 0.3534 0.2462 0.2002 0.1356 0.0826 0.0394 0.03 0.0172 0.0102 0.0052 0.0078 0.0038 0.0082 0.019 0.038 0.0696 0.1252 0.1848 0.2416 0.3244 0.4006 0.3952 0.379 0.3728 0.3552 0.2936 0.2368 0.1624 0.135 0.0986 0.0664 0.0494 0.0232 0.0122 0.004 0.0022 0.0018 0.0062 0.0132 0.0218 0.0228 0.0368 0.0538 0.0592 0.0822 0.1286 
0 0 0 0 0 0 0 0 0 0 0 0 0 0 0 0 0 0 0 0.0032 0.0452 0.2256 0.6328 1.0886 1.2586 1.317 1.0346 0.784 0.557 0.4032 0.27 0.1578 0.1034 0.047 0.0364 0.0194 0.0042 0.008 0.0024 0.0016 0 0 0.0082 0.0256 0.0732 0.1876 0.2826 0.4406 0.601 0.7102 0.735 0.6762 0.5852 0.4762 0.413 0.279 0.2062 0.1314 0.0634 0.0402 0.0276 0.0132 0.0072 0.0072 0.0052 0.004 0.0066 0.0118 0.0322 0.0858 0.1542 0.2068 0.2628 0.2936 0.3188 0.3408 0.3838 0.3838 0.3352 0.3324 0.3036 0.186 0.1234 0.0952 0.045 0.035 0.0266 0.0148 0.0108 0.0086 0.0032 0.0032 0.0092 0.0184 0.0298 0.048 0.0736 0.0756 0.0956 0.121 
0 0 0 0 0 0 0 0 0 0 0 0 0 0 0 0 0 0 0 0.0042 0.053 0.2036 0.613 1.0358 1.3112 1.3098 1.0858 0.84 0.5756 0.3654 0.2442 0.1582 0.0852 0.0446 0.031 0.0156 0.0072 0.0054 0.004 0.005 0.0026 0.0016 0.015 0.0284 0.0654 0.1572 0.29 0.4876 0.6112 0.706 0.7118 0.6962 0.5532 0.496 0.3874 0.2608 0.1838 0.1316 0.0804 0.055 0.0302 0.0196 0.013 0.0036 0.0068 0.015 0.0174 0.0236 0.0284 0.0552 0.0978 0.1962 0.2964 0.3382 0.375 0.4064 0.3738 0.3538 0.2936 0.2558 0.2638 0.1986 0.1328 0.0788 0.0608 0.0476 0.0306 0.028 0.0148 0.0088 0.0122 0.0076 0.0106 0.0136 0.0264 0.0398 0.0568 0.0902 0.1066 0.1532 
0 0 0 0 0 0 0 0 0 0 0 0 0 0 0 0 0 0 0 0.0042 0.0456 0.2184 0.578 1.016 1.2682 1.2638 1.0804 0.8816 0.6318 0.3844 0.2454 0.1716 0.1 0.055 0.0334 0.0066 0.006 0.0058 0.0008 0.0008 0.001 0.0012 0.0092 0.024 0.0734 0.1644 0.2754 0.421 0.6064 0.6904 0.6858 0.667 0.575 0.4858 0.4074 0.2934 0.214 0.1432 0.1056 0.0584 0.0396 0.0218 0.0202 0.0112 0.0038 0.0058 0.0058 0.0146 0.0372 0.0568 0.1116 0.1714 0.2286 0.3354 0.3204 0.3694 0.3976 0.402 0.3402 0.2982 0.2604 0.1978 0.1324 0.0958 0.062 0.0434 0.029 0.028 0.0204 0.014 0.0158 0.0164 0.0122 0.0146 0.0236 0.0408 0.0568 0.0662 0.0878 0.1112 
0 0 0 0 0 0 0 0 0 0 0 0 0 0 0 0 0 0 0 0.0048 0.051 0.2248 0.5698 0.9814 1.2692 1.3134 1.131 0.822 0.6058 0.4012 0.25 0.178 0.1044 0.0442 0.0214 0.0146 0.0054 0.0024 0.0022 0.0014 0.0016 0.0006 0.0056 0.0248 0.073 0.1458 0.2578 0.4228 0.585 0.7062 0.742 0.6398 0.609 0.5102 0.3954 0.3238 0.2212 0.126 0.1012 0.0474 0.0234 0.0158 0.0092 0.0078 0.0036 0.005 0.005 0.0134 0.0366 0.0624 0.0908 0.1566 0.2196 0.3126 0.3578 0.3662 0.3714 0.422 0.386 0.3344 0.2472 0.1972 0.1416 0.107 0.071 0.0442 0.021 0.0168 0.0092 0.0038 0.0044 0.002 0.0094 0.0102 0.0128 0.0354 0.0568 0.0658 0.0854 0.1378 
0 0 0 0 0 0 0 0 0 0 0 0 0 0 0 0 0 0 0 0.0034 0.035 0.2 0.5416 0.9266 1.233 1.3322 1.1668 0.8916 0.61 0.4472 0.2476 0.1472 0.0838 0.057 0.0396 0.013 0.0094 0.0034 0.0028 0.0042 0.0018 0.0028 0.0058 0.0278 0.054 0.1074 0.2158 0.3978 0.5416 0.6852 0.7054 0.7572 0.6448 0.581 0.41 0.2948 0.1918 0.14 0.1024 0.0628 0.0364 0.0204 0.006 0.0046 0.0014 0.0026 0.0086 0.0122 0.0282 0.0388 0.0876 0.1382 0.2024 0.2612 0.3464 0.3894 0.4306 0.4262 0.3662 0.3372 0.2494 0.221 0.1682 0.113 0.0606 0.037 0.027 0.021 0.008 0.0046 0.0054 0.006 0.0038 0.0094 0.0164 0.0302 0.0424 0.0576 0.0694 0.1072 
0 0 0 0 0 0 0 0 0 0 0 0 0 0 0 0 0 0 0 0.0014 0.0342 0.1948 0.5422 0.9756 1.29 1.2806 1.1232 0.8244 0.6214 0.4372 0.2818 0.164 0.0874 0.0592 0.0338 0.0186 0.008 0.0048 0.0032 0.0036 0.0048 0.0058 0.0006 0.0128 0.0432 0.1326 0.278 0.415 0.5786 0.6936 0.698 0.6612 0.5996 0.5298 0.4326 0.3254 0.1968 0.1344 0.0948 0.061 0.0406 0.0286 0.0198 0.0092 0.0052 0.0064 0.003 0.0068 0.0118 0.0422 0.0996 0.1468 0.1944 0.2506 0.4252 0.404 0.4314 0.3982 0.3492 0.3236 0.2556 0.1898 0.139 0.1064 0.0684 0.0508 0.0308 0.0282 0.0188 0.0098 0.0066 0.0052 0.0044 0.0034 0.0102 0.03 0.0414 0.0544 0.0894 0.1184 
0 0 0 0 0 0 0 0 0 0 0 0 0 0 0 0 0 0 0 0.0048 0.0462 0.2172 0.5688 1.0102 1.2676 1.3322 1.1258 0.83 0.5994 0.414 0.2536 0.1434 0.0906 0.0392 0.0258 0.0242 0.007 0 0 0 0 0.0012 0.0038 0.014 0.066 0.174 0.2842 0.3824 0.5402 0.6702 0.7308 0.6938 0.6918 0.5518 0.3928 0.2844 0.1954 0.1384 0.0736 0.056 0.027 0.0108 0.0052 0.0052 0.0024 0.0054 0.0058 0.0104 0.028 0.0622 0.0882 0.1718 0.208 0.2972 0.3684 0.4052 0.4206 0.407 0.3596 0.3134 0.2432 0.1844 0.1518 0.1056 0.0628 0.0424 0.031 0.0164 0.0056 0.0028 0.003 0.0048 0.003 0.0128 0.0212 0.0372 0.043 0.0544 0.0802 0.1246 
0 0 0 0 0 0 0 0 0 0 0 0 0 0 0 0 0 0 0 0.004 0.0554 0.2588 0.688 1.1472 1.4542 1.3664 1.0938 0.7364 0.4864 0.3002 0.1816 0.1224 0.0626 0.026 0.012 0.0026 0.002 0 0 0 0 0 0.004 0.0246 0.0916 0.1828 0.3928 0.5634 0.7094 0.8012 0.7692 0.7116 0.555 0.3898 0.2834 0.2176 0.1432 0.082 0.0386 0.02 0.0068 0.008 0.0038 0.0012 0 0 0.0046 0.017 0.0428 0.0796 0.1652 0.263 0.312 0.409 0.441 0.463 0.4044 0.3406 0.3116 0.2352 0.1844 0.142 0.0864 0.0472 0.0252 0.0096 0.0064 0.0058 0.004 0 0.001 0.0016 0.0074 0.0186 0.0326 0.0554 0.079 0.098 0.1368 0.1874 
0 0 0 0 0 0 0 0 0 0 0 0 0 0 0 0 0 0 0 0.0004 0.0396 0.2196 0.5464 0.9318 1.2268 1.2276 1.1008 0.8486 0.6608 0.4666 0.3082 0.2008 0.0936 0.0648 0.034 0.011 0.009 0.004 0.0056 0 0 0.0004 0.0118 0.0282 0.0698 0.149 0.253 0.3722 0.5092 0.6178 0.6808 0.6748 0.6314 0.5742 0.4542 0.3354 0.232 0.1674 0.0972 0.066 0.0266 0.021 0.0158 0.0066 0.0032 0.0024 0.0082 0.0194 0.0322 0.0422 0.0964 0.1544 0.1958 0.233 0.315 0.3712 0.4194 0.386 0.3578 0.334 0.294 0.2424 0.1774 0.1174 0.074 0.042 0.0366 0.022 0.0102 0.0074 0.0018 0.0078 0.007 0.0072 0.0182 0.034 0.036 0.0546 0.0678 0.092 
0 0 0 0 0 0 0 0 0 0 0 0 0 0 0 0 0 0 0 0.0046 0.0516 0.2198 0.5788 0.9696 1.2608 1.3524 1.1666 0.8376 0.5972 0.3754 0.2444 0.1548 0.0702 0.0418 0.026 0.0188 0.0122 0.0094 0.0056 0.0024 0 0 0.0074 0.0264 0.0634 0.1556 0.2812 0.4354 0.5826 0.7376 0.7386 0.7104 0.5902 0.4782 0.3978 0.3108 0.1844 0.1232 0.0724 0.038 0.0272 0.0154 0.0098 0.0074 0.0018 0.0028 0.0048 0.0134 0.032 0.0686 0.1082 0.158 0.2414 0.2978 0.391 0.4044 0.4434 0.3644 0.3406 0.309 0.2624 0.1866 0.155 0.0888 0.0382 0.0384 0.0258 0.0162 0.008 0.0026 0.003 0.0022 0.0046 0.0068 0.0242 0.03 0.046 0.0708 0.1074 0.1156 
0 0 0 0 0 0 0 0 0 0 0 0 0 0 0 0 0 0 0 0.0046 0.0466 0.2144 0.5586 0.9606 1.2418 1.2648 1.106 0.8942 0.6162 0.4382 0.278 0.1676 0.0812 0.0444 0.0302 0.0214 0.0086 0.0064 0.0056 0.0018 0.0022 0.0026 0.0072 0.0238 0.072 0.1356 0.2864 0.4294 0.5716 0.619 0.6348 0.6688 0.6072 0.5422 0.4412 0.3218 0.2384 0.1524 0.084 0.0662 0.0422 0.0202 0.0108 0.0102 0.0068 0.0098 0.012 0.0158 0.0282 0.0516 0.1002 0.1408 0.201 0.2866 0.3628 0.3636 0.3608 0.4072 0.3322 0.3236 0.3088 0.2108 0.156 0.1218 0.0872 0.0452 0.0358 0.0154 0.0094 0.0128 0.0092 0.0068 0.0074 0.0208 0.0168 0.0264 0.038 0.054 0.0908 0.1252 
0 0 0 0 0 0 0 0 0 0 0 0 0 0 0 0 0 0 0 0.0018 0.0328 0.1924 0.537 0.993 1.224 1.285 1.1592 0.8706 0.607 0.3982 0.3018 0.178 0.0936 0.0604 0.0226 0.0116 0.011 0.0076 0.0034 0.0046 0.0026 0.003 0.0008 0.0146 0.0596 0.1324 0.2606 0.3956 0.5282 0.6304 0.7148 0.758 0.5902 0.4458 0.4306 0.343 0.2508 0.1676 0.1124 0.054 0.042 0.0226 0.021 0.0092 0.0052 0.0072 0.0062 0.012 0.027 0.0544 0.0952 0.131 0.2196 0.272 0.3352 0.3678 0.4014 0.3574 0.3358 0.3094 0.2834 0.2418 0.1978 0.1244 0.07 0.0514 0.032 0.019 0.0242 0.0198 0.0074 0.004 0.0076 0.0076 0.013 0.0296 0.0556 0.0588 0.0832 0.1064 
0 0 0 0 0 0 0 0 0 0 0 0 0 0 0 0 0 0 0 0.004 0.0348 0.1868 0.6192 1.0288 1.2332 1.2824 1.0686 0.8762 0.6218 0.4232 0.2642 0.1594 0.0756 0.0432 0.0298 0.0128 0.0066 0.0104 0.0078 0.003 0.0044 0.0032 0.01 0.043 0.0694 0.138 0.2896 0.4268 0.5938 0.662 0.753 0.6722 0.5596 0.476 0.3834 0.2772 0.2276 0.1532 0.105 0.0676 0.036 0.02 0.012 0.0056 0.011 0.01 0.0116 0.011 0.0262 0.0696 0.1182 0.1672 0.2236 0.3206 0.356 0.3952 0.3894 0.3568 0.348 0.2864 0.2352 0.2038 0.1456 0.1056 0.0658 0.0444 0.0394 0.029 0.0206 0.015 0.0078 0.0078 0.013 0.0172 0.014 0.035 0.0508 0.0738 0.0952 0.1044 
0 0 0 0 0 0 0 0 0 0 0 0 0 0 0 0 0 0 0.0012 0.0082 0.0584 0.2252 0.6092 0.982 1.202 1.1108 0.9836 0.8456 0.6432 0.4824 0.2928 0.21 0.1426 0.086 0.0596 0.0274 0.0148 0.0082 0.0042 0.0026 0.0016 0.0022 0.01 0.0304 0.0784 0.163 0.3078 0.4698 0.5614 0.5882 0.6078 0.624 0.572 0.4838 0.4102 0.304 0.2434 0.1934 0.1346 0.0802 0.0474 0.0294 0.0214 0.0178 0.0106 0.0078 0.0098 0.013 0.0444 0.0642 0.1004 0.1638 0.2334 0.2808 0.3198 0.3826 0.3982 0.3598 0.322 0.285 0.2422 0.1856 0.1606 0.1168 0.0772 0.0684 0.0622 0.0282 0.0236 0.0174 0.0166 0.0126 0.0072 0.0152 0.02 0.0202 0.0332 0.0618 0.0926 0.1198 
0 0 0 0 0 0 0 0 0 0 0 0 0 0 0 0 0 0 0 0.0024 0.0494 0.2216 0.5768 1.0548 1.2638 1.189 1.0434 0.862 0.6166 0.4486 0.2884 0.1632 0.098 0.058 0.035 0.018 0.0058 0.0038 0.0014 0 0 0 0.0042 0.0356 0.075 0.1628 0.2946 0.4556 0.5834 0.676 0.68 0.617 0.591 0.4822 0.4086 0.31 0.2276 0.1612 0.1098 0.0614 0.0332 0.0166 0.0108 0.0034 0 0.0016 0.0088 0.0176 0.0418 0.059 0.108 0.1616 0.235 0.2828 0.3684 0.3886 0.4094 0.395 0.336 0.2752 0.2254 0.1882 0.1772 0.119 0.0746 0.0534 0.039 0.0198 0.0096 0.0044 0.003 0.0042 0.007 0.0172 0.0246 0.0334 0.0448 0.0582 0.0962 0.1086 
0 0 0 0 0 0 0 0 0 0 0 0 0 0 0 0 0 0 0 0.006 0.048 0.2156 0.5412 0.9532 1.188 1.286 1.1306 0.8964 0.6988 0.4118 0.2438 0.1646 0.1248 0.0534 0.0164 0.0098 0.0094 0.0018 0.0004 0 0 0.005 0.0138 0.0272 0.0688 0.1364 0.2462 0.3914 0.554 0.6048 0.7466 0.699 0.5592 0.5528 0.4396 0.328 0.2462 0.159 0.1052 0.0532 0.0318 0.0174 0.0082 0.0044 0.0056 0.0052 0.0128 0.0172 0.0284 0.0618 0.1074 0.1356 0.2114 0.2728 0.3192 0.369 0.3614 0.3952 0.3772 0.3332 0.2662 0.224 0.1466 0.1206 0.0838 0.058 0.0462 0.0258 0.0134 0.005 0.003 0.0052 0.0082 0.0146 0.022 0.028 0.0542 0.063 0.0712 0.0858 
0 0 0 0 0 0 0 0 0 0 0 0 0 0 0 0 0 0 0 0.0036 0.0444 0.2268 0.6234 0.9748 1.1652 1.136 1.0404 0.8528 0.6354 0.4274 0.2988 0.21 0.157 0.101 0.0424 0.0286 0.0148 0.0086 0.004 0.002 0.0026 0 0.0048 0.0208 0.0768 0.157 0.2796 0.4252 0.549 0.6334 0.6042 0.6318 0.6086 0.5278 0.406 0.3416 0.2298 0.1596 0.1318 0.0854 0.0526 0.034 0.018 0.013 0.0032 0.0038 0.0056 0.011 0.033 0.0544 0.0878 0.1454 0.2068 0.2886 0.3476 0.3506 0.394 0.37 0.3484 0.3138 0.2822 0.2 0.1708 0.1266 0.0692 0.0572 0.044 0.0388 0.025 0.0114 0.0072 0.0062 0.0036 0.0042 0.0114 0.0182 0.0432 0.0624 0.0794 0.0994 
0 0 0 0 0 0 0 0 0 0 0 0 0 0 0 0 0 0 0 0.0014 0.0378 0.212 0.5478 0.9726 1.2898 1.3502 1.128 0.851 0.5828 0.3868 0.2526 0.1418 0.0972 0.0676 0.0404 0.0254 0.0108 0.0016 0.0024 0 0 0.0016 0.0056 0.0254 0.0602 0.1494 0.2852 0.432 0.5252 0.657 0.7494 0.6476 0.5818 0.5072 0.427 0.3222 0.2134 0.1326 0.1056 0.081 0.0406 0.0248 0.0128 0.005 0.003 0.0022 0.0072 0.0162 0.033 0.0618 0.1096 0.175 0.2486 0.2824 0.306 0.3554 0.382 0.4 0.3346 0.3116 0.251 0.2006 0.1502 0.1088 0.0938 0.0714 0.0512 0.0212 0.0176 0.0088 0.0054 0.0022 0.003 0.019 0.0258 0.04 0.0548 0.0632 0.0988 0.1254 
0 0 0 0 0 0 0 0 0 0 0 0 0 0 0 0 0 0 0 0.0028 0.0558 0.2094 0.586 0.9612 1.276 1.2686 1.1524 0.888 0.613 0.4014 0.2468 0.1438 0.0918 0.046 0.0252 0.0164 0.0068 0.0056 0.003 0 0 0 0.004 0.0182 0.0722 0.1636 0.275 0.4122 0.5584 0.6782 0.7828 0.713 0.6214 0.5044 0.3682 0.2764 0.223 0.1428 0.087 0.0542 0.0184 0.0098 0.0062 0.0052 0.002 0.0034 0.0042 0.0102 0.023 0.0502 0.1008 0.1662 0.2558 0.3236 0.3544 0.428 0.41 0.3542 0.3516 0.3242 0.254 0.1974 0.1406 0.0994 0.059 0.0354 0.027 0.0104 0.0062 0.0038 0.0092 0.005 0.0038 0.0092 0.0112 0.0284 0.0614 0.0616 0.0996 0.1384 
