0.5 
0.9998 
1 
0.9971 
0.9957 
0.998 
0.9965 
0.9995 
0.9983 
1 
0.999 
0.994 
0.9987 
0.9988 
0.9969 
0.9971 
0.9997 
0.9998 
0.9989 
0.9988 
0.9994 
0.9997 
0.9992 
0.9981 
0.999 
0.9995 
0.9984 
0.9936 
0.999 
0.9988 
0.9966 
0.9981 
0.9995 
0.9991 
0.9987 
0.9997 
0.9991 
0.9988 
0.9974 
0.9975 
0.9985 
0.9987 
0.9961 
0.9995 
0.9998 
0.9976 
0.9994 
0.9991 
0.9972 
0.999 
0.9992 
0.999 
0.9991 
0.9986 
0.9988 
0.9992 
0.9985 
0.9997 
0.9972 
0.9975 
0.9976 
0.9977 
0.9979 
1 
0.9989 
0.9978 
0.9987 
0.9962 
1 
0.9989 
0.9992 
0.9987 
0.9973 
0.9977 
0.9993 
0.9991 
0.9994 
0.9986 
0.9988 
0.9984 
0.9983 
0.9985 
0.9965 
0.9993 
0.9986 
0.9943 
0.9987 
0.9978 
0.9988 
0.9987 
0.9964 
0.9968 
0.9983 
0.9956 
0.9964 
0.9997 
0.9964 
0.996 
0.9963 
1 
0.9954 
