0.025 0.075 0.125 0.175 0.225 0.275 0.325 0.375 0.425 0.475 0.525 0.575 0.625 0.675 0.725 0.775 0.825 0.875 0.925 0.975 1.025 1.075 1.125 1.175 1.225 1.275 1.325 1.375 1.425 1.475 1.525 1.575 1.625 1.675 1.725 1.775 1.825 1.875 1.925 1.975 2.025 2.075 2.125 2.175 2.225 2.275 2.325 2.375 2.425 2.475 2.525 2.575 2.625 2.675 2.725 2.775 2.825 2.875 2.925 2.975 3.025 3.075 3.125 3.175 3.225 3.275 3.325 3.375 3.425 3.475 3.525 3.575 3.625 3.675 3.725 3.775 3.825 3.875 3.925 3.975 4.025 4.075 4.125 4.175 4.225 4.275 4.325 4.375 4.425 4.475 4.525 4.575 4.625 4.675 4.725 4.775 4.825 4.875 4.925 4.975 
0 0 0 0 0.001 0 0 0 0 0 0 0 0 0 0 0 0 0 0 0 0 0 0 0 0 0 0 0 0 0 0 0 0 0 0 0 0 0 0 0 0 0 0 0 0 0 0 0 0 0 0 0 0 0 0 0 0 0 0 0 0 0 0 0 0 0 0 0 0 0 0 0 0 0 0 0 0 0 0 0 0 0 0 0 0 0 0 0 0 0 0 0 0 0 0 0 0 0 0 0 
0.039 0.039 0.044 0.051 0.078 0.129 0.113 0.091 0.141 0.057 0.105 0.025 0.041 0.047 0 0 0 0 0 0 0 0 0 0 0 0 0 0 0 0 0 0 0 0 0 0 0 0 0 0 0 0 0 0 0 0 0 0 0 0 0 0 0 0 0 0 0 0 0 0 0 0 0 0 0 0 0 0 0 0 0 0 0 0 0 0 0 0 0 0 0 0 0 0 0 0 0 0 0 0 0 0 0 0 0 0 0 0 0 0 
0.055 0.062 0.081 0.179 0.133 0.019 0.02 0.021 0.022 0.027 0.03 0.036 0.046 0.066 0.089 0.114 0 0 0 0 0 0 0 0 0 0 0 0 0 0 0 0 0 0 0 0 0 0 0 0 0 0 0 0 0 0 0 0 0 0 0 0 0 0 0 0 0 0 0 0 0 0 0 0 0 0 0 0 0 0 0 0 0 0 0 0 0 0 0 0 0 0 0 0 0 0 0 0 0 0 0 0 0 0 0 0 0 0 0 0 
0.041 0.045 0.047 0.051 0.06 0.068 0.088 0.137 0.128 0.195 0.041 0.065 0.009 0.019 0.006 0 0 0 0 0 0 0 0 0 0 0 0 0 0 0 0 0 0 0 0 0 0 0 0 0 0 0 0 0 0 0 0 0 0 0 0 0 0 0 0 0 0 0 0 0 0 0 0 0 0 0 0 0 0 0 0 0 0 0 0 0 0 0 0 0 0 0 0 0 0 0 0 0 0 0 0 0 0 0 0 0 0 0 0 0 
0.039 0.04 0.042 0.048 0.058 0.072 0.146 0.06 0.117 0.048 0.113 0.05 0.083 0.037 0.047 0 0 0 0 0 0 0 0 0 0 0 0 0 0 0 0 0 0 0 0 0 0 0 0 0 0 0 0 0 0 0 0 0 0 0 0 0 0 0 0 0 0 0 0 0 0 0 0 0 0 0 0 0 0 0 0 0 0 0 0 0 0 0 0 0 0 0 0 0 0 0 0 0 0 0 0 0 0 0 0 0 0 0 0 0 
0.058 0.061 0.069 0.089 0.172 0.098 0.024 0.024 0.02 0.021 0.021 0.025 0.029 0.035 0.05 0.051 0.011 0.012 0.011 0.01 0.008 0.006 0.005 0.005 0.005 0.004 0.004 0.004 0.005 0.004 0.005 0.006 0.007 0.01 0.031 0 0 0 0 0 0 0 0 0 0 0 0 0 0 0 0 0 0 0 0 0 0 0 0 0 0 0 0 0 0 0 0 0 0 0 0 0 0 0 0 0 0 0 0 0 0 0 0 0 0 0 0 0 0 0 0 0 0 0 0 0 0 0 0 0 
0.062 0.072 0.103 0.22 0.09 0.017 0.017 0.016 0.017 0.018 0.018 0.019 0.021 0.024 0.027 0.033 0.045 0.06 0.012 0.011 0.009 0.007 0.006 0.005 0.005 0.005 0.004 0.005 0.005 0.004 0.006 0.006 0.007 0.01 0.014 0 0 0 0 0 0 0 0 0 0 0 0 0 0 0 0 0 0 0 0 0 0 0 0 0 0 0 0 0 0 0 0 0 0 0 0 0 0 0 0 0 0 0 0 0 0 0 0 0 0 0 0 0 0 0 0 0 0 0 0 0 0 0 0 0 
0.063 0.058 0.073 0.057 0.038 0.038 0.039 0.039 0.04 0.04 0.038 0.038 0.033 0.027 0.027 0.028 0.027 0.032 0.038 0.051 0.057 0.012 0.014 0.016 0.02 0.042 0.015 0 0 0 0 0 0 0 0 0 0 0 0 0 0 0 0 0 0 0 0 0 0 0 0 0 0 0 0 0 0 0 0 0 0 0 0 0 0 0 0 0 0 0 0 0 0 0 0 0 0 0 0 0 0 0 0 0 0 0 0 0 0 0 0 0 0 0 0 0 0 0 0 0 
0.029 0.037 0.038 0.041 0.049 0.052 0.058 0.069 0.088 0.108 0.139 0.124 0.027 0.037 0.055 0.049 0 0 0 0 0 0 0 0 0 0 0 0 0 0 0 0 0 0 0 0 0 0 0 0 0 0 0 0 0 0 0 0 0 0 0 0 0 0 0 0 0 0 0 0 0 0 0 0 0 0 0 0 0 0 0 0 0 0 0 0 0 0 0 0 0 0 0 0 0 0 0 0 0 0 0 0 0 0 0 0 0 0 0 0 
0.033 0.036 0.035 0.035 0.032 0.033 0.038 0.039 0.041 0.044 0.038 0.033 0.028 0.028 0.027 0.025 0.027 0.026 0.026 0.026 0.026 0.024 0.024 0.026 0.028 0.04 0.04 0.009 0.009 0.008 0.009 0.009 0.01 0.011 0.013 0.017 0.035 0.012 0 0 0 0 0 0 0 0 0 0 0 0 0 0 0 0 0 0 0 0 0 0 0 0 0 0 0 0 0 0 0 0 0 0 0 0 0 0 0 0 0 0 0 0 0 0 0 0 0 0 0 0 0 0 0 0 0 0 0 0 0 0 
0.114 0.243 0.051 0.057 0.061 0.054 0.043 0.038 0.034 0.028 0.043 0.081 0.024 0.012 0.017 0.019 0.032 0.049 0 0 0 0 0 0 0 0 0 0 0 0 0 0 0 0 0 0 0 0 0 0 0 0 0 0 0 0 0 0 0 0 0 0 0 0 0 0 0 0 0 0 0 0 0 0 0 0 0 0 0 0 0 0 0 0 0 0 0 0 0 0 0 0 0 0 0 0 0 0 0 0 0 0 0 0 0 0 0 0 0 0 
0.048 0.048 0.054 0.063 0.082 0.142 0.121 0.114 0.03 0.036 0.035 0.045 0.075 0.095 0.012 0 0 0 0 0 0 0 0 0 0 0 0 0 0 0 0 0 0 0 0 0 0 0 0 0 0 0 0 0 0 0 0 0 0 0 0 0 0 0 0 0 0 0 0 0 0 0 0 0 0 0 0 0 0 0 0 0 0 0 0 0 0 0 0 0 0 0 0 0 0 0 0 0 0 0 0 0 0 0 0 0 0 0 0 0 
0.048 0.05 0.055 0.064 0.086 0.135 0.103 0.045 0.046 0.046 0.045 0.051 0.064 0.12 0.042 0 0 0 0 0 0 0 0 0 0 0 0 0 0 0 0 0 0 0 0 0 0 0 0 0 0 0 0 0 0 0 0 0 0 0 0 0 0 0 0 0 0 0 0 0 0 0 0 0 0 0 0 0 0 0 0 0 0 0 0 0 0 0 0 0 0 0 0 0 0 0 0 0 0 0 0 0 0 0 0 0 0 0 0 0 
0.082 0.119 0.145 0.054 0.062 0.074 0.126 0.015 0.017 0.016 0.018 0.02 0.022 0.028 0.037 0.062 0.103 0 0 0 0 0 0 0 0 0 0 0 0 0 0 0 0 0 0 0 0 0 0 0 0 0 0 0 0 0 0 0 0 0 0 0 0 0 0 0 0 0 0 0 0 0 0 0 0 0 0 0 0 0 0 0 0 0 0 0 0 0 0 0 0 0 0 0 0 0 0 0 0 0 0 0 0 0 0 0 0 0 0 0 
0.059 0.059 0.06 0.06 0.06 0.052 0.039 0.037 0.033 0.031 0.031 0.034 0.035 0.04 0.038 0.033 0.029 0.029 0.033 0.039 0.063 0.04 0.036 0.03 0 0 0 0 0 0 0 0 0 0 0 0 0 0 0 0 0 0 0 0 0 0 0 0 0 0 0 0 0 0 0 0 0 0 0 0 0 0 0 0 0 0 0 0 0 0 0 0 0 0 0 0 0 0 0 0 0 0 0 0 0 0 0 0 0 0 0 0 0 0 0 0 0 0 0 0 
0.074 0.085 0.136 0.155 0.037 0.028 0.025 0.025 0.023 0.023 0.025 0.025 0.028 0.029 0.04 0.048 0.049 0.089 0.056 0 0 0 0 0 0 0 0 0 0 0 0 0 0 0 0 0 0 0 0 0 0 0 0 0 0 0 0 0 0 0 0 0 0 0 0 0 0 0 0 0 0 0 0 0 0 0 0 0 0 0 0 0 0 0 0 0 0 0 0 0 0 0 0 0 0 0 0 0 0 0 0 0 0 0 0 0 0 0 0 0 
0.035 0.035 0.036 0.038 0.037 0.037 0.041 0.042 0.04 0.038 0.038 0.032 0.028 0.026 0.024 0.023 0.035 0.041 0.071 0.012 0.013 0.014 0.013 0.015 0.024 0.028 0.036 0.056 0.014 0.019 0.029 0.03 0 0 0 0 0 0 0 0 0 0 0 0 0 0 0 0 0 0 0 0 0 0 0 0 0 0 0 0 0 0 0 0 0 0 0 0 0 0 0 0 0 0 0 0 0 0 0 0 0 0 0 0 0 0 0 0 0 0 0 0 0 0 0 0 0 0 0 0 
0.169 0.139 0.042 0.042 0.042 0.043 0.043 0.042 0.038 0.032 0.033 0.031 0.032 0.034 0.036 0.04 0.061 0.047 0.012 0.009 0.009 0.008 0.008 0.007 0.001 0 0 0 0 0 0 0 0 0 0 0 0 0 0 0 0 0 0 0 0 0 0 0 0 0 0 0 0 0 0 0 0 0 0 0 0 0 0 0 0 0 0 0 0 0 0 0 0 0 0 0 0 0 0 0 0 0 0 0 0 0 0 0 0 0 0 0 0 0 0 0 0 0 0 0 
0.045 0.043 0.045 0.044 0.046 0.044 0.044 0.041 0.033 0.027 0.026 0.023 0.021 0.023 0.021 0.024 0.026 0.031 0.043 0.041 0.038 0.043 0.053 0.101 0.065 0.009 0 0 0 0 0 0 0 0 0 0 0 0 0 0 0 0 0 0 0 0 0 0 0 0 0 0 0 0 0 0 0 0 0 0 0 0 0 0 0 0 0 0 0 0 0 0 0 0 0 0 0 0 0 0 0 0 0 0 0 0 0 0 0 0 0 0 0 0 0 0 0 0 0 0 
0.083 0.203 0.037 0.036 0.037 0.035 0.037 0.033 0.031 0.027 0.028 0.026 0.029 0.03 0.037 0.052 0.093 0.056 0.044 0.005 0.005 0.006 0.008 0.011 0.011 0 0 0 0 0 0 0 0 0 0 0 0 0 0 0 0 0 0 0 0 0 0 0 0 0 0 0 0 0 0 0 0 0 0 0 0 0 0 0 0 0 0 0 0 0 0 0 0 0 0 0 0 0 0 0 0 0 0 0 0 0 0 0 0 0 0 0 0 0 0 0 0 0 0 0 
0.046 0.05 0.056 0.062 0.079 0.101 0.124 0.031 0.038 0.044 0.045 0.054 0.062 0.083 0.094 0.031 0 0 0 0 0 0 0 0 0 0 0 0 0 0 0 0 0 0 0 0 0 0 0 0 0 0 0 0 0 0 0 0 0 0 0 0 0 0 0 0 0 0 0 0 0 0 0 0 0 0 0 0 0 0 0 0 0 0 0 0 0 0 0 0 0 0 0 0 0 0 0 0 0 0 0 0 0 0 0 0 0 0 0 0 
0.06 0.06 0.068 0.075 0.092 0.165 0.092 0.068 0.028 0.032 0.037 0.051 0.093 0.048 0.031 0 0 0 0 0 0 0 0 0 0 0 0 0 0 0 0 0 0 0 0 0 0 0 0 0 0 0 0 0 0 0 0 0 0 0 0 0 0 0 0 0 0 0 0 0 0 0 0 0 0 0 0 0 0 0 0 0 0 0 0 0 0 0 0 0 0 0 0 0 0 0 0 0 0 0 0 0 0 0 0 0 0 0 0 0 
0.033 0.036 0.034 0.04 0.042 0.056 0.081 0.109 0.178 0.254 0.118 0.019 0 0 0 0 0 0 0 0 0 0 0 0 0 0 0 0 0 0 0 0 0 0 0 0 0 0 0 0 0 0 0 0 0 0 0 0 0 0 0 0 0 0 0 0 0 0 0 0 0 0 0 0 0 0 0 0 0 0 0 0 0 0 0 0 0 0 0 0 0 0 0 0 0 0 0 0 0 0 0 0 0 0 0 0 0 0 0 0 
0.045 0.046 0.05 0.052 0.058 0.068 0.074 0.135 0.163 0.109 0.077 0.074 0.049 0 0 0 0 0 0 0 0 0 0 0 0 0 0 0 0 0 0 0 0 0 0 0 0 0 0 0 0 0 0 0 0 0 0 0 0 0 0 0 0 0 0 0 0 0 0 0 0 0 0 0 0 0 0 0 0 0 0 0 0 0 0 0 0 0 0 0 0 0 0 0 0 0 0 0 0 0 0 0 0 0 0 0 0 0 0 0 
0.042 0.042 0.046 0.047 0.053 0.062 0.074 0.107 0.093 0.086 0.069 0.15 0.092 0.037 0 0 0 0 0 0 0 0 0 0 0 0 0 0 0 0 0 0 0 0 0 0 0 0 0 0 0 0 0 0 0 0 0 0 0 0 0 0 0 0 0 0 0 0 0 0 0 0 0 0 0 0 0 0 0 0 0 0 0 0 0 0 0 0 0 0 0 0 0 0 0 0 0 0 0 0 0 0 0 0 0 0 0 0 0 0 
0.063 0.054 0.063 0.085 0.146 0.052 0.071 0.103 0.026 0.031 0.03 0.024 0.032 0.04 0.067 0.074 0.039 0 0 0 0 0 0 0 0 0 0 0 0 0 0 0 0 0 0 0 0 0 0 0 0 0 0 0 0 0 0 0 0 0 0 0 0 0 0 0 0 0 0 0 0 0 0 0 0 0 0 0 0 0 0 0 0 0 0 0 0 0 0 0 0 0 0 0 0 0 0 0 0 0 0 0 0 0 0 0 0 0 0 0 
0.043 0.059 0.08 0.149 0.043 0.051 0.064 0.12 0.028 0.032 0.036 0.046 0.058 0.092 0.068 0.031 0 0 0 0 0 0 0 0 0 0 0 0 0 0 0 0 0 0 0 0 0 0 0 0 0 0 0 0 0 0 0 0 0 0 0 0 0 0 0 0 0 0 0 0 0 0 0 0 0 0 0 0 0 0 0 0 0 0 0 0 0 0 0 0 0 0 0 0 0 0 0 0 0 0 0 0 0 0 0 0 0 0 0 0 
0.052 0.05 0.055 0.055 0.054 0.056 0.06 0.065 0.061 0.048 0.036 0.028 0.028 0.023 0.025 0.026 0.027 0.029 0.034 0.045 0.083 0.053 0.007 0 0 0 0 0 0 0 0 0 0 0 0 0 0 0 0 0 0 0 0 0 0 0 0 0 0 0 0 0 0 0 0 0 0 0 0 0 0 0 0 0 0 0 0 0 0 0 0 0 0 0 0 0 0 0 0 0 0 0 0 0 0 0 0 0 0 0 0 0 0 0 0 0 0 0 0 0 
0.078 0.09 0.145 0.117 0.141 0.02 0.02 0.021 0.022 0.023 0.024 0.027 0.032 0.039 0.052 0.083 0.066 0 0 0 0 0 0 0 0 0 0 0 0 0 0 0 0 0 0 0 0 0 0 0 0 0 0 0 0 0 0 0 0 0 0 0 0 0 0 0 0 0 0 0 0 0 0 0 0 0 0 0 0 0 0 0 0 0 0 0 0 0 0 0 0 0 0 0 0 0 0 0 0 0 0 0 0 0 0 0 0 0 0 0 
0.044 0.04 0.044 0.047 0.055 0.059 0.077 0.103 0.171 0.08 0.158 0.014 0.02 0.031 0.057 0 0 0 0 0 0 0 0 0 0 0 0 0 0 0 0 0 0 0 0 0 0 0 0 0 0 0 0 0 0 0 0 0 0 0 0 0 0 0 0 0 0 0 0 0 0 0 0 0 0 0 0 0 0 0 0 0 0 0 0 0 0 0 0 0 0 0 0 0 0 0 0 0 0 0 0 0 0 0 0 0 0 0 0 0 
0.062 0.074 0.109 0.126 0.151 0.031 0.035 0.042 0.054 0.019 0.021 0.024 0.029 0.039 0.083 0.021 0.033 0.047 0 0 0 0 0 0 0 0 0 0 0 0 0 0 0 0 0 0 0 0 0 0 0 0 0 0 0 0 0 0 0 0 0 0 0 0 0 0 0 0 0 0 0 0 0 0 0 0 0 0 0 0 0 0 0 0 0 0 0 0 0 0 0 0 0 0 0 0 0 0 0 0 0 0 0 0 0 0 0 0 0 0 
0.045 0.046 0.056 0.05 0.029 0.029 0.031 0.03 0.03 0.036 0.042 0.038 0.037 0.033 0.031 0.029 0.027 0.025 0.022 0.023 0.022 0.021 0.022 0.023 0.026 0.029 0.033 0.051 0.084 0 0 0 0 0 0 0 0 0 0 0 0 0 0 0 0 0 0 0 0 0 0 0 0 0 0 0 0 0 0 0 0 0 0 0 0 0 0 0 0 0 0 0 0 0 0 0 0 0 0 0 0 0 0 0 0 0 0 0 0 0 0 0 0 0 0 0 0 0 0 0 
0.13 0.122 0.098 0.07 0.056 0.042 0.037 0.034 0.033 0.024 0.019 0.018 0.018 0.02 0.021 0.022 0.025 0.032 0.041 0.079 0.059 0 0 0 0 0 0 0 0 0 0 0 0 0 0 0 0 0 0 0 0 0 0 0 0 0 0 0 0 0 0 0 0 0 0 0 0 0 0 0 0 0 0 0 0 0 0 0 0 0 0 0 0 0 0 0 0 0 0 0 0 0 0 0 0 0 0 0 0 0 0 0 0 0 0 0 0 0 0 0 
0.073 0.065 0.054 0.045 0.04 0.042 0.042 0.036 0.035 0.032 0.029 0.028 0.027 0.025 0.026 0.026 0.027 0.031 0.033 0.041 0.079 0.024 0.03 0.057 0.007 0.007 0.012 0.027 0 0 0 0 0 0 0 0 0 0 0 0 0 0 0 0 0 0 0 0 0 0 0 0 0 0 0 0 0 0 0 0 0 0 0 0 0 0 0 0 0 0 0 0 0 0 0 0 0 0 0 0 0 0 0 0 0 0 0 0 0 0 0 0 0 0 0 0 0 0 0 0 
0.26 0.053 0.048 0.048 0.041 0.026 0.025 0.026 0.026 0.025 0.027 0.028 0.031 0.034 0.037 0.045 0.068 0.032 0.013 0.012 0.012 0.011 0.01 0.01 0.011 0.012 0.015 0.014 0 0 0 0 0 0 0 0 0 0 0 0 0 0 0 0 0 0 0 0 0 0 0 0 0 0 0 0 0 0 0 0 0 0 0 0 0 0 0 0 0 0 0 0 0 0 0 0 0 0 0 0 0 0 0 0 0 0 0 0 0 0 0 0 0 0 0 0 0 0 0 0 
0.052 0.049 0.046 0.04 0.047 0.06 0.056 0.045 0.039 0.039 0.04 0.041 0.042 0.04 0.044 0.034 0.029 0.03 0.035 0.042 0.061 0.089 0 0 0 0 0 0 0 0 0 0 0 0 0 0 0 0 0 0 0 0 0 0 0 0 0 0 0 0 0 0 0 0 0 0 0 0 0 0 0 0 0 0 0 0 0 0 0 0 0 0 0 0 0 0 0 0 0 0 0 0 0 0 0 0 0 0 0 0 0 0 0 0 0 0 0 0 0 0 
0.06 0.056 0.048 0.044 0.038 0.05 0.045 0.048 0.054 0.041 0.034 0.034 0.036 0.036 0.049 0.065 0.025 0.03 0.037 0.048 0.106 0.016 0 0 0 0 0 0 0 0 0 0 0 0 0 0 0 0 0 0 0 0 0 0 0 0 0 0 0 0 0 0 0 0 0 0 0 0 0 0 0 0 0 0 0 0 0 0 0 0 0 0 0 0 0 0 0 0 0 0 0 0 0 0 0 0 0 0 0 0 0 0 0 0 0 0 0 0 0 0 
0.076 0.085 0.106 0.138 0.142 0.033 0.033 0.028 0.019 0.018 0.02 0.022 0.023 0.025 0.033 0.054 0.05 0.024 0.038 0.033 0 0 0 0 0 0 0 0 0 0 0 0 0 0 0 0 0 0 0 0 0 0 0 0 0 0 0 0 0 0 0 0 0 0 0 0 0 0 0 0 0 0 0 0 0 0 0 0 0 0 0 0 0 0 0 0 0 0 0 0 0 0 0 0 0 0 0 0 0 0 0 0 0 0 0 0 0 0 0 0 
0.038 0.038 0.041 0.046 0.046 0.058 0.071 0.114 0.145 0.12 0.111 0.148 0.024 0 0 0 0 0 0 0 0 0 0 0 0 0 0 0 0 0 0 0 0 0 0 0 0 0 0 0 0 0 0 0 0 0 0 0 0 0 0 0 0 0 0 0 0 0 0 0 0 0 0 0 0 0 0 0 0 0 0 0 0 0 0 0 0 0 0 0 0 0 0 0 0 0 0 0 0 0 0 0 0 0 0 0 0 0 0 0 
0.043 0.043 0.046 0.049 0.057 0.068 0.083 0.135 0.168 0.064 0.103 0.141 0 0 0 0 0 0 0 0 0 0 0 0 0 0 0 0 0 0 0 0 0 0 0 0 0 0 0 0 0 0 0 0 0 0 0 0 0 0 0 0 0 0 0 0 0 0 0 0 0 0 0 0 0 0 0 0 0 0 0 0 0 0 0 0 0 0 0 0 0 0 0 0 0 0 0 0 0 0 0 0 0 0 0 0 0 0 0 0 
0.07 0.084 0.172 0.044 0.05 0.052 0.058 0.073 0.121 0.032 0.045 0.055 0.021 0.016 0.017 0.023 0.051 0.016 0 0 0 0 0 0 0 0 0 0 0 0 0 0 0 0 0 0 0 0 0 0 0 0 0 0 0 0 0 0 0 0 0 0 0 0 0 0 0 0 0 0 0 0 0 0 0 0 0 0 0 0 0 0 0 0 0 0 0 0 0 0 0 0 0 0 0 0 0 0 0 0 0 0 0 0 0 0 0 0 0 0 
0.065 0.068 0.07 0.073 0.092 0.116 0.026 0.026 0.021 0.02 0.021 0.022 0.026 0.036 0.05 0.066 0.051 0.018 0.017 0.019 0.022 0.028 0.047 0 0 0 0 0 0 0 0 0 0 0 0 0 0 0 0 0 0 0 0 0 0 0 0 0 0 0 0 0 0 0 0 0 0 0 0 0 0 0 0 0 0 0 0 0 0 0 0 0 0 0 0 0 0 0 0 0 0 0 0 0 0 0 0 0 0 0 0 0 0 0 0 0 0 0 0 0 
0.043 0.047 0.052 0.063 0.073 0.069 0.049 0.035 0.034 0.03 0.031 0.029 0.03 0.035 0.036 0.053 0.087 0.098 0.016 0.021 0.033 0.036 0 0 0 0 0 0 0 0 0 0 0 0 0 0 0 0 0 0 0 0 0 0 0 0 0 0 0 0 0 0 0 0 0 0 0 0 0 0 0 0 0 0 0 0 0 0 0 0 0 0 0 0 0 0 0 0 0 0 0 0 0 0 0 0 0 0 0 0 0 0 0 0 0 0 0 0 0 0 
0.168 0.086 0.058 0.047 0.043 0.037 0.032 0.032 0.028 0.028 0.027 0.027 0.026 0.029 0.032 0.024 0.021 0.022 0.024 0.026 0.028 0.035 0.061 0.059 0 0 0 0 0 0 0 0 0 0 0 0 0 0 0 0 0 0 0 0 0 0 0 0 0 0 0 0 0 0 0 0 0 0 0 0 0 0 0 0 0 0 0 0 0 0 0 0 0 0 0 0 0 0 0 0 0 0 0 0 0 0 0 0 0 0 0 0 0 0 0 0 0 0 0 0 
0.148 0.082 0.056 0.049 0.049 0.046 0.041 0.035 0.031 0.03 0.027 0.029 0.029 0.03 0.035 0.039 0.051 0.084 0.034 0.039 0.012 0.018 0.006 0 0 0 0 0 0 0 0 0 0 0 0 0 0 0 0 0 0 0 0 0 0 0 0 0 0 0 0 0 0 0 0 0 0 0 0 0 0 0 0 0 0 0 0 0 0 0 0 0 0 0 0 0 0 0 0 0 0 0 0 0 0 0 0 0 0 0 0 0 0 0 0 0 0 0 0 0 
0.051 0.053 0.056 0.059 0.063 0.065 0.067 0.062 0.056 0.032 0.026 0.024 0.026 0.026 0.029 0.035 0.048 0.063 0.025 0.024 0.013 0.017 0.021 0.04 0.019 0 0 0 0 0 0 0 0 0 0 0 0 0 0 0 0 0 0 0 0 0 0 0 0 0 0 0 0 0 0 0 0 0 0 0 0 0 0 0 0 0 0 0 0 0 0 0 0 0 0 0 0 0 0 0 0 0 0 0 0 0 0 0 0 0 0 0 0 0 0 0 0 0 0 0 
0.04 0.044 0.048 0.06 0.074 0.106 0.097 0.053 0.077 0.134 0.046 0.022 0.034 0.071 0.007 0.008 0.012 0.04 0.027 0 0 0 0 0 0 0 0 0 0 0 0 0 0 0 0 0 0 0 0 0 0 0 0 0 0 0 0 0 0 0 0 0 0 0 0 0 0 0 0 0 0 0 0 0 0 0 0 0 0 0 0 0 0 0 0 0 0 0 0 0 0 0 0 0 0 0 0 0 0 0 0 0 0 0 0 0 0 0 0 0 
0.064 0.07 0.08 0.111 0.165 0.042 0.034 0.03 0.03 0.029 0.032 0.033 0.037 0.041 0.045 0.059 0.075 0.014 0.009 0 0 0 0 0 0 0 0 0 0 0 0 0 0 0 0 0 0 0 0 0 0 0 0 0 0 0 0 0 0 0 0 0 0 0 0 0 0 0 0 0 0 0 0 0 0 0 0 0 0 0 0 0 0 0 0 0 0 0 0 0 0 0 0 0 0 0 0 0 0 0 0 0 0 0 0 0 0 0 0 0 
0.044 0.045 0.042 0.041 0.039 0.038 0.038 0.035 0.034 0.032 0.031 0.027 0.026 0.023 0.021 0.019 0.02 0.018 0.018 0.029 0.038 0.072 0.024 0.023 0.024 0.028 0.036 0.049 0.072 0.014 0 0 0 0 0 0 0 0 0 0 0 0 0 0 0 0 0 0 0 0 0 0 0 0 0 0 0 0 0 0 0 0 0 0 0 0 0 0 0 0 0 0 0 0 0 0 0 0 0 0 0 0 0 0 0 0 0 0 0 0 0 0 0 0 0 0 0 0 0 0 
0.154 0.106 0.078 0.055 0.041 0.035 0.029 0.026 0.026 0.023 0.021 0.025 0.024 0.025 0.026 0.03 0.033 0.042 0.054 0.097 0.05 0 0 0 0 0 0 0 0 0 0 0 0 0 0 0 0 0 0 0 0 0 0 0 0 0 0 0 0 0 0 0 0 0 0 0 0 0 0 0 0 0 0 0 0 0 0 0 0 0 0 0 0 0 0 0 0 0 0 0 0 0 0 0 0 0 0 0 0 0 0 0 0 0 0 0 0 0 0 0 
0.046 0.063 0.059 0.048 0.043 0.051 0.054 0.047 0.039 0.035 0.03 0.028 0.026 0.026 0.025 0.026 0.023 0.027 0.029 0.029 0.035 0.037 0.051 0.079 0.044 0 0 0 0 0 0 0 0 0 0 0 0 0 0 0 0 0 0 0 0 0 0 0 0 0 0 0 0 0 0 0 0 0 0 0 0 0 0 0 0 0 0 0 0 0 0 0 0 0 0 0 0 0 0 0 0 0 0 0 0 0 0 0 0 0 0 0 0 0 0 0 0 0 0 0 
0.121 0.158 0.091 0.091 0.107 0.105 0.016 0.017 0.018 0.017 0.019 0.021 0.025 0.035 0.055 0.017 0.026 0.061 0 0 0 0 0 0 0 0 0 0 0 0 0 0 0 0 0 0 0 0 0 0 0 0 0 0 0 0 0 0 0 0 0 0 0 0 0 0 0 0 0 0 0 0 0 0 0 0 0 0 0 0 0 0 0 0 0 0 0 0 0 0 0 0 0 0 0 0 0 0 0 0 0 0 0 0 0 0 0 0 0 0 
0.045 0.048 0.049 0.052 0.06 0.067 0.078 0.107 0.154 0.144 0.108 0.063 0.007 0.014 0.004 0 0 0 0 0 0 0 0 0 0 0 0 0 0 0 0 0 0 0 0 0 0 0 0 0 0 0 0 0 0 0 0 0 0 0 0 0 0 0 0 0 0 0 0 0 0 0 0 0 0 0 0 0 0 0 0 0 0 0 0 0 0 0 0 0 0 0 0 0 0 0 0 0 0 0 0 0 0 0 0 0 0 0 0 0 
0.035 0.036 0.037 0.044 0.047 0.055 0.076 0.125 0.164 0.064 0.097 0.22 0 0 0 0 0 0 0 0 0 0 0 0 0 0 0 0 0 0 0 0 0 0 0 0 0 0 0 0 0 0 0 0 0 0 0 0 0 0 0 0 0 0 0 0 0 0 0 0 0 0 0 0 0 0 0 0 0 0 0 0 0 0 0 0 0 0 0 0 0 0 0 0 0 0 0 0 0 0 0 0 0 0 0 0 0 0 0 0 
0.057 0.065 0.151 0.049 0.055 0.059 0.068 0.082 0.104 0.079 0.061 0.044 0.014 0.016 0.022 0.04 0.034 0 0 0 0 0 0 0 0 0 0 0 0 0 0 0 0 0 0 0 0 0 0 0 0 0 0 0 0 0 0 0 0 0 0 0 0 0 0 0 0 0 0 0 0 0 0 0 0 0 0 0 0 0 0 0 0 0 0 0 0 0 0 0 0 0 0 0 0 0 0 0 0 0 0 0 0 0 0 0 0 0 0 0 
0.064 0.076 0.089 0.075 0.131 0.063 0.037 0.039 0.042 0.044 0.043 0.035 0.036 0.046 0.077 0.053 0.05 0 0 0 0 0 0 0 0 0 0 0 0 0 0 0 0 0 0 0 0 0 0 0 0 0 0 0 0 0 0 0 0 0 0 0 0 0 0 0 0 0 0 0 0 0 0 0 0 0 0 0 0 0 0 0 0 0 0 0 0 0 0 0 0 0 0 0 0 0 0 0 0 0 0 0 0 0 0 0 0 0 0 0 
0.05 0.051 0.056 0.067 0.075 0.047 0.038 0.033 0.031 0.026 0.028 0.032 0.034 0.029 0.024 0.024 0.025 0.027 0.031 0.037 0.044 0.05 0.063 0.022 0.049 0.007 0 0 0 0 0 0 0 0 0 0 0 0 0 0 0 0 0 0 0 0 0 0 0 0 0 0 0 0 0 0 0 0 0 0 0 0 0 0 0 0 0 0 0 0 0 0 0 0 0 0 0 0 0 0 0 0 0 0 0 0 0 0 0 0 0 0 0 0 0 0 0 0 0 0 
0.061 0.06 0.072 0.117 0.085 0.021 0.022 0.022 0.022 0.022 0.024 0.024 0.026 0.035 0.041 0.047 0.071 0.03 0.013 0.011 0.009 0.009 0.009 0.008 0.008 0.007 0.008 0.008 0.01 0.01 0.012 0.014 0.02 0.042 0 0 0 0 0 0 0 0 0 0 0 0 0 0 0 0 0 0 0 0 0 0 0 0 0 0 0 0 0 0 0 0 0 0 0 0 0 0 0 0 0 0 0 0 0 0 0 0 0 0 0 0 0 0 0 0 0 0 0 0 0 0 0 0 0 0 
0.02 0.025 0.033 0.035 0.038 0.04 0.042 0.047 0.049 0.052 0.051 0.045 0.041 0.037 0.033 0.027 0.025 0.021 0.02 0.019 0.016 0.019 0.018 0.02 0.023 0.026 0.035 0.048 0.011 0.013 0.019 0.033 0.019 0 0 0 0 0 0 0 0 0 0 0 0 0 0 0 0 0 0 0 0 0 0 0 0 0 0 0 0 0 0 0 0 0 0 0 0 0 0 0 0 0 0 0 0 0 0 0 0 0 0 0 0 0 0 0 0 0 0 0 0 0 0 0 0 0 0 0 
0.093 0.065 0.053 0.057 0.06 0.09 0.118 0.018 0.016 0.017 0.016 0.016 0.016 0.017 0.017 0.017 0.017 0.016 0.017 0.016 0.016 0.016 0.016 0.016 0.015 0.014 0.013 0.012 0.012 0.011 0.013 0.014 0.015 0.022 0.043 0 0 0 0 0 0 0 0 0 0 0 0 0 0 0 0 0 0 0 0 0 0 0 0 0 0 0 0 0 0 0 0 0 0 0 0 0 0 0 0 0 0 0 0 0 0 0 0 0 0 0 0 0 0 0 0 0 0 0 0 0 0 0 0 0 
0.101 0.25 0.033 0.03 0.028 0.027 0.026 0.025 0.028 0.031 0.029 0.026 0.023 0.022 0.021 0.023 0.023 0.029 0.034 0.061 0.008 0.009 0.011 0.011 0.015 0.019 0.035 0.022 0 0 0 0 0 0 0 0 0 0 0 0 0 0 0 0 0 0 0 0 0 0 0 0 0 0 0 0 0 0 0 0 0 0 0 0 0 0 0 0 0 0 0 0 0 0 0 0 0 0 0 0 0 0 0 0 0 0 0 0 0 0 0 0 0 0 0 0 0 0 0 0 
0.31 0.049 0.039 0.036 0.034 0.033 0.033 0.033 0.029 0.019 0.019 0.018 0.018 0.019 0.017 0.017 0.017 0.016 0.016 0.016 0.015 0.015 0.014 0.014 0.014 0.014 0.012 0.014 0.015 0.017 0.022 0.046 0 0 0 0 0 0 0 0 0 0 0 0 0 0 0 0 0 0 0 0 0 0 0 0 0 0 0 0 0 0 0 0 0 0 0 0 0 0 0 0 0 0 0 0 0 0 0 0 0 0 0 0 0 0 0 0 0 0 0 0 0 0 0 0 0 0 0 0 
0.041 0.059 0.062 0.069 0.078 0.099 0.144 0.066 0.096 0.158 0.027 0.028 0.073 0 0 0 0 0 0 0 0 0 0 0 0 0 0 0 0 0 0 0 0 0 0 0 0 0 0 0 0 0 0 0 0 0 0 0 0 0 0 0 0 0 0 0 0 0 0 0 0 0 0 0 0 0 0 0 0 0 0 0 0 0 0 0 0 0 0 0 0 0 0 0 0 0 0 0 0 0 0 0 0 0 0 0 0 0 0 0 
0.045 0.05 0.056 0.079 0.082 0.065 0.085 0.095 0.035 0.038 0.047 0.071 0.061 0.067 0.013 0.017 0.023 0.038 0.033 0 0 0 0 0 0 0 0 0 0 0 0 0 0 0 0 0 0 0 0 0 0 0 0 0 0 0 0 0 0 0 0 0 0 0 0 0 0 0 0 0 0 0 0 0 0 0 0 0 0 0 0 0 0 0 0 0 0 0 0 0 0 0 0 0 0 0 0 0 0 0 0 0 0 0 0 0 0 0 0 0 
0.056 0.059 0.075 0.106 0.178 0.099 0.022 0.022 0.026 0.025 0.033 0.039 0.048 0.068 0.12 0.024 0 0 0 0 0 0 0 0 0 0 0 0 0 0 0 0 0 0 0 0 0 0 0 0 0 0 0 0 0 0 0 0 0 0 0 0 0 0 0 0 0 0 0 0 0 0 0 0 0 0 0 0 0 0 0 0 0 0 0 0 0 0 0 0 0 0 0 0 0 0 0 0 0 0 0 0 0 0 0 0 0 0 0 0 
0.044 0.046 0.049 0.059 0.071 0.159 0.072 0.108 0.09 0.053 0.059 0.096 0.035 0.059 0 0 0 0 0 0 0 0 0 0 0 0 0 0 0 0 0 0 0 0 0 0 0 0 0 0 0 0 0 0 0 0 0 0 0 0 0 0 0 0 0 0 0 0 0 0 0 0 0 0 0 0 0 0 0 0 0 0 0 0 0 0 0 0 0 0 0 0 0 0 0 0 0 0 0 0 0 0 0 0 0 0 0 0 0 0 
0.073 0.093 0.183 0.07 0.123 0.044 0.023 0.023 0.028 0.028 0.029 0.023 0.027 0.032 0.043 0.07 0.088 0 0 0 0 0 0 0 0 0 0 0 0 0 0 0 0 0 0 0 0 0 0 0 0 0 0 0 0 0 0 0 0 0 0 0 0 0 0 0 0 0 0 0 0 0 0 0 0 0 0 0 0 0 0 0 0 0 0 0 0 0 0 0 0 0 0 0 0 0 0 0 0 0 0 0 0 0 0 0 0 0 0 0 
0.036 0.038 0.038 0.038 0.041 0.041 0.044 0.041 0.042 0.039 0.034 0.041 0.04 0.045 0.062 0.06 0.016 0.017 0.016 0.02 0.019 0.022 0.027 0.029 0.038 0.045 0.005 0.005 0.004 0.003 0.004 0.003 0.004 0.004 0.004 0.005 0.005 0.007 0.01 0.008 0 0 0 0 0 0 0 0 0 0 0 0 0 0 0 0 0 0 0 0 0 0 0 0 0 0 0 0 0 0 0 0 0 0 0 0 0 0 0 0 0 0 0 0 0 0 0 0 0 0 0 0 0 0 0 0 0 0 0 0 
0.082 0.08 0.078 0.075 0.05 0.032 0.029 0.026 0.023 0.023 0.021 0.022 0.022 0.022 0.024 0.025 0.028 0.031 0.037 0.051 0.076 0.009 0.008 0.008 0.007 0.007 0.006 0.006 0.005 0.005 0.004 0.005 0.005 0.004 0.005 0.005 0.007 0.007 0.01 0.03 0 0 0 0 0 0 0 0 0 0 0 0 0 0 0 0 0 0 0 0 0 0 0 0 0 0 0 0 0 0 0 0 0 0 0 0 0 0 0 0 0 0 0 0 0 0 0 0 0 0 0 0 0 0 0 0 0 0 0 0 
0.092 0.091 0.083 0.074 0.065 0.057 0.052 0.056 0.059 0.099 0.012 0.013 0.013 0.013 0.015 0.016 0.021 0.023 0.03 0.052 0.064 0 0 0 0 0 0 0 0 0 0 0 0 0 0 0 0 0 0 0 0 0 0 0 0 0 0 0 0 0 0 0 0 0 0 0 0 0 0 0 0 0 0 0 0 0 0 0 0 0 0 0 0 0 0 0 0 0 0 0 0 0 0 0 0 0 0 0 0 0 0 0 0 0 0 0 0 0 0 0 
0.035 0.038 0.04 0.056 0.101 0.125 0.084 0.107 0.057 0.114 0.044 0.084 0.043 0.072 0 0 0 0 0 0 0 0 0 0 0 0 0 0 0 0 0 0 0 0 0 0 0 0 0 0 0 0 0 0 0 0 0 0 0 0 0 0 0 0 0 0 0 0 0 0 0 0 0 0 0 0 0 0 0 0 0 0 0 0 0 0 0 0 0 0 0 0 0 0 0 0 0 0 0 0 0 0 0 0 0 0 0 0 0 0 
0.056 0.065 0.074 0.109 0.138 0.126 0.022 0.021 0.027 0.027 0.031 0.04 0.049 0.063 0.091 0.061 0 0 0 0 0 0 0 0 0 0 0 0 0 0 0 0 0 0 0 0 0 0 0 0 0 0 0 0 0 0 0 0 0 0 0 0 0 0 0 0 0 0 0 0 0 0 0 0 0 0 0 0 0 0 0 0 0 0 0 0 0 0 0 0 0 0 0 0 0 0 0 0 0 0 0 0 0 0 0 0 0 0 0 0 
0.047 0.046 0.04 0.043 0.051 0.056 0.067 0.095 0.135 0.069 0.073 0.101 0.051 0.101 0.025 0 0 0 0 0 0 0 0 0 0 0 0 0 0 0 0 0 0 0 0 0 0 0 0 0 0 0 0 0 0 0 0 0 0 0 0 0 0 0 0 0 0 0 0 0 0 0 0 0 0 0 0 0 0 0 0 0 0 0 0 0 0 0 0 0 0 0 0 0 0 0 0 0 0 0 0 0 0 0 0 0 0 0 0 0 
0.045 0.046 0.054 0.06 0.067 0.081 0.149 0.09 0.034 0.035 0.04 0.045 0.055 0.069 0.13 0 0 0 0 0 0 0 0 0 0 0 0 0 0 0 0 0 0 0 0 0 0 0 0 0 0 0 0 0 0 0 0 0 0 0 0 0 0 0 0 0 0 0 0 0 0 0 0 0 0 0 0 0 0 0 0 0 0 0 0 0 0 0 0 0 0 0 0 0 0 0 0 0 0 0 0 0 0 0 0 0 0 0 0 0 
0.05 0.048 0.052 0.058 0.064 0.08 0.116 0.135 0.102 0.034 0.039 0.054 0.099 0.069 0 0 0 0 0 0 0 0 0 0 0 0 0 0 0 0 0 0 0 0 0 0 0 0 0 0 0 0 0 0 0 0 0 0 0 0 0 0 0 0 0 0 0 0 0 0 0 0 0 0 0 0 0 0 0 0 0 0 0 0 0 0 0 0 0 0 0 0 0 0 0 0 0 0 0 0 0 0 0 0 0 0 0 0 0 0 
0.034 0.038 0.039 0.044 0.046 0.055 0.065 0.096 0.149 0.269 0.117 0.048 0 0 0 0 0 0 0 0 0 0 0 0 0 0 0 0 0 0 0 0 0 0 0 0 0 0 0 0 0 0 0 0 0 0 0 0 0 0 0 0 0 0 0 0 0 0 0 0 0 0 0 0 0 0 0 0 0 0 0 0 0 0 0 0 0 0 0 0 0 0 0 0 0 0 0 0 0 0 0 0 0 0 0 0 0 0 0 0 
0.052 0.053 0.057 0.065 0.079 0.107 0.13 0.076 0.108 0.044 0.065 0.079 0.044 0.041 0 0 0 0 0 0 0 0 0 0 0 0 0 0 0 0 0 0 0 0 0 0 0 0 0 0 0 0 0 0 0 0 0 0 0 0 0 0 0 0 0 0 0 0 0 0 0 0 0 0 0 0 0 0 0 0 0 0 0 0 0 0 0 0 0 0 0 0 0 0 0 0 0 0 0 0 0 0 0 0 0 0 0 0 0 0 
0.043 0.047 0.048 0.059 0.096 0.075 0.031 0.035 0.042 0.06 0.114 0.086 0.044 0.056 0.093 0.071 0 0 0 0 0 0 0 0 0 0 0 0 0 0 0 0 0 0 0 0 0 0 0 0 0 0 0 0 0 0 0 0 0 0 0 0 0 0 0 0 0 0 0 0 0 0 0 0 0 0 0 0 0 0 0 0 0 0 0 0 0 0 0 0 0 0 0 0 0 0 0 0 0 0 0 0 0 0 0 0 0 0 0 0 
0.05 0.048 0.054 0.055 0.061 0.066 0.075 0.093 0.122 0.142 0.083 0.151 0 0 0 0 0 0 0 0 0 0 0 0 0 0 0 0 0 0 0 0 0 0 0 0 0 0 0 0 0 0 0 0 0 0 0 0 0 0 0 0 0 0 0 0 0 0 0 0 0 0 0 0 0 0 0 0 0 0 0 0 0 0 0 0 0 0 0 0 0 0 0 0 0 0 0 0 0 0 0 0 0 0 0 0 0 0 0 0 
0.06 0.061 0.07 0.096 0.138 0.082 0.082 0.024 0.028 0.028 0.038 0.047 0.065 0.087 0.082 0.012 0 0 0 0 0 0 0 0 0 0 0 0 0 0 0 0 0 0 0 0 0 0 0 0 0 0 0 0 0 0 0 0 0 0 0 0 0 0 0 0 0 0 0 0 0 0 0 0 0 0 0 0 0 0 0 0 0 0 0 0 0 0 0 0 0 0 0 0 0 0 0 0 0 0 0 0 0 0 0 0 0 0 0 0 
0.037 0.039 0.043 0.05 0.06 0.083 0.132 0.049 0.092 0.18 0.021 0.028 0.046 0.054 0.01 0.018 0.058 0 0 0 0 0 0 0 0 0 0 0 0 0 0 0 0 0 0 0 0 0 0 0 0 0 0 0 0 0 0 0 0 0 0 0 0 0 0 0 0 0 0 0 0 0 0 0 0 0 0 0 0 0 0 0 0 0 0 0 0 0 0 0 0 0 0 0 0 0 0 0 0 0 0 0 0 0 0 0 0 0 0 0 
0.177 0.076 0.054 0.051 0.056 0.063 0.063 0.05 0.026 0.023 0.023 0.025 0.027 0.029 0.035 0.048 0.056 0.011 0.013 0.012 0.012 0.012 0.012 0.012 0.013 0.017 0.004 0 0 0 0 0 0 0 0 0 0 0 0 0 0 0 0 0 0 0 0 0 0 0 0 0 0 0 0 0 0 0 0 0 0 0 0 0 0 0 0 0 0 0 0 0 0 0 0 0 0 0 0 0 0 0 0 0 0 0 0 0 0 0 0 0 0 0 0 0 0 0 0 0 
0.072 0.065 0.058 0.05 0.051 0.044 0.04 0.037 0.031 0.03 0.03 0.027 0.026 0.025 0.027 0.027 0.03 0.034 0.045 0.075 0.023 0.03 0.06 0.007 0.008 0.012 0.036 0 0 0 0 0 0 0 0 0 0 0 0 0 0 0 0 0 0 0 0 0 0 0 0 0 0 0 0 0 0 0 0 0 0 0 0 0 0 0 0 0 0 0 0 0 0 0 0 0 0 0 0 0 0 0 0 0 0 0 0 0 0 0 0 0 0 0 0 0 0 0 0 0 
0.134 0.114 0.091 0.07 0.053 0.044 0.036 0.027 0.022 0.021 0.022 0.019 0.02 0.019 0.021 0.022 0.025 0.029 0.037 0.074 0.017 0.022 0.043 0.018 0 0 0 0 0 0 0 0 0 0 0 0 0 0 0 0 0 0 0 0 0 0 0 0 0 0 0 0 0 0 0 0 0 0 0 0 0 0 0 0 0 0 0 0 0 0 0 0 0 0 0 0 0 0 0 0 0 0 0 0 0 0 0 0 0 0 0 0 0 0 0 0 0 0 0 0 
0.17 0.078 0.054 0.031 0.026 0.024 0.027 0.033 0.03 0.032 0.031 0.03 0.031 0.034 0.038 0.052 0.061 0.016 0.016 0.017 0.017 0.017 0.019 0.018 0.02 0.025 0.053 0 0 0 0 0 0 0 0 0 0 0 0 0 0 0 0 0 0 0 0 0 0 0 0 0 0 0 0 0 0 0 0 0 0 0 0 0 0 0 0 0 0 0 0 0 0 0 0 0 0 0 0 0 0 0 0 0 0 0 0 0 0 0 0 0 0 0 0 0 0 0 0 0 
0.035 0.038 0.041 0.07 0.101 0.114 0.034 0.042 0.047 0.035 0.029 0.029 0.031 0.031 0.034 0.032 0.028 0.026 0.021 0.011 0.01 0.009 0.009 0.008 0.009 0.009 0.009 0.01 0.011 0.014 0.017 0.029 0.027 0 0 0 0 0 0 0 0 0 0 0 0 0 0 0 0 0 0 0 0 0 0 0 0 0 0 0 0 0 0 0 0 0 0 0 0 0 0 0 0 0 0 0 0 0 0 0 0 0 0 0 0 0 0 0 0 0 0 0 0 0 0 0 0 0 0 0 
0.081 0.079 0.075 0.063 0.043 0.031 0.027 0.023 0.027 0.028 0.028 0.027 0.027 0.027 0.029 0.032 0.036 0.043 0.063 0.09 0.106 0.015 0 0 0 0 0 0 0 0 0 0 0 0 0 0 0 0 0 0 0 0 0 0 0 0 0 0 0 0 0 0 0 0 0 0 0 0 0 0 0 0 0 0 0 0 0 0 0 0 0 0 0 0 0 0 0 0 0 0 0 0 0 0 0 0 0 0 0 0 0 0 0 0 0 0 0 0 0 0 
0.073 0.253 0.034 0.033 0.035 0.037 0.046 0.049 0.027 0.017 0.017 0.017 0.018 0.018 0.018 0.017 0.018 0.017 0.017 0.017 0.018 0.017 0.016 0.014 0.013 0.011 0.012 0.012 0.011 0.014 0.017 0.02 0.047 0 0 0 0 0 0 0 0 0 0 0 0 0 0 0 0 0 0 0 0 0 0 0 0 0 0 0 0 0 0 0 0 0 0 0 0 0 0 0 0 0 0 0 0 0 0 0 0 0 0 0 0 0 0 0 0 0 0 0 0 0 0 0 0 0 0 0 
0.124 0.062 0.06 0.067 0.07 0.068 0.052 0.042 0.035 0.032 0.033 0.031 0.033 0.035 0.034 0.042 0.057 0.08 0.043 0 0 0 0 0 0 0 0 0 0 0 0 0 0 0 0 0 0 0 0 0 0 0 0 0 0 0 0 0 0 0 0 0 0 0 0 0 0 0 0 0 0 0 0 0 0 0 0 0 0 0 0 0 0 0 0 0 0 0 0 0 0 0 0 0 0 0 0 0 0 0 0 0 0 0 0 0 0 0 0 0 
0.062 0.057 0.057 0.05 0.043 0.036 0.035 0.031 0.034 0.035 0.037 0.035 0.037 0.038 0.047 0.062 0.057 0.022 0.025 0.03 0.041 0.083 0.046 0 0 0 0 0 0 0 0 0 0 0 0 0 0 0 0 0 0 0 0 0 0 0 0 0 0 0 0 0 0 0 0 0 0 0 0 0 0 0 0 0 0 0 0 0 0 0 0 0 0 0 0 0 0 0 0 0 0 0 0 0 0 0 0 0 0 0 0 0 0 0 0 0 0 0 0 0 
0.059 0.059 0.065 0.073 0.099 0.171 0.034 0.019 0.018 0.018 0.016 0.018 0.019 0.02 0.021 0.022 0.023 0.023 0.021 0.016 0.013 0.011 0.01 0.01 0.008 0.01 0.009 0.01 0.011 0.014 0.015 0.021 0.044 0 0 0 0 0 0 0 0 0 0 0 0 0 0 0 0 0 0 0 0 0 0 0 0 0 0 0 0 0 0 0 0 0 0 0 0 0 0 0 0 0 0 0 0 0 0 0 0 0 0 0 0 0 0 0 0 0 0 0 0 0 0 0 0 0 0 0 
0.087 0.084 0.075 0.055 0.04 0.032 0.048 0.045 0.033 0.027 0.029 0.026 0.027 0.027 0.028 0.034 0.036 0.045 0.063 0.067 0.07 0.022 0 0 0 0 0 0 0 0 0 0 0 0 0 0 0 0 0 0 0 0 0 0 0 0 0 0 0 0 0 0 0 0 0 0 0 0 0 0 0 0 0 0 0 0 0 0 0 0 0 0 0 0 0 0 0 0 0 0 0 0 0 0 0 0 0 0 0 0 0 0 0 0 0 0 0 0 0 0 
0.059 0.055 0.051 0.046 0.042 0.038 0.038 0.035 0.034 0.03 0.026 0.026 0.022 0.023 0.022 0.019 0.02 0.02 0.022 0.024 0.027 0.046 0.022 0.028 0.033 0.048 0.046 0.02 0.025 0.053 0 0 0 0 0 0 0 0 0 0 0 0 0 0 0 0 0 0 0 0 0 0 0 0 0 0 0 0 0 0 0 0 0 0 0 0 0 0 0 0 0 0 0 0 0 0 0 0 0 0 0 0 0 0 0 0 0 0 0 0 0 0 0 0 0 0 0 0 0 0 
0.117 0.187 0.042 0.041 0.038 0.04 0.038 0.041 0.037 0.037 0.036 0.035 0.037 0.035 0.038 0.04 0.044 0.043 0.051 0.007 0.006 0.007 0.003 0 0 0 0 0 0 0 0 0 0 0 0 0 0 0 0 0 0 0 0 0 0 0 0 0 0 0 0 0 0 0 0 0 0 0 0 0 0 0 0 0 0 0 0 0 0 0 0 0 0 0 0 0 0 0 0 0 0 0 0 0 0 0 0 0 0 0 0 0 0 0 0 0 0 0 0 0 
0.062 0.064 0.062 0.062 0.055 0.04 0.032 0.025 0.022 0.021 0.02 0.019 0.025 0.036 0.037 0.042 0.041 0.064 0.086 0.045 0.078 0.042 0.02 0 0 0 0 0 0 0 0 0 0 0 0 0 0 0 0 0 0 0 0 0 0 0 0 0 0 0 0 0 0 0 0 0 0 0 0 0 0 0 0 0 0 0 0 0 0 0 0 0 0 0 0 0 0 0 0 0 0 0 0 0 0 0 0 0 0 0 0 0 0 0 0 0 0 0 0 0 
0.053 0.057 0.059 0.083 0.127 0.037 0.041 0.045 0.049 0.056 0.062 0.062 0.069 0.084 0.027 0.034 0.055 0 0 0 0 0 0 0 0 0 0 0 0 0 0 0 0 0 0 0 0 0 0 0 0 0 0 0 0 0 0 0 0 0 0 0 0 0 0 0 0 0 0 0 0 0 0 0 0 0 0 0 0 0 0 0 0 0 0 0 0 0 0 0 0 0 0 0 0 0 0 0 0 0 0 0 0 0 0 0 0 0 0 0 
0.071 0.084 0.126 0.137 0.059 0.073 0.095 0.018 0.019 0.02 0.021 0.025 0.028 0.038 0.053 0.094 0.039 0 0 0 0 0 0 0 0 0 0 0 0 0 0 0 0 0 0 0 0 0 0 0 0 0 0 0 0 0 0 0 0 0 0 0 0 0 0 0 0 0 0 0 0 0 0 0 0 0 0 0 0 0 0 0 0 0 0 0 0 0 0 0 0 0 0 0 0 0 0 0 0 0 0 0 0 0 0 0 0 0 0 0 
0.036 0.038 0.04 0.057 0.097 0.124 0.057 0.08 0.106 0.076 0.174 0.019 0.026 0.07 0 0 0 0 0 0 0 0 0 0 0 0 0 0 0 0 0 0 0 0 0 0 0 0 0 0 0 0 0 0 0 0 0 0 0 0 0 0 0 0 0 0 0 0 0 0 0 0 0 0 0 0 0 0 0 0 0 0 0 0 0 0 0 0 0 0 0 0 0 0 0 0 0 0 0 0 0 0 0 0 0 0 0 0 0 0 
0.068 0.096 0.155 0.202 0.051 0.048 0.053 0.068 0.09 0.009 0.009 0.009 0.011 0.011 0.015 0.018 0.027 0.06 0 0 0 0 0 0 0 0 0 0 0 0 0 0 0 0 0 0 0 0 0 0 0 0 0 0 0 0 0 0 0 0 0 0 0 0 0 0 0 0 0 0 0 0 0 0 0 0 0 0 0 0 0 0 0 0 0 0 0 0 0 0 0 0 0 0 0 0 0 0 0 0 0 0 0 0 0 0 0 0 0 0 
0.059 0.058 0.05 0.052 0.055 0.058 0.058 0.05 0.042 0.035 0.034 0.032 0.032 0.035 0.038 0.047 0.047 0.07 0.024 0.01 0.012 0.013 0.017 0.025 0.047 0 0 0 0 0 0 0 0 0 0 0 0 0 0 0 0 0 0 0 0 0 0 0 0 0 0 0 0 0 0 0 0 0 0 0 0 0 0 0 0 0 0 0 0 0 0 0 0 0 0 0 0 0 0 0 0 0 0 0 0 0 0 0 0 0 0 0 0 0 0 0 0 0 0 0 
