0.03 0.09 0.15 0.21 0.27 0.33 0.39 0.45 0.51 0.57 0.63 0.69 0.75 0.81 0.87 0.93 0.99 1.05 1.11 1.17 1.23 1.29 1.35 1.41 1.47 1.53 1.59 1.65 1.71 1.77 1.83 1.89 1.95 2.01 2.07 2.13 2.19 2.25 2.31 2.37 2.43 2.49 2.55 2.61 2.67 2.73 2.79 2.85 2.91 2.97 3.03 3.09 3.15 3.21 3.27 3.33 3.39 3.45 3.51 3.57 3.63 3.69 3.75 3.81 3.87 3.93 3.99 4.05 4.11 4.17 4.23 4.29 4.35 4.41 4.47 4.53 4.59 4.65 4.71 4.77 4.83 4.89 4.95 5.01 5.07 5.13 5.19 5.25 5.31 5.37 5.43 5.49 5.55 5.61 5.67 5.73 5.79 5.85 5.91 5.97 
0.04315 0.04483 0.04369 0.04637 0.04728 0.04554 0.04285 0.04174 0.0418 0.0431 0.04153 0.03614 0.03452 0.03179 0.02839 0.03162 0.02799 0.02574 0.02414 0.02212 0.02161 0.02022 0.01974 0.01831 0.01796 0.01781 0.01366 0.01476 0.01072 0.01095 0.01042 0.00974 0.00854 0.00721 0.00656 0.00505 0.0037 0.00351 0.00413 0.00311 0.00315 0.00276 0.00224 0.00149 0.00138 0.00138 0.0008 0.00073 0.00087 0.00087 0.00064 0.00058 0.0004 0.00014 8e-05 8e-05 0.00017 0.00021 0 0 0 0 0 0 0 0 0 0 0 0 0 0 0 0 0 0 0 0 0 0 0 0 0 0 0 0 0 0 0 0 0 0 0 0 0 0 0 0 0 0 
0.04415 0.04737 0.04765 0.04754 0.04752 0.04994 0.04866 0.04747 0.04339 0.04214 0.03752 0.03841 0.03659 0.03594 0.03109 0.0325 0.03235 0.03058 0.02624 0.02469 0.02177 0.02311 0.01846 0.01465 0.01143 0.01167 0.01017 0.01012 0.01086 0.01082 0.00872 0.00799 0.00575 0.00548 0.00449 0.00356 0.00361 0.00471 0.00404 0.0022 0.00222 0.00143 0.00123 0.00126 0.00123 0.00082 0.00126 0.00132 0.00092 0.00046 0.00052 0.00047 0.00025 0.0003 0.00017 0.0001 0.00011 0.00011 0.00022 0.00025 0 0 0 0 0 0 0 0 0 0 0 0 0 0 0 0 0 0 0 0 0 0 0 0 0 0 0 0 0 0 0 0 0 0 0 0 0 0 0 0 
0.04744 0.04921 0.04785 0.04659 0.04108 0.04393 0.04657 0.04202 0.04182 0.04217 0.03595 0.03624 0.03573 0.03283 0.03039 0.02911 0.02805 0.0277 0.02785 0.02359 0.0219 0.02078 0.01649 0.01681 0.01643 0.01414 0.01298 0.01298 0.01456 0.01344 0.01061 0.01105 0.00783 0.00946 0.00828 0.00647 0.00519 0.00414 0.0043 0.00255 0.0035 0.00202 0.00127 0.00096 0.0008 0.00066 0.00038 0.00031 0.00036 0.00063 0.0002 7e-05 8e-05 9e-05 7e-05 9e-05 9e-05 8e-05 0.00011 9e-05 0.0001 0.0001 9e-05 9e-05 8e-05 8e-05 9e-05 0.00011 0.00012 0.00016 0.00029 0.00032 0 0 0 0 0 0 0 0 0 0 0 0 0 0 0 0 0 0 0 0 0 0 0 0 0 0 0 0 
0.04444 0.04677 0.04398 0.04101 0.0416 0.04416 0.04465 0.04215 0.04218 0.0437 0.03885 0.0385 0.03496 0.03549 0.03152 0.02951 0.02675 0.02647 0.02304 0.02526 0.02716 0.02365 0.02151 0.01975 0.01836 0.01817 0.01417 0.01333 0.01312 0.01064 0.01046 0.0103 0.01004 0.00632 0.00469 0.00484 0.00483 0.0047 0.00271 0.00279 0.00169 0.00147 0.00134 0.00102 0.00082 0.00083 0.00134 0.00068 0.00092 0.00086 0.00078 0.00061 0.00015 0.00025 0.00027 0.00033 0.00011 0 0 0 0 0 0 0 0 0 0 0 0 0 0 0 0 0 0 0 0 0 0 0 0 0 0 0 0 0 0 0 0 0 0 0 0 0 0 0 0 0 0 0 
0.04638 0.04698 0.04631 0.05138 0.0514 0.04859 0.04609 0.04331 0.04392 0.0416 0.03796 0.03766 0.03463 0.03468 0.03456 0.03086 0.03081 0.02761 0.02619 0.02398 0.02271 0.01871 0.01763 0.01873 0.01459 0.01381 0.01256 0.0115 0.01011 0.00891 0.00889 0.00773 0.00709 0.00626 0.0054 0.00503 0.00415 0.00335 0.00305 0.00356 0.00193 0.00192 0.00098 0.0012 0.00084 0.0008 0.00049 0.00035 0.0005 0.00055 0.0005 0.00057 0.00016 0.00054 0 0 0 0 0 0 0 0 0 0 0 0 0 0 0 0 0 0 0 0 0 0 0 0 0 0 0 0 0 0 0 0 0 0 0 0 0 0 0 0 0 0 0 0 0 0 
0.0446 0.04376 0.04741 0.04418 0.0471 0.04525 0.04621 0.04656 0.04461 0.0402 0.04395 0.0387 0.03767 0.03552 0.03157 0.02939 0.02861 0.02759 0.02476 0.02287 0.01975 0.01871 0.01831 0.0185 0.01626 0.01577 0.01537 0.01312 0.01356 0.01145 0.01033 0.00946 0.00772 0.00686 0.00583 0.00439 0.00367 0.00235 0.00314 0.00191 0.00209 0.00156 0.00153 0.00176 0.00098 0.00076 0.00053 0.00073 0.00096 0.00067 0.00028 0.00022 0.00024 0.00032 0.00015 0.00025 0 0 0 0 0 0 0 0 0 0 0 0 0 0 0 0 0 0 0 0 0 0 0 0 0 0 0 0 0 0 0 0 0 0 0 0 0 0 0 0 0 0 0 0 
0.04933 0.04456 0.05136 0.0486 0.0447 0.04631 0.04456 0.03999 0.03702 0.03746 0.0386 0.03348 0.03471 0.03411 0.03092 0.0308 0.02915 0.0284 0.02504 0.02338 0.0231 0.02122 0.02058 0.01786 0.01446 0.01572 0.0135 0.01251 0.01088 0.01019 0.00966 0.00794 0.00709 0.00752 0.00664 0.00584 0.00573 0.00666 0.00485 0.00405 0.00383 0.00245 0.00183 0.00164 0.00133 0.00097 0.00111 0.00138 0.00126 0.00164 0.00164 0.00142 0.00059 0.0001 0.00025 8e-05 0 0 0 0 0 0 0 0 0 0 0 0 0 0 0 0 0 0 0 0 0 0 0 0 0 0 0 0 0 0 0 0 0 0 0 0 0 0 0 0 0 0 0 0 
0.04976 0.04569 0.04906 0.04757 0.04397 0.04439 0.0435 0.04138 0.04172 0.03679 0.03746 0.03822 0.03608 0.03636 0.03481 0.03097 0.03042 0.03002 0.0308 0.02721 0.02537 0.02306 0.01877 0.01708 0.01345 0.01227 0.01162 0.01103 0.01064 0.00997 0.00856 0.00849 0.00815 0.00654 0.00483 0.00436 0.00453 0.00303 0.00354 0.0034 0.00237 0.00194 0.00138 0.00128 0.00125 0.00075 0.00107 0.00102 0.00063 0.00024 0.00061 0.00048 0.00028 0.00019 6e-05 6e-05 6e-05 6e-05 8e-05 9e-05 8e-05 0.0001 0.00011 9e-05 0.00012 0.00017 0.00028 0.00028 0 0 0 0 0 0 0 0 0 0 0 0 0 0 0 0 0 0 0 0 0 0 0 0 0 0 0 0 0 0 0 0 
0.05318 0.04816 0.04459 0.04435 0.04352 0.04026 0.04404 0.04066 0.03872 0.03751 0.0376 0.03558 0.03528 0.03389 0.03186 0.02922 0.02887 0.03034 0.02558 0.02347 0.02315 0.01967 0.01808 0.01945 0.01946 0.01567 0.01381 0.01284 0.01192 0.01287 0.00996 0.00853 0.00683 0.00548 0.00536 0.00537 0.00508 0.00591 0.0045 0.00406 0.00315 0.00299 0.00306 0.00228 0.00224 0.00169 0.00249 0.00132 0.00094 0.00114 0.0007 0.00054 0.00075 0.00052 0.0009 0.00017 0.0002 0.00024 0 0 0 0 0 0 0 0 0 0 0 0 0 0 0 0 0 0 0 0 0 0 0 0 0 0 0 0 0 0 0 0 0 0 0 0 0 0 0 0 0 0 
0.0434 0.04891 0.04854 0.04656 0.04836 0.04529 0.0428 0.04037 0.04301 0.04288 0.04419 0.04042 0.03709 0.03562 0.03283 0.0304 0.02613 0.02655 0.02435 0.02448 0.02063 0.01928 0.01941 0.01834 0.01808 0.0169 0.01414 0.01107 0.00902 0.00882 0.00922 0.00886 0.00668 0.00614 0.00553 0.0044 0.00529 0.00417 0.00278 0.00307 0.00203 0.00201 0.00209 0.00242 0.00173 0.00168 0.00081 0.00046 0.0002 0.00052 0.0003 0.00032 0.00051 0.00011 0.00012 0.0001 9e-05 9e-05 0.00012 0.0002 8e-05 0 0 0 0 0 0 0 0 0 0 0 0 0 0 0 0 0 0 0 0 0 0 0 0 0 0 0 0 0 0 0 0 0 0 0 0 0 0 0 
0.04828 0.04424 0.04194 0.04341 0.04146 0.04549 0.04352 0.04613 0.04192 0.03971 0.04241 0.03868 0.03193 0.03358 0.0331 0.03051 0.02698 0.02766 0.02986 0.02376 0.02238 0.02167 0.0204 0.01692 0.01733 0.01698 0.01373 0.0128 0.01107 0.01068 0.0091 0.00732 0.00851 0.00727 0.00736 0.00509 0.00498 0.00484 0.00466 0.00409 0.00321 0.00317 0.00236 0.0019 0.00221 0.00105 0.00071 0.00078 0.00067 0.00068 0.00081 0.0007 0 0 0 0 0 0 0 0 0 0 0 0 0 0 0 0 0 0 0 0 0 0 0 0 0 0 0 0 0 0 0 0 0 0 0 0 0 0 0 0 0 0 0 0 0 0 0 0 
0.0439 0.04143 0.04274 0.04547 0.05077 0.04789 0.04603 0.0441 0.04429 0.04009 0.04028 0.04182 0.0424 0.03479 0.03718 0.03364 0.02956 0.02632 0.02143 0.02095 0.02097 0.01987 0.01934 0.01767 0.01593 0.01433 0.01408 0.01344 0.01091 0.00936 0.00838 0.00782 0.00561 0.00511 0.00404 0.0038 0.00276 0.00298 0.00222 0.00272 0.00299 0.00227 0.00214 0.00207 0.00207 0.0024 0.00205 0.00158 0.00094 0.00044 0.00035 0.0004 0.00053 0.00026 0.00026 0.00053 0.00055 0.00048 0.00037 0.00048 0.00042 0 0 0 0 0 0 0 0 0 0 0 0 0 0 0 0 0 0 0 0 0 0 0 0 0 0 0 0 0 0 0 0 0 0 0 0 0 0 0 
0.04827 0.04649 0.0462 0.04841 0.04601 0.04829 0.04975 0.04705 0.04922 0.04509 0.04369 0.03982 0.0414 0.03495 0.03162 0.0286 0.02734 0.02587 0.02422 0.02312 0.01921 0.01754 0.01663 0.01295 0.01354 0.0131 0.01171 0.01091 0.01097 0.01057 0.00848 0.00684 0.00738 0.00622 0.00519 0.0045 0.00391 0.00427 0.00274 0.00306 0.00222 0.00192 0.00125 0.00131 0.00094 0.0007 0.00072 0.00059 0.00055 0.00047 0.00049 0.00061 0.00067 0.00089 0.00037 0.00041 0.00073 3e-05 0 0 0 0 0 0 0 0 0 0 0 0 0 0 0 0 0 0 0 0 0 0 0 0 0 0 0 0 0 0 0 0 0 0 0 0 0 0 0 0 0 0 
0.05287 0.05293 0.05713 0.05268 0.0533 0.04806 0.04635 0.04578 0.04377 0.04066 0.03554 0.03323 0.03394 0.0317 0.03087 0.02932 0.02777 0.02572 0.02325 0.02198 0.02263 0.01958 0.01676 0.01487 0.01556 0.01434 0.01383 0.01217 0.01114 0.00929 0.0067 0.00636 0.00587 0.00592 0.00495 0.00361 0.003 0.00241 0.00334 0.00272 0.00257 0.00227 0.00262 0.00266 0.00185 0.00148 0.00198 0.00106 0.00086 0.00011 0.00017 0.0002 0.00027 0 0 0 0 0 0 0 0 0 0 0 0 0 0 0 0 0 0 0 0 0 0 0 0 0 0 0 0 0 0 0 0 0 0 0 0 0 0 0 0 0 0 0 0 0 0 0 
0.05159 0.05169 0.04948 0.05153 0.04885 0.04788 0.04931 0.04157 0.04232 0.04 0.0358 0.03387 0.03649 0.0346 0.03152 0.03006 0.03136 0.02856 0.02391 0.0214 0.0201 0.02105 0.01961 0.01657 0.01478 0.01461 0.01159 0.00927 0.00975 0.00955 0.00924 0.00806 0.0072 0.0058 0.00443 0.00427 0.0038 0.00271 0.00223 0.00235 0.00275 0.00328 0.0023 0.00188 0.00174 0.00171 0.00159 0.00083 0.00096 0.00108 0.00073 0.00069 0.00095 0.0001 0.00015 0.00016 0.00034 0 0 0 0 0 0 0 0 0 0 0 0 0 0 0 0 0 0 0 0 0 0 0 0 0 0 0 0 0 0 0 0 0 0 0 0 0 0 0 0 0 0 0 
0.05246 0.05147 0.04903 0.0473 0.04807 0.04491 0.04539 0.04093 0.04122 0.04021 0.04027 0.03736 0.03484 0.03727 0.03379 0.03109 0.02934 0.02705 0.02724 0.02562 0.0224 0.02091 0.01843 0.01723 0.01426 0.01636 0.01558 0.01295 0.01128 0.01044 0.00773 0.00642 0.00497 0.00422 0.00483 0.00364 0.00238 0.00216 0.00211 0.00275 0.00219 0.00185 0.00195 0.00111 0.00093 0.00042 0.00104 0.00079 0.00123 0.00047 0.00016 0.00016 0.00016 0.00015 0.00016 0.0002 0.00026 0.00026 0.00012 0.00012 0.00015 0.00021 0 0 0 0 0 0 0 0 0 0 0 0 0 0 0 0 0 0 0 0 0 0 0 0 0 0 0 0 0 0 0 0 0 0 0 0 0 0 
0.04491 0.05024 0.04575 0.0481 0.04691 0.04701 0.0459 0.04364 0.0397 0.04099 0.03692 0.03636 0.03347 0.03594 0.03309 0.02848 0.02817 0.02825 0.0245 0.02368 0.02118 0.02021 0.01986 0.01777 0.01735 0.01648 0.01398 0.0138 0.01306 0.01273 0.01005 0.00798 0.00725 0.00646 0.0065 0.00517 0.00357 0.00243 0.00251 0.00341 0.00188 0.00173 0.00183 0.0015 0.00094 0.00087 0.00116 0.00092 0.00053 0.00066 0.00068 0.00067 0.00075 0.00085 0.00058 0.00046 0.00023 0 0 0 0 0 0 0 0 0 0 0 0 0 0 0 0 0 0 0 0 0 0 0 0 0 0 0 0 0 0 0 0 0 0 0 0 0 0 0 0 0 0 0 
0.05253 0.05261 0.05043 0.05069 0.05007 0.04781 0.04466 0.03749 0.03814 0.03793 0.04002 0.0328 0.03434 0.03287 0.03073 0.02747 0.03201 0.02873 0.02735 0.02493 0.02268 0.01816 0.01835 0.01579 0.01671 0.01391 0.0122 0.01151 0.01076 0.00976 0.00968 0.00734 0.00738 0.00615 0.00575 0.00498 0.00416 0.00463 0.00473 0.00295 0.00234 0.00243 0.00266 0.00177 0.00166 0.00126 0.00124 0.00128 0.00107 0.00064 0.00077 0.00096 0.00073 0 0 0 0 0 0 0 0 0 0 0 0 0 0 0 0 0 0 0 0 0 0 0 0 0 0 0 0 0 0 0 0 0 0 0 0 0 0 0 0 0 0 0 0 0 0 0 
0.04967 0.04297 0.04104 0.04003 0.04064 0.04301 0.04551 0.04637 0.04429 0.04173 0.03999 0.03776 0.03602 0.03529 0.0346 0.03076 0.02894 0.02769 0.02755 0.02681 0.02374 0.02154 0.02079 0.02257 0.01651 0.01598 0.0136 0.01238 0.01138 0.01048 0.00809 0.00692 0.00527 0.0065 0.0052 0.005 0.00426 0.00314 0.00323 0.00291 0.00284 0.00245 0.00172 0.00166 0.00164 0.00139 0.00125 0.00103 0.00086 0.00031 0.00037 0.00072 0.00058 0.00026 0.00012 0.00014 0.00014 0.00015 0.00013 0.00016 0.00016 0.00023 0.00029 0.0004 0.00026 0.00013 0.00045 0 0 0 0 0 0 0 0 0 0 0 0 0 0 0 0 0 0 0 0 0 0 0 0 0 0 0 0 0 0 0 0 0 
0.04512 0.04276 0.04704 0.04514 0.04671 0.0406 0.04005 0.04134 0.04203 0.04302 0.04217 0.04105 0.03939 0.03475 0.03078 0.02922 0.03006 0.0261 0.02557 0.02564 0.02569 0.023 0.02098 0.01821 0.01667 0.0137 0.01241 0.01279 0.01128 0.01357 0.01077 0.00927 0.00904 0.00816 0.00565 0.00404 0.00358 0.00358 0.0026 0.00275 0.00215 0.00145 0.00178 0.0016 0.00185 0.00139 0.00078 0.00018 0.00021 0.00024 0.00024 0.00042 7e-05 0.00012 0.00011 0.0001 0.0001 0.00013 0.00012 0.0001 0.00013 0.00013 0.00027 5e-05 0 0 0 0 0 0 0 0 0 0 0 0 0 0 0 0 0 0 0 0 0 0 0 0 0 0 0 0 0 0 0 0 0 0 0 0 
0.04504 0.04656 0.04351 0.04496 0.04682 0.04736 0.04634 0.04687 0.04447 0.04411 0.04435 0.04189 0.03792 0.03406 0.03345 0.03153 0.02739 0.02465 0.02443 0.02178 0.02163 0.0217 0.0154 0.01527 0.01483 0.01553 0.01113 0.01051 0.0097 0.0083 0.00812 0.00784 0.00733 0.00576 0.00587 0.00509 0.00511 0.00409 0.00357 0.00258 0.00246 0.00268 0.00242 0.00221 0.00253 0.00187 0.00147 0.00207 0.00071 0.00061 0.00069 0.00057 0.00078 0.00028 0.00036 8e-05 7e-05 9e-05 8e-05 0.0001 0.00012 0.00012 0.0002 0.00058 0 0 0 0 0 0 0 0 0 0 0 0 0 0 0 0 0 0 0 0 0 0 0 0 0 0 0 0 0 0 0 0 0 0 0 0 
0.04202 0.04645 0.04855 0.04634 0.04379 0.04575 0.04151 0.04069 0.03963 0.03842 0.03848 0.03691 0.03541 0.03089 0.03136 0.0284 0.0295 0.02824 0.02604 0.02345 0.02232 0.02157 0.01841 0.01719 0.01838 0.01537 0.01493 0.01368 0.01317 0.01129 0.01179 0.01243 0.00897 0.00825 0.00713 0.00614 0.0053 0.00336 0.00377 0.00288 0.00293 0.00261 0.00377 0.00245 0.0016 0.00128 0.00092 0.00114 0.00064 0.00129 0.00061 0.00061 0.00047 0.0007 0.00054 0.00028 0 0 0 0 0 0 0 0 0 0 0 0 0 0 0 0 0 0 0 0 0 0 0 0 0 0 0 0 0 0 0 0 0 0 0 0 0 0 0 0 0 0 0 0 
0.05396 0.05277 0.04532 0.046 0.048 0.04546 0.04312 0.0419 0.03694 0.03731 0.03441 0.03559 0.03119 0.03202 0.03082 0.02878 0.02939 0.03269 0.02596 0.02319 0.0246 0.02269 0.01901 0.01984 0.02027 0.0172 0.01796 0.01444 0.01219 0.0111 0.00941 0.00819 0.00881 0.00785 0.00442 0.00447 0.00428 0.00237 0.00338 0.00178 0.00131 0.00167 0.00159 0.0013 0.00058 0.00034 0.00041 0.00102 0.00037 0.00029 0.00026 0.00021 0.00021 0.00022 0.0003 0.00043 0.0004 1e-05 0 0 0 0 0 0 0 0 0 0 0 0 0 0 0 0 0 0 0 0 0 0 0 0 0 0 0 0 0 0 0 0 0 0 0 0 0 0 0 0 0 0 
0.05093 0.04974 0.04808 0.0459 0.04598 0.04899 0.04662 0.0459 0.04577 0.04052 0.03672 0.03605 0.0363 0.03375 0.03231 0.02954 0.0264 0.02427 0.02209 0.02204 0.02126 0.02183 0.02161 0.0192 0.01768 0.01561 0.0139 0.01333 0.0124 0.01162 0.00931 0.00652 0.00667 0.00602 0.00545 0.00429 0.00377 0.00261 0.00192 0.0022 0.00212 0.00172 0.00221 0.00189 0.00111 0.00057 0.0007 0.00091 0.00064 0.00041 0.00029 0.00032 0.00027 0.00069 9e-05 0.0001 0.0001 8e-05 9e-05 0.00017 0.00019 0.00023 0 0 0 0 0 0 0 0 0 0 0 0 0 0 0 0 0 0 0 0 0 0 0 0 0 0 0 0 0 0 0 0 0 0 0 0 0 0 
0.0484 0.04604 0.04555 0.0454 0.04565 0.04274 0.04511 0.04524 0.04539 0.04132 0.04137 0.03811 0.03676 0.03188 0.0319 0.0304 0.03146 0.03103 0.0242 0.02365 0.02368 0.02512 0.02025 0.01837 0.0168 0.01426 0.01298 0.01458 0.01055 0.00821 0.00731 0.00541 0.00457 0.00574 0.00487 0.0038 0.00327 0.00397 0.0039 0.00326 0.00295 0.00269 0.00242 0.00173 0.00107 0.00119 0.00112 0.00094 0.00065 0.00043 0.00057 0.00061 0.00026 0.00055 0.00032 0 0 0 0 0 0 0 0 0 0 0 0 0 0 0 0 0 0 0 0 0 0 0 0 0 0 0 0 0 0 0 0 0 0 0 0 0 0 0 0 0 0 0 0 0 
0.04661 0.04102 0.0441 0.0442 0.04502 0.04383 0.04314 0.04377 0.04715 0.04041 0.03872 0.0389 0.03929 0.03612 0.03549 0.03416 0.03186 0.02977 0.02903 0.02598 0.02257 0.02021 0.01839 0.01809 0.01725 0.01585 0.01411 0.01169 0.00982 0.01109 0.01138 0.00669 0.00493 0.00476 0.00584 0.00429 0.00408 0.00466 0.00372 0.00281 0.00139 0.00111 0.00075 0.00118 0.00109 0.00077 0.00084 0.00014 0.00013 0.00019 0.00019 0.0004 0.00021 6e-05 8e-05 7e-05 9e-05 8e-05 0.00011 0.00014 0.00018 0 0 0 0 0 0 0 0 0 0 0 0 0 0 0 0 0 0 0 0 0 0 0 0 0 0 0 0 0 0 0 0 0 0 0 0 0 0 0 
0.04514 0.04487 0.04255 0.04035 0.03848 0.04376 0.04252 0.04129 0.04056 0.04393 0.03925 0.03518 0.03727 0.03565 0.03272 0.0313 0.03105 0.03111 0.02857 0.02661 0.02592 0.02261 0.02073 0.01952 0.01876 0.01681 0.0162 0.01188 0.00981 0.00934 0.007 0.0081 0.00659 0.00591 0.00551 0.00537 0.00511 0.00481 0.00414 0.0034 0.00219 0.00195 0.00186 0.00207 0.00229 0.00274 0.00142 0.00096 0.0009 0.00074 0.00072 0.00015 0.00015 0.00018 0.00022 0.0002 0.00036 0.00028 0.00039 0.0002 0.00011 0.00024 0 0 0 0 0 0 0 0 0 0 0 0 0 0 0 0 0 0 0 0 0 0 0 0 0 0 0 0 0 0 0 0 0 0 0 0 0 0 
0.04917 0.04865 0.04496 0.04925 0.04574 0.04558 0.04688 0.04635 0.04058 0.03989 0.03486 0.03219 0.03317 0.03184 0.03363 0.03459 0.02952 0.02603 0.02609 0.02489 0.02255 0.02119 0.02267 0.019 0.01708 0.01433 0.01336 0.01129 0.01046 0.00935 0.00759 0.00622 0.00612 0.00615 0.00536 0.00488 0.00335 0.00327 0.00317 0.00353 0.00233 0.00265 0.00215 0.00171 0.00191 0.00234 0.00195 0.00152 0.00217 0.00163 0.00194 0.00089 0.00032 0.0005 0.00079 0.00042 0 0 0 0 0 0 0 0 0 0 0 0 0 0 0 0 0 0 0 0 0 0 0 0 0 0 0 0 0 0 0 0 0 0 0 0 0 0 0 0 0 0 0 0 
0.04676 0.04918 0.0461 0.04379 0.04347 0.04226 0.04572 0.04327 0.04289 0.03979 0.03737 0.03537 0.03606 0.03595 0.03309 0.03151 0.03022 0.02828 0.02469 0.02101 0.0207 0.02327 0.02016 0.02 0.01951 0.01495 0.01335 0.0098 0.0099 0.00954 0.00997 0.00753 0.00602 0.00535 0.00503 0.0048 0.00601 0.00382 0.00346 0.00387 0.0034 0.00227 0.00223 0.00192 0.00275 0.00249 0.0012 0.00103 0.00101 0.00117 0.00186 0.00118 0.0005 0.00068 0.00101 0.00049 0.00038 0.00031 0.00014 0.00016 0 0 0 0 0 0 0 0 0 0 0 0 0 0 0 0 0 0 0 0 0 0 0 0 0 0 0 0 0 0 0 0 0 0 0 0 0 0 0 0 
0.04846 0.04488 0.04756 0.04324 0.04418 0.04293 0.04488 0.04509 0.04182 0.04236 0.04397 0.04088 0.03614 0.03924 0.03399 0.03026 0.03071 0.02781 0.02522 0.02278 0.01953 0.01703 0.01745 0.01765 0.01576 0.01525 0.01497 0.01182 0.01038 0.00862 0.00891 0.00961 0.00765 0.00743 0.00637 0.00497 0.00342 0.00353 0.00345 0.00407 0.00374 0.00353 0.00208 0.00171 0.00114 0.00099 0.00074 0.00047 0.00041 0.00021 0.00027 0.00044 0 0 0 0 0 0 0 0 0 0 0 0 0 0 0 0 0 0 0 0 0 0 0 0 0 0 0 0 0 0 0 0 0 0 0 0 0 0 0 0 0 0 0 0 0 0 0 0 
0.05133 0.05455 0.05082 0.04838 0.04584 0.04587 0.04555 0.04956 0.0472 0.04216 0.03989 0.0416 0.03464 0.03358 0.03197 0.03032 0.02701 0.02428 0.02334 0.02009 0.01956 0.01751 0.01589 0.01664 0.01559 0.01219 0.01216 0.01182 0.01195 0.01023 0.0092 0.00737 0.00597 0.00568 0.00557 0.00417 0.00437 0.00275 0.00345 0.00331 0.00186 0.00173 0.00203 0.00221 0.00165 0.00169 0.00097 0.00086 0.00066 0.00083 0.00023 0.0004 0.00038 0.00014 0.00013 0.0001 0.0001 0.00016 0.00012 0.00014 0.00017 8e-05 0 0 0 0 0 0 0 0 0 0 0 0 0 0 0 0 0 0 0 0 0 0 0 0 0 0 0 0 0 0 0 0 0 0 0 0 0 0 
0.04488 0.0441 0.04673 0.04544 0.04372 0.04303 0.04086 0.03979 0.04065 0.03843 0.03996 0.03789 0.03479 0.03289 0.02914 0.02984 0.02937 0.02851 0.02794 0.02634 0.02435 0.02331 0.02041 0.01605 0.01646 0.0172 0.01416 0.01331 0.0128 0.01318 0.01107 0.01102 0.00884 0.00718 0.0057 0.00643 0.00384 0.00326 0.00256 0.00278 0.00227 0.00242 0.00341 0.00169 0.00162 0.00171 0.00168 0.00162 0.00088 0.00077 0.00101 0.00029 0.00029 0.0003 0.0004 0.00026 0.00023 9e-05 0.00011 0.00012 0.00013 0.00034 0.00015 0 0 0 0 0 0 0 0 0 0 0 0 0 0 0 0 0 0 0 0 0 0 0 0 0 0 0 0 0 0 0 0 0 0 0 0 0 
0.04493 0.04816 0.04425 0.04294 0.04197 0.04453 0.03738 0.03866 0.03754 0.03854 0.03442 0.03531 0.03372 0.03396 0.03326 0.03139 0.03147 0.03105 0.03125 0.02895 0.02805 0.02524 0.02238 0.01853 0.01692 0.01519 0.0146 0.01384 0.01195 0.01094 0.01037 0.00904 0.00815 0.00672 0.00629 0.00513 0.00489 0.00375 0.00373 0.00279 0.00242 0.00279 0.00169 0.00154 0.00116 0.0012 0.00105 0.001 0.00104 0.00098 0.00057 0.0008 0.00029 0.00022 0.00025 0.00036 0.00016 0.0003 0 0 0 0 0 0 0 0 0 0 0 0 0 0 0 0 0 0 0 0 0 0 0 0 0 0 0 0 0 0 0 0 0 0 0 0 0 0 0 0 0 0 
0.05135 0.04952 0.04819 0.04284 0.04635 0.04928 0.04135 0.04354 0.04118 0.03596 0.0384 0.03558 0.03623 0.03175 0.03124 0.03153 0.02783 0.02838 0.02568 0.02384 0.02051 0.02018 0.02069 0.02029 0.01732 0.01452 0.01364 0.01251 0.01134 0.01011 0.01102 0.01075 0.00935 0.00754 0.00701 0.00539 0.00529 0.00337 0.00317 0.00337 0.00262 0.0016 0.00172 0.0013 0.00066 0.00073 0.00071 0.00049 0.00058 0.00094 0.00018 0.00024 0.00043 0.00019 0.00022 0 0 0 0 0 0 0 0 0 0 0 0 0 0 0 0 0 0 0 0 0 0 0 0 0 0 0 0 0 0 0 0 0 0 0 0 0 0 0 0 0 0 0 0 0 
0.05145 0.0478 0.04444 0.04408 0.04801 0.04803 0.04993 0.04755 0.04559 0.04082 0.03761 0.0397 0.03972 0.03513 0.03165 0.03267 0.0296 0.02596 0.02406 0.02169 0.01768 0.01591 0.01776 0.01631 0.01631 0.01478 0.01294 0.01124 0.00988 0.00816 0.00887 0.00579 0.00584 0.0075 0.00591 0.00433 0.00408 0.00294 0.00327 0.00344 0.00299 0.00241 0.00193 0.00134 0.00103 0.00119 0.00079 0.00059 0.00064 0.00079 0.00124 0.00094 0.00084 0.00087 0.00056 0.0008 0.00103 0.00026 0.00041 0.0001 0.0001 7e-05 0.0001 8e-05 0.0001 0.00014 0.00023 0 0 0 0 0 0 0 0 0 0 0 0 0 0 0 0 0 0 0 0 0 0 0 0 0 0 0 0 0 0 0 0 0 
0.0497 0.04713 0.04775 0.04816 0.0473 0.04976 0.04399 0.04108 0.04294 0.04049 0.03757 0.0385 0.0357 0.03097 0.02872 0.02877 0.02682 0.02737 0.02563 0.02337 0.02336 0.02195 0.01922 0.01602 0.01487 0.0166 0.01419 0.01315 0.01017 0.00877 0.0092 0.00755 0.00764 0.0056 0.00498 0.00522 0.00435 0.00476 0.0041 0.00385 0.00381 0.0036 0.00162 0.00141 0.0018 0.0019 0.00105 0.00146 0.00055 0.00066 0.0008 0.00088 0.00062 0.00072 0.00043 0.0002 7e-05 6e-05 4e-05 7e-05 6e-05 6e-05 7e-05 8e-05 6e-05 7e-05 9e-05 0.0001 0.00012 0.00024 3e-05 0 0 0 0 0 0 0 0 0 0 0 0 0 0 0 0 0 0 0 0 0 0 0 0 0 0 0 0 0 
0.04207 0.04731 0.0513 0.04466 0.04359 0.04412 0.03934 0.0377 0.03786 0.03702 0.03305 0.03182 0.03223 0.03033 0.0313 0.03087 0.02956 0.03127 0.02903 0.02547 0.02424 0.02547 0.02418 0.02309 0.02184 0.01572 0.01342 0.01246 0.01308 0.01109 0.00931 0.00773 0.00792 0.00751 0.0068 0.00541 0.00528 0.00457 0.00462 0.00407 0.00348 0.00255 0.00196 0.0017 0.00143 0.00192 0.00137 0.00121 0.00121 0.00151 0.00087 0.00059 0.0013 0.00021 6e-05 7e-05 7e-05 7e-05 6e-05 9e-05 0.00013 0.00015 0.00017 0.00011 0 0 0 0 0 0 0 0 0 0 0 0 0 0 0 0 0 0 0 0 0 0 0 0 0 0 0 0 0 0 0 0 0 0 0 0 
0.04377 0.04766 0.05071 0.0491 0.05085 0.05009 0.04499 0.0449 0.04361 0.04267 0.03909 0.03822 0.03489 0.03599 0.03503 0.03449 0.03293 0.02898 0.02904 0.02746 0.02 0.01874 0.01894 0.01478 0.01424 0.01239 0.01034 0.00911 0.00782 0.00597 0.00573 0.00621 0.00698 0.00601 0.00399 0.00397 0.00398 0.00382 0.00346 0.00238 0.00253 0.00173 0.00154 0.00278 0.002 0.00067 0.00095 0.00058 0.00079 0.00079 0.00053 0.0005 0.00039 0.00012 0.00019 0.00014 0.00012 0.00032 0 0 0 0 0 0 0 0 0 0 0 0 0 0 0 0 0 0 0 0 0 0 0 0 0 0 0 0 0 0 0 0 0 0 0 0 0 0 0 0 0 0 
0.04752 0.04983 0.04786 0.04787 0.04693 0.04324 0.04566 0.04545 0.04129 0.04563 0.04457 0.03949 0.03523 0.0339 0.03454 0.03054 0.02911 0.02947 0.02768 0.02511 0.0261 0.02004 0.02286 0.02133 0.01664 0.01236 0.01016 0.00838 0.00837 0.00799 0.00776 0.00647 0.00596 0.0052 0.00423 0.0036 0.00285 0.00268 0.0017 0.002 0.00242 0.00143 0.00174 0.00151 0.00114 0.0005 0.00047 0.00059 0.00088 0.00055 0.00032 0.00017 9e-05 0.00012 0.00023 0.00024 0 0 0 0 0 0 0 0 0 0 0 0 0 0 0 0 0 0 0 0 0 0 0 0 0 0 0 0 0 0 0 0 0 0 0 0 0 0 0 0 0 0 0 0 
0.04988 0.04871 0.04676 0.04613 0.04767 0.04739 0.0431 0.04247 0.03974 0.03878 0.03834 0.03732 0.03335 0.03448 0.03317 0.03044 0.03228 0.03055 0.02799 0.02675 0.0214 0.0204 0.01824 0.01982 0.01535 0.01258 0.01165 0.01045 0.01011 0.01017 0.00835 0.0069 0.0049 0.00564 0.0056 0.00567 0.00522 0.00376 0.00346 0.00262 0.00362 0.00234 0.00193 0.00194 0.00165 0.00129 0.00147 0.00129 0.00126 0.00053 0.00055 0.00072 0.0007 0.00042 0.00061 0.00066 0.00024 0.00019 0.00012 0.00013 0.00026 0.0003 0.00019 0 0 0 0 0 0 0 0 0 0 0 0 0 0 0 0 0 0 0 0 0 0 0 0 0 0 0 0 0 0 0 0 0 0 0 0 0 
0.04965 0.05491 0.05504 0.04951 0.04776 0.04621 0.04285 0.04242 0.03936 0.03835 0.03545 0.03365 0.03638 0.03684 0.03556 0.03201 0.03069 0.03037 0.02828 0.02335 0.02284 0.02267 0.0202 0.01742 0.01386 0.01397 0.0111 0.00914 0.00856 0.00824 0.00694 0.00551 0.00547 0.00573 0.00607 0.0049 0.00509 0.00375 0.00293 0.00363 0.00291 0.00187 0.00174 0.00139 0.00096 0.0003 0.0003 0.00016 0.00018 0.0002 0.00022 0.00024 0.00033 0.00053 0.00058 0.00048 0.00015 4e-05 5e-05 5e-05 5e-05 7e-05 7e-05 8e-05 0.0001 0.00015 0.00014 0 0 0 0 0 0 0 0 0 0 0 0 0 0 0 0 0 0 0 0 0 0 0 0 0 0 0 0 0 0 0 0 0 
0.05012 0.04501 0.04396 0.0442 0.04316 0.04211 0.0405 0.03967 0.03795 0.0392 0.03675 0.03422 0.03372 0.03508 0.03762 0.03276 0.03239 0.0289 0.02591 0.02501 0.02187 0.02069 0.02113 0.01835 0.01825 0.01718 0.01412 0.01393 0.01366 0.01145 0.00979 0.00806 0.00681 0.00692 0.00726 0.00733 0.00594 0.00469 0.00477 0.00415 0.00292 0.00253 0.0014 0.00142 0.00126 0.00104 0.00082 0.00074 0.00084 0.00063 0.00058 0.00035 0.00026 7e-05 7e-05 9e-05 0.00011 0.00025 3e-05 0 0 0 0 0 0 0 0 0 0 0 0 0 0 0 0 0 0 0 0 0 0 0 0 0 0 0 0 0 0 0 0 0 0 0 0 0 0 0 0 0 
0.04846 0.05104 0.05508 0.05259 0.04786 0.04953 0.04831 0.04453 0.04394 0.03834 0.03606 0.03248 0.0338 0.03396 0.03323 0.02978 0.02934 0.03072 0.02891 0.02628 0.0226 0.02015 0.01866 0.01751 0.01773 0.01379 0.01139 0.01112 0.00854 0.00746 0.00612 0.00648 0.0057 0.0052 0.00473 0.00412 0.00265 0.00217 0.00354 0.00278 0.00246 0.0025 0.00187 0.00107 0.00079 0.00076 0.00091 0.00064 0.00032 7e-05 9e-05 0.0001 0.00076 0.00017 0.00014 0.00029 0.00038 0 0 0 0 0 0 0 0 0 0 0 0 0 0 0 0 0 0 0 0 0 0 0 0 0 0 0 0 0 0 0 0 0 0 0 0 0 0 0 0 0 0 0 
0.0463 0.05032 0.04763 0.04709 0.04475 0.05001 0.04761 0.0416 0.0421 0.03852 0.04033 0.03819 0.03813 0.0342 0.03274 0.03194 0.03081 0.02941 0.02694 0.02382 0.0231 0.02154 0.02006 0.01792 0.01506 0.01365 0.01205 0.01036 0.01086 0.00871 0.00891 0.00654 0.00612 0.00482 0.00481 0.0041 0.0036 0.00369 0.00291 0.00335 0.00248 0.00236 0.00204 0.00178 0.00144 0.00097 0.00056 0.00057 0.00095 0.00079 0.00069 0.0003 0.00019 0.00027 1e-05 0 0 0 0 0 0 0 0 0 0 0 0 0 0 0 0 0 0 0 0 0 0 0 0 0 0 0 0 0 0 0 0 0 0 0 0 0 0 0 0 0 0 0 0 0 
0.04888 0.04915 0.04709 0.04888 0.04989 0.04737 0.04728 0.04559 0.04078 0.0414 0.03743 0.03733 0.03576 0.03167 0.03019 0.02975 0.02811 0.02771 0.02512 0.02105 0.01932 0.01879 0.0181 0.0173 0.01502 0.01296 0.01235 0.01213 0.01017 0.00985 0.00903 0.00983 0.00827 0.0072 0.00742 0.00574 0.00488 0.00401 0.00398 0.004 0.00274 0.00262 0.00337 0.00167 0.00135 0.00109 0.0013 0.0013 0.00102 0.00047 0.00011 0.00012 0.00015 0.00013 0.00014 0.0002 0.0002 0.00033 0.00036 0.00022 0.0001 0.00015 8e-05 0 0 0 0 0 0 0 0 0 0 0 0 0 0 0 0 0 0 0 0 0 0 0 0 0 0 0 0 0 0 0 0 0 0 0 0 0 
0.04546 0.05005 0.04447 0.04622 0.04621 0.04227 0.03914 0.0411 0.04171 0.03891 0.03767 0.03994 0.03809 0.03738 0.03642 0.03384 0.03086 0.02901 0.02607 0.02287 0.02105 0.01987 0.01767 0.01868 0.01623 0.01657 0.0127 0.01175 0.00984 0.01132 0.01168 0.00859 0.00748 0.0081 0.00657 0.00551 0.00386 0.00381 0.00322 0.00253 0.00213 0.00213 0.00143 0.00187 0.00203 0.00135 0.00054 0.00055 0.0007 0.00026 0.00029 0.0006 0.00015 5e-05 7e-05 5e-05 7e-05 6e-05 9e-05 9e-05 0.00011 0.00012 0.00018 0.00019 0.00017 0 0 0 0 0 0 0 0 0 0 0 0 0 0 0 0 0 0 0 0 0 0 0 0 0 0 0 0 0 0 0 0 0 0 0 
0.04164 0.04715 0.0442 0.04637 0.04319 0.04033 0.0401 0.03921 0.03985 0.03969 0.03688 0.03415 0.0342 0.03307 0.0307 0.034 0.03113 0.02925 0.02825 0.02562 0.02143 0.02262 0.01891 0.0198 0.0172 0.01663 0.01409 0.01582 0.01237 0.01195 0.01009 0.00881 0.00837 0.0081 0.0085 0.0088 0.00583 0.00591 0.00463 0.00347 0.00247 0.00253 0.00243 0.00194 0.00087 0.00137 0.00071 0.00044 0.00069 0.00075 0.00071 0.00117 0.00081 0.00023 9e-05 0.00012 0.00032 4e-05 0 0 0 0 0 0 0 0 0 0 0 0 0 0 0 0 0 0 0 0 0 0 0 0 0 0 0 0 0 0 0 0 0 0 0 0 0 0 0 0 0 0 
0.04914 0.04811 0.04685 0.04618 0.04524 0.04408 0.04145 0.03842 0.04086 0.04238 0.04103 0.03876 0.03921 0.04045 0.03722 0.03517 0.03099 0.02728 0.0237 0.02794 0.02219 0.02113 0.01876 0.01912 0.01774 0.01504 0.01353 0.0113 0.01145 0.00976 0.0091 0.00765 0.00695 0.0041 0.00413 0.00376 0.00324 0.0027 0.00231 0.00154 0.0013 0.00112 0.00134 0.00105 0.0008 0.00055 0.00066 0.0004 0.00029 0.00034 0.00015 0.00018 0.00015 0.00021 0.00032 9e-05 0.00011 6e-05 6e-05 6e-05 6e-05 7e-05 6e-05 7e-05 7e-05 9e-05 0.00013 0.00023 2e-05 0 0 0 0 0 0 0 0 0 0 0 0 0 0 0 0 0 0 0 0 0 0 0 0 0 0 0 0 0 0 0 
0.0447 0.04993 0.04798 0.04843 0.04675 0.04349 0.0441 0.04392 0.04226 0.04045 0.0397 0.0383 0.04073 0.03821 0.03523 0.03169 0.02919 0.02707 0.02562 0.02386 0.02023 0.02127 0.01851 0.01504 0.01536 0.01439 0.01187 0.01033 0.01088 0.00786 0.00609 0.00647 0.00641 0.00522 0.00534 0.00401 0.00359 0.00378 0.00501 0.00446 0.00351 0.00286 0.00288 0.00161 0.00229 0.00167 0.00163 0.00119 0.00125 0.00119 0.00053 0.00039 0.00058 6e-05 8e-05 9e-05 0.0001 9e-05 0.0001 0.00017 0 0 0 0 0 0 0 0 0 0 0 0 0 0 0 0 0 0 0 0 0 0 0 0 0 0 0 0 0 0 0 0 0 0 0 0 0 0 0 0 
0.04687 0.04625 0.04537 0.04676 0.04693 0.04387 0.0416 0.04123 0.04111 0.0405 0.03848 0.03534 0.03719 0.03256 0.0316 0.02928 0.02615 0.0292 0.02725 0.02556 0.02648 0.02157 0.0205 0.01724 0.01536 0.0151 0.01447 0.01293 0.01037 0.01092 0.00802 0.00735 0.00871 0.00722 0.00493 0.00598 0.00332 0.0037 0.00411 0.00332 0.00338 0.00338 0.00209 0.00185 0.00182 0.00122 0.00139 0.00109 0.00084 0.00091 0.00049 0.00058 0.0008 0.00128 0.00063 0.00034 0.00028 0.00039 0.00059 0.00025 0.00033 0.00014 0.00018 0.00013 0.00014 0.00025 0.00019 0.00034 0 0 0 0 0 0 0 0 0 0 0 0 0 0 0 0 0 0 0 0 0 0 0 0 0 0 0 0 0 0 0 0 
0.04722 0.04715 0.04375 0.04357 0.04704 0.03959 0.04089 0.03979 0.03593 0.03521 0.03177 0.03455 0.03489 0.033 0.03054 0.0291 0.02818 0.0317 0.02833 0.02786 0.0278 0.02632 0.0239 0.01917 0.01807 0.01742 0.01739 0.01384 0.01218 0.01165 0.01185 0.00895 0.0088 0.00759 0.00731 0.00591 0.00407 0.0033 0.00358 0.00293 0.00174 0.00125 0.0012 0.00099 0.00172 0.00133 0.00112 0.00098 0.00127 0.00171 0.00089 0.00038 0.00062 0.00087 0.00059 0.00014 0.00011 0.0001 9e-05 0.00021 0.00017 0.00013 0.00025 5e-05 0 0 0 0 0 0 0 0 0 0 0 0 0 0 0 0 0 0 0 0 0 0 0 0 0 0 0 0 0 0 0 0 0 0 0 0 
0.04252 0.04329 0.04028 0.04215 0.04613 0.04403 0.04132 0.04333 0.04395 0.04412 0.04131 0.03702 0.03313 0.03479 0.03492 0.03576 0.0325 0.02936 0.02601 0.0243 0.02282 0.0226 0.02043 0.01784 0.01636 0.0158 0.01218 0.01323 0.01215 0.01022 0.0093 0.00754 0.00694 0.00692 0.00637 0.00601 0.00396 0.00462 0.00232 0.00238 0.00227 0.00247 0.00249 0.00206 0.0013 0.00129 0.00132 0.00112 0.00054 0.00066 0.00073 0.00077 0.00071 0.0005 0.00023 0.00014 0.00014 0.00017 0.00022 0.00026 7e-05 0.00033 0 0 0 0 0 0 0 0 0 0 0 0 0 0 0 0 0 0 0 0 0 0 0 0 0 0 0 0 0 0 0 0 0 0 0 0 0 0 
0.04504 0.04448 0.04156 0.03881 0.03876 0.03985 0.04265 0.04582 0.04133 0.0383 0.03914 0.03963 0.039 0.03785 0.03444 0.03133 0.03374 0.03208 0.02929 0.02795 0.02536 0.02132 0.02207 0.0162 0.01475 0.01484 0.01512 0.01266 0.01174 0.01074 0.00969 0.00914 0.00749 0.00663 0.00615 0.0048 0.00408 0.0028 0.00263 0.00172 0.00225 0.00277 0.00134 0.00131 0.00194 0.00079 0.00102 0.00101 0.00048 0.00047 0.00043 0.00048 0.00061 0.00049 0.00024 0.00091 0.00033 0.00077 0.0006 0.00037 0.00041 0 0 0 0 0 0 0 0 0 0 0 0 0 0 0 0 0 0 0 0 0 0 0 0 0 0 0 0 0 0 0 0 0 0 0 0 0 0 0 
0.04708 0.04124 0.04309 0.04441 0.04472 0.04419 0.04384 0.04497 0.04647 0.04272 0.04003 0.03763 0.03756 0.03309 0.03523 0.03398 0.03216 0.02983 0.02588 0.02903 0.02499 0.02594 0.02292 0.02012 0.018 0.01466 0.01303 0.01202 0.00895 0.00872 0.0079 0.00778 0.00602 0.00425 0.00371 0.00289 0.00314 0.00298 0.00333 0.00164 0.00121 0.00131 0.001 0.00059 0.00032 0.00033 0.0004 0.00046 0.0007 0.00064 0.00026 0.00017 0.00028 0.0005 0.00019 0.00034 0.00016 8e-05 7e-05 9e-05 0.00013 0.00012 0.0002 0.00013 0.00018 0 0 0 0 0 0 0 0 0 0 0 0 0 0 0 0 0 0 0 0 0 0 0 0 0 0 0 0 0 0 0 0 0 0 0 
0.04473 0.04567 0.04735 0.04474 0.04438 0.04284 0.04033 0.04183 0.04141 0.03844 0.03837 0.03399 0.03217 0.03142 0.03328 0.03331 0.02674 0.02662 0.02638 0.02631 0.02184 0.02155 0.02057 0.0199 0.01694 0.01566 0.01442 0.01493 0.0133 0.01307 0.01105 0.01045 0.01014 0.00827 0.00769 0.00656 0.00686 0.00507 0.00419 0.00326 0.00404 0.00183 0.00132 0.00116 0.00102 0.00089 0.00119 0.00076 0.00058 0.00046 6e-05 6e-05 9e-05 9e-05 0.00014 0.00028 0 0 0 0 0 0 0 0 0 0 0 0 0 0 0 0 0 0 0 0 0 0 0 0 0 0 0 0 0 0 0 0 0 0 0 0 0 0 0 0 0 0 0 0 
0.05011 0.04855 0.05264 0.04535 0.04461 0.04081 0.04486 0.04307 0.04278 0.04158 0.04007 0.03774 0.0368 0.0325 0.03212 0.03068 0.03011 0.02879 0.02868 0.02947 0.02613 0.02102 0.01765 0.01512 0.01307 0.01423 0.0116 0.00961 0.0083 0.00802 0.00779 0.00665 0.0049 0.00523 0.00496 0.00381 0.0033 0.00344 0.00376 0.00407 0.00264 0.0027 0.00195 0.00185 0.00185 0.00168 0.00156 0.0016 0.00149 0.00201 0.00138 0.00114 0.00102 0.00049 0.00034 0.00031 0.0001 0.00014 0.00012 0.00013 0.00016 0.00044 6e-05 6e-05 6e-05 7e-05 7e-05 7e-05 6e-05 6e-05 7e-05 0.00011 0.00023 0 0 0 0 0 0 0 0 0 0 0 0 0 0 0 0 0 0 0 0 0 0 0 0 0 0 0 
0.04919 0.04909 0.05072 0.04823 0.04811 0.04613 0.04422 0.04418 0.04255 0.03997 0.03741 0.04076 0.04145 0.03959 0.03511 0.03421 0.02631 0.02734 0.02541 0.02545 0.02096 0.01975 0.01479 0.0123 0.01273 0.01282 0.01127 0.01091 0.00849 0.00843 0.00845 0.00771 0.00766 0.00656 0.00614 0.00557 0.00411 0.00301 0.00328 0.0028 0.0014 0.00146 0.00179 0.00209 0.0019 0.00138 0.00109 0.00102 0.0005 0.00063 0.0003 0.00033 0.00063 0.00027 0.00019 0.00022 0.00022 0.0002 4e-05 5e-05 5e-05 4e-05 6e-05 5e-05 7e-05 6e-05 7e-05 6e-05 8e-05 9e-05 0.00011 0.00027 0.00011 0 0 0 0 0 0 0 0 0 0 0 0 0 0 0 0 0 0 0 0 0 0 0 0 0 0 0 
0.04684 0.0464 0.04616 0.04618 0.04354 0.04277 0.04374 0.04385 0.03993 0.0428 0.03807 0.03702 0.03797 0.03498 0.03379 0.03312 0.02963 0.03168 0.02681 0.02567 0.02652 0.02418 0.0208 0.01726 0.01737 0.01502 0.01225 0.01036 0.00931 0.00947 0.00718 0.00696 0.00645 0.00559 0.00467 0.00431 0.00499 0.00369 0.00445 0.00298 0.00286 0.00265 0.00296 0.00174 0.00148 0.00066 0.001 0.00036 0.00015 0.00019 0.00025 0.00012 5e-05 6e-05 5e-05 6e-05 6e-05 0.0001 0.00011 0.00015 0.00018 0 0 0 0 0 0 0 0 0 0 0 0 0 0 0 0 0 0 0 0 0 0 0 0 0 0 0 0 0 0 0 0 0 0 0 0 0 0 0 
0.04237 0.04333 0.04433 0.04369 0.03993 0.04154 0.04476 0.04648 0.04576 0.04469 0.03626 0.03771 0.0357 0.03366 0.03262 0.03209 0.02997 0.02871 0.02814 0.02419 0.02421 0.02234 0.02065 0.02031 0.01726 0.0171 0.01312 0.01414 0.0093 0.00862 0.0097 0.00951 0.00848 0.00716 0.00455 0.00466 0.00455 0.00427 0.00386 0.00339 0.00352 0.0041 0.0037 0.00137 0.00118 0.00086 0.00095 0.00064 0.00018 0.00039 0 0 0 0 0 0 0 0 0 0 0 0 0 0 0 0 0 0 0 0 0 0 0 0 0 0 0 0 0 0 0 0 0 0 0 0 0 0 0 0 0 0 0 0 0 0 0 0 0 0 
0.05064 0.05198 0.05006 0.04983 0.0471 0.04716 0.04483 0.0399 0.03815 0.03822 0.03731 0.03373 0.03113 0.0295 0.03156 0.03016 0.02816 0.02813 0.02961 0.02619 0.02425 0.02347 0.0202 0.01887 0.01815 0.01457 0.01312 0.01234 0.0107 0.01012 0.01091 0.01018 0.00825 0.0068 0.00716 0.00593 0.00487 0.00389 0.00252 0.00183 0.00163 0.00122 0.00125 0.00069 0.00051 0.00047 0.00068 0.00045 0.00046 0.0004 9e-05 0.0001 9e-05 8e-05 0.00012 0.00028 0 0 0 0 0 0 0 0 0 0 0 0 0 0 0 0 0 0 0 0 0 0 0 0 0 0 0 0 0 0 0 0 0 0 0 0 0 0 0 0 0 0 0 0 
0.04337 0.03939 0.04523 0.04447 0.04119 0.04234 0.04259 0.04498 0.04043 0.04087 0.04115 0.04182 0.04109 0.0377 0.03322 0.02995 0.02945 0.02676 0.02717 0.0275 0.02252 0.02004 0.02175 0.0202 0.01963 0.01759 0.01303 0.0117 0.01085 0.00923 0.00875 0.0099 0.00767 0.00663 0.00559 0.00525 0.00438 0.00407 0.00397 0.00366 0.00224 0.00225 0.00225 0.00107 0.00082 0.00054 0.00057 0.00066 0.00044 0.00032 0.00034 0.00066 0.00076 0 0 0 0 0 0 0 0 0 0 0 0 0 0 0 0 0 0 0 0 0 0 0 0 0 0 0 0 0 0 0 0 0 0 0 0 0 0 0 0 0 0 0 0 0 0 0 
0.04727 0.04604 0.04373 0.04503 0.04576 0.04667 0.04571 0.044 0.04103 0.04169 0.0367 0.03683 0.03679 0.03638 0.03212 0.03195 0.02903 0.0269 0.02472 0.02349 0.02195 0.02266 0.02179 0.02108 0.01649 0.01502 0.01408 0.01082 0.01096 0.01151 0.00907 0.00804 0.00785 0.00642 0.00648 0.00545 0.00495 0.00547 0.00307 0.00257 0.00204 0.00163 0.00099 0.00068 0.00043 0.00055 0.00037 0.00041 0.00042 0.00058 0.00113 0.00091 0.0007 0.00066 0.0003 0.00025 0.00016 0.00022 0 0 0 0 0 0 0 0 0 0 0 0 0 0 0 0 0 0 0 0 0 0 0 0 0 0 0 0 0 0 0 0 0 0 0 0 0 0 0 0 0 0 
0.04401 0.04453 0.0467 0.04551 0.04781 0.04704 0.04549 0.04245 0.03946 0.03708 0.03569 0.03347 0.03195 0.03338 0.03151 0.033 0.03169 0.02984 0.02782 0.02556 0.02429 0.02187 0.01656 0.01569 0.01504 0.01514 0.01453 0.01291 0.01191 0.01161 0.00885 0.00859 0.00793 0.00785 0.00642 0.00702 0.00547 0.0039 0.00366 0.00371 0.00352 0.00244 0.00191 0.0022 0.00176 0.00197 0.00142 0.00128 0.00087 0.00076 0.00047 0.00049 0.00055 0.0008 0.00052 0.00044 0.00023 0.00027 0.00012 7e-05 6e-05 7e-05 8e-05 0.0001 0.0001 0.00012 0.00016 0.00028 0 0 0 0 0 0 0 0 0 0 0 0 0 0 0 0 0 0 0 0 0 0 0 0 0 0 0 0 0 0 0 0 
0.04568 0.0435 0.04238 0.04498 0.04655 0.04096 0.03933 0.04142 0.04205 0.04162 0.04075 0.03705 0.04029 0.03894 0.03636 0.03267 0.03042 0.02716 0.02516 0.02582 0.02507 0.02314 0.01936 0.0179 0.01672 0.01516 0.01383 0.01216 0.01124 0.00951 0.00856 0.00672 0.00637 0.00581 0.00533 0.00495 0.00445 0.004 0.00364 0.00338 0.00278 0.0027 0.00313 0.00181 0.00128 0.00108 0.0019 0.00117 0.00075 0.00029 0.00051 0.00026 0.00034 0.00011 0.0001 0.0002 0.00017 0.0004 0.00048 0.00015 0 0 0 0 0 0 0 0 0 0 0 0 0 0 0 0 0 0 0 0 0 0 0 0 0 0 0 0 0 0 0 0 0 0 0 0 0 0 0 0 
0.04657 0.0429 0.04166 0.04095 0.03997 0.0414 0.04569 0.04277 0.03936 0.03957 0.03985 0.04172 0.03846 0.03502 0.03401 0.03424 0.03093 0.02866 0.02835 0.02556 0.02311 0.0211 0.02081 0.01907 0.01776 0.01699 0.01268 0.01122 0.01054 0.01071 0.01082 0.00864 0.0078 0.0058 0.00642 0.00496 0.00462 0.00331 0.00333 0.00312 0.00281 0.00189 0.0018 0.00136 0.00135 0.00132 0.00145 0.00144 0.00184 0.0008 0.00066 0.00059 0.00022 0.00029 0.00032 0.0003 0.00036 0.00044 0.00031 0 0 0 0 0 0 0 0 0 0 0 0 0 0 0 0 0 0 0 0 0 0 0 0 0 0 0 0 0 0 0 0 0 0 0 0 0 0 0 0 0 
0.05136 0.04774 0.05365 0.0476 0.04718 0.04773 0.04421 0.04449 0.0409 0.04136 0.03897 0.03671 0.03544 0.03736 0.03613 0.03388 0.03219 0.03033 0.02862 0.02383 0.02255 0.01987 0.01637 0.01581 0.0126 0.01102 0.01175 0.01015 0.00913 0.00734 0.0075 0.00764 0.0064 0.00615 0.00454 0.004 0.00434 0.003 0.00277 0.00268 0.00207 0.00201 0.00133 0.00139 0.00124 0.00112 0.00079 0.00073 0.00067 0.00023 0.00019 0.00062 0.0005 0.00043 0.0002 0.00025 0.00023 0.0001 0.00011 0.00011 0.00014 0.00025 0 0 0 0 0 0 0 0 0 0 0 0 0 0 0 0 0 0 0 0 0 0 0 0 0 0 0 0 0 0 0 0 0 0 0 0 0 0 
0.05272 0.05394 0.049 0.0486 0.05084 0.0443 0.04364 0.0433 0.043 0.03965 0.03895 0.03866 0.03907 0.03518 0.03242 0.03123 0.03105 0.02628 0.02573 0.02301 0.01966 0.01814 0.01699 0.01619 0.01455 0.01444 0.01171 0.01194 0.01026 0.01015 0.00825 0.00683 0.00684 0.00695 0.00413 0.00354 0.00431 0.00335 0.00285 0.00287 0.002 0.00208 0.00266 0.00213 0.00164 0.0012 0.0016 0.00088 0.00042 0.00011 0.00026 0.0005 0 0 0 0 0 0 0 0 0 0 0 0 0 0 0 0 0 0 0 0 0 0 0 0 0 0 0 0 0 0 0 0 0 0 0 0 0 0 0 0 0 0 0 0 0 0 0 0 
0.04731 0.05126 0.05144 0.04455 0.0409 0.04082 0.04186 0.04247 0.04395 0.04466 0.04243 0.03851 0.037 0.03068 0.03025 0.02849 0.03297 0.03083 0.02681 0.0211 0.02069 0.01977 0.02102 0.01967 0.01572 0.01497 0.01228 0.0109 0.01194 0.01211 0.01123 0.00799 0.00725 0.00607 0.00632 0.00519 0.00606 0.00458 0.00301 0.00233 0.00213 0.00286 0.00127 0.00149 0.00065 0.00069 0.00064 0.00062 0.0006 0.00038 0.00028 0.00025 0.0001 0.00011 0.00011 0.00012 0.0002 0.00011 0 0 0 0 0 0 0 0 0 0 0 0 0 0 0 0 0 0 0 0 0 0 0 0 0 0 0 0 0 0 0 0 0 0 0 0 0 0 0 0 0 0 
0.05079 0.05023 0.04506 0.04659 0.04716 0.04522 0.0458 0.0449 0.04718 0.0431 0.03956 0.03737 0.03456 0.0344 0.03505 0.03097 0.02848 0.02612 0.02402 0.02303 0.02044 0.01876 0.0193 0.01591 0.01453 0.01381 0.01191 0.01141 0.01139 0.00813 0.00704 0.00843 0.00622 0.00845 0.00651 0.00435 0.00385 0.00335 0.00481 0.00384 0.00273 0.00304 0.00254 0.00143 0.00133 0.00117 0.00098 0.00063 0.0009 0.00113 0.00054 0.00025 0.00035 0.00012 9e-05 9e-05 0.0001 0.00022 0.00033 0 0 0 0 0 0 0 0 0 0 0 0 0 0 0 0 0 0 0 0 0 0 0 0 0 0 0 0 0 0 0 0 0 0 0 0 0 0 0 0 0 
0.05028 0.04887 0.04774 0.04644 0.04856 0.0444 0.04498 0.04415 0.04279 0.04405 0.04366 0.03883 0.03914 0.03303 0.0303 0.03127 0.02739 0.02477 0.02387 0.02368 0.02122 0.01914 0.01904 0.01641 0.01483 0.0133 0.01044 0.01247 0.01277 0.01224 0.01073 0.00939 0.00734 0.00759 0.00614 0.00568 0.00402 0.00314 0.00266 0.00203 0.00255 0.00113 0.00156 0.00151 0.00087 0.0012 0.0004 0.00015 0.00014 0.00018 0.0002 0.00026 0.00034 0.00041 0.00032 0 0 0 0 0 0 0 0 0 0 0 0 0 0 0 0 0 0 0 0 0 0 0 0 0 0 0 0 0 0 0 0 0 0 0 0 0 0 0 0 0 0 0 0 0 
0.04862 0.04673 0.04984 0.04878 0.04915 0.04781 0.04631 0.04619 0.04507 0.04165 0.03921 0.03819 0.03942 0.03659 0.036 0.03394 0.03123 0.0296 0.02677 0.02618 0.02156 0.01941 0.01877 0.01536 0.01406 0.01273 0.01131 0.01021 0.00997 0.00795 0.0077 0.00745 0.00754 0.00545 0.00533 0.00339 0.00296 0.00283 0.00102 0.00133 0.00116 0.00121 0.00088 0.00103 0.00027 0.00019 7e-05 5e-05 6e-05 6e-05 7e-05 8e-05 8e-05 6e-05 9e-05 7e-05 8e-05 9e-05 9e-05 9e-05 8e-05 0.00011 0.0003 0.00012 0 0 0 0 0 0 0 0 0 0 0 0 0 0 0 0 0 0 0 0 0 0 0 0 0 0 0 0 0 0 0 0 0 0 0 0 
0.05083 0.04912 0.04654 0.04819 0.0488 0.04644 0.04651 0.04162 0.04293 0.04152 0.03692 0.03476 0.03568 0.03621 0.03591 0.03456 0.03346 0.03075 0.02346 0.02357 0.01965 0.01713 0.01546 0.01207 0.01256 0.01366 0.01238 0.01153 0.00961 0.00918 0.01029 0.00878 0.00734 0.00743 0.00683 0.00564 0.00534 0.00403 0.0031 0.00336 0.00367 0.00281 0.00233 0.00226 0.00078 0.00087 0.00102 0.00075 0.00056 0.00015 0.00016 0.00018 0.00028 7e-05 6e-05 5e-05 7e-05 7e-05 8e-05 0.00011 0.00017 0.00032 3e-05 0 0 0 0 0 0 0 0 0 0 0 0 0 0 0 0 0 0 0 0 0 0 0 0 0 0 0 0 0 0 0 0 0 0 0 0 0 
0.05175 0.05054 0.04702 0.0444 0.0434 0.0469 0.04539 0.04449 0.0457 0.04081 0.0384 0.04014 0.03711 0.0369 0.03517 0.03311 0.02868 0.02623 0.02217 0.01948 0.02256 0.01991 0.01721 0.01657 0.01531 0.0159 0.01439 0.01283 0.01124 0.01149 0.01081 0.01123 0.00762 0.00663 0.0041 0.00344 0.00305 0.00308 0.00308 0.00198 0.0014 0.00129 0.00178 0.00106 0.00055 0.00049 0.00052 0.00126 0.00041 0.00013 0.00014 0.00016 0.00014 0.00016 0.00029 0 0 0 0 0 0 0 0 0 0 0 0 0 0 0 0 0 0 0 0 0 0 0 0 0 0 0 0 0 0 0 0 0 0 0 0 0 0 0 0 0 0 0 0 0 
0.05086 0.05011 0.05052 0.04875 0.04925 0.04781 0.04939 0.04531 0.04411 0.04142 0.0419 0.03878 0.03781 0.03764 0.03217 0.02952 0.02525 0.02587 0.0269 0.02415 0.0237 0.0195 0.01826 0.0155 0.01279 0.0131 0.01259 0.011 0.00972 0.00929 0.00863 0.00639 0.00646 0.00538 0.00588 0.00349 0.00249 0.0032 0.00215 0.00245 0.00155 0.00093 0.001 0.00089 0.00092 0.00091 0.00121 0.0007 0.0004 0.00064 0.00041 0.00021 0.0001 9e-05 0.0001 0.00021 0.00024 0 0 0 0 0 0 0 0 0 0 0 0 0 0 0 0 0 0 0 0 0 0 0 0 0 0 0 0 0 0 0 0 0 0 0 0 0 0 0 0 0 0 0 
0.05175 0.04909 0.04635 0.04598 0.04538 0.0495 0.05157 0.04863 0.04328 0.04357 0.04037 0.04001 0.03841 0.03641 0.03363 0.03362 0.03267 0.02916 0.02566 0.02092 0.01876 0.01766 0.01717 0.01582 0.0148 0.01329 0.01289 0.01118 0.01001 0.00892 0.00698 0.0072 0.00586 0.00417 0.00501 0.00486 0.00284 0.00296 0.00199 0.00169 0.00221 0.00119 0.00133 0.00133 0.00089 0.00086 0.00042 0.00017 0.00013 0.00016 0.00015 0.00019 0.00022 0.0004 0.00033 0 0 0 0 0 0 0 0 0 0 0 0 0 0 0 0 0 0 0 0 0 0 0 0 0 0 0 0 0 0 0 0 0 0 0 0 0 0 0 0 0 0 0 0 0 
0.04558 0.04282 0.04524 0.04425 0.04379 0.04489 0.04955 0.04543 0.04113 0.04164 0.04171 0.04023 0.03434 0.03207 0.03055 0.0284 0.03241 0.02854 0.02755 0.02409 0.02399 0.02455 0.02092 0.01749 0.01587 0.01568 0.0159 0.01308 0.01105 0.00894 0.00779 0.00771 0.00594 0.00552 0.00434 0.00338 0.00384 0.00448 0.00308 0.00319 0.003 0.00252 0.00178 0.00166 0.0017 0.00219 0.00157 0.0009 0.00057 0.00057 0.00075 0.00044 0.00037 0.00026 0.00025 7e-05 9e-05 0.00022 0.00014 0 0 0 0 0 0 0 0 0 0 0 0 0 0 0 0 0 0 0 0 0 0 0 0 0 0 0 0 0 0 0 0 0 0 0 0 0 0 0 0 0 
0.04395 0.04518 0.04793 0.04541 0.04943 0.04966 0.04701 0.04343 0.04201 0.04223 0.03957 0.03696 0.03809 0.03887 0.0322 0.02924 0.02905 0.02698 0.0275 0.02654 0.02554 0.02228 0.01746 0.01425 0.0159 0.01248 0.01222 0.01067 0.00903 0.00879 0.00837 0.00869 0.00793 0.00585 0.00534 0.00439 0.00436 0.0042 0.00314 0.00289 0.00146 0.0014 0.00146 0.0014 0.00154 0.00101 0.00109 0.00104 0.00154 0.00025 0.00016 0.00021 0.00022 0.00043 0.00096 0.00041 0.00012 0.00028 0 0 0 0 0 0 0 0 0 0 0 0 0 0 0 0 0 0 0 0 0 0 0 0 0 0 0 0 0 0 0 0 0 0 0 0 0 0 0 0 0 0 
0.047 0.04701 0.0517 0.04784 0.04505 0.04898 0.0463 0.04473 0.04265 0.04012 0.0378 0.0408 0.03625 0.03305 0.03315 0.03084 0.02873 0.02358 0.0243 0.02072 0.0225 0.02331 0.01929 0.01935 0.01589 0.01447 0.01522 0.01393 0.01156 0.00894 0.00803 0.00678 0.00729 0.00525 0.00422 0.00441 0.00457 0.00437 0.00438 0.00368 0.00196 0.00191 0.00169 0.00158 0.00063 0.00104 0.001 0.00073 0.00033 0.0001 8e-05 8e-05 8e-05 6e-05 8e-05 9e-05 0.00012 0.00017 0.00023 0 0 0 0 0 0 0 0 0 0 0 0 0 0 0 0 0 0 0 0 0 0 0 0 0 0 0 0 0 0 0 0 0 0 0 0 0 0 0 0 0 
0.04502 0.04545 0.04074 0.04094 0.04424 0.04498 0.04281 0.04114 0.04098 0.04128 0.03785 0.03694 0.03387 0.033 0.03565 0.03263 0.03091 0.0313 0.03078 0.0284 0.02536 0.02233 0.01939 0.0182 0.01585 0.01562 0.01512 0.01185 0.01208 0.0099 0.009 0.00707 0.00645 0.00686 0.00717 0.00675 0.00574 0.00594 0.00383 0.00171 0.00248 0.0018 0.00164 0.00246 0.00093 0.00055 0.00056 0.00049 0.00041 0.00043 0.00063 0.00026 0.00017 0.00017 0.00017 0.00017 0.00056 0.00051 0.00013 0.00011 0.00014 0.0001 0 0 0 0 0 0 0 0 0 0 0 0 0 0 0 0 0 0 0 0 0 0 0 0 0 0 0 0 0 0 0 0 0 0 0 0 0 0 
0.04632 0.04695 0.04471 0.0468 0.04413 0.04268 0.04781 0.04757 0.04436 0.038 0.04044 0.03577 0.03605 0.03341 0.03365 0.03069 0.02957 0.02492 0.0238 0.02597 0.0237 0.02262 0.01953 0.01815 0.01743 0.01568 0.01408 0.01267 0.01113 0.01023 0.00914 0.00948 0.00905 0.00846 0.00561 0.00398 0.00298 0.00299 0.00293 0.00232 0.00183 0.00164 0.00145 0.00135 0.00175 0.00085 0.00097 0.00044 0.00073 0.00049 0.0003 0.00018 0.00018 0.00057 0.00014 0.00011 0.00011 0.00011 0.0001 8e-05 9e-05 0.00014 0.00042 0.00021 0 0 0 0 0 0 0 0 0 0 0 0 0 0 0 0 0 0 0 0 0 0 0 0 0 0 0 0 0 0 0 0 0 0 0 0 
0.05478 0.05245 0.05217 0.05191 0.05089 0.04715 0.04341 0.04561 0.04369 0.0401 0.04102 0.04013 0.03807 0.03445 0.03485 0.02789 0.02811 0.02299 0.02057 0.01883 0.0194 0.01827 0.01585 0.01547 0.01327 0.01115 0.01058 0.00944 0.00855 0.00798 0.00648 0.00659 0.00695 0.00538 0.00652 0.00676 0.00657 0.00463 0.00403 0.00236 0.00293 0.00286 0.00243 0.00186 0.0025 0.00203 0.00112 0.00135 0.00154 0.00115 0.00073 0.00075 0.00085 0.00104 0.00051 0.00047 0.00041 0.00017 0 0 0 0 0 0 0 0 0 0 0 0 0 0 0 0 0 0 0 0 0 0 0 0 0 0 0 0 0 0 0 0 0 0 0 0 0 0 0 0 0 0 
0.04825 0.04774 0.04983 0.0448 0.04497 0.04433 0.04221 0.0418 0.03815 0.04062 0.03902 0.03554 0.03518 0.037 0.03747 0.03407 0.03266 0.02714 0.02496 0.02137 0.02063 0.02121 0.01798 0.01729 0.01648 0.01722 0.01577 0.01111 0.01001 0.00931 0.00908 0.00788 0.00629 0.00576 0.00566 0.00555 0.0038 0.00347 0.00308 0.00239 0.0031 0.00226 0.00294 0.00185 0.00141 0.00114 0.00151 0.00156 0.00147 0.00098 0.00036 0.00038 0.00043 0.00051 0.00031 0.00041 0.00037 0.00025 0.00038 0.00013 0.00015 0.00012 0.00064 0.00026 0 0 0 0 0 0 0 0 0 0 0 0 0 0 0 0 0 0 0 0 0 0 0 0 0 0 0 0 0 0 0 0 0 0 0 0 
0.04876 0.04586 0.04605 0.04548 0.04383 0.04592 0.04493 0.04424 0.03968 0.03995 0.03814 0.03516 0.03359 0.03443 0.0337 0.03276 0.02772 0.02844 0.02862 0.02352 0.02318 0.02071 0.01768 0.01878 0.01716 0.01564 0.01369 0.01243 0.0147 0.01165 0.01103 0.01024 0.00914 0.00818 0.00618 0.00408 0.00373 0.00286 0.00268 0.0036 0.00214 0.00155 0.00087 0.00097 0.00061 0.00063 0.00034 0.00047 0.00048 0.00052 0.00044 0.00016 0.00016 0.00019 0.00016 0.00019 0.00026 0.00062 0.00041 0.00043 0.00028 0 0 0 0 0 0 0 0 0 0 0 0 0 0 0 0 0 0 0 0 0 0 0 0 0 0 0 0 0 0 0 0 0 0 0 0 0 0 0 
0.05202 0.05177 0.0476 0.04644 0.04967 0.04886 0.04308 0.04357 0.04202 0.04092 0.04007 0.04108 0.03537 0.03384 0.03652 0.03219 0.03199 0.02652 0.02755 0.02356 0.02062 0.0199 0.01959 0.0166 0.01872 0.01435 0.00989 0.00919 0.00874 0.00716 0.00717 0.00619 0.005 0.00451 0.00391 0.00381 0.0028 0.00279 0.00322 0.004 0.00339 0.00285 0.00158 0.0009 0.00113 0.00098 0.00059 0.00061 0.00056 0.00052 0.0007 0.00076 0.00032 0.00038 0.00034 0.00024 0.00036 0.0002 0.0001 0.00011 0.00013 0.00028 0.00017 0 0 0 0 0 0 0 0 0 0 0 0 0 0 0 0 0 0 0 0 0 0 0 0 0 0 0 0 0 0 0 0 0 0 0 0 0 
0.04219 0.04125 0.0487 0.04687 0.04552 0.04501 0.04261 0.04242 0.04135 0.04002 0.03798 0.03832 0.03585 0.03499 0.03267 0.0307 0.02757 0.02719 0.02641 0.02387 0.02435 0.02253 0.01981 0.01996 0.01989 0.01618 0.0143 0.01282 0.01095 0.00896 0.00889 0.00852 0.0081 0.00711 0.00556 0.00568 0.00616 0.0055 0.00415 0.00253 0.00242 0.00251 0.00209 0.001 0.00103 0.00105 0.00108 0.00129 0.00087 0.00093 0.00035 0.0004 0.00055 0.00031 0.00039 0.00029 0 0 0 0 0 0 0 0 0 0 0 0 0 0 0 0 0 0 0 0 0 0 0 0 0 0 0 0 0 0 0 0 0 0 0 0 0 0 0 0 0 0 0 0 
0.04559 0.04457 0.0463 0.04446 0.04498 0.04564 0.04089 0.04064 0.03887 0.03855 0.03707 0.03577 0.03505 0.03423 0.03295 0.03242 0.0307 0.02812 0.02412 0.02322 0.02462 0.02283 0.02099 0.01956 0.01734 0.01584 0.01336 0.01283 0.01186 0.01318 0.0103 0.0091 0.00898 0.00752 0.00751 0.00589 0.00529 0.00513 0.00447 0.00355 0.00289 0.0022 0.00228 0.00186 0.00129 0.00074 0.00045 0.00051 0.00032 0.0005 0.00033 0.00022 0.00028 0.00023 0.00026 0.00034 0.00042 0.00059 0 0 0 0 0 0 0 0 0 0 0 0 0 0 0 0 0 0 0 0 0 0 0 0 0 0 0 0 0 0 0 0 0 0 0 0 0 0 0 0 0 0 
0.04669 0.04655 0.04965 0.04554 0.04554 0.04427 0.04057 0.04191 0.03924 0.03932 0.03692 0.03562 0.03523 0.03682 0.03541 0.03194 0.03178 0.02881 0.02762 0.02668 0.02365 0.02283 0.02371 0.01923 0.01752 0.01488 0.01316 0.01093 0.0092 0.00932 0.00889 0.00767 0.00599 0.00432 0.00497 0.0044 0.00412 0.00425 0.0031 0.00303 0.00155 0.00148 0.00174 0.00178 0.00194 0.00281 0.00195 0.00106 0.00092 0.00052 0.00105 0.00056 0.00016 0.0002 0.00025 0.00052 9e-05 0.00014 0 0 0 0 0 0 0 0 0 0 0 0 0 0 0 0 0 0 0 0 0 0 0 0 0 0 0 0 0 0 0 0 0 0 0 0 0 0 0 0 0 0 
0.04908 0.04856 0.04657 0.04923 0.04788 0.04843 0.0447 0.0427 0.04257 0.03756 0.03968 0.03818 0.03791 0.03883 0.03525 0.03075 0.02812 0.025 0.02487 0.02156 0.01937 0.01758 0.01515 0.01497 0.01563 0.01492 0.01322 0.01119 0.01126 0.01072 0.00868 0.00808 0.00759 0.00594 0.00522 0.00595 0.00492 0.00526 0.00416 0.00384 0.00299 0.00196 0.00166 0.00202 0.00172 0.00143 0.00118 0.00181 0.00093 0.00051 0.00051 0.00064 0.00043 0.00025 9e-05 0.00015 0.00014 0.00016 0.00021 0.00013 0 0 0 0 0 0 0 0 0 0 0 0 0 0 0 0 0 0 0 0 0 0 0 0 0 0 0 0 0 0 0 0 0 0 0 0 0 0 0 0 
0.05245 0.04859 0.04835 0.04701 0.04358 0.04503 0.04438 0.03895 0.03857 0.03984 0.03459 0.03536 0.03615 0.03241 0.02866 0.03007 0.02939 0.02656 0.02582 0.02291 0.02273 0.02402 0.01997 0.01718 0.01538 0.01743 0.01674 0.01386 0.01404 0.01316 0.01182 0.00839 0.00633 0.00594 0.00597 0.00477 0.00397 0.00311 0.00303 0.00436 0.00294 0.00188 0.00244 0.0025 0.00151 0.00132 0.00071 0.00058 0.00066 0.00093 0.00073 0.00081 0.00075 0.00016 0.00017 0.00021 0.00033 0.00013 0.00015 0.00022 0 0 0 0 0 0 0 0 0 0 0 0 0 0 0 0 0 0 0 0 0 0 0 0 0 0 0 0 0 0 0 0 0 0 0 0 0 0 0 0 
0.04524 0.04967 0.05121 0.04929 0.04601 0.04602 0.04533 0.04178 0.04259 0.04366 0.04056 0.03789 0.03337 0.03468 0.03172 0.03231 0.02953 0.02724 0.02887 0.02448 0.02211 0.02131 0.01945 0.01594 0.01374 0.01274 0.01348 0.01211 0.0108 0.00943 0.00781 0.00705 0.00661 0.00555 0.00568 0.0045 0.0053 0.00378 0.00312 0.00362 0.00253 0.00155 0.00125 0.00114 0.00077 0.00067 0.00083 0.00047 0.0009 0.00088 0.00037 0.00049 0.00053 0.00037 0.00013 0.00016 0.0002 0.00025 0.0001 8e-05 9e-05 0.0001 0.00011 0.00011 0.00011 0.00023 0 0 0 0 0 0 0 0 0 0 0 0 0 0 0 0 0 0 0 0 0 0 0 0 0 0 0 0 0 0 0 0 0 0 
0.05631 0.05616 0.05118 0.05438 0.05058 0.04806 0.04083 0.04515 0.04144 0.04132 0.03927 0.03313 0.03312 0.03063 0.03132 0.03069 0.02872 0.02653 0.02451 0.0218 0.02113 0.02097 0.01718 0.01459 0.01344 0.01118 0.01081 0.01075 0.00924 0.00711 0.00775 0.00636 0.00578 0.00835 0.00704 0.00603 0.00473 0.00438 0.00284 0.00281 0.00286 0.00266 0.00167 0.00148 0.00118 0.00129 0.00213 0.00274 0.00081 0.00075 0.00068 0.00076 0.00047 0.00017 0.0002 0.00023 0.00024 0.00025 0.00026 0.00034 0.0001 0.00023 0.00034 0.00052 4e-05 0 0 0 0 0 0 0 0 0 0 0 0 0 0 0 0 0 0 0 0 0 0 0 0 0 0 0 0 0 0 0 0 0 0 0 
0.04832 0.04914 0.04768 0.04956 0.04439 0.04132 0.04448 0.04303 0.04513 0.04031 0.03873 0.03402 0.03504 0.03423 0.03239 0.0314 0.03057 0.02591 0.02001 0.02234 0.02358 0.02044 0.0204 0.02207 0.01709 0.01453 0.01304 0.01262 0.01039 0.01113 0.0082 0.00876 0.0088 0.0077 0.00607 0.00446 0.00385 0.00367 0.00302 0.00352 0.00265 0.00271 0.0017 0.00271 0.00169 0.00196 0.0019 0.00133 0.0013 0.00024 0.00012 0.00021 0.00014 0 0 0 0 0 0 0 0 0 0 0 0 0 0 0 0 0 0 0 0 0 0 0 0 0 0 0 0 0 0 0 0 0 0 0 0 0 0 0 0 0 0 0 0 0 0 0 
0.05083 0.04839 0.04898 0.04766 0.05011 0.04668 0.04232 0.04512 0.04248 0.0445 0.04478 0.03979 0.03418 0.03567 0.03327 0.03181 0.02969 0.02821 0.02647 0.02389 0.01994 0.0178 0.0163 0.01563 0.01493 0.01241 0.01105 0.01048 0.00976 0.00871 0.00871 0.00819 0.00722 0.00728 0.0058 0.00378 0.00352 0.00366 0.00303 0.00298 0.00251 0.00226 0.00165 0.00149 0.00126 0.00091 0.00079 0.00029 0.00037 0.00014 0.00017 0.00045 0.00033 0.00038 7e-05 6e-05 7e-05 8e-05 8e-05 8e-05 9e-05 0.00013 0.00015 0.00018 0 0 0 0 0 0 0 0 0 0 0 0 0 0 0 0 0 0 0 0 0 0 0 0 0 0 0 0 0 0 0 0 0 0 0 0 
0.0444 0.04459 0.04454 0.04696 0.04729 0.04687 0.0434 0.04402 0.04152 0.03786 0.0398 0.03962 0.03812 0.03442 0.0337 0.02941 0.02894 0.02946 0.02335 0.02294 0.02007 0.01808 0.02095 0.01662 0.01457 0.01451 0.01269 0.01198 0.012 0.01288 0.01212 0.00871 0.00788 0.00714 0.0068 0.00516 0.0047 0.00459 0.00468 0.00361 0.00372 0.0033 0.0019 0.00114 0.00134 0.00115 0.00125 0.00063 0.00065 0.00048 0.00054 0.00044 0.00046 0.00031 0.00015 0.00018 0.00017 0.0002 0.00028 0.00029 0.00011 0.00013 0.00023 0 0 0 0 0 0 0 0 0 0 0 0 0 0 0 0 0 0 0 0 0 0 0 0 0 0 0 0 0 0 0 0 0 0 0 0 0 
0.04576 0.04928 0.05091 0.04864 0.04761 0.04553 0.04668 0.04309 0.04118 0.03676 0.03773 0.03427 0.03468 0.03493 0.03137 0.03056 0.03103 0.02882 0.02448 0.02328 0.02387 0.02347 0.0205 0.01773 0.01547 0.01364 0.01452 0.01139 0.01199 0.00907 0.00852 0.00683 0.00663 0.00708 0.00741 0.00467 0.00393 0.00387 0.0023 0.0024 0.00255 0.00253 0.00236 0.00249 0.00202 0.00067 0.00068 0.00072 0.00097 0.00063 0.00034 0.00034 0.00064 0.00022 4e-05 4e-05 4e-05 5e-05 6e-05 4e-05 5e-05 6e-05 4e-05 6e-05 5e-05 6e-05 8e-05 0.00013 0.00016 0 0 0 0 0 0 0 0 0 0 0 0 0 0 0 0 0 0 0 0 0 0 0 0 0 0 0 0 0 0 0 
0.0522 0.05195 0.04836 0.04843 0.04867 0.04317 0.04261 0.04048 0.04033 0.04205 0.04053 0.0362 0.03928 0.03898 0.03359 0.03205 0.03133 0.02728 0.02466 0.02349 0.01991 0.01886 0.0177 0.01744 0.0184 0.01621 0.0117 0.01162 0.0104 0.00999 0.00791 0.00845 0.00741 0.00602 0.0052 0.0033 0.00266 0.00279 0.00245 0.00229 0.00286 0.00225 0.00264 0.00185 0.0012 0.00043 0.00048 0.00024 0.0006 0.00099 0.00011 0 0 0 0 0 0 0 0 0 0 0 0 0 0 0 0 0 0 0 0 0 0 0 0 0 0 0 0 0 0 0 0 0 0 0 0 0 0 0 0 0 0 0 0 0 0 0 0 0 
0.04988 0.05022 0.04815 0.04735 0.04937 0.04815 0.04663 0.04677 0.04863 0.04266 0.04046 0.03717 0.0312 0.03103 0.02876 0.02702 0.02763 0.02743 0.02497 0.02468 0.0228 0.02012 0.01952 0.01922 0.01677 0.01665 0.01521 0.01457 0.01187 0.01045 0.0089 0.00679 0.00705 0.00552 0.00492 0.00429 0.00351 0.0028 0.00262 0.00174 0.00174 0.00118 0.00086 0.00081 0.00035 0.00025 8e-05 6e-05 7e-05 7e-05 6e-05 7e-05 6e-05 8e-05 0.0001 0.00013 0.0001 0.00012 0.00015 0.00018 0 0 0 0 0 0 0 0 0 0 0 0 0 0 0 0 0 0 0 0 0 0 0 0 0 0 0 0 0 0 0 0 0 0 0 0 0 0 0 0 
0.04887 0.05067 0.04811 0.04516 0.04315 0.04262 0.04204 0.04166 0.04494 0.03992 0.03909 0.03601 0.03349 0.03075 0.03109 0.02844 0.0259 0.02511 0.0257 0.02457 0.0212 0.02256 0.01905 0.01824 0.01579 0.01625 0.01333 0.01272 0.01288 0.01106 0.00865 0.00767 0.00765 0.00765 0.00755 0.00639 0.00597 0.00385 0.00326 0.00336 0.00299 0.00273 0.00252 0.00232 0.00213 0.00223 0.00213 0.00244 0.00185 0.00247 0.001 0.00072 0.00043 0.00056 0.00044 0.0001 0.00014 0.00022 0.00021 0 0 0 0 0 0 0 0 0 0 0 0 0 0 0 0 0 0 0 0 0 0 0 0 0 0 0 0 0 0 0 0 0 0 0 0 0 0 0 0 0 
0.0511 0.04886 0.05488 0.04816 0.04537 0.04488 0.04556 0.04497 0.04199 0.04198 0.03814 0.03674 0.03319 0.03227 0.03113 0.03027 0.02592 0.02396 0.024 0.02419 0.02189 0.0203 0.01773 0.01601 0.01674 0.01555 0.01407 0.01252 0.01184 0.01039 0.00882 0.00668 0.00622 0.00581 0.00544 0.00472 0.00392 0.00405 0.00362 0.00323 0.00319 0.0037 0.00198 0.00087 0.00096 0.00115 0.00149 0.00145 0.00085 0.00062 0.00068 0.00057 0.0012 0.00052 0.00042 0.00048 0.00031 0.00083 0.00055 5e-05 6e-05 8e-05 7e-05 7e-05 8e-05 0.00011 0.00012 0.00021 0.00022 0 0 0 0 0 0 0 0 0 0 0 0 0 0 0 0 0 0 0 0 0 0 0 0 0 0 0 0 0 0 0 
0.05191 0.04908 0.04702 0.04638 0.04608 0.04252 0.04144 0.04539 0.04724 0.04216 0.04241 0.04123 0.03592 0.03457 0.03422 0.03232 0.02857 0.02792 0.0251 0.02537 0.02084 0.0187 0.01796 0.01608 0.01551 0.014 0.01124 0.00932 0.00946 0.00976 0.00828 0.00703 0.00555 0.00472 0.00494 0.00459 0.00591 0.00469 0.00335 0.00314 0.00242 0.00214 0.00265 0.00251 0.00221 0.00213 0.00084 0.00049 0.00056 0.00021 0.00045 4e-05 5e-05 5e-05 7e-05 6e-05 7e-05 6e-05 7e-05 6e-05 5e-05 7e-05 6e-05 8e-05 0.0001 0.00011 0.00012 0.00019 0.00016 0 0 0 0 0 0 0 0 0 0 0 0 0 0 0 0 0 0 0 0 0 0 0 0 0 0 0 0 0 0 0 
