0.05 0.15 0.25 0.35 0.45 0.55 0.65 0.75 0.85 0.95 1.05 1.15 1.25 1.35 1.45 1.55 1.65 1.75 1.85 1.95 2.05 2.15 2.25 2.35 2.45 2.55 2.65 2.75 2.85 2.95 3.05 3.15 3.25 3.35 3.45 3.55 3.65 3.75 3.85 3.95 4.05 4.15 4.25 4.35 4.45 4.55 4.65 4.75 4.85 4.95 5.05 5.15 5.25 5.35 5.45 5.55 5.65 5.75 5.85 5.95 6.05 6.15 6.25 6.35 6.45 6.55 6.65 6.75 6.85 6.95 7.05 7.15 7.25 7.35 7.45 7.55 7.65 7.75 7.85 7.95 8.05 8.15 8.25 8.35 8.45 8.55 8.65 8.75 8.85 8.95 9.05 9.15 9.25 9.35 9.45 9.55 9.65 9.75 9.85 9.95 
0.0682 0.1714 0.2406 0.1514 0.2057 0.1225 0.0756 0.1593 0.0955 0.0998 0.0631 0.0418 0.0299 0.0456 0.0423 0.0519 0.0301 0.0375 0.0531 0.0149 0 0 0 0 0 0 0 0 0 0 0 0 0 0 0 0 0 0 0 0 0 0 0 0 0 0 0 0 0 0 0 0 0 0 0 0 0 0 0 0 0 0 0 0 0 0 0 0 0 0 0 0 0 0 0 0 0 0 0 0 0 0 0 0 0 0 0 0 0 0 0 0 0 0 0 0 0 0 0 0 
0.2933 0.1907 0.1377 0.2852 0.2103 0.2702 0.1423 0.118 0.0931 0.0467 0.0382 0.044 0.0338 0.0314 0.041 0.0241 0 0 0 0 0 0 0 0 0 0 0 0 0 0 0 0 0 0 0 0 0 0 0 0 0 0 0 0 0 0 0 0 0 0 0 0 0 0 0 0 0 0 0 0 0 0 0 0 0 0 0 0 0 0 0 0 0 0 0 0 0 0 0 0 0 0 0 0 0 0 0 0 0 0 0 0 0 0 0 0 0 0 0 0 
0.1001 0.1135 0.1039 0.132 0.1695 0.1502 0.2604 0.1917 0.1521 0.1195 0.1611 0.0983 0.0621 0.05 0.0228 0.0326 0.028 0.0421 0.0101 0 0 0 0 0 0 0 0 0 0 0 0 0 0 0 0 0 0 0 0 0 0 0 0 0 0 0 0 0 0 0 0 0 0 0 0 0 0 0 0 0 0 0 0 0 0 0 0 0 0 0 0 0 0 0 0 0 0 0 0 0 0 0 0 0 0 0 0 0 0 0 0 0 0 0 0 0 0 0 0 0 
0.1804 0.1868 0.2301 0.2539 0.24 0.1151 0.1821 0.1561 0.1019 0.1214 0.044 0.0165 0.0319 0.0073 0.0046 0.0029 0.0141 0.0177 0.0427 0.0235 0.027 0 0 0 0 0 0 0 0 0 0 0 0 0 0 0 0 0 0 0 0 0 0 0 0 0 0 0 0 0 0 0 0 0 0 0 0 0 0 0 0 0 0 0 0 0 0 0 0 0 0 0 0 0 0 0 0 0 0 0 0 0 0 0 0 0 0 0 0 0 0 0 0 0 0 0 0 0 0 0 
0.0762 0.0673 0.0662 0.1688 0.1269 0.1406 0.1958 0.1223 0.1923 0.2003 0.1193 0.1231 0.0575 0.0738 0.0667 0.0365 0.0781 0.038 0.0333 0.017 0 0 0 0 0 0 0 0 0 0 0 0 0 0 0 0 0 0 0 0 0 0 0 0 0 0 0 0 0 0 0 0 0 0 0 0 0 0 0 0 0 0 0 0 0 0 0 0 0 0 0 0 0 0 0 0 0 0 0 0 0 0 0 0 0 0 0 0 0 0 0 0 0 0 0 0 0 0 0 0 
0.1417 0.1838 0.2641 0.3161 0.2043 0.2079 0.1007 0.1156 0.1113 0.164 0.0695 0.031 0.0088 0.0255 0.017 0.0113 0.0274 0 0 0 0 0 0 0 0 0 0 0 0 0 0 0 0 0 0 0 0 0 0 0 0 0 0 0 0 0 0 0 0 0 0 0 0 0 0 0 0 0 0 0 0 0 0 0 0 0 0 0 0 0 0 0 0 0 0 0 0 0 0 0 0 0 0 0 0 0 0 0 0 0 0 0 0 0 0 0 0 0 0 0 
0.1873 0.1454 0.1484 0.0751 0.1097 0.1168 0.1888 0.2158 0.1647 0.0708 0.0929 0.0518 0.0506 0.031 0.0596 0.0735 0.0616 0.0293 0.0176 0.0408 0.0228 0.03 0.0157 0 0 0 0 0 0 0 0 0 0 0 0 0 0 0 0 0 0 0 0 0 0 0 0 0 0 0 0 0 0 0 0 0 0 0 0 0 0 0 0 0 0 0 0 0 0 0 0 0 0 0 0 0 0 0 0 0 0 0 0 0 0 0 0 0 0 0 0 0 0 0 0 0 0 0 0 0 
0.3774 0.3217 0.2347 0.2642 0.2145 0.1541 0.1046 0.0674 0.0331 0.0241 0.0491 0.067 0.0356 0.009 0.0164 0.0207 0.0064 0 0 0 0 0 0 0 0 0 0 0 0 0 0 0 0 0 0 0 0 0 0 0 0 0 0 0 0 0 0 0 0 0 0 0 0 0 0 0 0 0 0 0 0 0 0 0 0 0 0 0 0 0 0 0 0 0 0 0 0 0 0 0 0 0 0 0 0 0 0 0 0 0 0 0 0 0 0 0 0 0 0 0 
0.1177 0.1599 0.1737 0.1694 0.1088 0.1974 0.2213 0.1191 0.0914 0.1486 0.0578 0.0409 0.0208 0.0112 0.0196 0.0145 0.0372 0.0596 0.056 0.0872 0.0361 0.0165 0.0272 0.0081 0 0 0 0 0 0 0 0 0 0 0 0 0 0 0 0 0 0 0 0 0 0 0 0 0 0 0 0 0 0 0 0 0 0 0 0 0 0 0 0 0 0 0 0 0 0 0 0 0 0 0 0 0 0 0 0 0 0 0 0 0 0 0 0 0 0 0 0 0 0 0 0 0 0 0 0 
0.1907 0.0911 0.25 0.2066 0.1277 0.2324 0.3107 0.2801 0.0838 0.0341 0.0449 0.0524 0.0453 0.0101 0.0106 0.0221 0.0074 0 0 0 0 0 0 0 0 0 0 0 0 0 0 0 0 0 0 0 0 0 0 0 0 0 0 0 0 0 0 0 0 0 0 0 0 0 0 0 0 0 0 0 0 0 0 0 0 0 0 0 0 0 0 0 0 0 0 0 0 0 0 0 0 0 0 0 0 0 0 0 0 0 0 0 0 0 0 0 0 0 0 0 
0.3827 0.2406 0.2566 0.2145 0.2437 0.155 0.0535 0.065 0.0857 0.0771 0.0643 0.018 0.0083 0.0094 0.0104 0.0598 0.0198 0.0179 0.0177 0 0 0 0 0 0 0 0 0 0 0 0 0 0 0 0 0 0 0 0 0 0 0 0 0 0 0 0 0 0 0 0 0 0 0 0 0 0 0 0 0 0 0 0 0 0 0 0 0 0 0 0 0 0 0 0 0 0 0 0 0 0 0 0 0 0 0 0 0 0 0 0 0 0 0 0 0 0 0 0 0 
0.1909 0.1936 0.2117 0.2438 0.2185 0.1332 0.136 0.1286 0.1397 0.0847 0.0914 0.1407 0.0703 0.0169 0 0 0 0 0 0 0 0 0 0 0 0 0 0 0 0 0 0 0 0 0 0 0 0 0 0 0 0 0 0 0 0 0 0 0 0 0 0 0 0 0 0 0 0 0 0 0 0 0 0 0 0 0 0 0 0 0 0 0 0 0 0 0 0 0 0 0 0 0 0 0 0 0 0 0 0 0 0 0 0 0 0 0 0 0 0 
0.3335 0.3725 0.3304 0.1695 0.2162 0.1836 0.1185 0.1379 0.0605 0.0387 0.0202 0.0185 0 0 0 0 0 0 0 0 0 0 0 0 0 0 0 0 0 0 0 0 0 0 0 0 0 0 0 0 0 0 0 0 0 0 0 0 0 0 0 0 0 0 0 0 0 0 0 0 0 0 0 0 0 0 0 0 0 0 0 0 0 0 0 0 0 0 0 0 0 0 0 0 0 0 0 0 0 0 0 0 0 0 0 0 0 0 0 0 
0.2387 0.2874 0.402 0.2854 0.1579 0.179 0.1331 0.0498 0.0746 0.0406 0.041 0.03 0.0191 0.0362 0.0153 0.0099 0 0 0 0 0 0 0 0 0 0 0 0 0 0 0 0 0 0 0 0 0 0 0 0 0 0 0 0 0 0 0 0 0 0 0 0 0 0 0 0 0 0 0 0 0 0 0 0 0 0 0 0 0 0 0 0 0 0 0 0 0 0 0 0 0 0 0 0 0 0 0 0 0 0 0 0 0 0 0 0 0 0 0 0 
0.3116 0.2806 0.1706 0.1384 0.1482 0.1614 0.0826 0.1068 0.1644 0.1047 0.115 0.0964 0.0487 0.0208 0.0102 0.018 0.0216 0 0 0 0 0 0 0 0 0 0 0 0 0 0 0 0 0 0 0 0 0 0 0 0 0 0 0 0 0 0 0 0 0 0 0 0 0 0 0 0 0 0 0 0 0 0 0 0 0 0 0 0 0 0 0 0 0 0 0 0 0 0 0 0 0 0 0 0 0 0 0 0 0 0 0 0 0 0 0 0 0 0 0 
0.3606 0.1813 0.2883 0.1667 0.2076 0.1213 0.0956 0.0902 0.0916 0.0835 0.0567 0.0344 0.0248 0.0608 0.0236 0.0112 0.0275 0.0211 0.0443 0.0089 0 0 0 0 0 0 0 0 0 0 0 0 0 0 0 0 0 0 0 0 0 0 0 0 0 0 0 0 0 0 0 0 0 0 0 0 0 0 0 0 0 0 0 0 0 0 0 0 0 0 0 0 0 0 0 0 0 0 0 0 0 0 0 0 0 0 0 0 0 0 0 0 0 0 0 0 0 0 0 0 
0.3365 0.2399 0.2468 0.3461 0.2173 0.1735 0.181 0.1257 0.0457 0.0469 0.03 0.0106 0 0 0 0 0 0 0 0 0 0 0 0 0 0 0 0 0 0 0 0 0 0 0 0 0 0 0 0 0 0 0 0 0 0 0 0 0 0 0 0 0 0 0 0 0 0 0 0 0 0 0 0 0 0 0 0 0 0 0 0 0 0 0 0 0 0 0 0 0 0 0 0 0 0 0 0 0 0 0 0 0 0 0 0 0 0 0 0 
0.2303 0.2555 0.227 0.1857 0.0648 0.083 0.1108 0.1232 0.0906 0.0766 0.0714 0.1023 0.0555 0.0254 0.0162 0.0118 0.0226 0.0421 0.0636 0.0306 0.0112 0.013 0.0141 0.0395 0.0332 0 0 0 0 0 0 0 0 0 0 0 0 0 0 0 0 0 0 0 0 0 0 0 0 0 0 0 0 0 0 0 0 0 0 0 0 0 0 0 0 0 0 0 0 0 0 0 0 0 0 0 0 0 0 0 0 0 0 0 0 0 0 0 0 0 0 0 0 0 0 0 0 0 0 0 
0.199 0.2294 0.1929 0.0741 0.0979 0.0612 0.098 0.1035 0.078 0.058 0.1792 0.1645 0.1546 0.0821 0.0579 0.0272 0.0263 0.0199 0.0065 0.0191 0.0095 0.0108 0.0343 0.0161 0 0 0 0 0 0 0 0 0 0 0 0 0 0 0 0 0 0 0 0 0 0 0 0 0 0 0 0 0 0 0 0 0 0 0 0 0 0 0 0 0 0 0 0 0 0 0 0 0 0 0 0 0 0 0 0 0 0 0 0 0 0 0 0 0 0 0 0 0 0 0 0 0 0 0 0 
0.1917 0.2958 0.234 0.1131 0.208 0.1534 0.1538 0.154 0.138 0.1385 0.0723 0.0251 0.0141 0.0135 0.0397 0.0323 0.0227 0 0 0 0 0 0 0 0 0 0 0 0 0 0 0 0 0 0 0 0 0 0 0 0 0 0 0 0 0 0 0 0 0 0 0 0 0 0 0 0 0 0 0 0 0 0 0 0 0 0 0 0 0 0 0 0 0 0 0 0 0 0 0 0 0 0 0 0 0 0 0 0 0 0 0 0 0 0 0 0 0 0 0 
0.2461 0.2478 0.2003 0.1627 0.1674 0.1324 0.1181 0.1208 0.1626 0.1109 0.0974 0.0448 0.0418 0.0672 0.0343 0.0454 0 0 0 0 0 0 0 0 0 0 0 0 0 0 0 0 0 0 0 0 0 0 0 0 0 0 0 0 0 0 0 0 0 0 0 0 0 0 0 0 0 0 0 0 0 0 0 0 0 0 0 0 0 0 0 0 0 0 0 0 0 0 0 0 0 0 0 0 0 0 0 0 0 0 0 0 0 0 0 0 0 0 0 0 
0.1389 0.142 0.1399 0.141 0.1983 0.197 0.1362 0.1177 0.1188 0.1167 0.0514 0.0831 0.0868 0.1059 0.0622 0.08 0.0108 0.0298 0.0193 0.0206 0.0036 0 0 0 0 0 0 0 0 0 0 0 0 0 0 0 0 0 0 0 0 0 0 0 0 0 0 0 0 0 0 0 0 0 0 0 0 0 0 0 0 0 0 0 0 0 0 0 0 0 0 0 0 0 0 0 0 0 0 0 0 0 0 0 0 0 0 0 0 0 0 0 0 0 0 0 0 0 0 0 
0.1628 0.1803 0.2843 0.2731 0.2079 0.1345 0.0362 0.0604 0.0504 0.0268 0.045 0.0233 0.0788 0.1224 0.0499 0.0761 0.053 0.0418 0.0374 0.037 0.0186 0 0 0 0 0 0 0 0 0 0 0 0 0 0 0 0 0 0 0 0 0 0 0 0 0 0 0 0 0 0 0 0 0 0 0 0 0 0 0 0 0 0 0 0 0 0 0 0 0 0 0 0 0 0 0 0 0 0 0 0 0 0 0 0 0 0 0 0 0 0 0 0 0 0 0 0 0 0 0 
0.2904 0.3865 0.2212 0.1141 0.1555 0.2112 0.0877 0.0328 0.0735 0.0502 0.0213 0.0299 0.0107 0.0225 0.0263 0.0332 0.0813 0.009 0.0081 0.0275 0.0173 0.0108 0.0335 0.0385 0.007 0 0 0 0 0 0 0 0 0 0 0 0 0 0 0 0 0 0 0 0 0 0 0 0 0 0 0 0 0 0 0 0 0 0 0 0 0 0 0 0 0 0 0 0 0 0 0 0 0 0 0 0 0 0 0 0 0 0 0 0 0 0 0 0 0 0 0 0 0 0 0 0 0 0 0 
0.2738 0.1718 0.1252 0.1735 0.1474 0.2148 0.1214 0.1234 0.0733 0.0922 0.0845 0.1409 0.0514 0.0191 0.0289 0.0303 0.0135 0.0343 0.0112 0.0133 0.0254 0.0112 0.0192 0 0 0 0 0 0 0 0 0 0 0 0 0 0 0 0 0 0 0 0 0 0 0 0 0 0 0 0 0 0 0 0 0 0 0 0 0 0 0 0 0 0 0 0 0 0 0 0 0 0 0 0 0 0 0 0 0 0 0 0 0 0 0 0 0 0 0 0 0 0 0 0 0 0 0 0 0 
0.478 0.3133 0.3242 0.2266 0.2204 0.1882 0.0493 0.0718 0.0468 0.0264 0.0086 0.0077 0.0219 0.0168 0 0 0 0 0 0 0 0 0 0 0 0 0 0 0 0 0 0 0 0 0 0 0 0 0 0 0 0 0 0 0 0 0 0 0 0 0 0 0 0 0 0 0 0 0 0 0 0 0 0 0 0 0 0 0 0 0 0 0 0 0 0 0 0 0 0 0 0 0 0 0 0 0 0 0 0 0 0 0 0 0 0 0 0 0 0 
0.1492 0.2023 0.2504 0.2333 0.249 0.2087 0.1511 0.1027 0.0802 0.1176 0.1134 0.0633 0.0475 0.0178 0.0135 0 0 0 0 0 0 0 0 0 0 0 0 0 0 0 0 0 0 0 0 0 0 0 0 0 0 0 0 0 0 0 0 0 0 0 0 0 0 0 0 0 0 0 0 0 0 0 0 0 0 0 0 0 0 0 0 0 0 0 0 0 0 0 0 0 0 0 0 0 0 0 0 0 0 0 0 0 0 0 0 0 0 0 0 0 
0.1306 0.1928 0.1902 0.1793 0.126 0.1791 0.1741 0.1282 0.2162 0.1075 0.0517 0.0525 0.0834 0.0438 0.0488 0.0569 0.0213 0.0176 0 0 0 0 0 0 0 0 0 0 0 0 0 0 0 0 0 0 0 0 0 0 0 0 0 0 0 0 0 0 0 0 0 0 0 0 0 0 0 0 0 0 0 0 0 0 0 0 0 0 0 0 0 0 0 0 0 0 0 0 0 0 0 0 0 0 0 0 0 0 0 0 0 0 0 0 0 0 0 0 0 0 
0.1382 0.138 0.1732 0.1577 0.2118 0.1653 0.1669 0.1132 0.1342 0.0745 0.0644 0.0719 0.093 0.0928 0.1047 0.0919 0.0083 0 0 0 0 0 0 0 0 0 0 0 0 0 0 0 0 0 0 0 0 0 0 0 0 0 0 0 0 0 0 0 0 0 0 0 0 0 0 0 0 0 0 0 0 0 0 0 0 0 0 0 0 0 0 0 0 0 0 0 0 0 0 0 0 0 0 0 0 0 0 0 0 0 0 0 0 0 0 0 0 0 0 0 
0.2451 0.1881 0.1263 0.1833 0.1838 0.1645 0.2441 0.2058 0.1186 0.1111 0.0493 0.0713 0.052 0.0206 0.0178 0.0105 0.0078 0 0 0 0 0 0 0 0 0 0 0 0 0 0 0 0 0 0 0 0 0 0 0 0 0 0 0 0 0 0 0 0 0 0 0 0 0 0 0 0 0 0 0 0 0 0 0 0 0 0 0 0 0 0 0 0 0 0 0 0 0 0 0 0 0 0 0 0 0 0 0 0 0 0 0 0 0 0 0 0 0 0 0 
0.1662 0.212 0.1947 0.1773 0.1973 0.1895 0.22 0.2617 0.1127 0.125 0.0694 0.0742 0 0 0 0 0 0 0 0 0 0 0 0 0 0 0 0 0 0 0 0 0 0 0 0 0 0 0 0 0 0 0 0 0 0 0 0 0 0 0 0 0 0 0 0 0 0 0 0 0 0 0 0 0 0 0 0 0 0 0 0 0 0 0 0 0 0 0 0 0 0 0 0 0 0 0 0 0 0 0 0 0 0 0 0 0 0 0 0 
0.2625 0.3844 0.3131 0.1997 0.2083 0.1827 0.1129 0.1362 0.1023 0.0312 0.0367 0.0237 0.0063 0 0 0 0 0 0 0 0 0 0 0 0 0 0 0 0 0 0 0 0 0 0 0 0 0 0 0 0 0 0 0 0 0 0 0 0 0 0 0 0 0 0 0 0 0 0 0 0 0 0 0 0 0 0 0 0 0 0 0 0 0 0 0 0 0 0 0 0 0 0 0 0 0 0 0 0 0 0 0 0 0 0 0 0 0 0 0 
0.1885 0.2834 0.3742 0.2785 0.2082 0.1748 0.1489 0.0901 0.0854 0.0214 0.0183 0.0383 0.0313 0.0257 0.0245 0.0085 0 0 0 0 0 0 0 0 0 0 0 0 0 0 0 0 0 0 0 0 0 0 0 0 0 0 0 0 0 0 0 0 0 0 0 0 0 0 0 0 0 0 0 0 0 0 0 0 0 0 0 0 0 0 0 0 0 0 0 0 0 0 0 0 0 0 0 0 0 0 0 0 0 0 0 0 0 0 0 0 0 0 0 0 
0.2902 0.1921 0.2128 0.1417 0.1751 0.1854 0.2359 0.2142 0.15 0.1585 0.0129 0.0312 0 0 0 0 0 0 0 0 0 0 0 0 0 0 0 0 0 0 0 0 0 0 0 0 0 0 0 0 0 0 0 0 0 0 0 0 0 0 0 0 0 0 0 0 0 0 0 0 0 0 0 0 0 0 0 0 0 0 0 0 0 0 0 0 0 0 0 0 0 0 0 0 0 0 0 0 0 0 0 0 0 0 0 0 0 0 0 0 
0.075 0.1336 0.092 0.1311 0.2452 0.23 0.2041 0.2144 0.2098 0.1614 0.091 0.0739 0.0915 0.0311 0.0159 0 0 0 0 0 0 0 0 0 0 0 0 0 0 0 0 0 0 0 0 0 0 0 0 0 0 0 0 0 0 0 0 0 0 0 0 0 0 0 0 0 0 0 0 0 0 0 0 0 0 0 0 0 0 0 0 0 0 0 0 0 0 0 0 0 0 0 0 0 0 0 0 0 0 0 0 0 0 0 0 0 0 0 0 0 
0.3619 0.3248 0.2524 0.1482 0.0821 0.1854 0.1127 0.0972 0.17 0.0713 0.0472 0.071 0.0498 0.0075 0.0185 0 0 0 0 0 0 0 0 0 0 0 0 0 0 0 0 0 0 0 0 0 0 0 0 0 0 0 0 0 0 0 0 0 0 0 0 0 0 0 0 0 0 0 0 0 0 0 0 0 0 0 0 0 0 0 0 0 0 0 0 0 0 0 0 0 0 0 0 0 0 0 0 0 0 0 0 0 0 0 0 0 0 0 0 0 
0.3106 0.3009 0.197 0.1583 0.205 0.2437 0.1557 0.0972 0.0471 0.075 0.0379 0.0534 0.0691 0.0432 0.0059 0 0 0 0 0 0 0 0 0 0 0 0 0 0 0 0 0 0 0 0 0 0 0 0 0 0 0 0 0 0 0 0 0 0 0 0 0 0 0 0 0 0 0 0 0 0 0 0 0 0 0 0 0 0 0 0 0 0 0 0 0 0 0 0 0 0 0 0 0 0 0 0 0 0 0 0 0 0 0 0 0 0 0 0 0 
0.282 0.2811 0.1777 0.1454 0.149 0.1035 0.1767 0.1724 0.136 0.1063 0.0848 0.0429 0.0113 0.0086 0.0192 0.0481 0.042 0.013 0 0 0 0 0 0 0 0 0 0 0 0 0 0 0 0 0 0 0 0 0 0 0 0 0 0 0 0 0 0 0 0 0 0 0 0 0 0 0 0 0 0 0 0 0 0 0 0 0 0 0 0 0 0 0 0 0 0 0 0 0 0 0 0 0 0 0 0 0 0 0 0 0 0 0 0 0 0 0 0 0 0 
0.1443 0.2044 0.175 0.1717 0.2273 0.2303 0.1277 0.1091 0.0797 0.0777 0.1467 0.0716 0.0623 0.0388 0.0109 0.0107 0.0183 0.0287 0.0256 0.0287 0.0105 0 0 0 0 0 0 0 0 0 0 0 0 0 0 0 0 0 0 0 0 0 0 0 0 0 0 0 0 0 0 0 0 0 0 0 0 0 0 0 0 0 0 0 0 0 0 0 0 0 0 0 0 0 0 0 0 0 0 0 0 0 0 0 0 0 0 0 0 0 0 0 0 0 0 0 0 0 0 0 
0.3578 0.2648 0.2064 0.2121 0.2264 0.2039 0.1422 0.1491 0.0711 0.0551 0.0419 0.0223 0.0219 0.025 0 0 0 0 0 0 0 0 0 0 0 0 0 0 0 0 0 0 0 0 0 0 0 0 0 0 0 0 0 0 0 0 0 0 0 0 0 0 0 0 0 0 0 0 0 0 0 0 0 0 0 0 0 0 0 0 0 0 0 0 0 0 0 0 0 0 0 0 0 0 0 0 0 0 0 0 0 0 0 0 0 0 0 0 0 0 
0.1997 0.1797 0.1011 0.2185 0.1966 0.1859 0.1855 0.1763 0.1179 0.1169 0.1172 0.0875 0.0481 0.0428 0.0263 0 0 0 0 0 0 0 0 0 0 0 0 0 0 0 0 0 0 0 0 0 0 0 0 0 0 0 0 0 0 0 0 0 0 0 0 0 0 0 0 0 0 0 0 0 0 0 0 0 0 0 0 0 0 0 0 0 0 0 0 0 0 0 0 0 0 0 0 0 0 0 0 0 0 0 0 0 0 0 0 0 0 0 0 0 
0.1984 0.1996 0.188 0.1929 0.1571 0.135 0.1518 0.1745 0.1543 0.1771 0.1263 0.079 0.024 0.0037 0.0253 0.013 0 0 0 0 0 0 0 0 0 0 0 0 0 0 0 0 0 0 0 0 0 0 0 0 0 0 0 0 0 0 0 0 0 0 0 0 0 0 0 0 0 0 0 0 0 0 0 0 0 0 0 0 0 0 0 0 0 0 0 0 0 0 0 0 0 0 0 0 0 0 0 0 0 0 0 0 0 0 0 0 0 0 0 0 
0.2128 0.2553 0.2215 0.1812 0.2014 0.1174 0.1727 0.1342 0.092 0.0617 0.0852 0.0707 0.0381 0.0189 0.0384 0.0727 0.0258 0 0 0 0 0 0 0 0 0 0 0 0 0 0 0 0 0 0 0 0 0 0 0 0 0 0 0 0 0 0 0 0 0 0 0 0 0 0 0 0 0 0 0 0 0 0 0 0 0 0 0 0 0 0 0 0 0 0 0 0 0 0 0 0 0 0 0 0 0 0 0 0 0 0 0 0 0 0 0 0 0 0 0 
0.3479 0.3462 0.22 0.1791 0.1591 0.1243 0.1657 0.1134 0.1343 0.0866 0.0397 0.0367 0.0101 0.0195 0.0138 0.0036 0 0 0 0 0 0 0 0 0 0 0 0 0 0 0 0 0 0 0 0 0 0 0 0 0 0 0 0 0 0 0 0 0 0 0 0 0 0 0 0 0 0 0 0 0 0 0 0 0 0 0 0 0 0 0 0 0 0 0 0 0 0 0 0 0 0 0 0 0 0 0 0 0 0 0 0 0 0 0 0 0 0 0 0 
0.1089 0.0849 0.1615 0.1628 0.218 0.2999 0.1986 0.1395 0.1699 0.1507 0.0859 0.1468 0.0685 0.0041 0 0 0 0 0 0 0 0 0 0 0 0 0 0 0 0 0 0 0 0 0 0 0 0 0 0 0 0 0 0 0 0 0 0 0 0 0 0 0 0 0 0 0 0 0 0 0 0 0 0 0 0 0 0 0 0 0 0 0 0 0 0 0 0 0 0 0 0 0 0 0 0 0 0 0 0 0 0 0 0 0 0 0 0 0 0 
0.1521 0.148 0.1452 0.1693 0.2169 0.2043 0.2427 0.2071 0.1401 0.0965 0.0635 0.0314 0.0574 0.0349 0.0462 0.0444 0 0 0 0 0 0 0 0 0 0 0 0 0 0 0 0 0 0 0 0 0 0 0 0 0 0 0 0 0 0 0 0 0 0 0 0 0 0 0 0 0 0 0 0 0 0 0 0 0 0 0 0 0 0 0 0 0 0 0 0 0 0 0 0 0 0 0 0 0 0 0 0 0 0 0 0 0 0 0 0 0 0 0 0 
0.3983 0.2463 0.3566 0.302 0.1574 0.198 0.1113 0.0826 0.0519 0.045 0.0124 0.0118 0.0206 0.0058 0 0 0 0 0 0 0 0 0 0 0 0 0 0 0 0 0 0 0 0 0 0 0 0 0 0 0 0 0 0 0 0 0 0 0 0 0 0 0 0 0 0 0 0 0 0 0 0 0 0 0 0 0 0 0 0 0 0 0 0 0 0 0 0 0 0 0 0 0 0 0 0 0 0 0 0 0 0 0 0 0 0 0 0 0 0 
0.1859 0.2201 0.181 0.1311 0.1981 0.293 0.2538 0.117 0.1477 0.1181 0.0466 0.0261 0.0644 0.0171 0 0 0 0 0 0 0 0 0 0 0 0 0 0 0 0 0 0 0 0 0 0 0 0 0 0 0 0 0 0 0 0 0 0 0 0 0 0 0 0 0 0 0 0 0 0 0 0 0 0 0 0 0 0 0 0 0 0 0 0 0 0 0 0 0 0 0 0 0 0 0 0 0 0 0 0 0 0 0 0 0 0 0 0 0 0 
0.1313 0.2631 0.3129 0.2694 0.1636 0.1832 0.0943 0.0792 0.089 0.0919 0.052 0.0502 0.0597 0.0441 0.014 0.0165 0.0102 0.0098 0.0137 0.0277 0.0242 0 0 0 0 0 0 0 0 0 0 0 0 0 0 0 0 0 0 0 0 0 0 0 0 0 0 0 0 0 0 0 0 0 0 0 0 0 0 0 0 0 0 0 0 0 0 0 0 0 0 0 0 0 0 0 0 0 0 0 0 0 0 0 0 0 0 0 0 0 0 0 0 0 0 0 0 0 0 0 
0.1915 0.126 0.1286 0.1434 0.2291 0.1977 0.1365 0.1451 0.1115 0.1175 0.0751 0.1038 0.067 0.0772 0.0507 0.0368 0.0272 0.0196 0.0157 0 0 0 0 0 0 0 0 0 0 0 0 0 0 0 0 0 0 0 0 0 0 0 0 0 0 0 0 0 0 0 0 0 0 0 0 0 0 0 0 0 0 0 0 0 0 0 0 0 0 0 0 0 0 0 0 0 0 0 0 0 0 0 0 0 0 0 0 0 0 0 0 0 0 0 0 0 0 0 0 0 
0.2547 0.2188 0.1635 0.2503 0.2271 0.1532 0.1381 0.1192 0.0709 0.0793 0.1013 0.067 0.0509 0.0424 0.0174 0.0126 0.0282 0.0051 0 0 0 0 0 0 0 0 0 0 0 0 0 0 0 0 0 0 0 0 0 0 0 0 0 0 0 0 0 0 0 0 0 0 0 0 0 0 0 0 0 0 0 0 0 0 0 0 0 0 0 0 0 0 0 0 0 0 0 0 0 0 0 0 0 0 0 0 0 0 0 0 0 0 0 0 0 0 0 0 0 0 
0.335 0.2769 0.2004 0.249 0.3251 0.2649 0.1363 0.0867 0.0391 0.005 0.0071 0.0116 0.0492 0.0137 0 0 0 0 0 0 0 0 0 0 0 0 0 0 0 0 0 0 0 0 0 0 0 0 0 0 0 0 0 0 0 0 0 0 0 0 0 0 0 0 0 0 0 0 0 0 0 0 0 0 0 0 0 0 0 0 0 0 0 0 0 0 0 0 0 0 0 0 0 0 0 0 0 0 0 0 0 0 0 0 0 0 0 0 0 0 
0.2544 0.2794 0.1422 0.1157 0.116 0.175 0.2505 0.2118 0.1263 0.1002 0.0596 0.0674 0.0092 0.0175 0.0279 0.0174 0.0123 0.0172 0 0 0 0 0 0 0 0 0 0 0 0 0 0 0 0 0 0 0 0 0 0 0 0 0 0 0 0 0 0 0 0 0 0 0 0 0 0 0 0 0 0 0 0 0 0 0 0 0 0 0 0 0 0 0 0 0 0 0 0 0 0 0 0 0 0 0 0 0 0 0 0 0 0 0 0 0 0 0 0 0 0 
0.43 0.284 0.2528 0.2332 0.182 0.1584 0.1832 0.0801 0.0326 0.0404 0.0411 0.037 0.0452 0 0 0 0 0 0 0 0 0 0 0 0 0 0 0 0 0 0 0 0 0 0 0 0 0 0 0 0 0 0 0 0 0 0 0 0 0 0 0 0 0 0 0 0 0 0 0 0 0 0 0 0 0 0 0 0 0 0 0 0 0 0 0 0 0 0 0 0 0 0 0 0 0 0 0 0 0 0 0 0 0 0 0 0 0 0 0 
0.2015 0.1588 0.1266 0.1492 0.0678 0.1232 0.095 0.1568 0.1395 0.0529 0.0841 0.1354 0.0897 0.0515 0.08 0.0762 0.0799 0.0544 0.038 0.0395 0 0 0 0 0 0 0 0 0 0 0 0 0 0 0 0 0 0 0 0 0 0 0 0 0 0 0 0 0 0 0 0 0 0 0 0 0 0 0 0 0 0 0 0 0 0 0 0 0 0 0 0 0 0 0 0 0 0 0 0 0 0 0 0 0 0 0 0 0 0 0 0 0 0 0 0 0 0 0 0 
0.26 0.2318 0.1651 0.1166 0.1363 0.1753 0.1664 0.1284 0.1141 0.1264 0.1125 0.0934 0.067 0.0719 0.032 0.0028 0 0 0 0 0 0 0 0 0 0 0 0 0 0 0 0 0 0 0 0 0 0 0 0 0 0 0 0 0 0 0 0 0 0 0 0 0 0 0 0 0 0 0 0 0 0 0 0 0 0 0 0 0 0 0 0 0 0 0 0 0 0 0 0 0 0 0 0 0 0 0 0 0 0 0 0 0 0 0 0 0 0 0 0 
0.2621 0.3014 0.235 0.1846 0.0764 0.1205 0.1731 0.1327 0.1355 0.1364 0.0423 0.0465 0.0187 0.0148 0.0261 0.0275 0.0081 0.0082 0.0088 0.0082 0.013 0.0201 0 0 0 0 0 0 0 0 0 0 0 0 0 0 0 0 0 0 0 0 0 0 0 0 0 0 0 0 0 0 0 0 0 0 0 0 0 0 0 0 0 0 0 0 0 0 0 0 0 0 0 0 0 0 0 0 0 0 0 0 0 0 0 0 0 0 0 0 0 0 0 0 0 0 0 0 0 0 
0.2813 0.3059 0.2335 0.2448 0.2017 0.1958 0.109 0.0762 0.0763 0.0886 0.0689 0.0803 0.0377 0 0 0 0 0 0 0 0 0 0 0 0 0 0 0 0 0 0 0 0 0 0 0 0 0 0 0 0 0 0 0 0 0 0 0 0 0 0 0 0 0 0 0 0 0 0 0 0 0 0 0 0 0 0 0 0 0 0 0 0 0 0 0 0 0 0 0 0 0 0 0 0 0 0 0 0 0 0 0 0 0 0 0 0 0 0 0 
0.1417 0.1566 0.1412 0.1231 0.138 0.1689 0.2567 0.2073 0.1366 0.1505 0.0837 0.0797 0.0288 0.0465 0.0076 0.027 0.0563 0.0149 0.0233 0.0116 0 0 0 0 0 0 0 0 0 0 0 0 0 0 0 0 0 0 0 0 0 0 0 0 0 0 0 0 0 0 0 0 0 0 0 0 0 0 0 0 0 0 0 0 0 0 0 0 0 0 0 0 0 0 0 0 0 0 0 0 0 0 0 0 0 0 0 0 0 0 0 0 0 0 0 0 0 0 0 0 
0.2852 0.2378 0.2749 0.229 0.1508 0.179 0.1143 0.1117 0.1407 0.0939 0.104 0.0579 0.0208 0 0 0 0 0 0 0 0 0 0 0 0 0 0 0 0 0 0 0 0 0 0 0 0 0 0 0 0 0 0 0 0 0 0 0 0 0 0 0 0 0 0 0 0 0 0 0 0 0 0 0 0 0 0 0 0 0 0 0 0 0 0 0 0 0 0 0 0 0 0 0 0 0 0 0 0 0 0 0 0 0 0 0 0 0 0 0 
0.3492 0.2712 0.277 0.2987 0.2345 0.237 0.1172 0.0884 0.0974 0.0252 0.0042 0 0 0 0 0 0 0 0 0 0 0 0 0 0 0 0 0 0 0 0 0 0 0 0 0 0 0 0 0 0 0 0 0 0 0 0 0 0 0 0 0 0 0 0 0 0 0 0 0 0 0 0 0 0 0 0 0 0 0 0 0 0 0 0 0 0 0 0 0 0 0 0 0 0 0 0 0 0 0 0 0 0 0 0 0 0 0 0 0 
0.2152 0.2237 0.3549 0.2775 0.2532 0.3059 0.1599 0.0748 0.0699 0.0567 0.0083 0 0 0 0 0 0 0 0 0 0 0 0 0 0 0 0 0 0 0 0 0 0 0 0 0 0 0 0 0 0 0 0 0 0 0 0 0 0 0 0 0 0 0 0 0 0 0 0 0 0 0 0 0 0 0 0 0 0 0 0 0 0 0 0 0 0 0 0 0 0 0 0 0 0 0 0 0 0 0 0 0 0 0 0 0 0 0 0 0 
0.1504 0.2237 0.2491 0.2524 0.2168 0.2481 0.2425 0.1454 0.0957 0.0288 0.0705 0.0112 0.0238 0.028 0.0136 0 0 0 0 0 0 0 0 0 0 0 0 0 0 0 0 0 0 0 0 0 0 0 0 0 0 0 0 0 0 0 0 0 0 0 0 0 0 0 0 0 0 0 0 0 0 0 0 0 0 0 0 0 0 0 0 0 0 0 0 0 0 0 0 0 0 0 0 0 0 0 0 0 0 0 0 0 0 0 0 0 0 0 0 0 
0.2402 0.2263 0.1565 0.1294 0.2065 0.1813 0.1486 0.1192 0.0757 0.0723 0.1493 0.0954 0.0561 0.0238 0.012 0.0151 0.0591 0.0332 0 0 0 0 0 0 0 0 0 0 0 0 0 0 0 0 0 0 0 0 0 0 0 0 0 0 0 0 0 0 0 0 0 0 0 0 0 0 0 0 0 0 0 0 0 0 0 0 0 0 0 0 0 0 0 0 0 0 0 0 0 0 0 0 0 0 0 0 0 0 0 0 0 0 0 0 0 0 0 0 0 0 
0.1503 0.137 0.2248 0.2253 0.2163 0.1921 0.1904 0.1645 0.1295 0.0505 0.0699 0.0892 0.1102 0.05 0 0 0 0 0 0 0 0 0 0 0 0 0 0 0 0 0 0 0 0 0 0 0 0 0 0 0 0 0 0 0 0 0 0 0 0 0 0 0 0 0 0 0 0 0 0 0 0 0 0 0 0 0 0 0 0 0 0 0 0 0 0 0 0 0 0 0 0 0 0 0 0 0 0 0 0 0 0 0 0 0 0 0 0 0 0 
0.2094 0.3245 0.2189 0.2296 0.23 0.2463 0.1464 0.1356 0.0899 0.0395 0.0641 0.032 0.0338 0 0 0 0 0 0 0 0 0 0 0 0 0 0 0 0 0 0 0 0 0 0 0 0 0 0 0 0 0 0 0 0 0 0 0 0 0 0 0 0 0 0 0 0 0 0 0 0 0 0 0 0 0 0 0 0 0 0 0 0 0 0 0 0 0 0 0 0 0 0 0 0 0 0 0 0 0 0 0 0 0 0 0 0 0 0 0 
0.2135 0.2252 0.173 0.1401 0.0937 0.0986 0.149 0.1621 0.1812 0.1066 0.1368 0.0588 0.0425 0.0207 0.0336 0.0738 0.0253 0.0183 0.0145 0.0188 0.0139 0 0 0 0 0 0 0 0 0 0 0 0 0 0 0 0 0 0 0 0 0 0 0 0 0 0 0 0 0 0 0 0 0 0 0 0 0 0 0 0 0 0 0 0 0 0 0 0 0 0 0 0 0 0 0 0 0 0 0 0 0 0 0 0 0 0 0 0 0 0 0 0 0 0 0 0 0 0 0 
0.2677 0.2374 0.2285 0.2385 0.2452 0.257 0.2713 0.1251 0.0573 0.0665 0.0055 0 0 0 0 0 0 0 0 0 0 0 0 0 0 0 0 0 0 0 0 0 0 0 0 0 0 0 0 0 0 0 0 0 0 0 0 0 0 0 0 0 0 0 0 0 0 0 0 0 0 0 0 0 0 0 0 0 0 0 0 0 0 0 0 0 0 0 0 0 0 0 0 0 0 0 0 0 0 0 0 0 0 0 0 0 0 0 0 0 
0.2858 0.2944 0.1716 0.1066 0.2073 0.1736 0.1568 0.1868 0.1424 0.1287 0.0703 0.0182 0.0098 0.0156 0.023 0.0091 0 0 0 0 0 0 0 0 0 0 0 0 0 0 0 0 0 0 0 0 0 0 0 0 0 0 0 0 0 0 0 0 0 0 0 0 0 0 0 0 0 0 0 0 0 0 0 0 0 0 0 0 0 0 0 0 0 0 0 0 0 0 0 0 0 0 0 0 0 0 0 0 0 0 0 0 0 0 0 0 0 0 0 0 
0.1787 0.1543 0.1919 0.1795 0.3445 0.229 0.1736 0.1306 0.1212 0.1035 0.0923 0.0185 0.0125 0.0242 0.0096 0.0361 0 0 0 0 0 0 0 0 0 0 0 0 0 0 0 0 0 0 0 0 0 0 0 0 0 0 0 0 0 0 0 0 0 0 0 0 0 0 0 0 0 0 0 0 0 0 0 0 0 0 0 0 0 0 0 0 0 0 0 0 0 0 0 0 0 0 0 0 0 0 0 0 0 0 0 0 0 0 0 0 0 0 0 0 
0.3639 0.2378 0.1431 0.2055 0.1083 0.0762 0.0903 0.089 0.1778 0.1253 0.0794 0.0566 0.0427 0.1018 0.0742 0.0281 0 0 0 0 0 0 0 0 0 0 0 0 0 0 0 0 0 0 0 0 0 0 0 0 0 0 0 0 0 0 0 0 0 0 0 0 0 0 0 0 0 0 0 0 0 0 0 0 0 0 0 0 0 0 0 0 0 0 0 0 0 0 0 0 0 0 0 0 0 0 0 0 0 0 0 0 0 0 0 0 0 0 0 0 
0.282 0.2136 0.1638 0.2349 0.1484 0.0863 0.0368 0.0133 0.0292 0.0435 0.0359 0.0927 0.0856 0.0782 0.1005 0.1019 0.1407 0.0581 0.0516 0.003 0 0 0 0 0 0 0 0 0 0 0 0 0 0 0 0 0 0 0 0 0 0 0 0 0 0 0 0 0 0 0 0 0 0 0 0 0 0 0 0 0 0 0 0 0 0 0 0 0 0 0 0 0 0 0 0 0 0 0 0 0 0 0 0 0 0 0 0 0 0 0 0 0 0 0 0 0 0 0 0 
0.2621 0.2542 0.1781 0.0986 0.1773 0.2057 0.1371 0.1237 0.1585 0.044 0.0299 0.0105 0.0106 0.0414 0.0724 0.0482 0.0123 0.0219 0.0493 0.0395 0.0247 0 0 0 0 0 0 0 0 0 0 0 0 0 0 0 0 0 0 0 0 0 0 0 0 0 0 0 0 0 0 0 0 0 0 0 0 0 0 0 0 0 0 0 0 0 0 0 0 0 0 0 0 0 0 0 0 0 0 0 0 0 0 0 0 0 0 0 0 0 0 0 0 0 0 0 0 0 0 0 
0.2912 0.2189 0.2197 0.105 0.1388 0.1732 0.1747 0.2086 0.1315 0.1391 0.0755 0.0566 0.0594 0.0078 0 0 0 0 0 0 0 0 0 0 0 0 0 0 0 0 0 0 0 0 0 0 0 0 0 0 0 0 0 0 0 0 0 0 0 0 0 0 0 0 0 0 0 0 0 0 0 0 0 0 0 0 0 0 0 0 0 0 0 0 0 0 0 0 0 0 0 0 0 0 0 0 0 0 0 0 0 0 0 0 0 0 0 0 0 0 
0.359 0.303 0.2971 0.1731 0.142 0.1373 0.0769 0.0718 0.0833 0.0547 0.0687 0.0531 0.0109 0.0221 0.074 0.0442 0.0288 0 0 0 0 0 0 0 0 0 0 0 0 0 0 0 0 0 0 0 0 0 0 0 0 0 0 0 0 0 0 0 0 0 0 0 0 0 0 0 0 0 0 0 0 0 0 0 0 0 0 0 0 0 0 0 0 0 0 0 0 0 0 0 0 0 0 0 0 0 0 0 0 0 0 0 0 0 0 0 0 0 0 0 
0.2541 0.2978 0.3633 0.2376 0.2516 0.1919 0.121 0.0772 0.0206 0.0223 0.0322 0.0148 0.0252 0.0468 0.0154 0.0254 0.0028 0 0 0 0 0 0 0 0 0 0 0 0 0 0 0 0 0 0 0 0 0 0 0 0 0 0 0 0 0 0 0 0 0 0 0 0 0 0 0 0 0 0 0 0 0 0 0 0 0 0 0 0 0 0 0 0 0 0 0 0 0 0 0 0 0 0 0 0 0 0 0 0 0 0 0 0 0 0 0 0 0 0 0 
0.2946 0.24 0.2149 0.1923 0.1806 0.1899 0.0917 0.1236 0.1478 0.0785 0.0248 0.0124 0.0103 0.0194 0.032 0.062 0.0364 0.0409 0.0079 0 0 0 0 0 0 0 0 0 0 0 0 0 0 0 0 0 0 0 0 0 0 0 0 0 0 0 0 0 0 0 0 0 0 0 0 0 0 0 0 0 0 0 0 0 0 0 0 0 0 0 0 0 0 0 0 0 0 0 0 0 0 0 0 0 0 0 0 0 0 0 0 0 0 0 0 0 0 0 0 0 
0.3694 0.3869 0.1512 0.0919 0.1816 0.1789 0.0799 0.1123 0.0955 0.1001 0.0703 0.0528 0.0578 0.0286 0.0164 0.0264 0 0 0 0 0 0 0 0 0 0 0 0 0 0 0 0 0 0 0 0 0 0 0 0 0 0 0 0 0 0 0 0 0 0 0 0 0 0 0 0 0 0 0 0 0 0 0 0 0 0 0 0 0 0 0 0 0 0 0 0 0 0 0 0 0 0 0 0 0 0 0 0 0 0 0 0 0 0 0 0 0 0 0 0 
0.4487 0.3776 0.279 0.1663 0.0956 0.0893 0.0791 0.0411 0.0314 0.0936 0.0698 0.087 0.0568 0.015 0.0032 0.0033 0.0044 0.026 0.0206 0.0122 0 0 0 0 0 0 0 0 0 0 0 0 0 0 0 0 0 0 0 0 0 0 0 0 0 0 0 0 0 0 0 0 0 0 0 0 0 0 0 0 0 0 0 0 0 0 0 0 0 0 0 0 0 0 0 0 0 0 0 0 0 0 0 0 0 0 0 0 0 0 0 0 0 0 0 0 0 0 0 0 
0.1928 0.2537 0.3281 0.3375 0.1945 0.2197 0.1302 0.0809 0.0632 0.045 0.0438 0.0325 0.0527 0.0076 0.0056 0.0038 0.0084 0 0 0 0 0 0 0 0 0 0 0 0 0 0 0 0 0 0 0 0 0 0 0 0 0 0 0 0 0 0 0 0 0 0 0 0 0 0 0 0 0 0 0 0 0 0 0 0 0 0 0 0 0 0 0 0 0 0 0 0 0 0 0 0 0 0 0 0 0 0 0 0 0 0 0 0 0 0 0 0 0 0 0 
0.2361 0.167 0.1354 0.0589 0.0672 0.1347 0.1033 0.1597 0.1815 0.1415 0.1325 0.1104 0.0991 0.071 0.097 0.0366 0.0186 0.0267 0.0106 0.0067 0.0055 0 0 0 0 0 0 0 0 0 0 0 0 0 0 0 0 0 0 0 0 0 0 0 0 0 0 0 0 0 0 0 0 0 0 0 0 0 0 0 0 0 0 0 0 0 0 0 0 0 0 0 0 0 0 0 0 0 0 0 0 0 0 0 0 0 0 0 0 0 0 0 0 0 0 0 0 0 0 0 
0.1176 0.2287 0.1899 0.1544 0.1367 0.0942 0.0783 0.1445 0.1621 0.1731 0.0827 0.1247 0.0257 0.0207 0.0647 0.0555 0.0391 0.0246 0.0045 0.0288 0.0196 0.0299 0 0 0 0 0 0 0 0 0 0 0 0 0 0 0 0 0 0 0 0 0 0 0 0 0 0 0 0 0 0 0 0 0 0 0 0 0 0 0 0 0 0 0 0 0 0 0 0 0 0 0 0 0 0 0 0 0 0 0 0 0 0 0 0 0 0 0 0 0 0 0 0 0 0 0 0 0 0 
0.1357 0.1741 0.2294 0.1992 0.2467 0.1972 0.2178 0.1934 0.0785 0.1101 0.0872 0.1015 0.0292 0 0 0 0 0 0 0 0 0 0 0 0 0 0 0 0 0 0 0 0 0 0 0 0 0 0 0 0 0 0 0 0 0 0 0 0 0 0 0 0 0 0 0 0 0 0 0 0 0 0 0 0 0 0 0 0 0 0 0 0 0 0 0 0 0 0 0 0 0 0 0 0 0 0 0 0 0 0 0 0 0 0 0 0 0 0 0 
0.2467 0.2407 0.3171 0.2169 0.216 0.1942 0.1734 0.1256 0.1013 0.087 0.0485 0.0315 0.0011 0 0 0 0 0 0 0 0 0 0 0 0 0 0 0 0 0 0 0 0 0 0 0 0 0 0 0 0 0 0 0 0 0 0 0 0 0 0 0 0 0 0 0 0 0 0 0 0 0 0 0 0 0 0 0 0 0 0 0 0 0 0 0 0 0 0 0 0 0 0 0 0 0 0 0 0 0 0 0 0 0 0 0 0 0 0 0 
0.2664 0.159 0.2354 0.1935 0.1947 0.1137 0.1598 0.1086 0.0877 0.1338 0.1215 0.1154 0.079 0.0167 0.0148 0 0 0 0 0 0 0 0 0 0 0 0 0 0 0 0 0 0 0 0 0 0 0 0 0 0 0 0 0 0 0 0 0 0 0 0 0 0 0 0 0 0 0 0 0 0 0 0 0 0 0 0 0 0 0 0 0 0 0 0 0 0 0 0 0 0 0 0 0 0 0 0 0 0 0 0 0 0 0 0 0 0 0 0 0 
0.0974 0.1604 0.1666 0.1828 0.3427 0.2566 0.183 0.1921 0.2018 0.107 0.1096 0 0 0 0 0 0 0 0 0 0 0 0 0 0 0 0 0 0 0 0 0 0 0 0 0 0 0 0 0 0 0 0 0 0 0 0 0 0 0 0 0 0 0 0 0 0 0 0 0 0 0 0 0 0 0 0 0 0 0 0 0 0 0 0 0 0 0 0 0 0 0 0 0 0 0 0 0 0 0 0 0 0 0 0 0 0 0 0 0 
0.2929 0.1262 0.1558 0.2061 0.1715 0.2269 0.1956 0.17 0.1469 0.1044 0.0254 0.0447 0.0844 0.0231 0.0261 0 0 0 0 0 0 0 0 0 0 0 0 0 0 0 0 0 0 0 0 0 0 0 0 0 0 0 0 0 0 0 0 0 0 0 0 0 0 0 0 0 0 0 0 0 0 0 0 0 0 0 0 0 0 0 0 0 0 0 0 0 0 0 0 0 0 0 0 0 0 0 0 0 0 0 0 0 0 0 0 0 0 0 0 0 
0.168 0.1292 0.1884 0.1497 0.2004 0.1064 0.1327 0.1171 0.1133 0.081 0.1109 0.1819 0.088 0.0666 0.0906 0.0652 0.0106 0 0 0 0 0 0 0 0 0 0 0 0 0 0 0 0 0 0 0 0 0 0 0 0 0 0 0 0 0 0 0 0 0 0 0 0 0 0 0 0 0 0 0 0 0 0 0 0 0 0 0 0 0 0 0 0 0 0 0 0 0 0 0 0 0 0 0 0 0 0 0 0 0 0 0 0 0 0 0 0 0 0 0 
0.1554 0.1677 0.2077 0.1505 0.135 0.0984 0.1956 0.3256 0.1707 0.1149 0.0453 0.0977 0.0725 0.0299 0.0162 0.0169 0 0 0 0 0 0 0 0 0 0 0 0 0 0 0 0 0 0 0 0 0 0 0 0 0 0 0 0 0 0 0 0 0 0 0 0 0 0 0 0 0 0 0 0 0 0 0 0 0 0 0 0 0 0 0 0 0 0 0 0 0 0 0 0 0 0 0 0 0 0 0 0 0 0 0 0 0 0 0 0 0 0 0 0 
0.2562 0.3098 0.2941 0.2338 0.1869 0.2252 0.1076 0.0301 0.0707 0.0463 0.0178 0.0231 0.0129 0.0128 0.0117 0.014 0.0317 0.0285 0.0509 0.0147 0.014 0.0072 0 0 0 0 0 0 0 0 0 0 0 0 0 0 0 0 0 0 0 0 0 0 0 0 0 0 0 0 0 0 0 0 0 0 0 0 0 0 0 0 0 0 0 0 0 0 0 0 0 0 0 0 0 0 0 0 0 0 0 0 0 0 0 0 0 0 0 0 0 0 0 0 0 0 0 0 0 0 
0.1988 0.1664 0.1217 0.2333 0.2254 0.2423 0.1725 0.1241 0.1364 0.0977 0.0242 0.0319 0.0276 0.0628 0.0379 0.0162 0.0265 0.0543 0 0 0 0 0 0 0 0 0 0 0 0 0 0 0 0 0 0 0 0 0 0 0 0 0 0 0 0 0 0 0 0 0 0 0 0 0 0 0 0 0 0 0 0 0 0 0 0 0 0 0 0 0 0 0 0 0 0 0 0 0 0 0 0 0 0 0 0 0 0 0 0 0 0 0 0 0 0 0 0 0 0 
0.2906 0.3099 0.2797 0.1343 0.1307 0.1582 0.1337 0.1077 0.1067 0.0854 0.0974 0.089 0.0547 0.0086 0.0106 0.0028 0 0 0 0 0 0 0 0 0 0 0 0 0 0 0 0 0 0 0 0 0 0 0 0 0 0 0 0 0 0 0 0 0 0 0 0 0 0 0 0 0 0 0 0 0 0 0 0 0 0 0 0 0 0 0 0 0 0 0 0 0 0 0 0 0 0 0 0 0 0 0 0 0 0 0 0 0 0 0 0 0 0 0 0 
0.1895 0.2024 0.2148 0.1706 0.1191 0.1325 0.1514 0.0556 0.1165 0.1356 0.1687 0.1178 0.0905 0.0474 0.0439 0.0165 0.0208 0.0064 0 0 0 0 0 0 0 0 0 0 0 0 0 0 0 0 0 0 0 0 0 0 0 0 0 0 0 0 0 0 0 0 0 0 0 0 0 0 0 0 0 0 0 0 0 0 0 0 0 0 0 0 0 0 0 0 0 0 0 0 0 0 0 0 0 0 0 0 0 0 0 0 0 0 0 0 0 0 0 0 0 0 
0.1182 0.1238 0.1207 0.1913 0.2044 0.1679 0.2586 0.2484 0.1747 0.0989 0.0617 0.0515 0.0275 0.0232 0.0196 0.0185 0.0238 0.0324 0.0349 0 0 0 0 0 0 0 0 0 0 0 0 0 0 0 0 0 0 0 0 0 0 0 0 0 0 0 0 0 0 0 0 0 0 0 0 0 0 0 0 0 0 0 0 0 0 0 0 0 0 0 0 0 0 0 0 0 0 0 0 0 0 0 0 0 0 0 0 0 0 0 0 0 0 0 0 0 0 0 0 0 
0.1732 0.2713 0.1855 0.2333 0.1823 0.1404 0.1092 0.2373 0.1377 0.0847 0.097 0.0469 0.0317 0.0501 0.0128 0.0066 0 0 0 0 0 0 0 0 0 0 0 0 0 0 0 0 0 0 0 0 0 0 0 0 0 0 0 0 0 0 0 0 0 0 0 0 0 0 0 0 0 0 0 0 0 0 0 0 0 0 0 0 0 0 0 0 0 0 0 0 0 0 0 0 0 0 0 0 0 0 0 0 0 0 0 0 0 0 0 0 0 0 0 0 
0.2621 0.3301 0.2597 0.2446 0.2124 0.2147 0.1683 0.1774 0.0449 0.0368 0.0116 0.0306 0.0068 0 0 0 0 0 0 0 0 0 0 0 0 0 0 0 0 0 0 0 0 0 0 0 0 0 0 0 0 0 0 0 0 0 0 0 0 0 0 0 0 0 0 0 0 0 0 0 0 0 0 0 0 0 0 0 0 0 0 0 0 0 0 0 0 0 0 0 0 0 0 0 0 0 0 0 0 0 0 0 0 0 0 0 0 0 0 0 
0.348 0.2731 0.2427 0.1439 0.1511 0.0802 0.1091 0.0637 0.1592 0.1777 0.0834 0.0771 0.0223 0.0308 0.018 0.0197 0 0 0 0 0 0 0 0 0 0 0 0 0 0 0 0 0 0 0 0 0 0 0 0 0 0 0 0 0 0 0 0 0 0 0 0 0 0 0 0 0 0 0 0 0 0 0 0 0 0 0 0 0 0 0 0 0 0 0 0 0 0 0 0 0 0 0 0 0 0 0 0 0 0 0 0 0 0 0 0 0 0 0 0 
0.1926 0.2051 0.3751 0.3592 0.1794 0.1449 0.1517 0.1427 0.0772 0.0935 0.0655 0.0131 0 0 0 0 0 0 0 0 0 0 0 0 0 0 0 0 0 0 0 0 0 0 0 0 0 0 0 0 0 0 0 0 0 0 0 0 0 0 0 0 0 0 0 0 0 0 0 0 0 0 0 0 0 0 0 0 0 0 0 0 0 0 0 0 0 0 0 0 0 0 0 0 0 0 0 0 0 0 0 0 0 0 0 0 0 0 0 0 
0.2047 0.1647 0.1405 0.1855 0.2191 0.1721 0.1575 0.2616 0.1838 0.1181 0.0523 0.0716 0.0236 0.0081 0.0172 0.0196 0 0 0 0 0 0 0 0 0 0 0 0 0 0 0 0 0 0 0 0 0 0 0 0 0 0 0 0 0 0 0 0 0 0 0 0 0 0 0 0 0 0 0 0 0 0 0 0 0 0 0 0 0 0 0 0 0 0 0 0 0 0 0 0 0 0 0 0 0 0 0 0 0 0 0 0 0 0 0 0 0 0 0 0 
0.17 0.1662 0.1348 0.107 0.2513 0.2176 0.2004 0.101 0.1115 0.1293 0.0935 0.1313 0.1401 0.046 0 0 0 0 0 0 0 0 0 0 0 0 0 0 0 0 0 0 0 0 0 0 0 0 0 0 0 0 0 0 0 0 0 0 0 0 0 0 0 0 0 0 0 0 0 0 0 0 0 0 0 0 0 0 0 0 0 0 0 0 0 0 0 0 0 0 0 0 0 0 0 0 0 0 0 0 0 0 0 0 0 0 0 0 0 0 
