0.025 0.075 0.125 0.175 0.225 0.275 0.325 0.375 0.425 0.475 0.525 0.575 0.625 0.675 0.725 0.775 0.825 0.875 0.925 0.975 1.025 1.075 1.125 1.175 1.225 1.275 1.325 1.375 1.425 1.475 1.525 1.575 1.625 1.675 1.725 1.775 1.825 1.875 1.925 1.975 2.025 2.075 2.125 2.175 2.225 2.275 2.325 2.375 2.425 2.475 2.525 2.575 2.625 2.675 2.725 2.775 2.825 2.875 2.925 2.975 3.025 3.075 3.125 3.175 3.225 3.275 3.325 3.375 3.425 3.475 3.525 3.575 3.625 3.675 3.725 3.775 3.825 3.875 3.925 3.975 4.025 4.075 4.125 4.175 4.225 4.275 4.325 4.375 4.425 4.475 4.525 4.575 4.625 4.675 4.725 4.775 4.825 4.875 4.925 4.975 
0 0 0 0 0 0 0.001 0 0 0 0 0 0 0 0 0 0 0 0 0 0 0 0 0 0 0 0 0 0 0 0 0 0 0 0 0 0 0 0 0 0 0 0 0 0 0 0 0 0 0 0 0 0 0 0 0 0 0 0 0 0 0 0 0 0 0 0 0 0 0 0 0 0 0 0 0 0 0 0 0 0 0 0 0 0 0 0 0 0 0 0 0 0 0 0 0 0 0 0 0 
0.036 0.041 0.045 0.089 0.064 0.059 0.07 0.067 0.049 0.069 0.04 0.044 0.051 0.06 0.074 0.032 0.021 0.023 0.041 0.025 0 0 0 0 0 0 0 0 0 0 0 0 0 0 0 0 0 0 0 0 0 0 0 0 0 0 0 0 0 0 0 0 0 0 0 0 0 0 0 0 0 0 0 0 0 0 0 0 0 0 0 0 0 0 0 0 0 0 0 0 0 0 0 0 0 0 0 0 0 0 0 0 0 0 0 0 0 0 0 0 
0.018 0.036 0.041 0.062 0.155 0.08 0.058 0.044 0.104 0.063 0.054 0.028 0.033 0.033 0.046 0.06 0.024 0.04 0.021 0 0 0 0 0 0 0 0 0 0 0 0 0 0 0 0 0 0 0 0 0 0 0 0 0 0 0 0 0 0 0 0 0 0 0 0 0 0 0 0 0 0 0 0 0 0 0 0 0 0 0 0 0 0 0 0 0 0 0 0 0 0 0 0 0 0 0 0 0 0 0 0 0 0 0 0 0 0 0 0 0 
0.064 0.079 0.052 0.048 0.05 0.049 0.053 0.056 0.061 0.057 0.069 0.08 0.075 0.052 0.032 0.016 0.005 0.006 0.005 0.006 0.005 0.006 0.007 0.008 0.008 0.01 0.012 0.025 0.004 0 0 0 0 0 0 0 0 0 0 0 0 0 0 0 0 0 0 0 0 0 0 0 0 0 0 0 0 0 0 0 0 0 0 0 0 0 0 0 0 0 0 0 0 0 0 0 0 0 0 0 0 0 0 0 0 0 0 0 0 0 0 0 0 0 0 0 0 0 0 0 
0.04 0.042 0.043 0.047 0.056 0.044 0.088 0.124 0.078 0.038 0.039 0.051 0.041 0.031 0.049 0.022 0.021 0.026 0.036 0.006 0.005 0.006 0.007 0.006 0.008 0.009 0.013 0.024 0 0 0 0 0 0 0 0 0 0 0 0 0 0 0 0 0 0 0 0 0 0 0 0 0 0 0 0 0 0 0 0 0 0 0 0 0 0 0 0 0 0 0 0 0 0 0 0 0 0 0 0 0 0 0 0 0 0 0 0 0 0 0 0 0 0 0 0 0 0 0 0 
0.072 0.107 0.116 0.087 0.045 0.048 0.059 0.066 0.054 0.031 0.049 0.071 0.07 0.04 0.028 0.016 0.023 0.018 0 0 0 0 0 0 0 0 0 0 0 0 0 0 0 0 0 0 0 0 0 0 0 0 0 0 0 0 0 0 0 0 0 0 0 0 0 0 0 0 0 0 0 0 0 0 0 0 0 0 0 0 0 0 0 0 0 0 0 0 0 0 0 0 0 0 0 0 0 0 0 0 0 0 0 0 0 0 0 0 0 0 
0.066 0.141 0.065 0.071 0.139 0.135 0.064 0.028 0.027 0.031 0.034 0.077 0.051 0.028 0.012 0.019 0.012 0 0 0 0 0 0 0 0 0 0 0 0 0 0 0 0 0 0 0 0 0 0 0 0 0 0 0 0 0 0 0 0 0 0 0 0 0 0 0 0 0 0 0 0 0 0 0 0 0 0 0 0 0 0 0 0 0 0 0 0 0 0 0 0 0 0 0 0 0 0 0 0 0 0 0 0 0 0 0 0 0 0 0 
0.069 0.071 0.082 0.1 0.103 0.063 0.075 0.062 0.041 0.046 0.052 0.04 0.019 0.022 0.025 0.036 0.008 0.008 0.009 0.011 0.013 0.022 0.023 0 0 0 0 0 0 0 0 0 0 0 0 0 0 0 0 0 0 0 0 0 0 0 0 0 0 0 0 0 0 0 0 0 0 0 0 0 0 0 0 0 0 0 0 0 0 0 0 0 0 0 0 0 0 0 0 0 0 0 0 0 0 0 0 0 0 0 0 0 0 0 0 0 0 0 0 0 
0.088 0.087 0.087 0.089 0.134 0.105 0.043 0.046 0.052 0.03 0.033 0.041 0.064 0.042 0.009 0.009 0.013 0.019 0.009 0 0 0 0 0 0 0 0 0 0 0 0 0 0 0 0 0 0 0 0 0 0 0 0 0 0 0 0 0 0 0 0 0 0 0 0 0 0 0 0 0 0 0 0 0 0 0 0 0 0 0 0 0 0 0 0 0 0 0 0 0 0 0 0 0 0 0 0 0 0 0 0 0 0 0 0 0 0 0 0 0 
0.107 0.065 0.051 0.052 0.048 0.041 0.084 0.067 0.047 0.042 0.043 0.044 0.057 0.029 0.032 0.037 0.039 0.022 0.026 0.032 0.011 0.024 0 0 0 0 0 0 0 0 0 0 0 0 0 0 0 0 0 0 0 0 0 0 0 0 0 0 0 0 0 0 0 0 0 0 0 0 0 0 0 0 0 0 0 0 0 0 0 0 0 0 0 0 0 0 0 0 0 0 0 0 0 0 0 0 0 0 0 0 0 0 0 0 0 0 0 0 0 0 
0.054 0.093 0.17 0.089 0.055 0.055 0.024 0.023 0.056 0.048 0.046 0.052 0.089 0.048 0.009 0.009 0.008 0.009 0.008 0.011 0.014 0.03 0 0 0 0 0 0 0 0 0 0 0 0 0 0 0 0 0 0 0 0 0 0 0 0 0 0 0 0 0 0 0 0 0 0 0 0 0 0 0 0 0 0 0 0 0 0 0 0 0 0 0 0 0 0 0 0 0 0 0 0 0 0 0 0 0 0 0 0 0 0 0 0 0 0 0 0 0 0 
0.069 0.062 0.06 0.086 0.1 0.132 0.047 0.057 0.055 0.048 0.065 0.038 0.018 0.023 0.042 0.005 0.007 0.007 0.008 0.009 0.011 0.013 0.025 0.013 0 0 0 0 0 0 0 0 0 0 0 0 0 0 0 0 0 0 0 0 0 0 0 0 0 0 0 0 0 0 0 0 0 0 0 0 0 0 0 0 0 0 0 0 0 0 0 0 0 0 0 0 0 0 0 0 0 0 0 0 0 0 0 0 0 0 0 0 0 0 0 0 0 0 0 0 
0.062 0.115 0.133 0.137 0.127 0.062 0.04 0.04 0.045 0.055 0.05 0.034 0.056 0.028 0.016 0 0 0 0 0 0 0 0 0 0 0 0 0 0 0 0 0 0 0 0 0 0 0 0 0 0 0 0 0 0 0 0 0 0 0 0 0 0 0 0 0 0 0 0 0 0 0 0 0 0 0 0 0 0 0 0 0 0 0 0 0 0 0 0 0 0 0 0 0 0 0 0 0 0 0 0 0 0 0 0 0 0 0 0 0 
0.06 0.056 0.062 0.071 0.082 0.094 0.08 0.123 0.102 0.039 0.018 0.02 0.02 0.021 0.026 0.04 0.026 0.037 0.023 0 0 0 0 0 0 0 0 0 0 0 0 0 0 0 0 0 0 0 0 0 0 0 0 0 0 0 0 0 0 0 0 0 0 0 0 0 0 0 0 0 0 0 0 0 0 0 0 0 0 0 0 0 0 0 0 0 0 0 0 0 0 0 0 0 0 0 0 0 0 0 0 0 0 0 0 0 0 0 0 0 
0.053 0.055 0.086 0.094 0.051 0.046 0.063 0.075 0.073 0.083 0.053 0.063 0.051 0.027 0.007 0.009 0.007 0.008 0.009 0.008 0.009 0.011 0.011 0.015 0.027 0.006 0 0 0 0 0 0 0 0 0 0 0 0 0 0 0 0 0 0 0 0 0 0 0 0 0 0 0 0 0 0 0 0 0 0 0 0 0 0 0 0 0 0 0 0 0 0 0 0 0 0 0 0 0 0 0 0 0 0 0 0 0 0 0 0 0 0 0 0 0 0 0 0 0 0 
0.094 0.114 0.089 0.089 0.073 0.074 0.071 0.044 0.044 0.057 0.057 0.036 0.053 0.062 0.012 0.023 0.008 0 0 0 0 0 0 0 0 0 0 0 0 0 0 0 0 0 0 0 0 0 0 0 0 0 0 0 0 0 0 0 0 0 0 0 0 0 0 0 0 0 0 0 0 0 0 0 0 0 0 0 0 0 0 0 0 0 0 0 0 0 0 0 0 0 0 0 0 0 0 0 0 0 0 0 0 0 0 0 0 0 0 0 
0.093 0.089 0.091 0.058 0.059 0.065 0.086 0.05 0.061 0.07 0.052 0.068 0.023 0.024 0.027 0.038 0.009 0.011 0.022 0.004 0 0 0 0 0 0 0 0 0 0 0 0 0 0 0 0 0 0 0 0 0 0 0 0 0 0 0 0 0 0 0 0 0 0 0 0 0 0 0 0 0 0 0 0 0 0 0 0 0 0 0 0 0 0 0 0 0 0 0 0 0 0 0 0 0 0 0 0 0 0 0 0 0 0 0 0 0 0 0 0 
0.098 0.126 0.078 0.047 0.053 0.059 0.067 0.053 0.074 0.032 0.032 0.03 0.034 0.039 0.053 0.049 0.009 0.01 0.011 0.013 0.026 0.007 0 0 0 0 0 0 0 0 0 0 0 0 0 0 0 0 0 0 0 0 0 0 0 0 0 0 0 0 0 0 0 0 0 0 0 0 0 0 0 0 0 0 0 0 0 0 0 0 0 0 0 0 0 0 0 0 0 0 0 0 0 0 0 0 0 0 0 0 0 0 0 0 0 0 0 0 0 0 
0.057 0.122 0.177 0.07 0.056 0.066 0.122 0.044 0.036 0.045 0.036 0.022 0.023 0.031 0.036 0.008 0.008 0.01 0.016 0.015 0 0 0 0 0 0 0 0 0 0 0 0 0 0 0 0 0 0 0 0 0 0 0 0 0 0 0 0 0 0 0 0 0 0 0 0 0 0 0 0 0 0 0 0 0 0 0 0 0 0 0 0 0 0 0 0 0 0 0 0 0 0 0 0 0 0 0 0 0 0 0 0 0 0 0 0 0 0 0 0 
0.039 0.063 0.064 0.05 0.05 0.047 0.044 0.049 0.053 0.061 0.065 0.053 0.068 0.015 0.017 0.017 0.018 0.018 0.02 0.021 0.026 0.035 0.02 0.027 0.008 0.009 0.011 0.017 0.015 0 0 0 0 0 0 0 0 0 0 0 0 0 0 0 0 0 0 0 0 0 0 0 0 0 0 0 0 0 0 0 0 0 0 0 0 0 0 0 0 0 0 0 0 0 0 0 0 0 0 0 0 0 0 0 0 0 0 0 0 0 0 0 0 0 0 0 0 0 0 0 
0.027 0.025 0.049 0.047 0.046 0.062 0.083 0.095 0.074 0.051 0.028 0.027 0.031 0.04 0.104 0.062 0.016 0.033 0.015 0.012 0.012 0.014 0.017 0.03 0 0 0 0 0 0 0 0 0 0 0 0 0 0 0 0 0 0 0 0 0 0 0 0 0 0 0 0 0 0 0 0 0 0 0 0 0 0 0 0 0 0 0 0 0 0 0 0 0 0 0 0 0 0 0 0 0 0 0 0 0 0 0 0 0 0 0 0 0 0 0 0 0 0 0 0 
0.115 0.119 0.093 0.109 0.069 0.071 0.032 0.034 0.038 0.039 0.053 0.038 0.027 0.036 0.061 0.006 0.008 0.01 0.011 0.019 0.012 0 0 0 0 0 0 0 0 0 0 0 0 0 0 0 0 0 0 0 0 0 0 0 0 0 0 0 0 0 0 0 0 0 0 0 0 0 0 0 0 0 0 0 0 0 0 0 0 0 0 0 0 0 0 0 0 0 0 0 0 0 0 0 0 0 0 0 0 0 0 0 0 0 0 0 0 0 0 0 
0.08 0.1 0.086 0.05 0.051 0.057 0.07 0.085 0.133 0.077 0.023 0.027 0.039 0.024 0.019 0.024 0.03 0.025 0 0 0 0 0 0 0 0 0 0 0 0 0 0 0 0 0 0 0 0 0 0 0 0 0 0 0 0 0 0 0 0 0 0 0 0 0 0 0 0 0 0 0 0 0 0 0 0 0 0 0 0 0 0 0 0 0 0 0 0 0 0 0 0 0 0 0 0 0 0 0 0 0 0 0 0 0 0 0 0 0 0 
0.031 0.057 0.049 0.054 0.067 0.064 0.052 0.05 0.054 0.055 0.064 0.069 0.092 0.096 0.054 0.031 0.026 0.014 0.021 0 0 0 0 0 0 0 0 0 0 0 0 0 0 0 0 0 0 0 0 0 0 0 0 0 0 0 0 0 0 0 0 0 0 0 0 0 0 0 0 0 0 0 0 0 0 0 0 0 0 0 0 0 0 0 0 0 0 0 0 0 0 0 0 0 0 0 0 0 0 0 0 0 0 0 0 0 0 0 0 0 
0.096 0.104 0.124 0.095 0.113 0.135 0.087 0.019 0.019 0.022 0.054 0.031 0.013 0.012 0.013 0.014 0.016 0.033 0 0 0 0 0 0 0 0 0 0 0 0 0 0 0 0 0 0 0 0 0 0 0 0 0 0 0 0 0 0 0 0 0 0 0 0 0 0 0 0 0 0 0 0 0 0 0 0 0 0 0 0 0 0 0 0 0 0 0 0 0 0 0 0 0 0 0 0 0 0 0 0 0 0 0 0 0 0 0 0 0 0 
0.083 0.059 0.057 0.06 0.06 0.068 0.108 0.044 0.049 0.035 0.067 0.088 0.041 0.028 0.025 0.026 0.031 0.057 0.014 0 0 0 0 0 0 0 0 0 0 0 0 0 0 0 0 0 0 0 0 0 0 0 0 0 0 0 0 0 0 0 0 0 0 0 0 0 0 0 0 0 0 0 0 0 0 0 0 0 0 0 0 0 0 0 0 0 0 0 0 0 0 0 0 0 0 0 0 0 0 0 0 0 0 0 0 0 0 0 0 0 
0.073 0.076 0.096 0.08 0.061 0.068 0.037 0.038 0.04 0.045 0.046 0.059 0.096 0.052 0.011 0.012 0.013 0.013 0.019 0.021 0.044 0 0 0 0 0 0 0 0 0 0 0 0 0 0 0 0 0 0 0 0 0 0 0 0 0 0 0 0 0 0 0 0 0 0 0 0 0 0 0 0 0 0 0 0 0 0 0 0 0 0 0 0 0 0 0 0 0 0 0 0 0 0 0 0 0 0 0 0 0 0 0 0 0 0 0 0 0 0 0 
0.04 0.036 0.043 0.045 0.05 0.054 0.034 0.033 0.034 0.041 0.042 0.045 0.055 0.077 0.055 0.051 0.045 0.028 0.008 0.007 0.007 0.009 0.008 0.009 0.007 0.01 0.01 0.01 0.012 0.013 0.02 0.014 0.005 0.006 0.007 0.01 0.02 0 0 0 0 0 0 0 0 0 0 0 0 0 0 0 0 0 0 0 0 0 0 0 0 0 0 0 0 0 0 0 0 0 0 0 0 0 0 0 0 0 0 0 0 0 0 0 0 0 0 0 0 0 0 0 0 0 0 0 0 0 0 0 
0.025 0.025 0.044 0.092 0.075 0.071 0.097 0.142 0.057 0.041 0.051 0.039 0.029 0.034 0.048 0.025 0.008 0.008 0.008 0.008 0.01 0.01 0.012 0.018 0.023 0 0 0 0 0 0 0 0 0 0 0 0 0 0 0 0 0 0 0 0 0 0 0 0 0 0 0 0 0 0 0 0 0 0 0 0 0 0 0 0 0 0 0 0 0 0 0 0 0 0 0 0 0 0 0 0 0 0 0 0 0 0 0 0 0 0 0 0 0 0 0 0 0 0 0 
0.057 0.06 0.063 0.074 0.072 0.062 0.055 0.028 0.029 0.03 0.035 0.04 0.042 0.02 0.025 0.024 0.026 0.031 0.04 0.058 0.031 0.025 0.003 0.003 0.003 0.003 0.004 0.005 0.008 0.01 0.015 0.019 0 0 0 0 0 0 0 0 0 0 0 0 0 0 0 0 0 0 0 0 0 0 0 0 0 0 0 0 0 0 0 0 0 0 0 0 0 0 0 0 0 0 0 0 0 0 0 0 0 0 0 0 0 0 0 0 0 0 0 0 0 0 0 0 0 0 0 0 
0.095 0.08 0.08 0.078 0.072 0.047 0.042 0.045 0.064 0.033 0.038 0.105 0.073 0.021 0.014 0.015 0.022 0.011 0.013 0.018 0.016 0.002 0.003 0.002 0.003 0.003 0.003 0.002 0 0 0 0 0 0 0 0 0 0 0 0 0 0 0 0 0 0 0 0 0 0 0 0 0 0 0 0 0 0 0 0 0 0 0 0 0 0 0 0 0 0 0 0 0 0 0 0 0 0 0 0 0 0 0 0 0 0 0 0 0 0 0 0 0 0 0 0 0 0 0 0 
0.074 0.081 0.084 0.067 0.053 0.053 0.091 0.069 0.062 0.05 0.034 0.035 0.05 0.024 0.025 0.027 0.034 0.03 0.057 0 0 0 0 0 0 0 0 0 0 0 0 0 0 0 0 0 0 0 0 0 0 0 0 0 0 0 0 0 0 0 0 0 0 0 0 0 0 0 0 0 0 0 0 0 0 0 0 0 0 0 0 0 0 0 0 0 0 0 0 0 0 0 0 0 0 0 0 0 0 0 0 0 0 0 0 0 0 0 0 0 
0.04 0.067 0.068 0.063 0.062 0.068 0.098 0.078 0.033 0.036 0.037 0.037 0.045 0.062 0.051 0.038 0.018 0.019 0.027 0.041 0.012 0 0 0 0 0 0 0 0 0 0 0 0 0 0 0 0 0 0 0 0 0 0 0 0 0 0 0 0 0 0 0 0 0 0 0 0 0 0 0 0 0 0 0 0 0 0 0 0 0 0 0 0 0 0 0 0 0 0 0 0 0 0 0 0 0 0 0 0 0 0 0 0 0 0 0 0 0 0 0 
0.151 0.093 0.113 0.093 0.07 0.092 0.089 0.094 0.044 0.022 0.028 0.032 0.01 0.011 0.014 0.019 0.025 0 0 0 0 0 0 0 0 0 0 0 0 0 0 0 0 0 0 0 0 0 0 0 0 0 0 0 0 0 0 0 0 0 0 0 0 0 0 0 0 0 0 0 0 0 0 0 0 0 0 0 0 0 0 0 0 0 0 0 0 0 0 0 0 0 0 0 0 0 0 0 0 0 0 0 0 0 0 0 0 0 0 0 
0.216 0.111 0.088 0.05 0.038 0.044 0.132 0.054 0.027 0.027 0.033 0.043 0.083 0.022 0.032 0 0 0 0 0 0 0 0 0 0 0 0 0 0 0 0 0 0 0 0 0 0 0 0 0 0 0 0 0 0 0 0 0 0 0 0 0 0 0 0 0 0 0 0 0 0 0 0 0 0 0 0 0 0 0 0 0 0 0 0 0 0 0 0 0 0 0 0 0 0 0 0 0 0 0 0 0 0 0 0 0 0 0 0 0 
0.062 0.07 0.072 0.071 0.087 0.054 0.051 0.054 0.063 0.084 0.064 0.041 0.016 0.016 0.017 0.019 0.02 0.024 0.028 0.055 0.032 0 0 0 0 0 0 0 0 0 0 0 0 0 0 0 0 0 0 0 0 0 0 0 0 0 0 0 0 0 0 0 0 0 0 0 0 0 0 0 0 0 0 0 0 0 0 0 0 0 0 0 0 0 0 0 0 0 0 0 0 0 0 0 0 0 0 0 0 0 0 0 0 0 0 0 0 0 0 0 
0.076 0.078 0.107 0.04 0.035 0.032 0.044 0.101 0.071 0.052 0.062 0.035 0.043 0.065 0.043 0.011 0.015 0.026 0.03 0.034 0 0 0 0 0 0 0 0 0 0 0 0 0 0 0 0 0 0 0 0 0 0 0 0 0 0 0 0 0 0 0 0 0 0 0 0 0 0 0 0 0 0 0 0 0 0 0 0 0 0 0 0 0 0 0 0 0 0 0 0 0 0 0 0 0 0 0 0 0 0 0 0 0 0 0 0 0 0 0 0 
0.085 0.09 0.095 0.143 0.112 0.061 0.046 0.052 0.062 0.074 0.101 0.079 0 0 0 0 0 0 0 0 0 0 0 0 0 0 0 0 0 0 0 0 0 0 0 0 0 0 0 0 0 0 0 0 0 0 0 0 0 0 0 0 0 0 0 0 0 0 0 0 0 0 0 0 0 0 0 0 0 0 0 0 0 0 0 0 0 0 0 0 0 0 0 0 0 0 0 0 0 0 0 0 0 0 0 0 0 0 0 0 
0.035 0.034 0.036 0.037 0.037 0.04 0.136 0.078 0.071 0.124 0.092 0.061 0.062 0.029 0.018 0.031 0.006 0.006 0.007 0.007 0.009 0.011 0.016 0.017 0 0 0 0 0 0 0 0 0 0 0 0 0 0 0 0 0 0 0 0 0 0 0 0 0 0 0 0 0 0 0 0 0 0 0 0 0 0 0 0 0 0 0 0 0 0 0 0 0 0 0 0 0 0 0 0 0 0 0 0 0 0 0 0 0 0 0 0 0 0 0 0 0 0 0 0 
0.094 0.095 0.096 0.055 0.061 0.068 0.088 0.048 0.072 0.035 0.042 0.024 0.029 0.04 0.025 0.021 0.023 0.039 0.017 0.028 0 0 0 0 0 0 0 0 0 0 0 0 0 0 0 0 0 0 0 0 0 0 0 0 0 0 0 0 0 0 0 0 0 0 0 0 0 0 0 0 0 0 0 0 0 0 0 0 0 0 0 0 0 0 0 0 0 0 0 0 0 0 0 0 0 0 0 0 0 0 0 0 0 0 0 0 0 0 0 0 
0.089 0.061 0.067 0.077 0.07 0.089 0.047 0.044 0.053 0.046 0.031 0.032 0.026 0.028 0.03 0.038 0.035 0.039 0.014 0.007 0.008 0.008 0.009 0.012 0.015 0.025 0 0 0 0 0 0 0 0 0 0 0 0 0 0 0 0 0 0 0 0 0 0 0 0 0 0 0 0 0 0 0 0 0 0 0 0 0 0 0 0 0 0 0 0 0 0 0 0 0 0 0 0 0 0 0 0 0 0 0 0 0 0 0 0 0 0 0 0 0 0 0 0 0 0 
0.078 0.086 0.102 0.113 0.133 0.063 0.041 0.12 0.057 0.014 0.014 0.014 0.026 0.024 0.007 0.007 0.007 0.008 0.007 0.009 0.009 0.009 0.013 0.017 0.022 0 0 0 0 0 0 0 0 0 0 0 0 0 0 0 0 0 0 0 0 0 0 0 0 0 0 0 0 0 0 0 0 0 0 0 0 0 0 0 0 0 0 0 0 0 0 0 0 0 0 0 0 0 0 0 0 0 0 0 0 0 0 0 0 0 0 0 0 0 0 0 0 0 0 0 
0.127 0.125 0.119 0.06 0.068 0.124 0.047 0.03 0.033 0.038 0.049 0.022 0.026 0.034 0.042 0.012 0.018 0.026 0 0 0 0 0 0 0 0 0 0 0 0 0 0 0 0 0 0 0 0 0 0 0 0 0 0 0 0 0 0 0 0 0 0 0 0 0 0 0 0 0 0 0 0 0 0 0 0 0 0 0 0 0 0 0 0 0 0 0 0 0 0 0 0 0 0 0 0 0 0 0 0 0 0 0 0 0 0 0 0 0 0 
0.138 0.162 0.132 0.106 0.066 0.036 0.041 0.046 0.065 0.024 0.029 0.038 0.062 0.013 0.021 0.021 0 0 0 0 0 0 0 0 0 0 0 0 0 0 0 0 0 0 0 0 0 0 0 0 0 0 0 0 0 0 0 0 0 0 0 0 0 0 0 0 0 0 0 0 0 0 0 0 0 0 0 0 0 0 0 0 0 0 0 0 0 0 0 0 0 0 0 0 0 0 0 0 0 0 0 0 0 0 0 0 0 0 0 0 
0.096 0.086 0.141 0.153 0.122 0.042 0.037 0.046 0.05 0.036 0.041 0.038 0.01 0.011 0.011 0.011 0.015 0.022 0.032 0 0 0 0 0 0 0 0 0 0 0 0 0 0 0 0 0 0 0 0 0 0 0 0 0 0 0 0 0 0 0 0 0 0 0 0 0 0 0 0 0 0 0 0 0 0 0 0 0 0 0 0 0 0 0 0 0 0 0 0 0 0 0 0 0 0 0 0 0 0 0 0 0 0 0 0 0 0 0 0 0 
0.083 0.036 0.049 0.096 0.064 0.062 0.058 0.059 0.091 0.026 0.028 0.03 0.036 0.044 0.041 0.04 0.021 0.028 0.026 0.007 0.008 0.01 0.011 0.012 0.021 0.013 0 0 0 0 0 0 0 0 0 0 0 0 0 0 0 0 0 0 0 0 0 0 0 0 0 0 0 0 0 0 0 0 0 0 0 0 0 0 0 0 0 0 0 0 0 0 0 0 0 0 0 0 0 0 0 0 0 0 0 0 0 0 0 0 0 0 0 0 0 0 0 0 0 0 
0.099 0.114 0.081 0.085 0.101 0.148 0.05 0.046 0.017 0.017 0.018 0.021 0.025 0.032 0.041 0.021 0.029 0.046 0.009 0 0 0 0 0 0 0 0 0 0 0 0 0 0 0 0 0 0 0 0 0 0 0 0 0 0 0 0 0 0 0 0 0 0 0 0 0 0 0 0 0 0 0 0 0 0 0 0 0 0 0 0 0 0 0 0 0 0 0 0 0 0 0 0 0 0 0 0 0 0 0 0 0 0 0 0 0 0 0 0 0 
0.073 0.081 0.083 0.092 0.073 0.062 0.069 0.085 0.113 0.097 0.038 0.018 0.022 0.017 0.005 0.007 0.007 0.007 0.008 0.009 0.013 0.021 0 0 0 0 0 0 0 0 0 0 0 0 0 0 0 0 0 0 0 0 0 0 0 0 0 0 0 0 0 0 0 0 0 0 0 0 0 0 0 0 0 0 0 0 0 0 0 0 0 0 0 0 0 0 0 0 0 0 0 0 0 0 0 0 0 0 0 0 0 0 0 0 0 0 0 0 0 0 
0.164 0.111 0.097 0.103 0.054 0.055 0.063 0.038 0.045 0.023 0.026 0.029 0.036 0.029 0.011 0.009 0.011 0.011 0.015 0.018 0.024 0.003 0.002 0.003 0.003 0.004 0.003 0.005 0.005 0 0 0 0 0 0 0 0 0 0 0 0 0 0 0 0 0 0 0 0 0 0 0 0 0 0 0 0 0 0 0 0 0 0 0 0 0 0 0 0 0 0 0 0 0 0 0 0 0 0 0 0 0 0 0 0 0 0 0 0 0 0 0 0 0 0 0 0 0 0 0 
0.049 0.051 0.046 0.047 0.045 0.05 0.053 0.063 0.063 0.075 0.046 0.072 0.042 0.022 0.024 0.032 0.036 0.062 0.008 0.007 0.008 0.008 0.008 0.01 0.01 0.016 0.023 0.004 0.007 0.013 0 0 0 0 0 0 0 0 0 0 0 0 0 0 0 0 0 0 0 0 0 0 0 0 0 0 0 0 0 0 0 0 0 0 0 0 0 0 0 0 0 0 0 0 0 0 0 0 0 0 0 0 0 0 0 0 0 0 0 0 0 0 0 0 0 0 0 0 0 0 
0.062 0.067 0.071 0.089 0.144 0.054 0.057 0.06 0.069 0.073 0.032 0.039 0.045 0.035 0.031 0.031 0.041 0 0 0 0 0 0 0 0 0 0 0 0 0 0 0 0 0 0 0 0 0 0 0 0 0 0 0 0 0 0 0 0 0 0 0 0 0 0 0 0 0 0 0 0 0 0 0 0 0 0 0 0 0 0 0 0 0 0 0 0 0 0 0 0 0 0 0 0 0 0 0 0 0 0 0 0 0 0 0 0 0 0 0 
0.177 0.152 0.112 0.101 0.061 0.066 0.03 0.037 0.051 0.039 0.016 0.018 0.021 0.029 0.032 0.003 0.003 0.003 0.003 0.003 0.003 0.003 0.004 0.003 0.004 0.003 0.004 0.005 0.005 0.008 0.001 0 0 0 0 0 0 0 0 0 0 0 0 0 0 0 0 0 0 0 0 0 0 0 0 0 0 0 0 0 0 0 0 0 0 0 0 0 0 0 0 0 0 0 0 0 0 0 0 0 0 0 0 0 0 0 0 0 0 0 0 0 0 0 0 0 0 0 0 0 
0.137 0.074 0.044 0.043 0.04 0.046 0.051 0.028 0.033 0.04 0.026 0.048 0.034 0.034 0.035 0.05 0.038 0.034 0.01 0.011 0.012 0.012 0.012 0.014 0.018 0.024 0.006 0.005 0.007 0.009 0.025 0 0 0 0 0 0 0 0 0 0 0 0 0 0 0 0 0 0 0 0 0 0 0 0 0 0 0 0 0 0 0 0 0 0 0 0 0 0 0 0 0 0 0 0 0 0 0 0 0 0 0 0 0 0 0 0 0 0 0 0 0 0 0 0 0 0 0 0 0 
0.112 0.156 0.072 0.093 0.067 0.049 0.049 0.045 0.056 0.06 0.032 0.034 0.057 0.023 0.01 0.008 0.011 0.011 0.009 0.01 0.013 0.023 0 0 0 0 0 0 0 0 0 0 0 0 0 0 0 0 0 0 0 0 0 0 0 0 0 0 0 0 0 0 0 0 0 0 0 0 0 0 0 0 0 0 0 0 0 0 0 0 0 0 0 0 0 0 0 0 0 0 0 0 0 0 0 0 0 0 0 0 0 0 0 0 0 0 0 0 0 0 
0.096 0.112 0.076 0.084 0.055 0.051 0.061 0.071 0.046 0.05 0.073 0.031 0.038 0.042 0.048 0.035 0.031 0 0 0 0 0 0 0 0 0 0 0 0 0 0 0 0 0 0 0 0 0 0 0 0 0 0 0 0 0 0 0 0 0 0 0 0 0 0 0 0 0 0 0 0 0 0 0 0 0 0 0 0 0 0 0 0 0 0 0 0 0 0 0 0 0 0 0 0 0 0 0 0 0 0 0 0 0 0 0 0 0 0 0 
0.14 0.101 0.102 0.084 0.087 0.032 0.032 0.04 0.062 0.024 0.034 0.027 0.014 0.018 0.018 0.023 0.028 0.033 0.009 0.01 0.011 0.012 0.014 0.019 0.026 0 0 0 0 0 0 0 0 0 0 0 0 0 0 0 0 0 0 0 0 0 0 0 0 0 0 0 0 0 0 0 0 0 0 0 0 0 0 0 0 0 0 0 0 0 0 0 0 0 0 0 0 0 0 0 0 0 0 0 0 0 0 0 0 0 0 0 0 0 0 0 0 0 0 0 
0.06 0.068 0.063 0.061 0.106 0.066 0.078 0.062 0.067 0.109 0.026 0.042 0.051 0.044 0.061 0.002 0.003 0.004 0.003 0.004 0.004 0.006 0.01 0 0 0 0 0 0 0 0 0 0 0 0 0 0 0 0 0 0 0 0 0 0 0 0 0 0 0 0 0 0 0 0 0 0 0 0 0 0 0 0 0 0 0 0 0 0 0 0 0 0 0 0 0 0 0 0 0 0 0 0 0 0 0 0 0 0 0 0 0 0 0 0 0 0 0 0 0 
0.089 0.087 0.148 0.082 0.065 0.056 0.053 0.054 0.055 0.074 0.07 0.026 0.04 0.007 0.008 0.008 0.007 0.009 0.008 0.009 0.01 0.012 0.019 0.004 0 0 0 0 0 0 0 0 0 0 0 0 0 0 0 0 0 0 0 0 0 0 0 0 0 0 0 0 0 0 0 0 0 0 0 0 0 0 0 0 0 0 0 0 0 0 0 0 0 0 0 0 0 0 0 0 0 0 0 0 0 0 0 0 0 0 0 0 0 0 0 0 0 0 0 0 
0.062 0.059 0.057 0.058 0.064 0.101 0.105 0.125 0.123 0.051 0.022 0.028 0.013 0.01 0.008 0.007 0.006 0.006 0.006 0.005 0.005 0.005 0.005 0.008 0.014 0.015 0.032 0 0 0 0 0 0 0 0 0 0 0 0 0 0 0 0 0 0 0 0 0 0 0 0 0 0 0 0 0 0 0 0 0 0 0 0 0 0 0 0 0 0 0 0 0 0 0 0 0 0 0 0 0 0 0 0 0 0 0 0 0 0 0 0 0 0 0 0 0 0 0 0 0 
0.146 0.104 0.132 0.106 0.026 0.029 0.028 0.034 0.039 0.063 0.022 0.025 0.029 0.036 0.05 0.101 0.021 0.009 0 0 0 0 0 0 0 0 0 0 0 0 0 0 0 0 0 0 0 0 0 0 0 0 0 0 0 0 0 0 0 0 0 0 0 0 0 0 0 0 0 0 0 0 0 0 0 0 0 0 0 0 0 0 0 0 0 0 0 0 0 0 0 0 0 0 0 0 0 0 0 0 0 0 0 0 0 0 0 0 0 0 
0.069 0.072 0.078 0.079 0.081 0.075 0.093 0.055 0.076 0.062 0.043 0.045 0.055 0.074 0.031 0.012 0 0 0 0 0 0 0 0 0 0 0 0 0 0 0 0 0 0 0 0 0 0 0 0 0 0 0 0 0 0 0 0 0 0 0 0 0 0 0 0 0 0 0 0 0 0 0 0 0 0 0 0 0 0 0 0 0 0 0 0 0 0 0 0 0 0 0 0 0 0 0 0 0 0 0 0 0 0 0 0 0 0 0 0 
0.083 0.08 0.09 0.07 0.034 0.08 0.05 0.068 0.039 0.033 0.034 0.041 0.044 0.018 0.019 0.023 0.027 0.031 0.034 0.03 0.015 0.012 0.017 0.028 0 0 0 0 0 0 0 0 0 0 0 0 0 0 0 0 0 0 0 0 0 0 0 0 0 0 0 0 0 0 0 0 0 0 0 0 0 0 0 0 0 0 0 0 0 0 0 0 0 0 0 0 0 0 0 0 0 0 0 0 0 0 0 0 0 0 0 0 0 0 0 0 0 0 0 0 
0.058 0.059 0.082 0.038 0.039 0.102 0.113 0.078 0.093 0.146 0.043 0.019 0.022 0.037 0.005 0.006 0.007 0.007 0.007 0.01 0.015 0.014 0 0 0 0 0 0 0 0 0 0 0 0 0 0 0 0 0 0 0 0 0 0 0 0 0 0 0 0 0 0 0 0 0 0 0 0 0 0 0 0 0 0 0 0 0 0 0 0 0 0 0 0 0 0 0 0 0 0 0 0 0 0 0 0 0 0 0 0 0 0 0 0 0 0 0 0 0 0 
0.065 0.083 0.066 0.065 0.064 0.063 0.061 0.076 0.088 0.061 0.055 0.028 0.029 0.046 0.017 0.021 0.032 0.008 0.009 0.01 0.012 0.016 0.025 0 0 0 0 0 0 0 0 0 0 0 0 0 0 0 0 0 0 0 0 0 0 0 0 0 0 0 0 0 0 0 0 0 0 0 0 0 0 0 0 0 0 0 0 0 0 0 0 0 0 0 0 0 0 0 0 0 0 0 0 0 0 0 0 0 0 0 0 0 0 0 0 0 0 0 0 0 
0.066 0.071 0.077 0.091 0.045 0.051 0.05 0.061 0.103 0.089 0.072 0.012 0.012 0.011 0.014 0.01 0.014 0.013 0.014 0.015 0.017 0.02 0.033 0.008 0.011 0.02 0 0 0 0 0 0 0 0 0 0 0 0 0 0 0 0 0 0 0 0 0 0 0 0 0 0 0 0 0 0 0 0 0 0 0 0 0 0 0 0 0 0 0 0 0 0 0 0 0 0 0 0 0 0 0 0 0 0 0 0 0 0 0 0 0 0 0 0 0 0 0 0 0 0 
0.207 0.223 0.087 0.063 0.075 0.028 0.029 0.032 0.037 0.038 0.04 0.026 0.024 0.029 0.01 0.012 0.015 0.025 0 0 0 0 0 0 0 0 0 0 0 0 0 0 0 0 0 0 0 0 0 0 0 0 0 0 0 0 0 0 0 0 0 0 0 0 0 0 0 0 0 0 0 0 0 0 0 0 0 0 0 0 0 0 0 0 0 0 0 0 0 0 0 0 0 0 0 0 0 0 0 0 0 0 0 0 0 0 0 0 0 0 
0.075 0.072 0.103 0.077 0.088 0.14 0.104 0.1 0.069 0.066 0.046 0.016 0.019 0.025 0 0 0 0 0 0 0 0 0 0 0 0 0 0 0 0 0 0 0 0 0 0 0 0 0 0 0 0 0 0 0 0 0 0 0 0 0 0 0 0 0 0 0 0 0 0 0 0 0 0 0 0 0 0 0 0 0 0 0 0 0 0 0 0 0 0 0 0 0 0 0 0 0 0 0 0 0 0 0 0 0 0 0 0 0 0 
0.067 0.064 0.046 0.132 0.074 0.06 0.027 0.027 0.074 0.057 0.048 0.056 0.02 0.08 0.019 0.012 0.011 0.011 0.01 0.009 0.01 0.01 0.011 0.012 0.015 0.028 0.01 0 0 0 0 0 0 0 0 0 0 0 0 0 0 0 0 0 0 0 0 0 0 0 0 0 0 0 0 0 0 0 0 0 0 0 0 0 0 0 0 0 0 0 0 0 0 0 0 0 0 0 0 0 0 0 0 0 0 0 0 0 0 0 0 0 0 0 0 0 0 0 0 0 
0.093 0.126 0.164 0.12 0.104 0.07 0.032 0.014 0.014 0.024 0.031 0.028 0.028 0.032 0.051 0.02 0.014 0.028 0.007 0 0 0 0 0 0 0 0 0 0 0 0 0 0 0 0 0 0 0 0 0 0 0 0 0 0 0 0 0 0 0 0 0 0 0 0 0 0 0 0 0 0 0 0 0 0 0 0 0 0 0 0 0 0 0 0 0 0 0 0 0 0 0 0 0 0 0 0 0 0 0 0 0 0 0 0 0 0 0 0 0 
0.096 0.102 0.08 0.088 0.122 0.087 0.036 0.043 0.037 0.025 0.026 0.024 0.029 0.033 0.039 0.058 0.03 0.01 0.012 0.023 0 0 0 0 0 0 0 0 0 0 0 0 0 0 0 0 0 0 0 0 0 0 0 0 0 0 0 0 0 0 0 0 0 0 0 0 0 0 0 0 0 0 0 0 0 0 0 0 0 0 0 0 0 0 0 0 0 0 0 0 0 0 0 0 0 0 0 0 0 0 0 0 0 0 0 0 0 0 0 0 
0.107 0.164 0.104 0.092 0.096 0.122 0.097 0.052 0.042 0.045 0.019 0.024 0.036 0 0 0 0 0 0 0 0 0 0 0 0 0 0 0 0 0 0 0 0 0 0 0 0 0 0 0 0 0 0 0 0 0 0 0 0 0 0 0 0 0 0 0 0 0 0 0 0 0 0 0 0 0 0 0 0 0 0 0 0 0 0 0 0 0 0 0 0 0 0 0 0 0 0 0 0 0 0 0 0 0 0 0 0 0 0 0 
0.054 0.07 0.066 0.043 0.046 0.038 0.037 0.035 0.041 0.041 0.081 0.104 0.094 0.088 0.049 0.045 0.015 0.017 0.036 0 0 0 0 0 0 0 0 0 0 0 0 0 0 0 0 0 0 0 0 0 0 0 0 0 0 0 0 0 0 0 0 0 0 0 0 0 0 0 0 0 0 0 0 0 0 0 0 0 0 0 0 0 0 0 0 0 0 0 0 0 0 0 0 0 0 0 0 0 0 0 0 0 0 0 0 0 0 0 0 0 
0.173 0.103 0.085 0.067 0.085 0.061 0.036 0.03 0.036 0.04 0.019 0.02 0.02 0.026 0.036 0.058 0.006 0.008 0.007 0.008 0.009 0.01 0.013 0.017 0.027 0 0 0 0 0 0 0 0 0 0 0 0 0 0 0 0 0 0 0 0 0 0 0 0 0 0 0 0 0 0 0 0 0 0 0 0 0 0 0 0 0 0 0 0 0 0 0 0 0 0 0 0 0 0 0 0 0 0 0 0 0 0 0 0 0 0 0 0 0 0 0 0 0 0 0 
0.063 0.103 0.116 0.083 0.154 0.062 0.08 0.094 0.079 0.058 0.054 0.022 0.032 0 0 0 0 0 0 0 0 0 0 0 0 0 0 0 0 0 0 0 0 0 0 0 0 0 0 0 0 0 0 0 0 0 0 0 0 0 0 0 0 0 0 0 0 0 0 0 0 0 0 0 0 0 0 0 0 0 0 0 0 0 0 0 0 0 0 0 0 0 0 0 0 0 0 0 0 0 0 0 0 0 0 0 0 0 0 0 
0.099 0.059 0.057 0.06 0.064 0.071 0.083 0.091 0.106 0.116 0.035 0.041 0.017 0.016 0.014 0.012 0.013 0.016 0.03 0 0 0 0 0 0 0 0 0 0 0 0 0 0 0 0 0 0 0 0 0 0 0 0 0 0 0 0 0 0 0 0 0 0 0 0 0 0 0 0 0 0 0 0 0 0 0 0 0 0 0 0 0 0 0 0 0 0 0 0 0 0 0 0 0 0 0 0 0 0 0 0 0 0 0 0 0 0 0 0 0 
0.047 0.066 0.029 0.026 0.057 0.055 0.058 0.053 0.051 0.059 0.051 0.044 0.041 0.053 0.07 0.078 0.033 0.033 0.011 0.01 0.011 0.013 0.017 0.034 0 0 0 0 0 0 0 0 0 0 0 0 0 0 0 0 0 0 0 0 0 0 0 0 0 0 0 0 0 0 0 0 0 0 0 0 0 0 0 0 0 0 0 0 0 0 0 0 0 0 0 0 0 0 0 0 0 0 0 0 0 0 0 0 0 0 0 0 0 0 0 0 0 0 0 0 
0.069 0.057 0.044 0.045 0.06 0.043 0.073 0.062 0.1 0.138 0.072 0.022 0.021 0.023 0.026 0.035 0.023 0.008 0.009 0.01 0.011 0.015 0.034 0 0 0 0 0 0 0 0 0 0 0 0 0 0 0 0 0 0 0 0 0 0 0 0 0 0 0 0 0 0 0 0 0 0 0 0 0 0 0 0 0 0 0 0 0 0 0 0 0 0 0 0 0 0 0 0 0 0 0 0 0 0 0 0 0 0 0 0 0 0 0 0 0 0 0 0 0 
0.066 0.084 0.074 0.1 0.064 0.045 0.048 0.048 0.051 0.044 0.043 0.052 0.066 0.026 0.031 0.043 0.02 0.006 0.006 0.006 0.007 0.007 0.007 0.01 0.01 0.014 0.022 0 0 0 0 0 0 0 0 0 0 0 0 0 0 0 0 0 0 0 0 0 0 0 0 0 0 0 0 0 0 0 0 0 0 0 0 0 0 0 0 0 0 0 0 0 0 0 0 0 0 0 0 0 0 0 0 0 0 0 0 0 0 0 0 0 0 0 0 0 0 0 0 0 
0.134 0.086 0.133 0.113 0.078 0.105 0.048 0.059 0.028 0.02 0.019 0.021 0.022 0.027 0.042 0.009 0.01 0.011 0.016 0.019 0 0 0 0 0 0 0 0 0 0 0 0 0 0 0 0 0 0 0 0 0 0 0 0 0 0 0 0 0 0 0 0 0 0 0 0 0 0 0 0 0 0 0 0 0 0 0 0 0 0 0 0 0 0 0 0 0 0 0 0 0 0 0 0 0 0 0 0 0 0 0 0 0 0 0 0 0 0 0 0 
0.053 0.061 0.059 0.063 0.072 0.115 0.091 0.073 0.038 0.049 0.049 0.041 0.025 0.026 0.04 0.021 0.01 0.011 0.011 0.013 0.016 0.026 0.014 0.004 0.004 0.004 0.006 0.005 0 0 0 0 0 0 0 0 0 0 0 0 0 0 0 0 0 0 0 0 0 0 0 0 0 0 0 0 0 0 0 0 0 0 0 0 0 0 0 0 0 0 0 0 0 0 0 0 0 0 0 0 0 0 0 0 0 0 0 0 0 0 0 0 0 0 0 0 0 0 0 0 
0.056 0.06 0.059 0.121 0.065 0.063 0.066 0.08 0.069 0.096 0.029 0.034 0.049 0.045 0.014 0.017 0.028 0.002 0.002 0.003 0.002 0.003 0.002 0.003 0.004 0.004 0.005 0.019 0 0 0 0 0 0 0 0 0 0 0 0 0 0 0 0 0 0 0 0 0 0 0 0 0 0 0 0 0 0 0 0 0 0 0 0 0 0 0 0 0 0 0 0 0 0 0 0 0 0 0 0 0 0 0 0 0 0 0 0 0 0 0 0 0 0 0 0 0 0 0 0 
0.108 0.088 0.1 0.147 0.085 0.126 0.058 0.032 0.032 0.04 0.048 0.075 0.005 0.006 0.007 0.014 0.029 0 0 0 0 0 0 0 0 0 0 0 0 0 0 0 0 0 0 0 0 0 0 0 0 0 0 0 0 0 0 0 0 0 0 0 0 0 0 0 0 0 0 0 0 0 0 0 0 0 0 0 0 0 0 0 0 0 0 0 0 0 0 0 0 0 0 0 0 0 0 0 0 0 0 0 0 0 0 0 0 0 0 0 
0.107 0.073 0.06 0.059 0.066 0.066 0.07 0.104 0.068 0.052 0.072 0.055 0.049 0.013 0.014 0.012 0.008 0.01 0.01 0.017 0.015 0 0 0 0 0 0 0 0 0 0 0 0 0 0 0 0 0 0 0 0 0 0 0 0 0 0 0 0 0 0 0 0 0 0 0 0 0 0 0 0 0 0 0 0 0 0 0 0 0 0 0 0 0 0 0 0 0 0 0 0 0 0 0 0 0 0 0 0 0 0 0 0 0 0 0 0 0 0 0 
0.077 0.091 0.136 0.06 0.039 0.039 0.064 0.088 0.064 0.053 0.07 0.054 0.059 0.045 0.02 0.013 0.028 0 0 0 0 0 0 0 0 0 0 0 0 0 0 0 0 0 0 0 0 0 0 0 0 0 0 0 0 0 0 0 0 0 0 0 0 0 0 0 0 0 0 0 0 0 0 0 0 0 0 0 0 0 0 0 0 0 0 0 0 0 0 0 0 0 0 0 0 0 0 0 0 0 0 0 0 0 0 0 0 0 0 0 
0.078 0.134 0.079 0.074 0.099 0.092 0.05 0.029 0.03 0.038 0.029 0.015 0.047 0.087 0.016 0.008 0.01 0.01 0.012 0.014 0.022 0.027 0 0 0 0 0 0 0 0 0 0 0 0 0 0 0 0 0 0 0 0 0 0 0 0 0 0 0 0 0 0 0 0 0 0 0 0 0 0 0 0 0 0 0 0 0 0 0 0 0 0 0 0 0 0 0 0 0 0 0 0 0 0 0 0 0 0 0 0 0 0 0 0 0 0 0 0 0 0 
0.056 0.094 0.141 0.091 0.076 0.063 0.076 0.08 0.042 0.047 0.022 0.026 0.027 0.013 0.023 0.033 0.04 0.012 0.019 0.019 0 0 0 0 0 0 0 0 0 0 0 0 0 0 0 0 0 0 0 0 0 0 0 0 0 0 0 0 0 0 0 0 0 0 0 0 0 0 0 0 0 0 0 0 0 0 0 0 0 0 0 0 0 0 0 0 0 0 0 0 0 0 0 0 0 0 0 0 0 0 0 0 0 0 0 0 0 0 0 0 
0.058 0.067 0.076 0.106 0.063 0.057 0.071 0.047 0.047 0.055 0.066 0.056 0.047 0.045 0.069 0.02 0.034 0.016 0 0 0 0 0 0 0 0 0 0 0 0 0 0 0 0 0 0 0 0 0 0 0 0 0 0 0 0 0 0 0 0 0 0 0 0 0 0 0 0 0 0 0 0 0 0 0 0 0 0 0 0 0 0 0 0 0 0 0 0 0 0 0 0 0 0 0 0 0 0 0 0 0 0 0 0 0 0 0 0 0 0 
0.053 0.064 0.1 0.056 0.067 0.058 0.05 0.058 0.077 0.081 0.044 0.021 0.025 0.027 0.035 0.036 0.019 0.024 0.042 0.063 0 0 0 0 0 0 0 0 0 0 0 0 0 0 0 0 0 0 0 0 0 0 0 0 0 0 0 0 0 0 0 0 0 0 0 0 0 0 0 0 0 0 0 0 0 0 0 0 0 0 0 0 0 0 0 0 0 0 0 0 0 0 0 0 0 0 0 0 0 0 0 0 0 0 0 0 0 0 0 0 
0.071 0.106 0.097 0.06 0.109 0.087 0.044 0.029 0.03 0.03 0.03 0.035 0.045 0.019 0.021 0.028 0.029 0.016 0.004 0.005 0.005 0.006 0.005 0.006 0.005 0.007 0.008 0.007 0.009 0.012 0.016 0.019 0 0 0 0 0 0 0 0 0 0 0 0 0 0 0 0 0 0 0 0 0 0 0 0 0 0 0 0 0 0 0 0 0 0 0 0 0 0 0 0 0 0 0 0 0 0 0 0 0 0 0 0 0 0 0 0 0 0 0 0 0 0 0 0 0 0 0 0 
0.149 0.087 0.059 0.074 0.064 0.027 0.036 0.034 0.094 0.074 0.052 0.025 0.032 0.013 0.05 0.054 0.053 0.023 0 0 0 0 0 0 0 0 0 0 0 0 0 0 0 0 0 0 0 0 0 0 0 0 0 0 0 0 0 0 0 0 0 0 0 0 0 0 0 0 0 0 0 0 0 0 0 0 0 0 0 0 0 0 0 0 0 0 0 0 0 0 0 0 0 0 0 0 0 0 0 0 0 0 0 0 0 0 0 0 0 0 
0.069 0.06 0.102 0.09 0.074 0.068 0.118 0.073 0.078 0.031 0.036 0.034 0.035 0.012 0.012 0.013 0.017 0.021 0.026 0.031 0 0 0 0 0 0 0 0 0 0 0 0 0 0 0 0 0 0 0 0 0 0 0 0 0 0 0 0 0 0 0 0 0 0 0 0 0 0 0 0 0 0 0 0 0 0 0 0 0 0 0 0 0 0 0 0 0 0 0 0 0 0 0 0 0 0 0 0 0 0 0 0 0 0 0 0 0 0 0 0 
0.061 0.065 0.065 0.073 0.092 0.097 0.059 0.08 0.066 0.033 0.042 0.092 0.034 0.016 0.021 0.022 0.036 0.009 0.013 0.024 0 0 0 0 0 0 0 0 0 0 0 0 0 0 0 0 0 0 0 0 0 0 0 0 0 0 0 0 0 0 0 0 0 0 0 0 0 0 0 0 0 0 0 0 0 0 0 0 0 0 0 0 0 0 0 0 0 0 0 0 0 0 0 0 0 0 0 0 0 0 0 0 0 0 0 0 0 0 0 0 
0.04 0.042 0.079 0.061 0.057 0.055 0.063 0.096 0.092 0.105 0.136 0.07 0.031 0.005 0.006 0.007 0.008 0.009 0.012 0.026 0 0 0 0 0 0 0 0 0 0 0 0 0 0 0 0 0 0 0 0 0 0 0 0 0 0 0 0 0 0 0 0 0 0 0 0 0 0 0 0 0 0 0 0 0 0 0 0 0 0 0 0 0 0 0 0 0 0 0 0 0 0 0 0 0 0 0 0 0 0 0 0 0 0 0 0 0 0 0 0 
0.058 0.064 0.063 0.074 0.096 0.187 0.118 0.059 0.024 0.038 0.054 0.017 0.039 0.005 0.004 0.006 0.005 0.006 0.006 0.006 0.006 0.007 0.008 0.01 0.012 0.028 0 0 0 0 0 0 0 0 0 0 0 0 0 0 0 0 0 0 0 0 0 0 0 0 0 0 0 0 0 0 0 0 0 0 0 0 0 0 0 0 0 0 0 0 0 0 0 0 0 0 0 0 0 0 0 0 0 0 0 0 0 0 0 0 0 0 0 0 0 0 0 0 0 0 
0.105 0.103 0.112 0.09 0.078 0.079 0.062 0.09 0.066 0.03 0.025 0.027 0.03 0.043 0.01 0.011 0.015 0.024 0 0 0 0 0 0 0 0 0 0 0 0 0 0 0 0 0 0 0 0 0 0 0 0 0 0 0 0 0 0 0 0 0 0 0 0 0 0 0 0 0 0 0 0 0 0 0 0 0 0 0 0 0 0 0 0 0 0 0 0 0 0 0 0 0 0 0 0 0 0 0 0 0 0 0 0 0 0 0 0 0 0 
0.052 0.056 0.054 0.073 0.072 0.062 0.061 0.069 0.085 0.073 0.056 0.045 0.072 0.014 0.018 0.02 0.024 0.036 0.019 0.013 0.026 0 0 0 0 0 0 0 0 0 0 0 0 0 0 0 0 0 0 0 0 0 0 0 0 0 0 0 0 0 0 0 0 0 0 0 0 0 0 0 0 0 0 0 0 0 0 0 0 0 0 0 0 0 0 0 0 0 0 0 0 0 0 0 0 0 0 0 0 0 0 0 0 0 0 0 0 0 0 0 
0.087 0.079 0.118 0.128 0.094 0.131 0.098 0.117 0.064 0.005 0.005 0.006 0.007 0.014 0.023 0.024 0 0 0 0 0 0 0 0 0 0 0 0 0 0 0 0 0 0 0 0 0 0 0 0 0 0 0 0 0 0 0 0 0 0 0 0 0 0 0 0 0 0 0 0 0 0 0 0 0 0 0 0 0 0 0 0 0 0 0 0 0 0 0 0 0 0 0 0 0 0 0 0 0 0 0 0 0 0 0 0 0 0 0 0 
0.117 0.108 0.123 0.083 0.062 0.052 0.046 0.147 0.085 0.068 0.033 0.003 0.003 0.006 0.007 0.007 0.008 0.01 0.014 0.018 0 0 0 0 0 0 0 0 0 0 0 0 0 0 0 0 0 0 0 0 0 0 0 0 0 0 0 0 0 0 0 0 0 0 0 0 0 0 0 0 0 0 0 0 0 0 0 0 0 0 0 0 0 0 0 0 0 0 0 0 0 0 0 0 0 0 0 0 0 0 0 0 0 0 0 0 0 0 0 0 
0.063 0.066 0.067 0.074 0.091 0.077 0.098 0.084 0.056 0.032 0.02 0.024 0.03 0.021 0.009 0.009 0.011 0.01 0.01 0.012 0.011 0.014 0.013 0.016 0.022 0.029 0.015 0.016 0 0 0 0 0 0 0 0 0 0 0 0 0 0 0 0 0 0 0 0 0 0 0 0 0 0 0 0 0 0 0 0 0 0 0 0 0 0 0 0 0 0 0 0 0 0 0 0 0 0 0 0 0 0 0 0 0 0 0 0 0 0 0 0 0 0 0 0 0 0 0 0 
0.068 0.083 0.057 0.058 0.056 0.059 0.063 0.082 0.058 0.076 0.041 0.035 0.048 0.028 0.038 0.033 0.017 0.023 0.02 0.008 0.011 0.013 0.025 0 0 0 0 0 0 0 0 0 0 0 0 0 0 0 0 0 0 0 0 0 0 0 0 0 0 0 0 0 0 0 0 0 0 0 0 0 0 0 0 0 0 0 0 0 0 0 0 0 0 0 0 0 0 0 0 0 0 0 0 0 0 0 0 0 0 0 0 0 0 0 0 0 0 0 0 0 
