0.03 0.09 0.15 0.21 0.27 0.33 0.39 0.45 0.51 0.57 0.63 0.69 0.75 0.81 0.87 0.93 0.99 1.05 1.11 1.17 1.23 1.29 1.35 1.41 1.47 1.53 1.59 1.65 1.71 1.77 1.83 1.89 1.95 2.01 2.07 2.13 2.19 2.25 2.31 2.37 2.43 2.49 2.55 2.61 2.67 2.73 2.79 2.85 2.91 2.97 3.03 3.09 3.15 3.21 3.27 3.33 3.39 3.45 3.51 3.57 3.63 3.69 3.75 3.81 3.87 3.93 3.99 4.05 4.11 4.17 4.23 4.29 4.35 4.41 4.47 4.53 4.59 4.65 4.71 4.77 4.83 4.89 4.95 5.01 5.07 5.13 5.19 5.25 5.31 5.37 5.43 5.49 5.55 5.61 5.67 5.73 5.79 5.85 5.91 5.97 
0.4863 0.2037 0.0692 0.0545 0.0407 0.0396 0.0061 0 0 0 0 0.0021 0.0184 0.0304 0.0219 0.0493 0.0631 0.1242 0.4549 0.509 0.2363 0.0977 0.0754 0.0643 0.0384 0.0132 0.0016 0 0 0 0.0048 0.0112 0.0204 0.0219 0.0201 0.0311 0.0517 0.1814 0.3505 0.4261 0.255 0.1308 0.0981 0.1057 0.0652 0.0168 0.0072 0.0022 0 0 0 0 0 0 0 0 0 0 0 0 0 0 0 0 0 0 0 0 0 0 0 0 0 0 0 0 0 0 0 0 0 0 0 0 0 0 0 0 0 0 0 0 0 0 0 0 0 0 0 0 
0.2127 0.3182 0.2843 0.1256 0.0275 0.029 0.0027 0 0 0 0 0 0.0049 0.0212 0.0354 0.1006 0.2392 0.3284 0.244 0.2225 0.3018 0.324 0.0991 0.0286 0.0282 0.0144 0.0058 0.0019 0 0 0 0.0008 0.008 0.0212 0.0606 0.1344 0.2342 0.2866 0.2613 0.2574 0.3103 0.2317 0.1188 0.0319 0.0251 0.0095 0.0034 0.0048 0 0 0 0 0 0 0 0 0 0 0 0 0 0 0 0 0 0 0 0 0 0 0 0 0 0 0 0 0 0 0 0 0 0 0 0 0 0 0 0 0 0 0 0 0 0 0 0 0 0 0 0 
0.3792 0.301 0.1665 0.101 0.0404 0.0096 0.0023 0 0 0 0 0 0.0009 0.0069 0.0274 0.0748 0.1624 0.2777 0.3827 0.4078 0.2777 0.1515 0.1359 0.0739 0.0191 0.0013 0 0 0 0 0 0 0 0.0123 0.0284 0.0636 0.1587 0.3459 0.3533 0.3763 0.2503 0.1753 0.1409 0.0545 0.0227 0.0104 0.0074 0 0 0 0 0 0 0 0 0 0 0 0 0 0 0 0 0 0 0 0 0 0 0 0 0 0 0 0 0 0 0 0 0 0 0 0 0 0 0 0 0 0 0 0 0 0 0 0 0 0 0 0 0 
0.2688 0.3073 0.2762 0.128 0.0197 0 0 0 0 0 0 0 0 0.0004 0.0247 0.0952 0.2738 0.302 0.3056 0.2459 0.3144 0.2455 0.1463 0.0428 0.0034 0 0 0 0 0 0 0 0 0.0071 0.0544 0.1686 0.2765 0.2757 0.3044 0.3031 0.2325 0.2024 0.1241 0.0376 0.0136 0 0 0 0 0 0 0 0 0 0 0 0 0 0 0 0 0 0 0 0 0 0 0 0 0 0 0 0 0 0 0 0 0 0 0 0 0 0 0 0 0 0 0 0 0 0 0 0 0 0 0 0 0 0 0 
0.3911 0.3039 0.1529 0.0821 0.0486 0.0214 0 0 0 0 0 0 0.0001 0.0108 0.0593 0.081 0.1265 0.3565 0.3728 0.3981 0.2735 0.1896 0.07 0.0499 0.0119 0 0 0 0 0 0 0 0 0.032 0.051 0.0902 0.2604 0.3654 0.402 0.2864 0.2459 0.1565 0.0815 0.0251 0.0036 0 0 0 0 0 0 0 0 0 0 0 0 0 0 0 0 0 0 0 0 0 0 0 0 0 0 0 0 0 0 0 0 0 0 0 0 0 0 0 0 0 0 0 0 0 0 0 0 0 0 0 0 0 0 0 
0.3358 0.3434 0.153 0.067 0.0441 0.0386 0.0169 0.0012 0 0 0 0.0034 0.0258 0.0323 0.0424 0.0745 0.155 0.353 0.3275 0.3505 0.3204 0.1628 0.0549 0.0461 0.0309 0.0191 0.0014 0 0 0 0 0.0102 0.0317 0.0437 0.0545 0.1465 0.2702 0.3212 0.3485 0.3457 0.2145 0.0941 0.0383 0.0395 0.0305 0.0056 0.0053 0 0 0 0 0 0 0 0 0 0 0 0 0 0 0 0 0 0 0 0 0 0 0 0 0 0 0 0 0 0 0 0 0 0 0 0 0 0 0 0 0 0 0 0 0 0 0 0 0 0 0 0 0 
0.2189 0.2601 0.2173 0.1452 0.1081 0.0342 0.0144 0.0018 0 0 0 0.0029 0.0083 0.0392 0.0913 0.1798 0.2121 0.2351 0.2262 0.2589 0.2297 0.2024 0.1531 0.1039 0.0374 0.0181 0.0016 0 0 0 0 0.0024 0.0304 0.0682 0.1133 0.176 0.2234 0.2352 0.2342 0.2484 0.2101 0.1795 0.1547 0.0743 0.032 0.0107 0.004 0.0032 0 0 0 0 0 0 0 0 0 0 0 0 0 0 0 0 0 0 0 0 0 0 0 0 0 0 0 0 0 0 0 0 0 0 0 0 0 0 0 0 0 0 0 0 0 0 0 0 0 0 0 0 
0.2339 0.3124 0.2429 0.1431 0.0515 0.0162 0 0 0 0 0 0 0 0.0113 0.0659 0.1259 0.2183 0.3254 0.2408 0.2653 0.283 0.2237 0.15 0.0606 0.029 0.0008 0 0 0 0 0 0 0.0024 0.0269 0.0987 0.1516 0.2434 0.3005 0.2692 0.274 0.2541 0.167 0.1143 0.0511 0.0294 0.0117 0.0057 0 0 0 0 0 0 0 0 0 0 0 0 0 0 0 0 0 0 0 0 0 0 0 0 0 0 0 0 0 0 0 0 0 0 0 0 0 0 0 0 0 0 0 0 0 0 0 0 0 0 0 0 0 
0.5741 0.3276 0.0792 0.0172 0.0019 0 0 0 0 0 0 0 0 0 0.0003 0.0091 0.0778 0.2374 0.5042 0.5664 0.4388 0.1422 0.0161 0.0063 0.0014 0 0 0 0 0 0 0 0 0 0.0033 0.0374 0.0777 0.2348 0.4394 0.5103 0.4016 0.1913 0.0838 0.0175 0.0029 0 0 0 0 0 0 0 0 0 0 0 0 0 0 0 0 0 0 0 0 0 0 0 0 0 0 0 0 0 0 0 0 0 0 0 0 0 0 0 0 0 0 0 0 0 0 0 0 0 0 0 0 0 0 0 
0.3545 0.3753 0.2111 0.058 0.0011 0 0 0 0 0 0 0 0 0 0.0016 0.0287 0.2007 0.3833 0.3275 0.3636 0.3592 0.2281 0.0915 0.0122 0.0036 0 0 0 0 0 0 0 0 0 0.0096 0.077 0.1883 0.3667 0.3711 0.338 0.3014 0.2053 0.0962 0.0339 0.0125 0 0 0 0 0 0 0 0 0 0 0 0 0 0 0 0 0 0 0 0 0 0 0 0 0 0 0 0 0 0 0 0 0 0 0 0 0 0 0 0 0 0 0 0 0 0 0 0 0 0 0 0 0 0 0 
0.4486 0.2956 0.1822 0.0661 0.0075 0 0 0 0 0 0 0 0 0 0.0033 0.0814 0.1211 0.2678 0.4484 0.4571 0.3243 0.1945 0.0838 0.0183 0 0 0 0 0 0 0 0 0 0 0.0082 0.0629 0.1982 0.3215 0.459 0.4174 0.2731 0.1462 0.0767 0.026 0.0108 0 0 0 0 0 0 0 0 0 0 0 0 0 0 0 0 0 0 0 0 0 0 0 0 0 0 0 0 0 0 0 0 0 0 0 0 0 0 0 0 0 0 0 0 0 0 0 0 0 0 0 0 0 0 0 
0.232 0.2527 0.2448 0.1577 0.0647 0.0316 0.0159 0.0006 0 0 0 0.0033 0.0108 0.023 0.0562 0.1522 0.2724 0.2527 0.2291 0.2311 0.2733 0.2033 0.1378 0.0809 0.0485 0.0204 0.005 0 0 0 0 0 0.0122 0.0282 0.0893 0.2127 0.2107 0.2646 0.2166 0.2309 0.2352 0.1918 0.1388 0.086 0.0522 0.0203 0.0056 0.0019 0.003 0 0 0 0 0 0 0 0 0 0 0 0 0 0 0 0 0 0 0 0 0 0 0 0 0 0 0 0 0 0 0 0 0 0 0 0 0 0 0 0 0 0 0 0 0 0 0 0 0 0 0 
0.3971 0.2207 0.162 0.1586 0.053 0.0086 0 0 0 0 0 0 0 0.0053 0.0454 0.1592 0.172 0.2366 0.3817 0.4033 0.1976 0.1875 0.1326 0.0692 0.0096 0 0 0 0 0 0 0.0012 0.0014 0.0217 0.0938 0.1501 0.1838 0.3372 0.3712 0.2711 0.203 0.1774 0.1042 0.0667 0.0134 0.0038 0 0 0 0 0 0 0 0 0 0 0 0 0 0 0 0 0 0 0 0 0 0 0 0 0 0 0 0 0 0 0 0 0 0 0 0 0 0 0 0 0 0 0 0 0 0 0 0 0 0 0 0 0 0 
0.341 0.378 0.2559 0.0251 0 0 0 0 0 0 0 0 0 0 0 0.0283 0.189 0.3903 0.3451 0.3143 0.375 0.297 0.0582 0.0028 0 0 0 0 0 0 0 0 0 0 0.0052 0.0734 0.2408 0.3508 0.3337 0.3428 0.3301 0.2164 0.083 0.0211 0.0027 0 0 0 0 0 0 0 0 0 0 0 0 0 0 0 0 0 0 0 0 0 0 0 0 0 0 0 0 0 0 0 0 0 0 0 0 0 0 0 0 0 0 0 0 0 0 0 0 0 0 0 0 0 0 0 
0.5341 0.2564 0.1129 0.0735 0.0192 0.0039 0 0 0 0 0 0 0 0 0.0179 0.0735 0.0955 0.2035 0.4875 0.5771 0.2661 0.1348 0.0865 0.0501 0.0075 0 0 0 0 0 0 0 0 0.0058 0.0296 0.0649 0.0985 0.2357 0.4335 0.4936 0.3305 0.1508 0.0807 0.0477 0.0287 0 0 0 0 0 0 0 0 0 0 0 0 0 0 0 0 0 0 0 0 0 0 0 0 0 0 0 0 0 0 0 0 0 0 0 0 0 0 0 0 0 0 0 0 0 0 0 0 0 0 0 0 0 0 0 
0.3581 0.294 0.2007 0.1049 0.0294 0.0117 0.0012 0 0 0 0 0 0.0012 0.0098 0.0321 0.0797 0.1684 0.2694 0.371 0.331 0.343 0.2367 0.1024 0.0339 0.0156 0.0057 0.0001 0 0 0 0 0 0.0012 0.0209 0.0528 0.0903 0.1881 0.2622 0.329 0.3081 0.309 0.2447 0.113 0.0511 0.0195 0.0101 0 0 0 0 0 0 0 0 0 0 0 0 0 0 0 0 0 0 0 0 0 0 0 0 0 0 0 0 0 0 0 0 0 0 0 0 0 0 0 0 0 0 0 0 0 0 0 0 0 0 0 0 0 0 
0.2249 0.2883 0.2644 0.1495 0.0587 0.0115 0.0027 0 0 0 0 0 0.0005 0.0104 0.0656 0.1619 0.2566 0.2566 0.2494 0.2375 0.273 0.2479 0.1522 0.065 0.0219 0.0015 0 0 0 0 0 0 0.0053 0.0412 0.09 0.135 0.2342 0.2814 0.2633 0.244 0.2636 0.1773 0.1609 0.0612 0.0298 0.0128 0 0 0 0 0 0 0 0 0 0 0 0 0 0 0 0 0 0 0 0 0 0 0 0 0 0 0 0 0 0 0 0 0 0 0 0 0 0 0 0 0 0 0 0 0 0 0 0 0 0 0 0 0 0 
0.3201 0.3776 0.2379 0.0551 0.0093 0 0 0 0 0 0 0 0 0 0.0073 0.0405 0.1894 0.3599 0.3507 0.3061 0.3198 0.2846 0.1218 0.0188 0.0011 0 0 0 0 0 0 0 0 0 0.0087 0.0552 0.2157 0.3202 0.3412 0.3252 0.3153 0.2598 0.1278 0.0289 0.002 0 0 0 0 0 0 0 0 0 0 0 0 0 0 0 0 0 0 0 0 0 0 0 0 0 0 0 0 0 0 0 0 0 0 0 0 0 0 0 0 0 0 0 0 0 0 0 0 0 0 0 0 0 0 0 
0.3023 0.3627 0.22 0.0816 0.0334 0 0 0 0 0 0 0 0 0.0017 0.0168 0.0373 0.189 0.3386 0.3179 0.3074 0.353 0.2559 0.1358 0.0391 0.0075 0 0 0 0 0 0 0 0 0.0001 0.0101 0.068 0.1512 0.3036 0.3452 0.3643 0.3126 0.2169 0.1185 0.074 0.0275 0.008 0 0 0 0 0 0 0 0 0 0 0 0 0 0 0 0 0 0 0 0 0 0 0 0 0 0 0 0 0 0 0 0 0 0 0 0 0 0 0 0 0 0 0 0 0 0 0 0 0 0 0 0 0 0 
0.238 0.2788 0.2523 0.1462 0.0436 0.0239 0.0127 0.0045 0 0 0 0.0007 0.0041 0.0171 0.0462 0.1416 0.2691 0.2906 0.2301 0.2408 0.2737 0.2411 0.1373 0.0642 0.0213 0.0169 0.0052 0 0 0 0 0.0018 0.0032 0.0155 0.0798 0.1851 0.2678 0.2568 0.2305 0.2468 0.271 0.2058 0.1168 0.063 0.0266 0.0139 0.0082 0.0074 0 0 0 0 0 0 0 0 0 0 0 0 0 0 0 0 0 0 0 0 0 0 0 0 0 0 0 0 0 0 0 0 0 0 0 0 0 0 0 0 0 0 0 0 0 0 0 0 0 0 0 0 
0.3792 0.2803 0.1596 0.0697 0.0397 0.0256 0.0106 0.0156 0.0154 0.0107 0.0175 0.0155 0.0109 0.03 0.0322 0.0714 0.1483 0.308 0.4067 0.3482 0.2253 0.1661 0.0953 0.0466 0.0278 0.012 0.0154 0.0096 0.0059 0.0105 0.0219 0.0158 0.0217 0.0256 0.0631 0.107 0.1649 0.2917 0.3789 0.3694 0.2204 0.1314 0.0849 0.034 0.0215 0.0111 0.0093 0.0089 0.0029 0.006 0 0 0 0 0 0 0 0 0 0 0 0 0 0 0 0 0 0 0 0 0 0 0 0 0 0 0 0 0 0 0 0 0 0 0 0 0 0 0 0 0 0 0 0 0 0 0 0 0 0 
0.2206 0.2668 0.194 0.1657 0.0788 0.0376 0.0316 0.0049 0 0 0 0.001 0.0326 0.051 0.078 0.1212 0.2177 0.2575 0.2209 0.238 0.2472 0.2041 0.1672 0.0794 0.0354 0.026 0.017 0.0058 0 0 0 0.0119 0.0261 0.0546 0.0937 0.1927 0.209 0.2359 0.2242 0.2576 0.2339 0.1554 0.1405 0.0797 0.0368 0.0307 0.013 0.0043 0 0 0 0 0 0 0 0 0 0 0 0 0 0 0 0 0 0 0 0 0 0 0 0 0 0 0 0 0 0 0 0 0 0 0 0 0 0 0 0 0 0 0 0 0 0 0 0 0 0 0 0 
0.2935 0.268 0.2184 0.138 0.0655 0.0153 0.0013 0 0 0 0 0 0 0.0106 0.0727 0.1453 0.2069 0.2353 0.3047 0.2864 0.3071 0.1958 0.1228 0.0855 0.0227 0.0042 0 0 0 0 0 0 0.0011 0.0234 0.108 0.1803 0.2103 0.3043 0.2564 0.2767 0.2399 0.1679 0.1129 0.0712 0.0343 0.0124 0.0009 0 0 0 0 0 0 0 0 0 0 0 0 0 0 0 0 0 0 0 0 0 0 0 0 0 0 0 0 0 0 0 0 0 0 0 0 0 0 0 0 0 0 0 0 0 0 0 0 0 0 0 0 0 
0.1856 0.2485 0.2651 0.2404 0.0604 0 0 0 0 0 0 0 0 0.0027 0.0532 0.1749 0.2547 0.2397 0.2325 0.204 0.2236 0.2799 0.2392 0.0945 0.0011 0 0 0 0 0 0 0 0 0.0195 0.0752 0.2015 0.2533 0.2346 0.2408 0.198 0.2396 0.2695 0.1576 0.0819 0.0237 0.0048 0 0 0 0 0 0 0 0 0 0 0 0 0 0 0 0 0 0 0 0 0 0 0 0 0 0 0 0 0 0 0 0 0 0 0 0 0 0 0 0 0 0 0 0 0 0 0 0 0 0 0 0 0 0 
0.2128 0.2426 0.2474 0.1804 0.0785 0.037 0.0013 0 0 0 0 0 0.002 0.0361 0.0708 0.1293 0.2849 0.2427 0.2118 0.1972 0.2501 0.2645 0.1644 0.1051 0.0336 0.0075 0 0 0 0 0 0 0.0197 0.0427 0.083 0.1233 0.2333 0.2385 0.2269 0.2246 0.2624 0.2276 0.1566 0.1205 0.0409 0 0 0 0 0 0 0 0 0 0 0 0 0 0 0 0 0 0 0 0 0 0 0 0 0 0 0 0 0 0 0 0 0 0 0 0 0 0 0 0 0 0 0 0 0 0 0 0 0 0 0 0 0 0 0 
0.2355 0.2892 0.2837 0.1517 0.038 0.0019 0 0 0 0 0 0 0 0.0028 0.0424 0.1319 0.2022 0.3242 0.2345 0.2476 0.2846 0.2771 0.1835 0.0614 0.005 0.0028 0 0 0 0 0 0 0.0015 0.0038 0.0279 0.1458 0.2647 0.287 0.28 0.2486 0.2776 0.238 0.1272 0.0648 0.0235 0.0082 0.0014 0 0 0 0 0 0 0 0 0 0 0 0 0 0 0 0 0 0 0 0 0 0 0 0 0 0 0 0 0 0 0 0 0 0 0 0 0 0 0 0 0 0 0 0 0 0 0 0 0 0 0 0 0 
0.2469 0.3023 0.2577 0.1227 0.0401 0.0259 0.004 0.0004 0 0 0 0 0 0.0105 0.0456 0.0752 0.2534 0.3121 0.257 0.2691 0.2878 0.2259 0.163 0.0692 0.0282 0.003 0 0 0 0 0 0 0.0033 0.0172 0.046 0.1054 0.2553 0.2798 0.3039 0.2481 0.2602 0.1915 0.1635 0.0843 0.0388 0.0027 0 0 0 0 0 0 0 0 0 0 0 0 0 0 0 0 0 0 0 0 0 0 0 0 0 0 0 0 0 0 0 0 0 0 0 0 0 0 0 0 0 0 0 0 0 0 0 0 0 0 0 0 0 0 
0.3406 0.3466 0.1885 0.0954 0.0252 0.0037 0 0 0 0 0 0 0 0.0018 0.0262 0.0617 0.1948 0.3131 0.3494 0.337 0.3398 0.2143 0.1109 0.0466 0.0044 0 0 0 0 0 0 0.0011 0.0023 0.0061 0.0358 0.1092 0.2101 0.297 0.3238 0.2922 0.341 0.1944 0.1221 0.0417 0.0197 0.0035 0 0 0 0 0 0 0 0 0 0 0 0 0 0 0 0 0 0 0 0 0 0 0 0 0 0 0 0 0 0 0 0 0 0 0 0 0 0 0 0 0 0 0 0 0 0 0 0 0 0 0 0 0 0 
0.2761 0.3321 0.1728 0.1243 0.0677 0.0256 0.0014 0 0 0 0 0 0.0032 0.0232 0.0681 0.1217 0.1832 0.3154 0.2796 0.281 0.326 0.1895 0.1092 0.0725 0.0259 0.0015 0 0 0 0 0 0 0.0084 0.0512 0.0985 0.1252 0.2398 0.3035 0.2541 0.2767 0.2784 0.1809 0.1203 0.0433 0.0158 0.0039 0 0 0 0 0 0 0 0 0 0 0 0 0 0 0 0 0 0 0 0 0 0 0 0 0 0 0 0 0 0 0 0 0 0 0 0 0 0 0 0 0 0 0 0 0 0 0 0 0 0 0 0 0 0 
0.2631 0.2724 0.2224 0.1574 0.0766 0.0081 0 0 0 0 0 0 0 0.0043 0.0714 0.1629 0.1982 0.2794 0.2828 0.2576 0.2727 0.2087 0.1555 0.0849 0.0201 0.0015 0 0 0 0 0 0 0.0025 0.0244 0.0812 0.1423 0.21 0.2905 0.2827 0.2732 0.2362 0.1774 0.1328 0.0885 0.0398 0.0123 0.0062 0 0 0 0 0 0 0 0 0 0 0 0 0 0 0 0 0 0 0 0 0 0 0 0 0 0 0 0 0 0 0 0 0 0 0 0 0 0 0 0 0 0 0 0 0 0 0 0 0 0 0 0 0 
0.5935 0.2036 0.0929 0.0434 0.0276 0.0155 0.0179 0.0056 0 0 0 0 0.0043 0.027 0.0285 0.0437 0.0683 0.217 0.5446 0.565 0.2752 0.1165 0.0451 0.0312 0.0085 0.0208 0.0043 0 0 0 0 0.0107 0.0158 0.0213 0.0228 0.0417 0.1132 0.3039 0.5454 0.4412 0.2161 0.1334 0.0762 0.0269 0.014 0.0121 0.0053 0 0 0 0 0 0 0 0 0 0 0 0 0 0 0 0 0 0 0 0 0 0 0 0 0 0 0 0 0 0 0 0 0 0 0 0 0 0 0 0 0 0 0 0 0 0 0 0 0 0 0 0 0 
0.2979 0.2533 0.1866 0.0873 0.0732 0.0512 0.0386 0.0119 0 0 0.0018 0.0128 0.034 0.0368 0.0732 0.079 0.1928 0.2656 0.2636 0.3077 0.2754 0.172 0.0913 0.0581 0.0543 0.062 0.0154 0.0042 0 0 0.01 0.0255 0.0257 0.0434 0.061 0.0944 0.2261 0.2699 0.2639 0.3212 0.2142 0.1552 0.0968 0.0756 0.0625 0.0398 0.0148 0 0 0 0 0 0 0 0 0 0 0 0 0 0 0 0 0 0 0 0 0 0 0 0 0 0 0 0 0 0 0 0 0 0 0 0 0 0 0 0 0 0 0 0 0 0 0 0 0 0 0 0 0 
0.2291 0.2503 0.235 0.1697 0.0989 0.017 0 0 0 0 0 0 0 0.0173 0.0906 0.1673 0.2317 0.2744 0.2005 0.2474 0.2288 0.2465 0.1791 0.092 0.0244 0 0 0 0 0 0 0 0.0021 0.0681 0.1354 0.2008 0.249 0.2352 0.2155 0.2194 0.2057 0.2563 0.149 0.0518 0.0117 0 0 0 0 0 0 0 0 0 0 0 0 0 0 0 0 0 0 0 0 0 0 0 0 0 0 0 0 0 0 0 0 0 0 0 0 0 0 0 0 0 0 0 0 0 0 0 0 0 0 0 0 0 0 0 
0.2758 0.3221 0.2133 0.0902 0.0508 0.0278 0.013 0.007 0 0 0 0 0.0118 0.0303 0.0534 0.0968 0.2179 0.2755 0.3115 0.2888 0.3068 0.1679 0.1195 0.0686 0.03 0.0095 0.0094 0.0023 0 0 0 0.0039 0.0132 0.0362 0.0491 0.1311 0.2229 0.2606 0.296 0.3291 0.2486 0.1901 0.1114 0.0501 0.0251 0.0174 0.0114 0.0038 0 0 0 0 0 0 0 0 0 0 0 0 0 0 0 0 0 0 0 0 0 0 0 0 0 0 0 0 0 0 0 0 0 0 0 0 0 0 0 0 0 0 0 0 0 0 0 0 0 0 0 0 
0.2778 0.3266 0.1899 0.065 0.0502 0.0422 0.0324 0.0157 0.0002 0 0.0003 0.0144 0.0179 0.042 0.0429 0.0807 0.176 0.3015 0.2825 0.2973 0.3314 0.181 0.0832 0.057 0.0493 0.0284 0.0136 0.0006 0 0 0.0033 0.0127 0.0266 0.0416 0.0619 0.1181 0.2014 0.2753 0.2995 0.2657 0.2643 0.1716 0.1092 0.0574 0.0316 0.0431 0.0158 0.0009 0 0 0 0 0 0 0 0 0 0 0 0 0 0 0 0 0 0 0 0 0 0 0 0 0 0 0 0 0 0 0 0 0 0 0 0 0 0 0 0 0 0 0 0 0 0 0 0 0 0 0 0 
0.2136 0.234 0.3352 0.1677 0.0425 0.007 0 0 0 0 0 0 0 0 0.0346 0.1928 0.3334 0.2411 0.2059 0.2056 0.2755 0.3083 0.1473 0.0394 0.0124 0.0037 0 0 0 0 0 0 0 0.0063 0.0826 0.2328 0.2489 0.2667 0.224 0.2284 0.2935 0.203 0.1246 0.0609 0.0147 0.0124 0.0012 0 0 0 0 0 0 0 0 0 0 0 0 0 0 0 0 0 0 0 0 0 0 0 0 0 0 0 0 0 0 0 0 0 0 0 0 0 0 0 0 0 0 0 0 0 0 0 0 0 0 0 0 0 
0.5166 0.2295 0.0967 0.075 0.0585 0.019 0.0047 0 0 0 0 0.0009 0.0102 0.0184 0.0583 0.0726 0.0735 0.2135 0.5162 0.4858 0.2603 0.1316 0.0756 0.0496 0.0236 0.0099 0 0 0 0 0 0 0.0055 0.0503 0.0657 0.0714 0.1155 0.3241 0.4739 0.3543 0.2567 0.1309 0.0608 0.0642 0.0211 0.0056 0 0 0 0 0 0 0 0 0 0 0 0 0 0 0 0 0 0 0 0 0 0 0 0 0 0 0 0 0 0 0 0 0 0 0 0 0 0 0 0 0 0 0 0 0 0 0 0 0 0 0 0 0 0 
0.3031 0.3783 0.2374 0.0635 0.0172 0.0005 0 0 0 0 0 0 0 0.0012 0.0108 0.062 0.2055 0.3608 0.3111 0.3274 0.3535 0.2462 0.0921 0.0196 0.0067 0.0031 0 0 0 0 0 0 0 0.0036 0.0285 0.0906 0.195 0.3251 0.3339 0.3332 0.3255 0.1909 0.1212 0.0367 0.0158 0 0 0 0 0 0 0 0 0 0 0 0 0 0 0 0 0 0 0 0 0 0 0 0 0 0 0 0 0 0 0 0 0 0 0 0 0 0 0 0 0 0 0 0 0 0 0 0 0 0 0 0 0 0 0 
0.3013 0.3336 0.1883 0.1153 0.0525 0.009 0 0 0 0 0 0 0 0.0104 0.0349 0.116 0.2082 0.2979 0.2832 0.3365 0.2977 0.2059 0.1294 0.0645 0.0144 0.001 0 0 0 0 0 0.0015 0.0024 0.0226 0.0529 0.1455 0.243 0.285 0.3762 0.295 0.2036 0.1734 0.1123 0.0505 0.0298 0.0063 0 0 0 0 0 0 0 0 0 0 0 0 0 0 0 0 0 0 0 0 0 0 0 0 0 0 0 0 0 0 0 0 0 0 0 0 0 0 0 0 0 0 0 0 0 0 0 0 0 0 0 0 0 0 
0.1927 0.2518 0.2779 0.205 0.0563 0.0163 0 0 0 0 0 0 0 0.0044 0.0573 0.2003 0.2731 0.2487 0.1925 0.2143 0.2204 0.2753 0.1882 0.0865 0.0368 0.0022 0 0 0 0 0 0 0 0.0019 0.0682 0.1717 0.2747 0.2499 0.2267 0.2018 0.2441 0.2298 0.1618 0.1133 0.0379 0.0141 0.0041 0 0 0 0 0 0 0 0 0 0 0 0 0 0 0 0 0 0 0 0 0 0 0 0 0 0 0 0 0 0 0 0 0 0 0 0 0 0 0 0 0 0 0 0 0 0 0 0 0 0 0 0 0 
0.4171 0.2632 0.1317 0.0809 0.0559 0.0397 0.0115 0 0 0 0 0.0035 0.0087 0.0435 0.0615 0.0648 0.1073 0.2892 0.348 0.4091 0.2958 0.1539 0.0954 0.0544 0.0466 0.0183 0 0 0 0 0 0.0062 0.0138 0.0432 0.0497 0.0968 0.1686 0.244 0.3372 0.3592 0.2551 0.173 0.1124 0.0819 0.049 0.0099 0 0 0 0 0 0 0 0 0 0 0 0 0 0 0 0 0 0 0 0 0 0 0 0 0 0 0 0 0 0 0 0 0 0 0 0 0 0 0 0 0 0 0 0 0 0 0 0 0 0 0 0 0 0 
0.4568 0.2957 0.1469 0.0586 0.0309 0.0098 0.0013 0 0 0 0 0 0 0.0026 0.0242 0.0644 0.1118 0.2426 0.4577 0.436 0.3373 0.1813 0.0651 0.0329 0.0309 0.0132 0 0 0 0 0 0 0.0013 0.01 0.0356 0.0864 0.1281 0.2293 0.3963 0.3836 0.3372 0.2019 0.1115 0.0431 0.0203 0.0066 0.0054 0.0034 0 0 0 0 0 0 0 0 0 0 0 0 0 0 0 0 0 0 0 0 0 0 0 0 0 0 0 0 0 0 0 0 0 0 0 0 0 0 0 0 0 0 0 0 0 0 0 0 0 0 0 0 
0.2582 0.2886 0.2503 0.1649 0.0296 0.0084 0 0 0 0 0 0 0 0 0.0141 0.1235 0.25 0.3021 0.2458 0.2571 0.2783 0.2674 0.1845 0.0743 0.0029 0 0 0 0 0 0 0 0 0.0022 0.035 0.1162 0.2383 0.2855 0.2326 0.2733 0.2704 0.2293 0.1799 0.0929 0.0438 0.0006 0 0 0 0 0 0 0 0 0 0 0 0 0 0 0 0 0 0 0 0 0 0 0 0 0 0 0 0 0 0 0 0 0 0 0 0 0 0 0 0 0 0 0 0 0 0 0 0 0 0 0 0 0 0 
0.2537 0.3395 0.2911 0.1005 0.0152 0 0 0 0 0 0 0 0 0.0018 0.005 0.084 0.2856 0.3431 0.2338 0.2617 0.3089 0.3099 0.1309 0.0325 0.0028 0 0 0 0 0 0 0 0 0.0009 0.0107 0.0857 0.2732 0.3082 0.2871 0.2729 0.3158 0.2595 0.1414 0.04 0.0046 0 0 0 0 0 0 0 0 0 0 0 0 0 0 0 0 0 0 0 0 0 0 0 0 0 0 0 0 0 0 0 0 0 0 0 0 0 0 0 0 0 0 0 0 0 0 0 0 0 0 0 0 0 0 0 
0.3419 0.2872 0.2014 0.1183 0.0466 0.0046 0 0 0 0 0 0 0 0.0034 0.0391 0.1098 0.2015 0.2429 0.3141 0.3745 0.3248 0.2051 0.1128 0.0578 0.0092 0.005 0 0 0 0 0 0 0 0.0203 0.0631 0.1279 0.1773 0.2241 0.2764 0.3266 0.3067 0.2874 0.1346 0.0376 0.0156 0.0024 0 0 0 0 0 0 0 0 0 0 0 0 0 0 0 0 0 0 0 0 0 0 0 0 0 0 0 0 0 0 0 0 0 0 0 0 0 0 0 0 0 0 0 0 0 0 0 0 0 0 0 0 0 0 
0.3272 0.3195 0.1487 0.0993 0.0343 0.027 0.0236 0.0178 0.0026 0.0014 0.0047 0.0144 0.0207 0.0282 0.0247 0.0655 0.1571 0.3257 0.329 0.3243 0.2862 0.2105 0.1026 0.0418 0.0295 0.0199 0.0113 0.0025 0 0 0.009 0.0187 0.0129 0.0252 0.0473 0.1005 0.1853 0.3102 0.3432 0.3399 0.2205 0.162 0.1155 0.052 0.0296 0.0241 0.0041 0 0 0 0 0 0 0 0 0 0 0 0 0 0 0 0 0 0 0 0 0 0 0 0 0 0 0 0 0 0 0 0 0 0 0 0 0 0 0 0 0 0 0 0 0 0 0 0 0 0 0 0 0 
0.2717 0.3542 0.2364 0.0905 0.0442 0.003 0 0 0 0 0 0 0 0.0005 0.0263 0.1017 0.1973 0.3407 0.2835 0.2887 0.3319 0.2487 0.1283 0.0429 0.0095 0 0 0 0 0 0 0 0 0.0079 0.0422 0.1361 0.1974 0.27 0.2909 0.3162 0.3403 0.2338 0.0975 0.0459 0.0167 0.0051 0 0 0 0 0 0 0 0 0 0 0 0 0 0 0 0 0 0 0 0 0 0 0 0 0 0 0 0 0 0 0 0 0 0 0 0 0 0 0 0 0 0 0 0 0 0 0 0 0 0 0 0 0 0 
0.3727 0.3774 0.1908 0.0549 0.0042 0 0 0 0 0 0 0 0 0 0 0.0395 0.1657 0.3729 0.381 0.3823 0.3718 0.2319 0.0487 0.0062 0 0 0 0 0 0 0 0 0 0 0.0008 0.0251 0.1614 0.2787 0.4413 0.3834 0.369 0.2211 0.0988 0.0192 0.0012 0 0 0 0 0 0 0 0 0 0 0 0 0 0 0 0 0 0 0 0 0 0 0 0 0 0 0 0 0 0 0 0 0 0 0 0 0 0 0 0 0 0 0 0 0 0 0 0 0 0 0 0 0 0 0 
0.4532 0.2901 0.1756 0.0594 0.0217 0 0 0 0 0 0 0 0 0 0.0057 0.0471 0.1505 0.2948 0.422 0.4063 0.3423 0.2168 0.0899 0.0237 0.0009 0 0 0 0 0 0 0 0 0 0.0038 0.0571 0.2087 0.3535 0.3691 0.4084 0.2712 0.1709 0.1042 0.0435 0.0096 0 0 0 0 0 0 0 0 0 0 0 0 0 0 0 0 0 0 0 0 0 0 0 0 0 0 0 0 0 0 0 0 0 0 0 0 0 0 0 0 0 0 0 0 0 0 0 0 0 0 0 0 0 0 0 
0.392 0.3959 0.1707 0.0361 0.0053 0 0 0 0 0 0 0 0 0 0 0.0089 0.0957 0.3632 0.4205 0.423 0.3889 0.2145 0.058 0.0222 0.0051 0 0 0 0 0 0 0 0 0 0.0013 0.0204 0.1125 0.4008 0.4418 0.3831 0.3406 0.1515 0.0875 0.0371 0.0202 0.0032 0 0 0 0 0 0 0 0 0 0 0 0 0 0 0 0 0 0 0 0 0 0 0 0 0 0 0 0 0 0 0 0 0 0 0 0 0 0 0 0 0 0 0 0 0 0 0 0 0 0 0 0 0 0 
0.6696 0.2676 0.0606 0.0022 0 0 0 0 0 0 0 0 0 0 0 0.0034 0.0295 0.225 0.6539 0.6526 0.3221 0.1083 0.0052 0 0 0 0 0 0 0 0 0 0 0 0.0005 0.0044 0.0565 0.3443 0.6063 0.4827 0.3361 0.1421 0.0271 0 0 0 0 0 0 0 0 0 0 0 0 0 0 0 0 0 0 0 0 0 0 0 0 0 0 0 0 0 0 0 0 0 0 0 0 0 0 0 0 0 0 0 0 0 0 0 0 0 0 0 0 0 0 0 0 0 
0.5937 0.2998 0.092 0.0145 0 0 0 0 0 0 0 0 0 0 0.0013 0.0049 0.0759 0.2876 0.5043 0.5809 0.3294 0.147 0.0541 0.0112 0.0034 0 0 0 0 0 0 0 0 0.0002 0.0025 0.0247 0.1512 0.3308 0.4887 0.4522 0.2904 0.1419 0.0683 0.0373 0.0096 0.0022 0 0 0 0 0 0 0 0 0 0 0 0 0 0 0 0 0 0 0 0 0 0 0 0 0 0 0 0 0 0 0 0 0 0 0 0 0 0 0 0 0 0 0 0 0 0 0 0 0 0 0 0 0 0 
0.7459 0.1882 0.0569 0.009 0 0 0 0 0 0 0 0 0 0 0 0.0042 0.0362 0.1973 0.5828 0.7397 0.3428 0.0812 0.0143 0.0015 0 0 0 0 0 0 0 0 0 0 0 0.0106 0.0734 0.2544 0.5052 0.5758 0.3815 0.1574 0.0354 0.0063 0 0 0 0 0 0 0 0 0 0 0 0 0 0 0 0 0 0 0 0 0 0 0 0 0 0 0 0 0 0 0 0 0 0 0 0 0 0 0 0 0 0 0 0 0 0 0 0 0 0 0 0 0 0 0 0 
0.2867 0.2988 0.2351 0.1423 0.0358 0.0013 0 0 0 0 0 0 0 0 0.029 0.118 0.2105 0.2951 0.2936 0.2578 0.3137 0.2301 0.2039 0.0469 0.0014 0 0 0 0 0 0 0 0.0006 0.0112 0.0371 0.1106 0.1707 0.2332 0.2682 0.2895 0.2834 0.3 0.1949 0.0792 0.0149 0.0065 0 0 0 0 0 0 0 0 0 0 0 0 0 0 0 0 0 0 0 0 0 0 0 0 0 0 0 0 0 0 0 0 0 0 0 0 0 0 0 0 0 0 0 0 0 0 0 0 0 0 0 0 0 0 
0.2282 0.2764 0.2474 0.1538 0.078 0.0162 0 0 0 0 0 0 0.0038 0.016 0.0666 0.15 0.209 0.2793 0.2388 0.2298 0.263 0.2282 0.2081 0.0822 0.0221 0.0031 0 0 0 0 0 0.0022 0.0046 0.0211 0.0741 0.1705 0.2539 0.2604 0.2512 0.2136 0.2257 0.2403 0.1518 0.0941 0.0365 0 0 0 0 0 0 0 0 0 0 0 0 0 0 0 0 0 0 0 0 0 0 0 0 0 0 0 0 0 0 0 0 0 0 0 0 0 0 0 0 0 0 0 0 0 0 0 0 0 0 0 0 0 0 0 
0.3771 0.3156 0.1568 0.0671 0.0298 0.0238 0.0222 0.0076 0 0 0 0.0094 0.0185 0.0274 0.0302 0.065 0.1455 0.2879 0.3913 0.3327 0.3787 0.1719 0.0587 0.027 0.0152 0.0319 0.0087 0 0 0.0024 0.0049 0.0131 0.0155 0.0169 0.023 0.0683 0.1883 0.3182 0.3499 0.3321 0.3015 0.1908 0.0884 0.0399 0.0131 0.0202 0.0049 0.0048 0.0038 0 0 0 0 0 0 0 0 0 0 0 0 0 0 0 0 0 0 0 0 0 0 0 0 0 0 0 0 0 0 0 0 0 0 0 0 0 0 0 0 0 0 0 0 0 0 0 0 0 0 0 
0.3146 0.359 0.1905 0.0791 0.0369 0.0199 0 0 0 0 0 0 0.0042 0.0219 0.0373 0.0751 0.1575 0.3348 0.3168 0.3206 0.3671 0.1971 0.109 0.0366 0.022 0 0 0 0 0 0 0.0046 0.0138 0.0352 0.051 0.0827 0.1989 0.2444 0.2888 0.3627 0.333 0.2191 0.0973 0.0541 0.0106 0.0038 0 0 0 0 0 0 0 0 0 0 0 0 0 0 0 0 0 0 0 0 0 0 0 0 0 0 0 0 0 0 0 0 0 0 0 0 0 0 0 0 0 0 0 0 0 0 0 0 0 0 0 0 0 0 
0.1948 0.2655 0.2304 0.1374 0.0921 0.0463 0.0136 0.0123 0.0076 0 0.0051 0.0043 0.02 0.0451 0.0904 0.1362 0.2174 0.2642 0.2005 0.2094 0.2562 0.2391 0.1182 0.0829 0.0602 0.0244 0.0161 0.0103 0 0 0 0.0119 0.0224 0.041 0.0788 0.1555 0.2039 0.2437 0.2171 0.2354 0.2316 0.1952 0.1551 0.0816 0.0595 0.0351 0.0215 0.0107 0 0 0 0 0 0 0 0 0 0 0 0 0 0 0 0 0 0 0 0 0 0 0 0 0 0 0 0 0 0 0 0 0 0 0 0 0 0 0 0 0 0 0 0 0 0 0 0 0 0 0 0 
0.4024 0.2161 0.1549 0.1115 0.0668 0.0302 0.0174 0.0007 0 0 0 0.0022 0.0057 0.024 0.0622 0.1196 0.1466 0.228 0.3573 0.3808 0.2617 0.1814 0.1102 0.0444 0.045 0.0248 0.0053 0.0008 0 0 0 0 0.0066 0.0157 0.0642 0.1303 0.1775 0.2643 0.3496 0.3541 0.2748 0.145 0.0718 0.0562 0.0342 0.0273 0.0191 0.0093 0 0 0 0 0 0 0 0 0 0 0 0 0 0 0 0 0 0 0 0 0 0 0 0 0 0 0 0 0 0 0 0 0 0 0 0 0 0 0 0 0 0 0 0 0 0 0 0 0 0 0 0 
0.4023 0.4315 0.1327 0.0244 0.0091 0 0 0 0 0 0 0 0 0.0026 0.0045 0.0176 0.0885 0.3422 0.4366 0.4662 0.4011 0.1853 0.0499 0.0055 0 0 0 0 0 0 0 0 0 0 0.0152 0.0394 0.1676 0.3029 0.4237 0.3981 0.3083 0.2282 0.1005 0.0157 0.0004 0 0 0 0 0 0 0 0 0 0 0 0 0 0 0 0 0 0 0 0 0 0 0 0 0 0 0 0 0 0 0 0 0 0 0 0 0 0 0 0 0 0 0 0 0 0 0 0 0 0 0 0 0 0 0 
0.3851 0.349 0.1848 0.0634 0.0153 0.0024 0 0 0 0 0 0 0 0.0028 0.0061 0.0381 0.1324 0.3188 0.4114 0.36 0.405 0.2115 0.076 0.0332 0.0047 0 0 0 0 0 0 0 0 0.0012 0.0205 0.0676 0.1879 0.3145 0.3633 0.3719 0.3144 0.1845 0.0919 0.0579 0.0212 0.0032 0 0 0 0 0 0 0 0 0 0 0 0 0 0 0 0 0 0 0 0 0 0 0 0 0 0 0 0 0 0 0 0 0 0 0 0 0 0 0 0 0 0 0 0 0 0 0 0 0 0 0 0 0 0 
0.505 0.3449 0.1259 0.023 0.0012 0 0 0 0 0 0 0 0 0 0 0.014 0.1008 0.281 0.4573 0.5953 0.39 0.1349 0.0267 0 0 0 0 0 0 0 0 0 0 0 0.0049 0.0208 0.1178 0.2506 0.4667 0.5446 0.3781 0.1405 0.0518 0.0148 0.0071 0.0023 0 0 0 0 0 0 0 0 0 0 0 0 0 0 0 0 0 0 0 0 0 0 0 0 0 0 0 0 0 0 0 0 0 0 0 0 0 0 0 0 0 0 0 0 0 0 0 0 0 0 0 0 0 0 
0.1842 0.2305 0.2349 0.2147 0.1007 0.0286 0.0064 0 0 0 0 0.0004 0.0083 0.0238 0.0735 0.164 0.2721 0.2183 0.1933 0.1865 0.203 0.2624 0.2495 0.0939 0.0445 0.0048 0.0017 0 0 0 0 0.0021 0.0129 0.0425 0.0863 0.157 0.2156 0.2093 0.2184 0.195 0.2 0.2474 0.2313 0.1031 0.054 0.0154 0.0063 0.0034 0 0 0 0 0 0 0 0 0 0 0 0 0 0 0 0 0 0 0 0 0 0 0 0 0 0 0 0 0 0 0 0 0 0 0 0 0 0 0 0 0 0 0 0 0 0 0 0 0 0 0 0 
0.2698 0.2756 0.2501 0.1248 0.0552 0.0184 0.0061 0 0 0 0 0 0 0.0116 0.0555 0.1207 0.223 0.2987 0.2486 0.2845 0.305 0.2318 0.1206 0.0752 0.0213 0.0035 0 0 0 0 0 0 0 0.0178 0.0571 0.166 0.2272 0.2822 0.2904 0.2918 0.2892 0.157 0.1015 0.0737 0.0386 0.0075 0 0 0 0 0 0 0 0 0 0 0 0 0 0 0 0 0 0 0 0 0 0 0 0 0 0 0 0 0 0 0 0 0 0 0 0 0 0 0 0 0 0 0 0 0 0 0 0 0 0 0 0 0 0 
0.3526 0.2866 0.1446 0.1151 0.0841 0.017 0 0 0 0 0 0 0.0019 0.0216 0.0522 0.0851 0.1719 0.3118 0.3209 0.3179 0.3004 0.1456 0.1241 0.103 0.0406 0.003 0 0 0 0 0 0.0009 0.017 0.0247 0.0478 0.0903 0.1846 0.3151 0.3507 0.2906 0.2138 0.1698 0.1211 0.0855 0.0548 0.0167 0.0064 0.0081 0.0021 0 0 0 0 0 0 0 0 0 0 0 0 0 0 0 0 0 0 0 0 0 0 0 0 0 0 0 0 0 0 0 0 0 0 0 0 0 0 0 0 0 0 0 0 0 0 0 0 0 0 0 
0.4242 0.3708 0.1678 0.037 0.0002 0 0 0 0 0 0 0 0 0 0 0.0164 0.1458 0.3375 0.4041 0.398 0.4265 0.2135 0.0519 0.0063 0 0 0 0 0 0 0 0 0 0 0.0076 0.0494 0.16 0.3247 0.3813 0.3961 0.3657 0.2459 0.0472 0.019 0.0031 0 0 0 0 0 0 0 0 0 0 0 0 0 0 0 0 0 0 0 0 0 0 0 0 0 0 0 0 0 0 0 0 0 0 0 0 0 0 0 0 0 0 0 0 0 0 0 0 0 0 0 0 0 0 0 
0.3497 0.2718 0.2064 0.0761 0.04 0.0265 0.0284 0.0011 0 0 0 0.0091 0.0221 0.0273 0.038 0.0671 0.1783 0.2516 0.3326 0.3501 0.3153 0.2103 0.0965 0.0478 0.0271 0.0183 0.0085 0 0 0 0.0011 0.0216 0.0205 0.0289 0.0448 0.0827 0.1798 0.2533 0.3091 0.3906 0.2856 0.1832 0.0814 0.0617 0.0407 0.0077 0.0056 0.0017 0 0 0 0 0 0 0 0 0 0 0 0 0 0 0 0 0 0 0 0 0 0 0 0 0 0 0 0 0 0 0 0 0 0 0 0 0 0 0 0 0 0 0 0 0 0 0 0 0 0 0 0 
0.4213 0.347 0.1635 0.0564 0.0118 0 0 0 0 0 0 0 0 0 0.0018 0.0303 0.1389 0.32 0.4066 0.4366 0.3737 0.1778 0.0926 0.0217 0 0 0 0 0 0 0 0 0 0 0.015 0.0749 0.1787 0.2931 0.3705 0.3664 0.3443 0.2251 0.1119 0.0201 0 0 0 0 0 0 0 0 0 0 0 0 0 0 0 0 0 0 0 0 0 0 0 0 0 0 0 0 0 0 0 0 0 0 0 0 0 0 0 0 0 0 0 0 0 0 0 0 0 0 0 0 0 0 0 0 
0.233 0.297 0.242 0.1218 0.0677 0.0326 0.0059 0 0 0 0 0 0 0.0135 0.0613 0.1278 0.2486 0.2966 0.2147 0.2303 0.2663 0.2337 0.1718 0.0883 0.0446 0.0025 0 0 0 0 0 0 0.0052 0.0207 0.0747 0.1696 0.2858 0.2442 0.223 0.2058 0.238 0.2322 0.157 0.0894 0.0498 0.0046 0 0 0 0 0 0 0 0 0 0 0 0 0 0 0 0 0 0 0 0 0 0 0 0 0 0 0 0 0 0 0 0 0 0 0 0 0 0 0 0 0 0 0 0 0 0 0 0 0 0 0 0 0 0 
0.4927 0.3606 0.0824 0.0337 0.0266 0.004 0 0 0 0 0 0 0 0 0.0179 0.0378 0.102 0.3578 0.4427 0.4883 0.3757 0.096 0.0481 0.0252 0.0085 0 0 0 0 0 0 0 0.0003 0.0071 0.0167 0.0788 0.2129 0.3341 0.4319 0.4444 0.2743 0.1283 0.0397 0.026 0.0055 0 0 0 0 0 0 0 0 0 0 0 0 0 0 0 0 0 0 0 0 0 0 0 0 0 0 0 0 0 0 0 0 0 0 0 0 0 0 0 0 0 0 0 0 0 0 0 0 0 0 0 0 0 0 0 
0.278 0.3298 0.2116 0.13 0.0444 0.0062 0 0 0 0 0 0 0.0026 0.0065 0.0295 0.0879 0.1893 0.2686 0.3078 0.3072 0.3055 0.2601 0.154 0.0624 0.0177 0.0009 0 0 0 0 0 0 0.0019 0.0113 0.0584 0.0808 0.183 0.2899 0.2745 0.3117 0.2983 0.2245 0.164 0.0826 0.0191 0 0 0 0 0 0 0 0 0 0 0 0 0 0 0 0 0 0 0 0 0 0 0 0 0 0 0 0 0 0 0 0 0 0 0 0 0 0 0 0 0 0 0 0 0 0 0 0 0 0 0 0 0 0 0 
0.288 0.3168 0.2254 0.1355 0.0313 0.002 0.001 0 0 0 0 0 0 0 0.0253 0.1069 0.2242 0.3165 0.3227 0.264 0.3234 0.2144 0.1301 0.0592 0.0133 0 0 0 0 0 0 0 0 0.0071 0.0491 0.1323 0.2826 0.2917 0.3254 0.2766 0.263 0.1838 0.0954 0.0643 0.0255 0.0032 0 0 0 0 0 0 0 0 0 0 0 0 0 0 0 0 0 0 0 0 0 0 0 0 0 0 0 0 0 0 0 0 0 0 0 0 0 0 0 0 0 0 0 0 0 0 0 0 0 0 0 0 0 0 
0.2631 0.3269 0.2391 0.1317 0.0297 0.0095 0 0 0 0 0 0 0.0021 0.0051 0.0166 0.0818 0.2852 0.3276 0.2686 0.2468 0.2888 0.2573 0.146 0.0542 0.0114 0.0085 0 0 0 0 0 0 0 0.009 0.0508 0.1396 0.2877 0.3126 0.2391 0.2743 0.2727 0.207 0.1046 0.0721 0.0295 0.001 0 0 0 0 0 0 0 0 0 0 0 0 0 0 0 0 0 0 0 0 0 0 0 0 0 0 0 0 0 0 0 0 0 0 0 0 0 0 0 0 0 0 0 0 0 0 0 0 0 0 0 0 0 0 
0.4542 0.3732 0.133 0.0374 0.0022 0 0 0 0 0 0 0 0 0 0 0.0265 0.1109 0.3214 0.4 0.4559 0.391 0.2073 0.0656 0.0185 0.0029 0 0 0 0 0 0 0 0 0 0.0008 0.0377 0.1572 0.2984 0.3717 0.4263 0.3458 0.2308 0.0972 0.0266 0.0075 0 0 0 0 0 0 0 0 0 0 0 0 0 0 0 0 0 0 0 0 0 0 0 0 0 0 0 0 0 0 0 0 0 0 0 0 0 0 0 0 0 0 0 0 0 0 0 0 0 0 0 0 0 0 0 
0.5241 0.2908 0.1389 0.0462 0 0 0 0 0 0 0 0 0 0 0 0.0175 0.1054 0.2863 0.5495 0.4696 0.3307 0.1685 0.0633 0.0092 0 0 0 0 0 0 0 0 0 0 0.0002 0.0306 0.1277 0.2432 0.4332 0.4675 0.3303 0.2075 0.1155 0.0443 0 0 0 0 0 0 0 0 0 0 0 0 0 0 0 0 0 0 0 0 0 0 0 0 0 0 0 0 0 0 0 0 0 0 0 0 0 0 0 0 0 0 0 0 0 0 0 0 0 0 0 0 0 0 0 0 
0.2836 0.2849 0.2041 0.1355 0.053 0.0327 0.0062 0 0 0 0 0 0.0046 0.0254 0.0408 0.1131 0.185 0.2814 0.2902 0.2924 0.2753 0.2176 0.1453 0.0733 0.0436 0.012 0 0 0 0 0 0 0.0013 0.0213 0.067 0.143 0.2099 0.258 0.2288 0.2995 0.2563 0.1875 0.1584 0.1093 0.0477 0.0115 0.0005 0 0 0 0 0 0 0 0 0 0 0 0 0 0 0 0 0 0 0 0 0 0 0 0 0 0 0 0 0 0 0 0 0 0 0 0 0 0 0 0 0 0 0 0 0 0 0 0 0 0 0 0 0 
0.2098 0.2932 0.1993 0.1533 0.0908 0.0471 0.0054 0.0011 0 0 0 0 0.0025 0.0499 0.0874 0.1432 0.2293 0.2646 0.2164 0.2376 0.2427 0.2241 0.1284 0.1079 0.0474 0.0186 0 0 0 0 0 0.0001 0.0077 0.0448 0.1002 0.1612 0.235 0.2473 0.2206 0.2509 0.2356 0.1832 0.1469 0.0957 0.0549 0.0159 0 0 0 0 0 0 0 0 0 0 0 0 0 0 0 0 0 0 0 0 0 0 0 0 0 0 0 0 0 0 0 0 0 0 0 0 0 0 0 0 0 0 0 0 0 0 0 0 0 0 0 0 0 0 
0.2988 0.2721 0.1693 0.1588 0.0631 0.0216 0.0163 0 0 0 0 0.0022 0.0029 0.0295 0.0539 0.1662 0.1969 0.2801 0.2855 0.3071 0.2452 0.1953 0.1317 0.0471 0.0341 0.0206 0.0017 0 0 0 0 0.0016 0.0178 0.0419 0.1133 0.1811 0.2204 0.2755 0.3182 0.2575 0.2395 0.1486 0.0762 0.0567 0.0307 0.0164 0.0046 0 0 0 0 0 0 0 0 0 0 0 0 0 0 0 0 0 0 0 0 0 0 0 0 0 0 0 0 0 0 0 0 0 0 0 0 0 0 0 0 0 0 0 0 0 0 0 0 0 0 0 0 0 
0.2996 0.3057 0.1846 0.1021 0.0679 0.032 0.0073 0.0008 0 0 0 0 0 0.0174 0.0681 0.0979 0.1736 0.305 0.2907 0.3336 0.3141 0.1884 0.0812 0.0666 0.0513 0.0086 0.0035 0 0 0 0 0 0 0.0107 0.0686 0.1271 0.2081 0.3326 0.2494 0.3151 0.2961 0.1803 0.0736 0.0753 0.0303 0.0283 0.0045 0 0 0 0 0 0 0 0 0 0 0 0 0 0 0 0 0 0 0 0 0 0 0 0 0 0 0 0 0 0 0 0 0 0 0 0 0 0 0 0 0 0 0 0 0 0 0 0 0 0 0 0 0 
0.2976 0.3068 0.2534 0.1041 0.033 0.0051 0 0 0 0 0 0 0 0.0016 0.025 0.0775 0.2424 0.2843 0.301 0.2721 0.3244 0.2947 0.1365 0.0334 0.0071 0 0 0 0 0 0 0 0.0024 0.0027 0.0282 0.1332 0.2141 0.2899 0.2996 0.2979 0.2661 0.2341 0.1277 0.0597 0.03 0.0118 0.0026 0 0 0 0 0 0 0 0 0 0 0 0 0 0 0 0 0 0 0 0 0 0 0 0 0 0 0 0 0 0 0 0 0 0 0 0 0 0 0 0 0 0 0 0 0 0 0 0 0 0 0 0 0 
0.2354 0.3277 0.3147 0.1095 0.0114 0.0013 0 0 0 0 0 0 0 0 0.0092 0.1188 0.2802 0.3127 0.2303 0.2265 0.2981 0.2906 0.1893 0.0437 0.0006 0 0 0 0 0 0 0 0 0.006 0.0307 0.1224 0.248 0.277 0.2756 0.2847 0.3007 0.2511 0.1319 0.0622 0.0097 0 0 0 0 0 0 0 0 0 0 0 0 0 0 0 0 0 0 0 0 0 0 0 0 0 0 0 0 0 0 0 0 0 0 0 0 0 0 0 0 0 0 0 0 0 0 0 0 0 0 0 0 0 0 0 
0.426 0.2667 0.162 0.0872 0.0463 0.0098 0.002 0 0 0 0 0 0 0.0071 0.0507 0.0682 0.1188 0.3037 0.3875 0.4007 0.2989 0.181 0.1183 0.0468 0.0171 0.0012 0 0 0 0 0 0 0.0021 0.0103 0.0635 0.0696 0.1325 0.2864 0.3556 0.4051 0.3197 0.1669 0.1021 0.0568 0.0273 0.0021 0 0 0 0 0 0 0 0 0 0 0 0 0 0 0 0 0 0 0 0 0 0 0 0 0 0 0 0 0 0 0 0 0 0 0 0 0 0 0 0 0 0 0 0 0 0 0 0 0 0 0 0 0 0 
0.4334 0.3316 0.1214 0.0532 0.0501 0.0084 0.0019 0 0 0 0 0 0 0.0083 0.0256 0.0585 0.107 0.2942 0.4309 0.3934 0.3847 0.173 0.0522 0.0411 0.013 0.0181 0 0 0 0 0 0 0 0.0087 0.0384 0.0699 0.1306 0.2813 0.4075 0.4042 0.2965 0.2018 0.1004 0.0332 0.0222 0.0053 0 0 0 0 0 0 0 0 0 0 0 0 0 0 0 0 0 0 0 0 0 0 0 0 0 0 0 0 0 0 0 0 0 0 0 0 0 0 0 0 0 0 0 0 0 0 0 0 0 0 0 0 0 0 
0.3394 0.3376 0.205 0.1 0.018 0 0 0 0 0 0 0 0 0 0.0099 0.0744 0.1902 0.3444 0.2936 0.314 0.3526 0.2484 0.1433 0.0287 0.0005 0 0 0 0 0 0 0 0 0.0018 0.0192 0.0871 0.1877 0.2948 0.3046 0.2766 0.3094 0.2723 0.1422 0.0844 0.0199 0 0 0 0 0 0 0 0 0 0 0 0 0 0 0 0 0 0 0 0 0 0 0 0 0 0 0 0 0 0 0 0 0 0 0 0 0 0 0 0 0 0 0 0 0 0 0 0 0 0 0 0 0 0 0 
0.2347 0.2739 0.2535 0.1733 0.0585 0.0061 0 0 0 0 0 0 0 0.0021 0.0269 0.1374 0.2695 0.2691 0.2606 0.2144 0.265 0.2274 0.2185 0.098 0.0103 0.0008 0 0 0 0 0 0 0 0.0051 0.0353 0.1642 0.2385 0.2779 0.2714 0.2276 0.2604 0.2153 0.1569 0.0911 0.0405 0.0158 0 0 0 0 0 0 0 0 0 0 0 0 0 0 0 0 0 0 0 0 0 0 0 0 0 0 0 0 0 0 0 0 0 0 0 0 0 0 0 0 0 0 0 0 0 0 0 0 0 0 0 0 0 0 
0.5097 0.3365 0.1336 0.0202 0 0 0 0 0 0 0 0 0 0 0.0027 0.0288 0.0946 0.2844 0.4726 0.54 0.4006 0.1421 0.0249 0.0093 0 0 0 0 0 0 0 0 0 0 0.0018 0.0236 0.132 0.2548 0.4748 0.492 0.3376 0.1827 0.0744 0.0215 0.0048 0 0 0 0 0 0 0 0 0 0 0 0 0 0 0 0 0 0 0 0 0 0 0 0 0 0 0 0 0 0 0 0 0 0 0 0 0 0 0 0 0 0 0 0 0 0 0 0 0 0 0 0 0 0 0 
0.4914 0.2769 0.1403 0.0483 0.0311 0.0113 0.0007 0 0 0 0 0 0 0.0101 0.0282 0.0525 0.0985 0.2568 0.4621 0.5564 0.3039 0.1285 0.0554 0.0327 0.0149 0 0 0 0 0 0 0 0.0011 0.0108 0.0283 0.0677 0.1814 0.3033 0.4802 0.4573 0.2451 0.1108 0.0873 0.0225 0.0024 0.0018 0 0 0 0 0 0 0 0 0 0 0 0 0 0 0 0 0 0 0 0 0 0 0 0 0 0 0 0 0 0 0 0 0 0 0 0 0 0 0 0 0 0 0 0 0 0 0 0 0 0 0 0 0 0 
0.2666 0.3511 0.2463 0.1049 0.0224 0.0087 0 0 0 0 0 0 0.0025 0.0074 0.0213 0.0884 0.2534 0.3365 0.2322 0.2869 0.3193 0.2783 0.1274 0.0364 0.0078 0.0022 0 0 0 0 0 0 0.0039 0.0024 0.0315 0.149 0.2669 0.2827 0.2974 0.2918 0.3202 0.1866 0.1112 0.0365 0.0128 0.0071 0 0 0 0 0 0 0 0 0 0 0 0 0 0 0 0 0 0 0 0 0 0 0 0 0 0 0 0 0 0 0 0 0 0 0 0 0 0 0 0 0 0 0 0 0 0 0 0 0 0 0 0 0 0 
0.2252 0.3051 0.188 0.1491 0.0923 0.0338 0.0065 0 0 0 0 0 0 0.0281 0.1064 0.1403 0.217 0.2832 0.209 0.245 0.2969 0.1987 0.1353 0.0938 0.0356 0.01 0.0007 0 0 0 0 0 0.0149 0.0526 0.1057 0.1717 0.2264 0.2559 0.2462 0.2686 0.2383 0.165 0.1312 0.0623 0.0378 0.0182 0.0052 0 0 0 0 0 0 0 0 0 0 0 0 0 0 0 0 0 0 0 0 0 0 0 0 0 0 0 0 0 0 0 0 0 0 0 0 0 0 0 0 0 0 0 0 0 0 0 0 0 0 0 0 0 
0.5148 0.2536 0.1128 0.0549 0.0295 0.0283 0.0061 0 0 0 0 0.0006 0.0019 0.0286 0.0347 0.0554 0.0878 0.2796 0.5278 0.4717 0.2676 0.12 0.0572 0.0361 0.0272 0.0038 0 0 0 0 0 0.0043 0.011 0.0261 0.0494 0.081 0.1519 0.3712 0.5246 0.4093 0.1863 0.087 0.0536 0.0248 0.0151 0.0044 0 0 0 0 0 0 0 0 0 0 0 0 0 0 0 0 0 0 0 0 0 0 0 0 0 0 0 0 0 0 0 0 0 0 0 0 0 0 0 0 0 0 0 0 0 0 0 0 0 0 0 0 0 0 
0.4139 0.3917 0.1519 0.0338 0.0087 0 0 0 0 0 0 0 0 0 0.0016 0.0235 0.1339 0.3434 0.4276 0.3981 0.3961 0.194 0.0631 0.0175 0.0012 0 0 0 0 0 0 0 0 0 0.0036 0.0342 0.1396 0.3067 0.3421 0.4059 0.3705 0.2028 0.1239 0.0588 0.0119 0 0 0 0 0 0 0 0 0 0 0 0 0 0 0 0 0 0 0 0 0 0 0 0 0 0 0 0 0 0 0 0 0 0 0 0 0 0 0 0 0 0 0 0 0 0 0 0 0 0 0 0 0 0 0 
0.4505 0.327 0.1108 0.0686 0.03 0.0131 0 0 0 0 0 0 0 0.0021 0.0228 0.0666 0.0957 0.2622 0.418 0.4374 0.3993 0.1481 0.0737 0.049 0.0214 0.0037 0 0 0 0 0 0 0.001 0.0051 0.0531 0.0517 0.1076 0.2609 0.4036 0.4134 0.3521 0.1761 0.091 0.0615 0.0222 0.0007 0 0 0 0 0 0 0 0 0 0 0 0 0 0 0 0 0 0 0 0 0 0 0 0 0 0 0 0 0 0 0 0 0 0 0 0 0 0 0 0 0 0 0 0 0 0 0 0 0 0 0 0 0 0 
0.2932 0.2733 0.1771 0.1163 0.1113 0.0245 0.0043 0 0 0 0 0 0.0002 0.0289 0.0839 0.1191 0.159 0.2828 0.2671 0.2729 0.2931 0.1896 0.1194 0.1106 0.0622 0.0112 0 0 0 0 0 0.0023 0.005 0.0363 0.0787 0.127 0.1619 0.2678 0.3242 0.3041 0.2238 0.1663 0.1416 0.0906 0.0418 0.0187 0.0072 0.0027 0 0 0 0 0 0 0 0 0 0 0 0 0 0 0 0 0 0 0 0 0 0 0 0 0 0 0 0 0 0 0 0 0 0 0 0 0 0 0 0 0 0 0 0 0 0 0 0 0 0 0 0 
0.6262 0.3263 0.0447 0.0028 0 0 0 0 0 0 0 0 0 0 0 0 0.0193 0.1992 0.5186 0.5943 0.5087 0.127 0.03 0.0029 0 0 0 0 0 0 0 0 0 0 0 0 0.0444 0.209 0.5058 0.5189 0.4254 0.1853 0.0759 0.029 0.0063 0 0 0 0 0 0 0 0 0 0 0 0 0 0 0 0 0 0 0 0 0 0 0 0 0 0 0 0 0 0 0 0 0 0 0 0 0 0 0 0 0 0 0 0 0 0 0 0 0 0 0 0 0 0 0 
0.4956 0.2705 0.1194 0.0543 0.0344 0.021 0.0048 0 0 0 0 0 0.004 0.0215 0.0273 0.0554 0.0972 0.2682 0.4588 0.5119 0.2869 0.1323 0.0581 0.0421 0.0259 0.0104 0 0 0 0 0 0.0015 0.0105 0.024 0.0375 0.0509 0.1401 0.3207 0.4399 0.3657 0.3209 0.1353 0.0825 0.0251 0.0161 0.015 0.0049 0.0084 0.001 0 0 0 0 0 0 0 0 0 0 0 0 0 0 0 0 0 0 0 0 0 0 0 0 0 0 0 0 0 0 0 0 0 0 0 0 0 0 0 0 0 0 0 0 0 0 0 0 0 0 0 
0.3203 0.3047 0.2238 0.0979 0.0433 0.01 0 0 0 0 0 0 0 0 0.0179 0.1121 0.2252 0.3064 0.3179 0.2833 0.293 0.2587 0.1139 0.0548 0.0168 0 0 0 0 0 0 0 0 0 0.0439 0.1393 0.2334 0.2797 0.2681 0.2881 0.286 0.2642 0.1203 0.0476 0.0198 0.0083 0.0013 0 0 0 0 0 0 0 0 0 0 0 0 0 0 0 0 0 0 0 0 0 0 0 0 0 0 0 0 0 0 0 0 0 0 0 0 0 0 0 0 0 0 0 0 0 0 0 0 0 0 0 0 0 
0.1879 0.2208 0.2477 0.1805 0.0908 0.0458 0.0258 0.0007 0 0 0 0.0027 0.019 0.0318 0.0762 0.1811 0.2223 0.2489 0.1891 0.1758 0.2219 0.2019 0.1883 0.1294 0.0732 0.0332 0.0052 0 0 0 0 0.0046 0.0216 0.049 0.0831 0.1919 0.23 0.2129 0.1965 0.1766 0.2051 0.2265 0.1594 0.1139 0.0818 0.0434 0.0037 0 0 0 0 0 0 0 0 0 0 0 0 0 0 0 0 0 0 0 0 0 0 0 0 0 0 0 0 0 0 0 0 0 0 0 0 0 0 0 0 0 0 0 0 0 0 0 0 0 0 0 0 0 
0.7026 0.1509 0.057 0.0319 0.0197 0.0075 0.0028 0.0116 0.0115 0.0045 0.0055 0.0168 0.0074 0.0068 0.0215 0.0251 0.0447 0.1303 0.6424 0.7449 0.1937 0.0693 0.0267 0.013 0.0195 0.0054 0.007 0.0186 0.0014 0.0013 0.004 0.0035 0.0103 0.0205 0.0294 0.0409 0.0871 0.296 0.6472 0.51 0.217 0.054 0.016 0.0078 0.008 0.0084 0.0161 0.0077 0.0148 0 0 0 0 0 0 0 0 0 0 0 0 0 0 0 0 0 0 0 0 0 0 0 0 0 0 0 0 0 0 0 0 0 0 0 0 0 0 0 0 0 0 0 0 0 0 0 0 0 0 0 
0.208 0.2877 0.2878 0.1639 0.036 0.0144 0.0022 0 0 0 0 0 0 0.0012 0.0271 0.1466 0.2972 0.2538 0.2277 0.2335 0.2834 0.2687 0.1658 0.0723 0.0167 0.006 0 0 0 0 0 0 0 0.0078 0.0544 0.2086 0.2472 0.222 0.237 0.2504 0.2631 0.2364 0.1581 0.0814 0.0266 0.0042 0.0028 0 0 0 0 0 0 0 0 0 0 0 0 0 0 0 0 0 0 0 0 0 0 0 0 0 0 0 0 0 0 0 0 0 0 0 0 0 0 0 0 0 0 0 0 0 0 0 0 0 0 0 0 0 
0.171 0.2365 0.2974 0.2377 0.0529 0.0045 0 0 0 0 0 0 0 0 0.0287 0.2132 0.2914 0.2305 0.2 0.1893 0.2198 0.3054 0.214 0.0928 0.0149 0 0 0 0 0 0 0 0 0.0136 0.0797 0.1688 0.2591 0.2309 0.2198 0.2118 0.2305 0.2611 0.1831 0.0836 0.0384 0.0104 0.0092 0 0 0 0 0 0 0 0 0 0 0 0 0 0 0 0 0 0 0 0 0 0 0 0 0 0 0 0 0 0 0 0 0 0 0 0 0 0 0 0 0 0 0 0 0 0 0 0 0 0 0 0 0 
