0.025 0.075 0.125 0.175 0.225 0.275 0.325 0.375 0.425 0.475 0.525 0.575 0.625 0.675 0.725 0.775 0.825 0.875 0.925 0.975 1.025 1.075 1.125 1.175 1.225 1.275 1.325 1.375 1.425 1.475 1.525 1.575 1.625 1.675 1.725 1.775 1.825 1.875 1.925 1.975 2.025 2.075 2.125 2.175 2.225 2.275 2.325 2.375 2.425 2.475 2.525 2.575 2.625 2.675 2.725 2.775 2.825 2.875 2.925 2.975 3.025 3.075 3.125 3.175 3.225 3.275 3.325 3.375 3.425 3.475 3.525 3.575 3.625 3.675 3.725 3.775 3.825 3.875 3.925 3.975 4.025 4.075 4.125 4.175 4.225 4.275 4.325 4.375 4.425 4.475 4.525 4.575 4.625 4.675 4.725 4.775 4.825 4.875 4.925 4.975 
0 0 0 0 0 0.001 0 0 0 0 0 0 0 0 0 0 0 0 0 0 0 0 0 0 0 0 0 0 0 0 0 0 0 0 0 0 0 0 0 0 0 0 0 0 0 0 0 0 0 0 0 0 0 0 0 0 0 0 0 0 0 0 0 0 0 0 0 0 0 0 0 0 0 0 0 0 0 0 0 0 0 0 0 0 0 0 0 0 0 0 0 0 0 0 0 0 0 0 0 0 
0.325 0.08 0.046 0.038 0.035 0.024 0.017 0.017 0.015 0.016 0.016 0.018 0.017 0.019 0.019 0.02 0.018 0.018 0.019 0.02 0.022 0.016 0.012 0.01 0.009 0.01 0.01 0.009 0.012 0.012 0.015 0.02 0.046 0 0 0 0 0 0 0 0 0 0 0 0 0 0 0 0 0 0 0 0 0 0 0 0 0 0 0 0 0 0 0 0 0 0 0 0 0 0 0 0 0 0 0 0 0 0 0 0 0 0 0 0 0 0 0 0 0 0 0 0 0 0 0 0 0 0 0 
0.079 0.098 0.194 0.077 0.108 0.02 0.021 0.019 0.021 0.022 0.025 0.025 0.029 0.036 0.046 0.07 0.11 0 0 0 0 0 0 0 0 0 0 0 0 0 0 0 0 0 0 0 0 0 0 0 0 0 0 0 0 0 0 0 0 0 0 0 0 0 0 0 0 0 0 0 0 0 0 0 0 0 0 0 0 0 0 0 0 0 0 0 0 0 0 0 0 0 0 0 0 0 0 0 0 0 0 0 0 0 0 0 0 0 0 0 
0.053 0.06 0.065 0.083 0.121 0.121 0.097 0.065 0.099 0.028 0.038 0.06 0.07 0.04 0 0 0 0 0 0 0 0 0 0 0 0 0 0 0 0 0 0 0 0 0 0 0 0 0 0 0 0 0 0 0 0 0 0 0 0 0 0 0 0 0 0 0 0 0 0 0 0 0 0 0 0 0 0 0 0 0 0 0 0 0 0 0 0 0 0 0 0 0 0 0 0 0 0 0 0 0 0 0 0 0 0 0 0 0 0 
0.055 0.057 0.068 0.08 0.105 0.163 0.125 0.019 0.021 0.022 0.027 0.037 0.026 0.024 0.035 0.072 0.013 0.051 0 0 0 0 0 0 0 0 0 0 0 0 0 0 0 0 0 0 0 0 0 0 0 0 0 0 0 0 0 0 0 0 0 0 0 0 0 0 0 0 0 0 0 0 0 0 0 0 0 0 0 0 0 0 0 0 0 0 0 0 0 0 0 0 0 0 0 0 0 0 0 0 0 0 0 0 0 0 0 0 0 0 
0.071 0.096 0.1 0.062 0.046 0.033 0.029 0.025 0.023 0.022 0.022 0.021 0.021 0.021 0.024 0.025 0.03 0.028 0.017 0.016 0.017 0.014 0.016 0.016 0.016 0.018 0.017 0.015 0.013 0.011 0.011 0.011 0.013 0.014 0.019 0.047 0 0 0 0 0 0 0 0 0 0 0 0 0 0 0 0 0 0 0 0 0 0 0 0 0 0 0 0 0 0 0 0 0 0 0 0 0 0 0 0 0 0 0 0 0 0 0 0 0 0 0 0 0 0 0 0 0 0 0 0 0 0 0 0 
0.085 0.146 0.136 0.075 0.073 0.129 0.013 0.014 0.015 0.016 0.033 0.037 0.052 0.065 0.017 0.023 0.042 0.029 0 0 0 0 0 0 0 0 0 0 0 0 0 0 0 0 0 0 0 0 0 0 0 0 0 0 0 0 0 0 0 0 0 0 0 0 0 0 0 0 0 0 0 0 0 0 0 0 0 0 0 0 0 0 0 0 0 0 0 0 0 0 0 0 0 0 0 0 0 0 0 0 0 0 0 0 0 0 0 0 0 0 
0.053 0.055 0.056 0.06 0.064 0.076 0.079 0.1 0.163 0.246 0.048 0 0 0 0 0 0 0 0 0 0 0 0 0 0 0 0 0 0 0 0 0 0 0 0 0 0 0 0 0 0 0 0 0 0 0 0 0 0 0 0 0 0 0 0 0 0 0 0 0 0 0 0 0 0 0 0 0 0 0 0 0 0 0 0 0 0 0 0 0 0 0 0 0 0 0 0 0 0 0 0 0 0 0 0 0 0 0 0 0 
0.051 0.053 0.065 0.122 0.183 0.098 0.021 0.025 0.026 0.029 0.033 0.036 0.048 0.079 0.045 0.032 0.054 0 0 0 0 0 0 0 0 0 0 0 0 0 0 0 0 0 0 0 0 0 0 0 0 0 0 0 0 0 0 0 0 0 0 0 0 0 0 0 0 0 0 0 0 0 0 0 0 0 0 0 0 0 0 0 0 0 0 0 0 0 0 0 0 0 0 0 0 0 0 0 0 0 0 0 0 0 0 0 0 0 0 0 
0.035 0.04 0.044 0.033 0.037 0.04 0.052 0.073 0.103 0.043 0.053 0.085 0.074 0.048 0.067 0.045 0.018 0.019 0.026 0.049 0.016 0 0 0 0 0 0 0 0 0 0 0 0 0 0 0 0 0 0 0 0 0 0 0 0 0 0 0 0 0 0 0 0 0 0 0 0 0 0 0 0 0 0 0 0 0 0 0 0 0 0 0 0 0 0 0 0 0 0 0 0 0 0 0 0 0 0 0 0 0 0 0 0 0 0 0 0 0 0 0 
0.059 0.059 0.062 0.059 0.066 0.079 0.132 0.066 0.056 0.062 0.06 0.061 0.101 0.076 0.002 0 0 0 0 0 0 0 0 0 0 0 0 0 0 0 0 0 0 0 0 0 0 0 0 0 0 0 0 0 0 0 0 0 0 0 0 0 0 0 0 0 0 0 0 0 0 0 0 0 0 0 0 0 0 0 0 0 0 0 0 0 0 0 0 0 0 0 0 0 0 0 0 0 0 0 0 0 0 0 0 0 0 0 0 0 
0.077 0.076 0.068 0.052 0.041 0.036 0.033 0.032 0.031 0.03 0.047 0.048 0.041 0.034 0.033 0.034 0.035 0.041 0.053 0.057 0.021 0.03 0.05 0 0 0 0 0 0 0 0 0 0 0 0 0 0 0 0 0 0 0 0 0 0 0 0 0 0 0 0 0 0 0 0 0 0 0 0 0 0 0 0 0 0 0 0 0 0 0 0 0 0 0 0 0 0 0 0 0 0 0 0 0 0 0 0 0 0 0 0 0 0 0 0 0 0 0 0 0 
0.081 0.073 0.06 0.048 0.043 0.037 0.032 0.026 0.025 0.025 0.022 0.022 0.024 0.029 0.032 0.034 0.037 0.046 0.058 0.103 0.071 0.072 0 0 0 0 0 0 0 0 0 0 0 0 0 0 0 0 0 0 0 0 0 0 0 0 0 0 0 0 0 0 0 0 0 0 0 0 0 0 0 0 0 0 0 0 0 0 0 0 0 0 0 0 0 0 0 0 0 0 0 0 0 0 0 0 0 0 0 0 0 0 0 0 0 0 0 0 0 0 
0.159 0.07 0.046 0.041 0.03 0.028 0.028 0.029 0.029 0.031 0.028 0.027 0.026 0.024 0.025 0.024 0.025 0.027 0.025 0.022 0.02 0.018 0.019 0.019 0.022 0.024 0.031 0.062 0.018 0.023 0 0 0 0 0 0 0 0 0 0 0 0 0 0 0 0 0 0 0 0 0 0 0 0 0 0 0 0 0 0 0 0 0 0 0 0 0 0 0 0 0 0 0 0 0 0 0 0 0 0 0 0 0 0 0 0 0 0 0 0 0 0 0 0 0 0 0 0 0 0 
0.039 0.038 0.04 0.037 0.041 0.052 0.056 0.055 0.053 0.054 0.05 0.051 0.047 0.048 0.052 0.087 0.021 0.021 0.024 0.03 0.058 0.003 0.004 0.003 0.004 0.004 0.005 0.006 0.011 0.006 0 0 0 0 0 0 0 0 0 0 0 0 0 0 0 0 0 0 0 0 0 0 0 0 0 0 0 0 0 0 0 0 0 0 0 0 0 0 0 0 0 0 0 0 0 0 0 0 0 0 0 0 0 0 0 0 0 0 0 0 0 0 0 0 0 0 0 0 0 0 
0.133 0.194 0.162 0.041 0.034 0.021 0.02 0.02 0.02 0.02 0.021 0.022 0.025 0.027 0.033 0.042 0.059 0.106 0 0 0 0 0 0 0 0 0 0 0 0 0 0 0 0 0 0 0 0 0 0 0 0 0 0 0 0 0 0 0 0 0 0 0 0 0 0 0 0 0 0 0 0 0 0 0 0 0 0 0 0 0 0 0 0 0 0 0 0 0 0 0 0 0 0 0 0 0 0 0 0 0 0 0 0 0 0 0 0 0 0 
0.061 0.076 0.123 0.181 0.058 0.04 0.028 0.024 0.022 0.02 0.019 0.02 0.02 0.023 0.025 0.026 0.036 0.056 0.038 0.015 0.02 0.03 0.039 0 0 0 0 0 0 0 0 0 0 0 0 0 0 0 0 0 0 0 0 0 0 0 0 0 0 0 0 0 0 0 0 0 0 0 0 0 0 0 0 0 0 0 0 0 0 0 0 0 0 0 0 0 0 0 0 0 0 0 0 0 0 0 0 0 0 0 0 0 0 0 0 0 0 0 0 0 
0.136 0.115 0.097 0.089 0.059 0.032 0.032 0.026 0.025 0.024 0.026 0.023 0.025 0.028 0.03 0.034 0.044 0.066 0.089 0 0 0 0 0 0 0 0 0 0 0 0 0 0 0 0 0 0 0 0 0 0 0 0 0 0 0 0 0 0 0 0 0 0 0 0 0 0 0 0 0 0 0 0 0 0 0 0 0 0 0 0 0 0 0 0 0 0 0 0 0 0 0 0 0 0 0 0 0 0 0 0 0 0 0 0 0 0 0 0 0 
0.039 0.043 0.048 0.054 0.039 0.045 0.042 0.039 0.04 0.041 0.04 0.041 0.042 0.042 0.047 0.054 0.081 0.016 0.017 0.014 0.015 0.016 0.015 0.016 0.016 0.019 0.023 0.041 0.015 0 0 0 0 0 0 0 0 0 0 0 0 0 0 0 0 0 0 0 0 0 0 0 0 0 0 0 0 0 0 0 0 0 0 0 0 0 0 0 0 0 0 0 0 0 0 0 0 0 0 0 0 0 0 0 0 0 0 0 0 0 0 0 0 0 0 0 0 0 0 0 
0.074 0.099 0.132 0.148 0.079 0.034 0.028 0.027 0.025 0.025 0.024 0.023 0.025 0.025 0.027 0.031 0.042 0.095 0.037 0 0 0 0 0 0 0 0 0 0 0 0 0 0 0 0 0 0 0 0 0 0 0 0 0 0 0 0 0 0 0 0 0 0 0 0 0 0 0 0 0 0 0 0 0 0 0 0 0 0 0 0 0 0 0 0 0 0 0 0 0 0 0 0 0 0 0 0 0 0 0 0 0 0 0 0 0 0 0 0 0 
0.084 0.09 0.083 0.076 0.075 0.093 0.093 0.088 0.141 0.06 0.072 0.005 0.006 0.005 0.007 0.008 0.01 0.004 0 0 0 0 0 0 0 0 0 0 0 0 0 0 0 0 0 0 0 0 0 0 0 0 0 0 0 0 0 0 0 0 0 0 0 0 0 0 0 0 0 0 0 0 0 0 0 0 0 0 0 0 0 0 0 0 0 0 0 0 0 0 0 0 0 0 0 0 0 0 0 0 0 0 0 0 0 0 0 0 0 0 
0.146 0.085 0.06 0.049 0.041 0.035 0.028 0.024 0.024 0.022 0.024 0.024 0.026 0.027 0.031 0.034 0.043 0.068 0.062 0.048 0.006 0.016 0.023 0.054 0 0 0 0 0 0 0 0 0 0 0 0 0 0 0 0 0 0 0 0 0 0 0 0 0 0 0 0 0 0 0 0 0 0 0 0 0 0 0 0 0 0 0 0 0 0 0 0 0 0 0 0 0 0 0 0 0 0 0 0 0 0 0 0 0 0 0 0 0 0 0 0 0 0 0 0 
0.091 0.078 0.065 0.05 0.04 0.035 0.036 0.042 0.039 0.036 0.036 0.036 0.034 0.034 0.037 0.038 0.04 0.047 0.062 0.092 0.032 0 0 0 0 0 0 0 0 0 0 0 0 0 0 0 0 0 0 0 0 0 0 0 0 0 0 0 0 0 0 0 0 0 0 0 0 0 0 0 0 0 0 0 0 0 0 0 0 0 0 0 0 0 0 0 0 0 0 0 0 0 0 0 0 0 0 0 0 0 0 0 0 0 0 0 0 0 0 0 
0.157 0.122 0.09 0.078 0.061 0.043 0.032 0.02 0.02 0.018 0.021 0.022 0.022 0.027 0.028 0.033 0.045 0.068 0.093 0 0 0 0 0 0 0 0 0 0 0 0 0 0 0 0 0 0 0 0 0 0 0 0 0 0 0 0 0 0 0 0 0 0 0 0 0 0 0 0 0 0 0 0 0 0 0 0 0 0 0 0 0 0 0 0 0 0 0 0 0 0 0 0 0 0 0 0 0 0 0 0 0 0 0 0 0 0 0 0 0 
0.059 0.083 0.087 0.076 0.056 0.042 0.035 0.031 0.031 0.027 0.03 0.027 0.031 0.028 0.032 0.029 0.032 0.033 0.039 0.055 0.056 0.028 0.053 0 0 0 0 0 0 0 0 0 0 0 0 0 0 0 0 0 0 0 0 0 0 0 0 0 0 0 0 0 0 0 0 0 0 0 0 0 0 0 0 0 0 0 0 0 0 0 0 0 0 0 0 0 0 0 0 0 0 0 0 0 0 0 0 0 0 0 0 0 0 0 0 0 0 0 0 0 
0.078 0.058 0.065 0.088 0.12 0.041 0.046 0.042 0.04 0.049 0.103 0.026 0.033 0.052 0.054 0.019 0.026 0.06 0 0 0 0 0 0 0 0 0 0 0 0 0 0 0 0 0 0 0 0 0 0 0 0 0 0 0 0 0 0 0 0 0 0 0 0 0 0 0 0 0 0 0 0 0 0 0 0 0 0 0 0 0 0 0 0 0 0 0 0 0 0 0 0 0 0 0 0 0 0 0 0 0 0 0 0 0 0 0 0 0 0 
0.036 0.04 0.041 0.041 0.048 0.055 0.063 0.094 0.206 0.214 0.12 0.042 0 0 0 0 0 0 0 0 0 0 0 0 0 0 0 0 0 0 0 0 0 0 0 0 0 0 0 0 0 0 0 0 0 0 0 0 0 0 0 0 0 0 0 0 0 0 0 0 0 0 0 0 0 0 0 0 0 0 0 0 0 0 0 0 0 0 0 0 0 0 0 0 0 0 0 0 0 0 0 0 0 0 0 0 0 0 0 0 
0.043 0.047 0.048 0.053 0.058 0.068 0.081 0.104 0.167 0.123 0.105 0.028 0.075 0 0 0 0 0 0 0 0 0 0 0 0 0 0 0 0 0 0 0 0 0 0 0 0 0 0 0 0 0 0 0 0 0 0 0 0 0 0 0 0 0 0 0 0 0 0 0 0 0 0 0 0 0 0 0 0 0 0 0 0 0 0 0 0 0 0 0 0 0 0 0 0 0 0 0 0 0 0 0 0 0 0 0 0 0 0 0 
0.074 0.093 0.169 0.051 0.07 0.109 0.024 0.026 0.024 0.026 0.031 0.041 0.05 0.094 0.039 0.06 0.006 0.006 0.005 0.002 0 0 0 0 0 0 0 0 0 0 0 0 0 0 0 0 0 0 0 0 0 0 0 0 0 0 0 0 0 0 0 0 0 0 0 0 0 0 0 0 0 0 0 0 0 0 0 0 0 0 0 0 0 0 0 0 0 0 0 0 0 0 0 0 0 0 0 0 0 0 0 0 0 0 0 0 0 0 0 0 
0.323 0.037 0.03 0.025 0.023 0.022 0.02 0.019 0.019 0.018 0.017 0.017 0.018 0.016 0.018 0.018 0.018 0.018 0.019 0.022 0.02 0.019 0.015 0.017 0.013 0.014 0.013 0.013 0.012 0.009 0.009 0.01 0.009 0.01 0.011 0.012 0.015 0.018 0.044 0 0 0 0 0 0 0 0 0 0 0 0 0 0 0 0 0 0 0 0 0 0 0 0 0 0 0 0 0 0 0 0 0 0 0 0 0 0 0 0 0 0 0 0 0 0 0 0 0 0 0 0 0 0 0 0 0 0 0 0 0 
0.077 0.086 0.07 0.066 0.105 0.085 0.019 0.018 0.018 0.018 0.018 0.019 0.021 0.023 0.025 0.03 0.042 0.061 0.01 0.011 0.009 0.009 0.007 0.007 0.006 0.006 0.005 0.005 0.006 0.009 0.009 0.01 0.011 0.014 0.018 0.042 0.005 0 0 0 0 0 0 0 0 0 0 0 0 0 0 0 0 0 0 0 0 0 0 0 0 0 0 0 0 0 0 0 0 0 0 0 0 0 0 0 0 0 0 0 0 0 0 0 0 0 0 0 0 0 0 0 0 0 0 0 0 0 0 0 
0.054 0.058 0.064 0.078 0.091 0.134 0.058 0.108 0.024 0.029 0.031 0.037 0.048 0.073 0.113 0 0 0 0 0 0 0 0 0 0 0 0 0 0 0 0 0 0 0 0 0 0 0 0 0 0 0 0 0 0 0 0 0 0 0 0 0 0 0 0 0 0 0 0 0 0 0 0 0 0 0 0 0 0 0 0 0 0 0 0 0 0 0 0 0 0 0 0 0 0 0 0 0 0 0 0 0 0 0 0 0 0 0 0 0 
0.049 0.054 0.065 0.081 0.102 0.142 0.03 0.035 0.039 0.045 0.053 0.064 0.07 0.121 0.05 0 0 0 0 0 0 0 0 0 0 0 0 0 0 0 0 0 0 0 0 0 0 0 0 0 0 0 0 0 0 0 0 0 0 0 0 0 0 0 0 0 0 0 0 0 0 0 0 0 0 0 0 0 0 0 0 0 0 0 0 0 0 0 0 0 0 0 0 0 0 0 0 0 0 0 0 0 0 0 0 0 0 0 0 0 
0.114 0.198 0.124 0.049 0.086 0.062 0.017 0.016 0.017 0.018 0.018 0.02 0.023 0.024 0.033 0.052 0.107 0.022 0 0 0 0 0 0 0 0 0 0 0 0 0 0 0 0 0 0 0 0 0 0 0 0 0 0 0 0 0 0 0 0 0 0 0 0 0 0 0 0 0 0 0 0 0 0 0 0 0 0 0 0 0 0 0 0 0 0 0 0 0 0 0 0 0 0 0 0 0 0 0 0 0 0 0 0 0 0 0 0 0 0 
0.049 0.05 0.069 0.084 0.113 0.196 0.062 0.024 0.027 0.031 0.036 0.047 0.068 0.118 0.026 0 0 0 0 0 0 0 0 0 0 0 0 0 0 0 0 0 0 0 0 0 0 0 0 0 0 0 0 0 0 0 0 0 0 0 0 0 0 0 0 0 0 0 0 0 0 0 0 0 0 0 0 0 0 0 0 0 0 0 0 0 0 0 0 0 0 0 0 0 0 0 0 0 0 0 0 0 0 0 0 0 0 0 0 0 
0.088 0.147 0.291 0.023 0.022 0.022 0.02 0.021 0.021 0.023 0.024 0.026 0.029 0.036 0.048 0.094 0.065 0 0 0 0 0 0 0 0 0 0 0 0 0 0 0 0 0 0 0 0 0 0 0 0 0 0 0 0 0 0 0 0 0 0 0 0 0 0 0 0 0 0 0 0 0 0 0 0 0 0 0 0 0 0 0 0 0 0 0 0 0 0 0 0 0 0 0 0 0 0 0 0 0 0 0 0 0 0 0 0 0 0 0 
0.106 0.104 0.073 0.067 0.059 0.05 0.036 0.029 0.026 0.024 0.025 0.025 0.025 0.027 0.03 0.034 0.042 0.08 0.027 0.029 0.023 0.05 0.009 0 0 0 0 0 0 0 0 0 0 0 0 0 0 0 0 0 0 0 0 0 0 0 0 0 0 0 0 0 0 0 0 0 0 0 0 0 0 0 0 0 0 0 0 0 0 0 0 0 0 0 0 0 0 0 0 0 0 0 0 0 0 0 0 0 0 0 0 0 0 0 0 0 0 0 0 0 
0.072 0.077 0.095 0.186 0.11 0.065 0.021 0.022 0.024 0.023 0.025 0.027 0.026 0.031 0.047 0.057 0.014 0.018 0.026 0.034 0 0 0 0 0 0 0 0 0 0 0 0 0 0 0 0 0 0 0 0 0 0 0 0 0 0 0 0 0 0 0 0 0 0 0 0 0 0 0 0 0 0 0 0 0 0 0 0 0 0 0 0 0 0 0 0 0 0 0 0 0 0 0 0 0 0 0 0 0 0 0 0 0 0 0 0 0 0 0 0 
0.054 0.061 0.112 0.09 0.041 0.051 0.112 0.021 0.021 0.023 0.027 0.032 0.049 0.084 0.119 0.043 0.06 0 0 0 0 0 0 0 0 0 0 0 0 0 0 0 0 0 0 0 0 0 0 0 0 0 0 0 0 0 0 0 0 0 0 0 0 0 0 0 0 0 0 0 0 0 0 0 0 0 0 0 0 0 0 0 0 0 0 0 0 0 0 0 0 0 0 0 0 0 0 0 0 0 0 0 0 0 0 0 0 0 0 0 
0.048 0.049 0.051 0.059 0.071 0.101 0.102 0.052 0.07 0.101 0.142 0.06 0.052 0.042 0 0 0 0 0 0 0 0 0 0 0 0 0 0 0 0 0 0 0 0 0 0 0 0 0 0 0 0 0 0 0 0 0 0 0 0 0 0 0 0 0 0 0 0 0 0 0 0 0 0 0 0 0 0 0 0 0 0 0 0 0 0 0 0 0 0 0 0 0 0 0 0 0 0 0 0 0 0 0 0 0 0 0 0 0 0 
0.045 0.047 0.046 0.052 0.059 0.068 0.089 0.147 0.05 0.062 0.089 0.124 0.078 0.044 0 0 0 0 0 0 0 0 0 0 0 0 0 0 0 0 0 0 0 0 0 0 0 0 0 0 0 0 0 0 0 0 0 0 0 0 0 0 0 0 0 0 0 0 0 0 0 0 0 0 0 0 0 0 0 0 0 0 0 0 0 0 0 0 0 0 0 0 0 0 0 0 0 0 0 0 0 0 0 0 0 0 0 0 0 0 
0.037 0.039 0.04 0.044 0.051 0.07 0.123 0.051 0.061 0.024 0.027 0.045 0.083 0.023 0.023 0.022 0.019 0.016 0.013 0.012 0.01 0.01 0.01 0.009 0.008 0.01 0.01 0.01 0.011 0.014 0.017 0.027 0.031 0 0 0 0 0 0 0 0 0 0 0 0 0 0 0 0 0 0 0 0 0 0 0 0 0 0 0 0 0 0 0 0 0 0 0 0 0 0 0 0 0 0 0 0 0 0 0 0 0 0 0 0 0 0 0 0 0 0 0 0 0 0 0 0 0 0 0 
0.065 0.063 0.077 0.12 0.115 0.089 0.074 0.027 0.027 0.033 0.033 0.033 0.035 0.046 0.08 0.083 0 0 0 0 0 0 0 0 0 0 0 0 0 0 0 0 0 0 0 0 0 0 0 0 0 0 0 0 0 0 0 0 0 0 0 0 0 0 0 0 0 0 0 0 0 0 0 0 0 0 0 0 0 0 0 0 0 0 0 0 0 0 0 0 0 0 0 0 0 0 0 0 0 0 0 0 0 0 0 0 0 0 0 0 
0.053 0.07 0.103 0.209 0.122 0.067 0.018 0.018 0.02 0.023 0.023 0.029 0.033 0.047 0.079 0.029 0.057 0 0 0 0 0 0 0 0 0 0 0 0 0 0 0 0 0 0 0 0 0 0 0 0 0 0 0 0 0 0 0 0 0 0 0 0 0 0 0 0 0 0 0 0 0 0 0 0 0 0 0 0 0 0 0 0 0 0 0 0 0 0 0 0 0 0 0 0 0 0 0 0 0 0 0 0 0 0 0 0 0 0 0 
0.047 0.046 0.053 0.062 0.079 0.151 0.185 0.026 0.03 0.035 0.041 0.059 0.117 0.069 0 0 0 0 0 0 0 0 0 0 0 0 0 0 0 0 0 0 0 0 0 0 0 0 0 0 0 0 0 0 0 0 0 0 0 0 0 0 0 0 0 0 0 0 0 0 0 0 0 0 0 0 0 0 0 0 0 0 0 0 0 0 0 0 0 0 0 0 0 0 0 0 0 0 0 0 0 0 0 0 0 0 0 0 0 0 
0.041 0.044 0.048 0.056 0.076 0.136 0.064 0.101 0.026 0.031 0.035 0.059 0.094 0.171 0.018 0 0 0 0 0 0 0 0 0 0 0 0 0 0 0 0 0 0 0 0 0 0 0 0 0 0 0 0 0 0 0 0 0 0 0 0 0 0 0 0 0 0 0 0 0 0 0 0 0 0 0 0 0 0 0 0 0 0 0 0 0 0 0 0 0 0 0 0 0 0 0 0 0 0 0 0 0 0 0 0 0 0 0 0 0 
0.076 0.081 0.093 0.111 0.161 0.17 0.024 0.022 0.025 0.028 0.03 0.025 0.027 0.031 0.049 0.047 0 0 0 0 0 0 0 0 0 0 0 0 0 0 0 0 0 0 0 0 0 0 0 0 0 0 0 0 0 0 0 0 0 0 0 0 0 0 0 0 0 0 0 0 0 0 0 0 0 0 0 0 0 0 0 0 0 0 0 0 0 0 0 0 0 0 0 0 0 0 0 0 0 0 0 0 0 0 0 0 0 0 0 0 
0.069 0.082 0.152 0.026 0.023 0.023 0.022 0.023 0.022 0.022 0.025 0.025 0.028 0.029 0.031 0.038 0.048 0.079 0.026 0.016 0.013 0.011 0.009 0.01 0.009 0.009 0.007 0.009 0.01 0.01 0.011 0.013 0.019 0.031 0.02 0 0 0 0 0 0 0 0 0 0 0 0 0 0 0 0 0 0 0 0 0 0 0 0 0 0 0 0 0 0 0 0 0 0 0 0 0 0 0 0 0 0 0 0 0 0 0 0 0 0 0 0 0 0 0 0 0 0 0 0 0 0 0 0 0 
0.115 0.212 0.183 0.022 0.021 0.021 0.019 0.018 0.025 0.022 0.025 0.028 0.03 0.034 0.04 0.055 0.1 0.03 0 0 0 0 0 0 0 0 0 0 0 0 0 0 0 0 0 0 0 0 0 0 0 0 0 0 0 0 0 0 0 0 0 0 0 0 0 0 0 0 0 0 0 0 0 0 0 0 0 0 0 0 0 0 0 0 0 0 0 0 0 0 0 0 0 0 0 0 0 0 0 0 0 0 0 0 0 0 0 0 0 0 
0.075 0.077 0.069 0.075 0.082 0.07 0.049 0.038 0.03 0.025 0.024 0.022 0.022 0.023 0.022 0.023 0.026 0.029 0.036 0.058 0.037 0.021 0.031 0.036 0 0 0 0 0 0 0 0 0 0 0 0 0 0 0 0 0 0 0 0 0 0 0 0 0 0 0 0 0 0 0 0 0 0 0 0 0 0 0 0 0 0 0 0 0 0 0 0 0 0 0 0 0 0 0 0 0 0 0 0 0 0 0 0 0 0 0 0 0 0 0 0 0 0 0 0 
0.271 0.059 0.059 0.049 0.04 0.033 0.029 0.026 0.025 0.021 0.022 0.021 0.019 0.021 0.022 0.021 0.025 0.028 0.032 0.043 0.072 0.062 0 0 0 0 0 0 0 0 0 0 0 0 0 0 0 0 0 0 0 0 0 0 0 0 0 0 0 0 0 0 0 0 0 0 0 0 0 0 0 0 0 0 0 0 0 0 0 0 0 0 0 0 0 0 0 0 0 0 0 0 0 0 0 0 0 0 0 0 0 0 0 0 0 0 0 0 0 0 
0.16 0.089 0.046 0.037 0.034 0.03 0.027 0.026 0.024 0.022 0.022 0.022 0.021 0.021 0.023 0.022 0.024 0.029 0.016 0.018 0.018 0.02 0.02 0.019 0.016 0.015 0.012 0.011 0.01 0.01 0.009 0.009 0.009 0.009 0.01 0.011 0.013 0.017 0.029 0.02 0 0 0 0 0 0 0 0 0 0 0 0 0 0 0 0 0 0 0 0 0 0 0 0 0 0 0 0 0 0 0 0 0 0 0 0 0 0 0 0 0 0 0 0 0 0 0 0 0 0 0 0 0 0 0 0 0 0 0 0 
0.075 0.078 0.078 0.072 0.056 0.04 0.032 0.028 0.023 0.026 0.024 0.023 0.024 0.028 0.028 0.033 0.039 0.05 0.116 0.048 0.025 0.054 0 0 0 0 0 0 0 0 0 0 0 0 0 0 0 0 0 0 0 0 0 0 0 0 0 0 0 0 0 0 0 0 0 0 0 0 0 0 0 0 0 0 0 0 0 0 0 0 0 0 0 0 0 0 0 0 0 0 0 0 0 0 0 0 0 0 0 0 0 0 0 0 0 0 0 0 0 0 
0.029 0.028 0.037 0.047 0.045 0.045 0.046 0.043 0.043 0.04 0.036 0.033 0.03 0.028 0.025 0.024 0.022 0.021 0.023 0.021 0.022 0.023 0.024 0.027 0.03 0.039 0.07 0.021 0.027 0.051 0 0 0 0 0 0 0 0 0 0 0 0 0 0 0 0 0 0 0 0 0 0 0 0 0 0 0 0 0 0 0 0 0 0 0 0 0 0 0 0 0 0 0 0 0 0 0 0 0 0 0 0 0 0 0 0 0 0 0 0 0 0 0 0 0 0 0 0 0 0 
0.316 0.046 0.027 0.024 0.043 0.028 0.022 0.021 0.017 0.017 0.016 0.014 0.016 0.015 0.015 0.016 0.016 0.017 0.018 0.019 0.021 0.023 0.022 0.019 0.015 0.013 0.011 0.01 0.008 0.008 0.01 0.008 0.01 0.01 0.01 0.014 0.017 0.034 0.014 0 0 0 0 0 0 0 0 0 0 0 0 0 0 0 0 0 0 0 0 0 0 0 0 0 0 0 0 0 0 0 0 0 0 0 0 0 0 0 0 0 0 0 0 0 0 0 0 0 0 0 0 0 0 0 0 0 0 0 0 0 
0.077 0.079 0.091 0.094 0.057 0.054 0.049 0.04 0.034 0.03 0.027 0.025 0.024 0.021 0.02 0.023 0.025 0.03 0.052 0.036 0.012 0.015 0.02 0.03 0.035 0 0 0 0 0 0 0 0 0 0 0 0 0 0 0 0 0 0 0 0 0 0 0 0 0 0 0 0 0 0 0 0 0 0 0 0 0 0 0 0 0 0 0 0 0 0 0 0 0 0 0 0 0 0 0 0 0 0 0 0 0 0 0 0 0 0 0 0 0 0 0 0 0 0 0 
0.038 0.037 0.042 0.047 0.053 0.077 0.116 0.038 0.044 0.045 0.041 0.042 0.07 0.086 0.065 0.012 0.012 0.013 0.015 0.015 0.021 0.032 0.039 0 0 0 0 0 0 0 0 0 0 0 0 0 0 0 0 0 0 0 0 0 0 0 0 0 0 0 0 0 0 0 0 0 0 0 0 0 0 0 0 0 0 0 0 0 0 0 0 0 0 0 0 0 0 0 0 0 0 0 0 0 0 0 0 0 0 0 0 0 0 0 0 0 0 0 0 0 
0.05 0.049 0.054 0.057 0.061 0.065 0.068 0.095 0.154 0.185 0.032 0.039 0.056 0.035 0 0 0 0 0 0 0 0 0 0 0 0 0 0 0 0 0 0 0 0 0 0 0 0 0 0 0 0 0 0 0 0 0 0 0 0 0 0 0 0 0 0 0 0 0 0 0 0 0 0 0 0 0 0 0 0 0 0 0 0 0 0 0 0 0 0 0 0 0 0 0 0 0 0 0 0 0 0 0 0 0 0 0 0 0 0 
0.049 0.053 0.056 0.057 0.065 0.113 0.117 0.099 0.108 0.065 0.094 0.018 0.025 0.042 0.039 0 0 0 0 0 0 0 0 0 0 0 0 0 0 0 0 0 0 0 0 0 0 0 0 0 0 0 0 0 0 0 0 0 0 0 0 0 0 0 0 0 0 0 0 0 0 0 0 0 0 0 0 0 0 0 0 0 0 0 0 0 0 0 0 0 0 0 0 0 0 0 0 0 0 0 0 0 0 0 0 0 0 0 0 0 
0.228 0.028 0.023 0.028 0.028 0.027 0.027 0.026 0.025 0.026 0.026 0.026 0.027 0.028 0.027 0.027 0.027 0.027 0.024 0.02 0.019 0.02 0.019 0.021 0.022 0.025 0.024 0.026 0.017 0.016 0.022 0.044 0 0 0 0 0 0 0 0 0 0 0 0 0 0 0 0 0 0 0 0 0 0 0 0 0 0 0 0 0 0 0 0 0 0 0 0 0 0 0 0 0 0 0 0 0 0 0 0 0 0 0 0 0 0 0 0 0 0 0 0 0 0 0 0 0 0 0 0 
0.036 0.037 0.038 0.037 0.04 0.04 0.041 0.041 0.041 0.039 0.039 0.036 0.037 0.034 0.031 0.027 0.025 0.023 0.022 0.023 0.021 0.022 0.024 0.027 0.034 0.062 0.012 0.016 0.035 0.044 0.016 0 0 0 0 0 0 0 0 0 0 0 0 0 0 0 0 0 0 0 0 0 0 0 0 0 0 0 0 0 0 0 0 0 0 0 0 0 0 0 0 0 0 0 0 0 0 0 0 0 0 0 0 0 0 0 0 0 0 0 0 0 0 0 0 0 0 0 0 0 
0.039 0.038 0.039 0.039 0.038 0.039 0.038 0.037 0.038 0.035 0.034 0.042 0.038 0.033 0.032 0.028 0.028 0.028 0.029 0.032 0.04 0.062 0.014 0.014 0.016 0.017 0.024 0.037 0.033 0.009 0.03 0 0 0 0 0 0 0 0 0 0 0 0 0 0 0 0 0 0 0 0 0 0 0 0 0 0 0 0 0 0 0 0 0 0 0 0 0 0 0 0 0 0 0 0 0 0 0 0 0 0 0 0 0 0 0 0 0 0 0 0 0 0 0 0 0 0 0 0 0 
0.079 0.108 0.062 0.043 0.042 0.041 0.04 0.042 0.04 0.037 0.031 0.018 0.02 0.019 0.023 0.026 0.041 0.063 0.012 0.011 0.011 0.012 0.013 0.013 0.017 0.019 0.023 0.024 0.028 0.042 0 0 0 0 0 0 0 0 0 0 0 0 0 0 0 0 0 0 0 0 0 0 0 0 0 0 0 0 0 0 0 0 0 0 0 0 0 0 0 0 0 0 0 0 0 0 0 0 0 0 0 0 0 0 0 0 0 0 0 0 0 0 0 0 0 0 0 0 0 0 
0.045 0.046 0.048 0.052 0.053 0.045 0.039 0.038 0.036 0.034 0.035 0.032 0.029 0.026 0.028 0.028 0.024 0.023 0.025 0.029 0.032 0.044 0.065 0.018 0.018 0.018 0.02 0.026 0.044 0 0 0 0 0 0 0 0 0 0 0 0 0 0 0 0 0 0 0 0 0 0 0 0 0 0 0 0 0 0 0 0 0 0 0 0 0 0 0 0 0 0 0 0 0 0 0 0 0 0 0 0 0 0 0 0 0 0 0 0 0 0 0 0 0 0 0 0 0 0 0 
0.095 0.098 0.102 0.091 0.055 0.042 0.039 0.034 0.032 0.031 0.034 0.033 0.039 0.045 0.08 0.018 0.012 0.012 0.016 0.02 0.03 0.042 0 0 0 0 0 0 0 0 0 0 0 0 0 0 0 0 0 0 0 0 0 0 0 0 0 0 0 0 0 0 0 0 0 0 0 0 0 0 0 0 0 0 0 0 0 0 0 0 0 0 0 0 0 0 0 0 0 0 0 0 0 0 0 0 0 0 0 0 0 0 0 0 0 0 0 0 0 0 
0.053 0.052 0.057 0.08 0.176 0.117 0.048 0.077 0.066 0.03 0.037 0.058 0.094 0.055 0 0 0 0 0 0 0 0 0 0 0 0 0 0 0 0 0 0 0 0 0 0 0 0 0 0 0 0 0 0 0 0 0 0 0 0 0 0 0 0 0 0 0 0 0 0 0 0 0 0 0 0 0 0 0 0 0 0 0 0 0 0 0 0 0 0 0 0 0 0 0 0 0 0 0 0 0 0 0 0 0 0 0 0 0 0 
0.037 0.041 0.05 0.061 0.085 0.132 0.12 0.025 0.026 0.033 0.037 0.067 0.117 0.079 0.032 0.058 0 0 0 0 0 0 0 0 0 0 0 0 0 0 0 0 0 0 0 0 0 0 0 0 0 0 0 0 0 0 0 0 0 0 0 0 0 0 0 0 0 0 0 0 0 0 0 0 0 0 0 0 0 0 0 0 0 0 0 0 0 0 0 0 0 0 0 0 0 0 0 0 0 0 0 0 0 0 0 0 0 0 0 0 
0.136 0.102 0.077 0.059 0.05 0.044 0.044 0.038 0.039 0.037 0.038 0.026 0.018 0.02 0.023 0.025 0.032 0.039 0.068 0.072 0.013 0 0 0 0 0 0 0 0 0 0 0 0 0 0 0 0 0 0 0 0 0 0 0 0 0 0 0 0 0 0 0 0 0 0 0 0 0 0 0 0 0 0 0 0 0 0 0 0 0 0 0 0 0 0 0 0 0 0 0 0 0 0 0 0 0 0 0 0 0 0 0 0 0 0 0 0 0 0 0 
0.035 0.05 0.065 0.146 0.055 0.035 0.035 0.036 0.036 0.034 0.035 0.035 0.032 0.034 0.032 0.034 0.046 0.059 0.011 0.012 0.011 0.012 0.012 0.014 0.016 0.022 0.042 0.014 0 0 0 0 0 0 0 0 0 0 0 0 0 0 0 0 0 0 0 0 0 0 0 0 0 0 0 0 0 0 0 0 0 0 0 0 0 0 0 0 0 0 0 0 0 0 0 0 0 0 0 0 0 0 0 0 0 0 0 0 0 0 0 0 0 0 0 0 0 0 0 0 
0.047 0.05 0.057 0.047 0.059 0.117 0.046 0.026 0.029 0.03 0.034 0.039 0.047 0.069 0.056 0.023 0.02 0.016 0.013 0.011 0.009 0.01 0.008 0.009 0.009 0.01 0.01 0.012 0.012 0.018 0.028 0.029 0 0 0 0 0 0 0 0 0 0 0 0 0 0 0 0 0 0 0 0 0 0 0 0 0 0 0 0 0 0 0 0 0 0 0 0 0 0 0 0 0 0 0 0 0 0 0 0 0 0 0 0 0 0 0 0 0 0 0 0 0 0 0 0 0 0 0 0 
0.067 0.066 0.075 0.098 0.103 0.114 0.019 0.017 0.016 0.016 0.015 0.014 0.015 0.014 0.015 0.016 0.016 0.016 0.017 0.017 0.017 0.017 0.017 0.016 0.015 0.013 0.013 0.011 0.01 0.01 0.012 0.011 0.014 0.015 0.02 0.043 0 0 0 0 0 0 0 0 0 0 0 0 0 0 0 0 0 0 0 0 0 0 0 0 0 0 0 0 0 0 0 0 0 0 0 0 0 0 0 0 0 0 0 0 0 0 0 0 0 0 0 0 0 0 0 0 0 0 0 0 0 0 0 0 
0.095 0.093 0.098 0.084 0.052 0.041 0.039 0.038 0.037 0.035 0.031 0.029 0.029 0.03 0.034 0.038 0.048 0.075 0.032 0.042 0 0 0 0 0 0 0 0 0 0 0 0 0 0 0 0 0 0 0 0 0 0 0 0 0 0 0 0 0 0 0 0 0 0 0 0 0 0 0 0 0 0 0 0 0 0 0 0 0 0 0 0 0 0 0 0 0 0 0 0 0 0 0 0 0 0 0 0 0 0 0 0 0 0 0 0 0 0 0 0 
0.037 0.035 0.039 0.04 0.042 0.047 0.051 0.048 0.042 0.033 0.037 0.034 0.033 0.032 0.036 0.038 0.042 0.059 0.091 0.068 0.013 0.016 0.019 0.029 0.039 0 0 0 0 0 0 0 0 0 0 0 0 0 0 0 0 0 0 0 0 0 0 0 0 0 0 0 0 0 0 0 0 0 0 0 0 0 0 0 0 0 0 0 0 0 0 0 0 0 0 0 0 0 0 0 0 0 0 0 0 0 0 0 0 0 0 0 0 0 0 0 0 0 0 0 
0.117 0.13 0.093 0.056 0.041 0.038 0.027 0.026 0.024 0.023 0.024 0.026 0.026 0.028 0.031 0.035 0.041 0.054 0.073 0.032 0.055 0 0 0 0 0 0 0 0 0 0 0 0 0 0 0 0 0 0 0 0 0 0 0 0 0 0 0 0 0 0 0 0 0 0 0 0 0 0 0 0 0 0 0 0 0 0 0 0 0 0 0 0 0 0 0 0 0 0 0 0 0 0 0 0 0 0 0 0 0 0 0 0 0 0 0 0 0 0 0 
0.074 0.07 0.062 0.051 0.055 0.062 0.068 0.125 0.037 0.039 0.043 0.055 0.074 0.014 0.014 0.014 0.015 0.017 0.019 0.023 0.039 0.03 0 0 0 0 0 0 0 0 0 0 0 0 0 0 0 0 0 0 0 0 0 0 0 0 0 0 0 0 0 0 0 0 0 0 0 0 0 0 0 0 0 0 0 0 0 0 0 0 0 0 0 0 0 0 0 0 0 0 0 0 0 0 0 0 0 0 0 0 0 0 0 0 0 0 0 0 0 0 
0.037 0.041 0.039 0.046 0.046 0.054 0.062 0.092 0.128 0.086 0.147 0.102 0.12 0 0 0 0 0 0 0 0 0 0 0 0 0 0 0 0 0 0 0 0 0 0 0 0 0 0 0 0 0 0 0 0 0 0 0 0 0 0 0 0 0 0 0 0 0 0 0 0 0 0 0 0 0 0 0 0 0 0 0 0 0 0 0 0 0 0 0 0 0 0 0 0 0 0 0 0 0 0 0 0 0 0 0 0 0 0 0 
0.047 0.048 0.05 0.058 0.067 0.09 0.16 0.122 0.05 0.063 0.089 0.052 0.037 0.067 0 0 0 0 0 0 0 0 0 0 0 0 0 0 0 0 0 0 0 0 0 0 0 0 0 0 0 0 0 0 0 0 0 0 0 0 0 0 0 0 0 0 0 0 0 0 0 0 0 0 0 0 0 0 0 0 0 0 0 0 0 0 0 0 0 0 0 0 0 0 0 0 0 0 0 0 0 0 0 0 0 0 0 0 0 0 
0.034 0.036 0.034 0.039 0.043 0.048 0.057 0.077 0.138 0.159 0.013 0.014 0.029 0.032 0.027 0.02 0.015 0.012 0.009 0.009 0.009 0.008 0.009 0.009 0.01 0.01 0.013 0.013 0.02 0.033 0.021 0 0 0 0 0 0 0 0 0 0 0 0 0 0 0 0 0 0 0 0 0 0 0 0 0 0 0 0 0 0 0 0 0 0 0 0 0 0 0 0 0 0 0 0 0 0 0 0 0 0 0 0 0 0 0 0 0 0 0 0 0 0 0 0 0 0 0 0 0 
0.05 0.048 0.052 0.056 0.062 0.071 0.091 0.156 0.134 0.074 0.127 0.077 0.002 0 0 0 0 0 0 0 0 0 0 0 0 0 0 0 0 0 0 0 0 0 0 0 0 0 0 0 0 0 0 0 0 0 0 0 0 0 0 0 0 0 0 0 0 0 0 0 0 0 0 0 0 0 0 0 0 0 0 0 0 0 0 0 0 0 0 0 0 0 0 0 0 0 0 0 0 0 0 0 0 0 0 0 0 0 0 0 
0.055 0.055 0.063 0.071 0.091 0.143 0.065 0.082 0.087 0.028 0.035 0.045 0.071 0.109 0 0 0 0 0 0 0 0 0 0 0 0 0 0 0 0 0 0 0 0 0 0 0 0 0 0 0 0 0 0 0 0 0 0 0 0 0 0 0 0 0 0 0 0 0 0 0 0 0 0 0 0 0 0 0 0 0 0 0 0 0 0 0 0 0 0 0 0 0 0 0 0 0 0 0 0 0 0 0 0 0 0 0 0 0 0 
0.033 0.044 0.05 0.056 0.089 0.084 0.021 0.027 0.028 0.03 0.029 0.033 0.036 0.042 0.063 0.047 0.015 0.015 0.014 0.014 0.012 0.013 0.012 0.01 0.012 0.011 0.009 0.011 0.011 0.011 0.011 0.013 0.014 0.016 0.023 0.041 0 0 0 0 0 0 0 0 0 0 0 0 0 0 0 0 0 0 0 0 0 0 0 0 0 0 0 0 0 0 0 0 0 0 0 0 0 0 0 0 0 0 0 0 0 0 0 0 0 0 0 0 0 0 0 0 0 0 0 0 0 0 0 0 
0.143 0.161 0.041 0.055 0.05 0.043 0.035 0.029 0.027 0.023 0.022 0.021 0.021 0.022 0.022 0.021 0.027 0.031 0.04 0.066 0.018 0.023 0.048 0.011 0 0 0 0 0 0 0 0 0 0 0 0 0 0 0 0 0 0 0 0 0 0 0 0 0 0 0 0 0 0 0 0 0 0 0 0 0 0 0 0 0 0 0 0 0 0 0 0 0 0 0 0 0 0 0 0 0 0 0 0 0 0 0 0 0 0 0 0 0 0 0 0 0 0 0 0 
0.154 0.128 0.091 0.051 0.037 0.029 0.025 0.024 0.02 0.021 0.021 0.022 0.02 0.025 0.025 0.029 0.034 0.042 0.057 0.104 0.041 0 0 0 0 0 0 0 0 0 0 0 0 0 0 0 0 0 0 0 0 0 0 0 0 0 0 0 0 0 0 0 0 0 0 0 0 0 0 0 0 0 0 0 0 0 0 0 0 0 0 0 0 0 0 0 0 0 0 0 0 0 0 0 0 0 0 0 0 0 0 0 0 0 0 0 0 0 0 0 
0.099 0.1 0.082 0.06 0.046 0.035 0.03 0.028 0.024 0.024 0.023 0.023 0.023 0.025 0.026 0.031 0.033 0.042 0.055 0.134 0.057 0 0 0 0 0 0 0 0 0 0 0 0 0 0 0 0 0 0 0 0 0 0 0 0 0 0 0 0 0 0 0 0 0 0 0 0 0 0 0 0 0 0 0 0 0 0 0 0 0 0 0 0 0 0 0 0 0 0 0 0 0 0 0 0 0 0 0 0 0 0 0 0 0 0 0 0 0 0 0 
0.121 0.102 0.089 0.07 0.058 0.04 0.034 0.032 0.03 0.03 0.027 0.029 0.027 0.029 0.03 0.036 0.041 0.075 0.028 0.032 0.04 0 0 0 0 0 0 0 0 0 0 0 0 0 0 0 0 0 0 0 0 0 0 0 0 0 0 0 0 0 0 0 0 0 0 0 0 0 0 0 0 0 0 0 0 0 0 0 0 0 0 0 0 0 0 0 0 0 0 0 0 0 0 0 0 0 0 0 0 0 0 0 0 0 0 0 0 0 0 0 
0.042 0.041 0.042 0.041 0.043 0.053 0.055 0.054 0.047 0.046 0.04 0.034 0.033 0.031 0.027 0.028 0.03 0.026 0.02 0.022 0.022 0.025 0.029 0.037 0.068 0.027 0.037 0 0 0 0 0 0 0 0 0 0 0 0 0 0 0 0 0 0 0 0 0 0 0 0 0 0 0 0 0 0 0 0 0 0 0 0 0 0 0 0 0 0 0 0 0 0 0 0 0 0 0 0 0 0 0 0 0 0 0 0 0 0 0 0 0 0 0 0 0 0 0 0 0 
0.069 0.086 0.078 0.042 0.04 0.037 0.033 0.029 0.033 0.03 0.029 0.028 0.028 0.031 0.031 0.035 0.043 0.069 0.105 0.014 0.017 0.02 0.028 0.045 0 0 0 0 0 0 0 0 0 0 0 0 0 0 0 0 0 0 0 0 0 0 0 0 0 0 0 0 0 0 0 0 0 0 0 0 0 0 0 0 0 0 0 0 0 0 0 0 0 0 0 0 0 0 0 0 0 0 0 0 0 0 0 0 0 0 0 0 0 0 0 0 0 0 0 0 
0.047 0.048 0.048 0.048 0.047 0.045 0.046 0.044 0.04 0.037 0.032 0.03 0.03 0.028 0.027 0.026 0.022 0.021 0.02 0.019 0.018 0.02 0.021 0.022 0.028 0.046 0.029 0.01 0.011 0.013 0.016 0.025 0.036 0 0 0 0 0 0 0 0 0 0 0 0 0 0 0 0 0 0 0 0 0 0 0 0 0 0 0 0 0 0 0 0 0 0 0 0 0 0 0 0 0 0 0 0 0 0 0 0 0 0 0 0 0 0 0 0 0 0 0 0 0 0 0 0 0 0 0 
0.041 0.039 0.042 0.041 0.043 0.052 0.053 0.052 0.045 0.044 0.038 0.036 0.032 0.031 0.028 0.025 0.023 0.023 0.024 0.023 0.026 0.027 0.041 0.045 0.008 0.009 0.01 0.01 0.013 0.016 0.024 0.036 0 0 0 0 0 0 0 0 0 0 0 0 0 0 0 0 0 0 0 0 0 0 0 0 0 0 0 0 0 0 0 0 0 0 0 0 0 0 0 0 0 0 0 0 0 0 0 0 0 0 0 0 0 0 0 0 0 0 0 0 0 0 0 0 0 0 0 0 
0.041 0.04 0.053 0.058 0.063 0.066 0.056 0.043 0.039 0.034 0.036 0.033 0.036 0.038 0.041 0.052 0.07 0.015 0.015 0.016 0.017 0.018 0.021 0.022 0.028 0.049 0 0 0 0 0 0 0 0 0 0 0 0 0 0 0 0 0 0 0 0 0 0 0 0 0 0 0 0 0 0 0 0 0 0 0 0 0 0 0 0 0 0 0 0 0 0 0 0 0 0 0 0 0 0 0 0 0 0 0 0 0 0 0 0 0 0 0 0 0 0 0 0 0 0 
0.064 0.071 0.091 0.078 0.051 0.042 0.036 0.033 0.03 0.028 0.026 0.025 0.025 0.022 0.025 0.022 0.024 0.022 0.023 0.023 0.026 0.03 0.044 0.034 0.006 0.007 0.006 0.007 0.006 0.008 0.008 0.01 0.013 0.022 0.012 0 0 0 0 0 0 0 0 0 0 0 0 0 0 0 0 0 0 0 0 0 0 0 0 0 0 0 0 0 0 0 0 0 0 0 0 0 0 0 0 0 0 0 0 0 0 0 0 0 0 0 0 0 0 0 0 0 0 0 0 0 0 0 0 0 
0.078 0.182 0.031 0.033 0.032 0.035 0.042 0.051 0.059 0.068 0.106 0.022 0.026 0.028 0.042 0.061 0.008 0.007 0.007 0.006 0.005 0.004 0.005 0.004 0.004 0.003 0.004 0.004 0.004 0.004 0.005 0.005 0.007 0.014 0.004 0 0 0 0 0 0 0 0 0 0 0 0 0 0 0 0 0 0 0 0 0 0 0 0 0 0 0 0 0 0 0 0 0 0 0 0 0 0 0 0 0 0 0 0 0 0 0 0 0 0 0 0 0 0 0 0 0 0 0 0 0 0 0 0 0 
0.045 0.048 0.05 0.055 0.07 0.09 0.162 0.089 0.1 0.029 0.038 0.047 0.101 0.05 0.026 0 0 0 0 0 0 0 0 0 0 0 0 0 0 0 0 0 0 0 0 0 0 0 0 0 0 0 0 0 0 0 0 0 0 0 0 0 0 0 0 0 0 0 0 0 0 0 0 0 0 0 0 0 0 0 0 0 0 0 0 0 0 0 0 0 0 0 0 0 0 0 0 0 0 0 0 0 0 0 0 0 0 0 0 0 
0.057 0.061 0.071 0.096 0.145 0.072 0.14 0.04 0.019 0.021 0.024 0.03 0.037 0.066 0.054 0.067 0 0 0 0 0 0 0 0 0 0 0 0 0 0 0 0 0 0 0 0 0 0 0 0 0 0 0 0 0 0 0 0 0 0 0 0 0 0 0 0 0 0 0 0 0 0 0 0 0 0 0 0 0 0 0 0 0 0 0 0 0 0 0 0 0 0 0 0 0 0 0 0 0 0 0 0 0 0 0 0 0 0 0 0 
0.036 0.035 0.039 0.046 0.052 0.059 0.073 0.105 0.174 0.248 0.022 0.028 0.05 0.033 0 0 0 0 0 0 0 0 0 0 0 0 0 0 0 0 0 0 0 0 0 0 0 0 0 0 0 0 0 0 0 0 0 0 0 0 0 0 0 0 0 0 0 0 0 0 0 0 0 0 0 0 0 0 0 0 0 0 0 0 0 0 0 0 0 0 0 0 0 0 0 0 0 0 0 0 0 0 0 0 0 0 0 0 0 0 
0.048 0.05 0.051 0.05 0.055 0.058 0.068 0.084 0.118 0.206 0.114 0.062 0.036 0 0 0 0 0 0 0 0 0 0 0 0 0 0 0 0 0 0 0 0 0 0 0 0 0 0 0 0 0 0 0 0 0 0 0 0 0 0 0 0 0 0 0 0 0 0 0 0 0 0 0 0 0 0 0 0 0 0 0 0 0 0 0 0 0 0 0 0 0 0 0 0 0 0 0 0 0 0 0 0 0 0 0 0 0 0 0 
0.056 0.063 0.087 0.113 0.028 0.028 0.029 0.03 0.029 0.032 0.034 0.036 0.049 0.047 0.033 0.036 0.043 0.06 0.01 0.009 0.008 0.01 0.009 0.011 0.012 0.012 0.017 0.021 0.048 0 0 0 0 0 0 0 0 0 0 0 0 0 0 0 0 0 0 0 0 0 0 0 0 0 0 0 0 0 0 0 0 0 0 0 0 0 0 0 0 0 0 0 0 0 0 0 0 0 0 0 0 0 0 0 0 0 0 0 0 0 0 0 0 0 0 0 0 0 0 0 
0.061 0.064 0.077 0.11 0.146 0.11 0.052 0.023 0.025 0.026 0.028 0.03 0.035 0.043 0.083 0.087 0 0 0 0 0 0 0 0 0 0 0 0 0 0 0 0 0 0 0 0 0 0 0 0 0 0 0 0 0 0 0 0 0 0 0 0 0 0 0 0 0 0 0 0 0 0 0 0 0 0 0 0 0 0 0 0 0 0 0 0 0 0 0 0 0 0 0 0 0 0 0 0 0 0 0 0 0 0 0 0 0 0 0 0 
0.04 0.043 0.041 0.04 0.042 0.041 0.04 0.042 0.041 0.038 0.033 0.028 0.028 0.024 0.032 0.032 0.03 0.029 0.026 0.026 0.028 0.029 0.027 0.031 0.061 0.009 0.009 0.01 0.011 0.013 0.016 0.023 0.037 0 0 0 0 0 0 0 0 0 0 0 0 0 0 0 0 0 0 0 0 0 0 0 0 0 0 0 0 0 0 0 0 0 0 0 0 0 0 0 0 0 0 0 0 0 0 0 0 0 0 0 0 0 0 0 0 0 0 0 0 0 0 0 0 0 0 0 
0.041 0.043 0.043 0.041 0.041 0.039 0.038 0.041 0.042 0.044 0.04 0.034 0.035 0.032 0.033 0.03 0.03 0.028 0.027 0.029 0.026 0.024 0.032 0.05 0.039 0.017 0.019 0.03 0.032 0 0 0 0 0 0 0 0 0 0 0 0 0 0 0 0 0 0 0 0 0 0 0 0 0 0 0 0 0 0 0 0 0 0 0 0 0 0 0 0 0 0 0 0 0 0 0 0 0 0 0 0 0 0 0 0 0 0 0 0 0 0 0 0 0 0 0 0 0 0 0 
