0.03 0.09 0.15 0.21 0.27 0.33 0.39 0.45 0.51 0.57 0.63 0.69 0.75 0.81 0.87 0.93 0.99 1.05 1.11 1.17 1.23 1.29 1.35 1.41 1.47 1.53 1.59 1.65 1.71 1.77 1.83 1.89 1.95 2.01 2.07 2.13 2.19 2.25 2.31 2.37 2.43 2.49 2.55 2.61 2.67 2.73 2.79 2.85 2.91 2.97 3.03 3.09 3.15 3.21 3.27 3.33 3.39 3.45 3.51 3.57 3.63 3.69 3.75 3.81 3.87 3.93 3.99 4.05 4.11 4.17 4.23 4.29 4.35 4.41 4.47 4.53 4.59 4.65 4.71 4.77 4.83 4.89 4.95 5.01 5.07 5.13 5.19 5.25 5.31 5.37 5.43 5.49 5.55 5.61 5.67 5.73 5.79 5.85 5.91 5.97 
0.0272 0.0693 0.1451 0.0821 0.1075 0.1158 0.0707 0.0575 0.0253 0.1084 0.0381 0.0414 0.0614 0.0079 0.008 0.0215 0.0558 0.0112 0.0206 0.0321 0.1138 0.2568 0.1022 0.05 0.0534 0.0528 0.0307 0.0814 0.0418 0.07 0.0695 0.0762 0.0609 0.1747 0.0432 0.0789 0.0656 0.0521 0.036 0.0544 0.0467 0.0252 0.0391 0.0485 0.0567 0.0346 0.1405 0.213 0.0413 0.0434 0.0195 0.0082 0.0116 0.0155 0.0286 0.0618 0.047 0.0333 0.0146 0 0 0 0 0 0 0 0 0.0359 0.0583 0.0599 0.0768 0.0066 0.0116 0.0434 0.0967 0.1292 0.1196 0.0411 0.058 0.0528 0.0293 0.0221 0.0588 0 0 0 0 0 0 0 0 0 0 0 0 0 0 0 0 0 
0 0 0 0.0435 0.056 0.0449 0.1362 0.0868 0.0446 0.1172 0.161 0.2443 0.2743 0.1672 0.0721 0.0894 0.0544 0.0791 0.0318 0.0513 0.0494 0.1072 0.0417 0.0256 0.022 0 0 0 0 0.0151 0.0245 0.1182 0.1502 0.1634 0.0689 0.1867 0.175 0.0604 0.0789 0.1622 0.0988 0.0304 0.092 0.2083 0.0757 0.0337 0.0077 0.0812 0.1023 0.0664 0 0 0 0 0 0 0 0.1057 0.0443 0.0489 0.1225 0.1311 0.1545 0.1931 0.0419 0.0385 0.0254 0.0379 0.0386 0.0176 0 0 0 0 0 0 0 0 0 0 0 0 0 0 0 0 0 0 0 0 0 0 0 0 0 0 0 0 0 0 
0 0 0 0 0.0475 0.2608 0.2872 0.2978 0.1067 0 0 0 0 0 0 0 0.0287 0.1762 0.1582 0.2098 0.1402 0.2417 0.0452 0 0 0 0 0 0.0184 0.0352 0.1692 0.1538 0.2099 0.2638 0.1497 0 0 0 0 0 0 0 0.0045 0.0503 0.1509 0.1369 0.121 0.1765 0.133 0.0742 0.1104 0.0423 0 0 0 0.0528 0.1739 0.0602 0.0805 0.0972 0.1391 0.2195 0.1626 0.0142 0 0 0 0 0 0 0 0 0 0 0 0 0 0 0 0 0 0 0 0 0 0 0 0 0 0 0 0 0 0 0 0 0 0 0 0 
0.1561 0.2392 0.2415 0.1521 0.0321 0.0127 0.1103 0.0331 0.0229 0 0 0 0 0 0 0 0 0 0.0541 0.0558 0.0923 0.3006 0.2604 0.1198 0.2073 0.1557 0.259 0.1478 0.1329 0.0554 0.0439 0.067 0.037 0.011 0 0 0 0 0 0 0 0 0 0 0.0249 0.076 0.1263 0.1241 0.2363 0.1858 0.2038 0.1893 0.2327 0.1412 0.0945 0.0366 0.1024 0.1456 0.071 0.0095 0 0 0 0 0 0 0 0 0 0 0 0 0 0 0 0 0 0 0 0 0 0 0 0 0 0 0 0 0 0 0 0 0 0 0 0 0 0 0 0 
0.3629 0.2369 0.2073 0.1424 0.0505 0 0 0 0 0 0 0 0 0 0 0 0 0 0 0.044 0.0932 0.074 0.1296 0.3176 0.3373 0.3316 0.3194 0.1637 0.1633 0.0263 0 0 0 0 0 0 0 0 0 0 0 0 0 0 0.0254 0.0847 0.0186 0.0572 0.1344 0.0853 0.1899 0.1994 0.3676 0.3462 0.1612 0.1404 0.1342 0.0196 0.0297 0.0062 0 0 0 0 0 0 0 0 0 0 0 0 0 0 0 0 0 0 0 0 0 0 0 0 0 0 0 0 0 0 0 0 0 0 0 0 0 0 0 0 
0.2759 0.3174 0.1784 0.1243 0.0931 0.0109 0 0 0 0 0 0 0 0 0 0 0 0 0 0 0 0.0156 0.112 0.2626 0.4305 0.3078 0.2328 0.1952 0.1911 0.1146 0.1175 0.0203 0 0 0 0 0 0 0 0 0 0 0 0 0 0 0 0 0 0 0.1246 0.2489 0.3437 0.3645 0.3402 0.3224 0.1136 0.0887 0.0534 0 0 0 0 0 0 0 0 0 0 0 0 0 0 0 0 0 0 0 0 0 0 0 0 0 0 0 0 0 0 0 0 0 0 0 0 0 0 0 0 0 
0.4436 0.4801 0.065 0.0113 0 0 0 0 0 0 0 0 0 0 0 0 0 0 0 0 0 0.0432 0.0627 0.0912 0.3024 0.2879 0.4916 0.2972 0.119 0.1939 0.1079 0.003 0 0 0 0 0 0 0 0 0 0 0 0 0 0 0 0 0 0.0213 0.0397 0.0937 0.0936 0.3046 0.3302 0.3285 0.2638 0.1687 0.1598 0.1547 0.0414 0 0 0 0 0 0 0 0 0 0 0 0 0 0 0 0 0 0 0 0 0 0 0 0 0 0 0 0 0 0 0 0 0 0 0 0 0 0 0 
0.3238 0.2166 0.2352 0.137 0.0874 0 0 0 0 0 0 0 0 0 0 0 0 0 0 0 0.0969 0.2206 0.07 0.183 0.1792 0.2212 0.2916 0.5304 0.185 0.0221 0 0 0 0 0 0 0 0 0 0 0 0 0 0 0 0 0.0825 0.1394 0.1365 0.0676 0.0689 0.1748 0.2013 0.3588 0.4284 0.2534 0.0841 0.0043 0 0 0 0 0 0 0 0 0 0 0 0 0 0 0 0 0 0 0 0 0 0 0 0 0 0 0 0 0 0 0 0 0 0 0 0 0 0 0 0 0 0 
0.4848 0.2251 0.1872 0.0265 0.0423 0.019 0.0151 0 0 0 0 0 0 0 0 0 0 0 0 0 0 0 0.0417 0.1675 0.2304 0.3195 0.2651 0.24 0.3225 0.1845 0.1771 0.0443 0.0074 0 0 0 0 0 0 0 0 0 0 0 0 0 0 0 0.0068 0.0539 0.0984 0.1391 0.2032 0.2331 0.1267 0.1767 0.1753 0.3647 0.2174 0.1283 0.0195 0.0399 0.017 0 0 0 0 0 0 0 0 0 0 0 0 0 0 0 0 0 0 0 0 0 0 0 0 0 0 0 0 0 0 0 0 0 0 0 0 0 
0.1348 0.3699 0.3418 0.0677 0.0769 0.0089 0 0 0 0 0 0 0 0 0 0 0 0 0 0 0.0165 0.0966 0.3289 0.1757 0.1961 0.1258 0.4434 0.2651 0.1795 0.1248 0.0476 0 0 0 0 0 0 0 0 0 0 0 0 0 0 0 0 0.1051 0.2013 0.1228 0.1332 0.2419 0.2718 0.2385 0.341 0.256 0.0884 0 0 0 0 0 0 0 0 0 0 0 0 0 0 0 0 0 0 0 0 0 0 0 0 0 0 0 0 0 0 0 0 0 0 0 0 0 0 0 0 0 0 0 
0.1574 0.1486 0.0902 0.2632 0.1192 0.1301 0.0913 0 0 0 0 0 0 0 0 0 0 0.0573 0.1374 0.1596 0.1453 0.105 0.0567 0.0823 0.0768 0.0825 0.1396 0.2018 0.2306 0.2885 0.1844 0.0522 0 0 0 0 0 0 0 0 0 0 0 0.0209 0.0518 0.0978 0.118 0.071 0.1171 0.105 0.0894 0.2333 0.0875 0.1171 0.0821 0.1778 0.2728 0.2257 0.1027 0.0209 0.0091 0 0 0 0 0 0 0 0 0 0 0 0 0 0 0 0 0 0 0 0 0 0 0 0 0 0 0 0 0 0 0 0 0 0 0 0 0 0 0 
0.3819 0.2493 0.156 0.0916 0.0922 0.029 0 0 0 0 0 0 0 0 0 0 0 0 0 0 0 0.076 0.2121 0.3813 0.3269 0.3463 0.136 0.0874 0.139 0.2018 0.0753 0.0179 0 0 0 0 0 0 0 0 0 0 0 0 0 0 0.0069 0.0826 0.0862 0.1523 0.1635 0.2261 0.2256 0.1645 0.0824 0.2659 0.2771 0.1964 0.0665 0.004 0 0 0 0 0 0 0 0 0 0 0 0 0 0 0 0 0 0 0 0 0 0 0 0 0 0 0 0 0 0 0 0 0 0 0 0 0 0 0 0 
0.3463 0.1467 0.1071 0.1557 0.1733 0.0709 0 0 0 0 0 0 0 0 0 0 0 0 0 0.0258 0.1139 0.1018 0.1355 0.1318 0.2122 0.3501 0.1674 0.1666 0.2458 0.2344 0.0799 0.0231 0.0117 0 0 0 0 0 0 0 0 0 0 0 0 0 0 0 0 0.0421 0.2531 0.3945 0.2306 0.1576 0.1542 0.243 0.1869 0.1103 0.1335 0.0942 0 0 0 0 0 0 0 0 0 0 0 0 0 0 0 0 0 0 0 0 0 0 0 0 0 0 0 0 0 0 0 0 0 0 0 0 0 0 0 0 
0 0 0.0293 0.1646 0.2438 0.3175 0.087 0.0611 0.0722 0.0245 0 0 0 0 0 0 0.0226 0.079 0.12 0.0582 0.2381 0.2416 0.0541 0.0655 0.0255 0.0775 0.0179 0.0154 0.0523 0.137 0.3187 0.1973 0.1437 0.1134 0.0222 0 0 0 0 0 0 0 0 0 0.0167 0.1253 0.1135 0.0541 0.1752 0.1531 0.2053 0.1163 0.0144 0.0261 0 0.0186 0.1292 0.2043 0.2545 0.2322 0.069 0.0433 0.0489 0 0 0 0 0 0 0 0 0 0 0 0 0 0 0 0 0 0 0 0 0 0 0 0 0 0 0 0 0 0 0 0 0 0 0 0 0 
0 0 0 0 0.0049 0.0864 0.0693 0.1278 0.2161 0.2094 0.2508 0.0353 0 0.093 0.1382 0.325 0.1381 0.0753 0.0455 0.0474 0.0237 0.0583 0.0438 0.0117 0 0 0 0 0 0 0 0.0663 0.1864 0.3537 0.2785 0.0756 0.0395 0 0 0 0.0848 0.1336 0.159 0.1232 0.1378 0.0674 0.1005 0.0599 0.0393 0.0172 0.0382 0.0391 0 0 0 0 0 0 0.0171 0.0668 0.2068 0.1901 0.215 0.185 0.0622 0.0194 0.0376 0 0 0 0 0 0 0 0 0 0 0 0 0 0 0 0 0 0 0 0 0 0 0 0 0 0 0 0 0 0 0 0 0 
0 0.0049 0.0304 0.1025 0.2254 0.2164 0.1912 0.1401 0.0499 0.0392 0 0 0 0 0 0.0009 0.0985 0.092 0.074 0.1626 0.2849 0.1561 0.0512 0.0619 0.0179 0 0 0.0046 0.0116 0.0967 0.2477 0.2635 0.2022 0.1511 0.0226 0 0 0 0 0 0 0.0247 0.0895 0.0527 0.069 0.0133 0.1018 0.082 0.047 0.1594 0.1901 0.0856 0.0849 0 0 0.0061 0.049 0.1511 0.2767 0.2245 0.1897 0.0849 0.018 0 0 0 0 0 0 0 0 0 0 0 0 0 0 0 0 0 0 0 0 0 0 0 0 0 0 0 0 0 0 0 0 0 0 0 0 0 
0.1022 0.0897 0.1331 0.3735 0.0974 0.048 0.0736 0.0517 0.0308 0 0 0 0 0 0 0 0 0.0659 0.1014 0.0849 0.1427 0.1838 0.235 0.1429 0.0419 0.0898 0.0716 0.3105 0.2112 0.1039 0.0731 0.0094 0.0329 0.0726 0.0265 0 0 0 0 0 0 0 0 0.0595 0.0512 0.0478 0.1075 0.0662 0.2331 0.1756 0.109 0.0752 0.1585 0.195 0.2163 0.2301 0.1362 0.0073 0.048 0.0631 0.0126 0.0078 0 0 0 0 0 0 0 0 0 0 0 0 0 0 0 0 0 0 0 0 0 0 0 0 0 0 0 0 0 0 0 0 0 0 0 0 0 0 
0 0 0 0 0 0.0209 0.0703 0.2649 0.253 0.2445 0.1122 0.0342 0 0.0394 0.0885 0.0512 0.1975 0.2093 0.1388 0.1659 0.0843 0.0251 0 0 0 0 0 0 0 0 0 0 0.1201 0.2085 0.3071 0.1926 0.1116 0.0601 0 0 0.0034 0.1267 0.1775 0.1768 0.0646 0.1522 0.2017 0.0234 0.048 0.0257 0 0 0 0 0 0 0 0 0 0.0363 0.1924 0.1597 0.1689 0.2462 0.1465 0.0331 0.0169 0 0 0 0 0 0 0 0 0 0 0 0 0 0 0 0 0 0 0 0 0 0 0 0 0 0 0 0 0 0 0 0 0 
0.1729 0.0554 0.0334 0.1354 0.1992 0.245 0.126 0.0137 0.0126 0.0064 0 0 0 0 0 0 0.0083 0.0641 0.0568 0.1924 0.0687 0.0529 0.1896 0.1056 0.0799 0.1091 0.0768 0.1295 0.1666 0.17 0.0956 0.2054 0.1145 0.1047 0.0095 0 0 0 0 0 0 0 0 0 0.0427 0.1172 0.12 0.0792 0.0437 0.1031 0.1463 0.1116 0.0725 0.1078 0.0547 0.066 0.1749 0.284 0.0789 0.1378 0.1616 0.0389 0.0501 0.009 0 0 0 0 0 0 0 0 0 0 0 0 0 0 0 0 0 0 0 0 0 0 0 0 0 0 0 0 0 0 0 0 0 0 0 0 
0.2687 0.2536 0.2112 0.0772 0.1014 0.06 0.0279 0 0 0 0 0 0 0 0 0 0 0 0 0.0104 0.1265 0.0988 0.0937 0.2755 0.31 0.162 0.2604 0.2497 0.0747 0.1318 0.0951 0.1043 0.0071 0 0 0 0 0 0 0 0 0 0 0 0 0.0291 0.1143 0.0884 0.0445 0.0406 0.0355 0.2415 0.4453 0.1563 0.1959 0.1863 0.107 0.047 0.0752 0.0703 0.0801 0.0427 0 0 0 0 0 0 0 0 0 0 0 0 0 0 0 0 0 0 0 0 0 0 0 0 0 0 0 0 0 0 0 0 0 0 0 0 0 0 
0.093 0.2572 0.2267 0.1326 0.1616 0.1188 0.0101 0 0 0 0 0 0 0 0 0 0 0 0 0.0503 0.0838 0.1835 0.2216 0.222 0.2067 0.0618 0.1192 0.1547 0.1407 0.1295 0.1512 0.2011 0.0573 0.0166 0 0 0 0 0 0 0 0 0 0 0 0 0.0253 0.0864 0.1293 0.1368 0.1479 0.3147 0.2362 0.0725 0.0348 0.0508 0.1123 0.1935 0.2768 0.1555 0.0272 0 0 0 0 0 0 0 0 0 0 0 0 0 0 0 0 0 0 0 0 0 0 0 0 0 0 0 0 0 0 0 0 0 0 0 0 0 0 0 
0 0 0.1068 0.2846 0.2295 0.1719 0.1072 0.0989 0.0011 0 0 0 0 0 0 0 0.0347 0.0339 0.1698 0.2249 0.1932 0.1092 0.0575 0.1271 0.0346 0.0265 0.0473 0.1117 0.1567 0.1039 0.1104 0.2784 0.1622 0.018 0 0 0 0 0 0 0 0 0 0 0.048 0.0888 0.104 0.1458 0.1676 0.1424 0.1123 0.0524 0.0667 0.1254 0.1431 0.268 0.1159 0.1061 0.14 0.0719 0.1016 0 0 0 0 0 0 0 0 0 0 0 0 0 0 0 0 0 0 0 0 0 0 0 0 0 0 0 0 0 0 0 0 0 0 0 0 0 0 0 
0 0 0.1286 0.2433 0.2055 0.1573 0.0827 0.113 0.0696 0 0 0 0 0 0 0 0.0074 0.0099 0.0296 0.2149 0.1132 0.2593 0.2134 0.1523 0 0 0 0.0074 0.1097 0.2347 0.154 0.1599 0.1199 0.1679 0.0199 0.0155 0.0111 0 0 0 0 0 0 0.0104 0.0136 0.0459 0.0682 0.1449 0.238 0.1944 0.0129 0.0782 0.1507 0.0428 0.0204 0.07 0.0371 0.1469 0.102 0.064 0.1418 0.1694 0.1839 0.03 0.0345 0 0 0 0 0 0 0 0 0 0 0 0 0 0 0 0 0 0 0 0 0 0 0 0 0 0 0 0 0 0 0 0 0 0 0 
0.0161 0.1464 0.1374 0.3335 0.235 0.0715 0.015 0.0451 0 0 0 0 0 0 0 0 0.0573 0.0115 0.0063 0.0479 0.0887 0.2155 0.3471 0.202 0.0435 0.0748 0.0507 0.0844 0.2585 0.3171 0.0757 0.1016 0.0174 0 0 0 0 0 0 0 0 0 0 0 0 0 0.005 0.2417 0.2452 0.1319 0.2429 0.1429 0.1148 0.0294 0.1123 0.0836 0.1623 0.3398 0.1373 0.0109 0 0 0 0 0 0 0 0 0 0 0 0 0 0 0 0 0 0 0 0 0 0 0 0 0 0 0 0 0 0 0 0 0 0 0 0 0 0 0 0 
0.0015 0.0445 0.0232 0.0837 0.1541 0.1953 0.2026 0.1894 0.0884 0.0173 0 0 0 0 0 0 0.0383 0.2331 0.1964 0.1703 0.1116 0.0711 0.1145 0.0497 0.015 0 0 0 0.0478 0.1247 0.1489 0.4326 0.115 0.0929 0.0381 0 0 0 0 0 0 0 0.0657 0.0394 0.1122 0.167 0.2457 0.1515 0.0877 0.1101 0.0207 0 0 0 0 0.0573 0.2486 0.119 0.1582 0.0677 0.1669 0.1033 0.0474 0.026 0.0056 0 0 0 0 0 0 0 0 0 0 0 0 0 0 0 0 0 0 0 0 0 0 0 0 0 0 0 0 0 0 0 0 0 0 0 
0.3964 0.2619 0.1437 0.1338 0.0393 0.0249 0 0 0 0 0 0 0 0 0 0 0 0 0 0 0 0.0316 0.1355 0.2194 0.3011 0.3805 0.2537 0.308 0.1495 0.1358 0.0452 0.0121 0.0229 0.0047 0 0 0 0 0 0 0 0 0 0 0 0 0 0 0.0262 0.0196 0.1042 0.3505 0.3579 0.1791 0.2076 0.3242 0.2478 0.1125 0.0704 0 0 0 0 0 0 0 0 0 0 0 0 0 0 0 0 0 0 0 0 0 0 0 0 0 0 0 0 0 0 0 0 0 0 0 0 0 0 0 0 0 
0.4444 0.2511 0.198 0.1035 0.003 0 0 0 0 0 0 0 0 0 0 0 0 0 0 0 0 0.0421 0.0468 0.2411 0.3454 0.2885 0.3104 0.3575 0.1864 0.1388 0.043 0 0 0 0 0 0 0 0 0 0 0 0 0 0 0 0 0.0136 0.0227 0.0626 0.1114 0.1863 0.2754 0.2413 0.2658 0.3132 0.269 0.0993 0.1009 0.0385 0 0 0 0 0 0 0 0 0 0 0 0 0 0 0 0 0 0 0 0 0 0 0 0 0 0 0 0 0 0 0 0 0 0 0 0 0 0 0 0 
0.3053 0.2537 0.1726 0.1523 0.0893 0.0268 0 0 0 0 0 0 0 0 0 0 0 0 0 0.0197 0.0632 0.0627 0.0744 0.2264 0.34 0.3198 0.2803 0.2399 0.2635 0.1101 0 0 0 0 0 0 0 0 0 0 0 0 0 0 0 0 0 0 0.0272 0.1289 0.2464 0.261 0.1373 0.1989 0.2205 0.235 0.1867 0.2008 0.1349 0.0224 0 0 0 0 0 0 0 0 0 0 0 0 0 0 0 0 0 0 0 0 0 0 0 0 0 0 0 0 0 0 0 0 0 0 0 0 0 0 0 0 
0.1481 0.2363 0.2339 0.2292 0.1455 0.007 0 0 0 0 0 0 0 0 0 0 0 0 0 0 0.0462 0.1436 0.4068 0.2274 0.1876 0.0769 0.0883 0.0897 0.1852 0.2128 0.2011 0.0812 0.046 0.0072 0 0 0 0 0 0 0 0 0 0 0 0 0 0 0.0725 0.1484 0.1747 0.2677 0.1253 0.1692 0.1241 0.3545 0.184 0.1186 0.0923 0.068 0.0842 0.0165 0 0 0 0 0 0 0 0 0 0 0 0 0 0 0 0 0 0 0 0 0 0 0 0 0 0 0 0 0 0 0 0 0 0 0 0 0 0 
0.0597 0.0778 0.2918 0.2131 0.2437 0.0845 0.0294 0 0 0 0 0 0 0 0 0 0 0.0102 0.021 0.07 0.1354 0.3132 0.2271 0.153 0.0608 0.0093 0.0137 0.0923 0.1687 0.2813 0.2209 0.1322 0.0906 0.0003 0 0 0 0 0 0 0 0 0.0117 0.0483 0.0403 0.0757 0.1585 0.1253 0.0999 0.0862 0.1836 0.0979 0.0895 0.0666 0.0221 0.0221 0.0611 0.3005 0.2438 0.116 0.0496 0.0805 0.0208 0 0 0 0 0 0 0 0 0 0 0 0 0 0 0 0 0 0 0 0 0 0 0 0 0 0 0 0 0 0 0 0 0 0 0 0 0 
0.1776 0.0741 0.1217 0.2504 0.2968 0.0794 0 0 0 0 0 0 0 0 0 0 0 0.0078 0.092 0.0385 0.0955 0.188 0.182 0.1946 0.0775 0.1397 0.1992 0.1425 0.2462 0.2577 0.1045 0.0343 0 0 0 0 0 0 0 0 0 0.0238 0.0356 0.0307 0.032 0.0246 0.0753 0.1472 0.2026 0.1156 0.1522 0.0994 0.061 0.0051 0.1081 0.1682 0.2246 0.1853 0.1448 0.0538 0.0749 0.0352 0 0 0 0 0 0 0 0 0 0 0 0 0 0 0 0 0 0 0 0 0 0 0 0 0 0 0 0 0 0 0 0 0 0 0 0 0 0 
0.2272 0.1128 0.1155 0.1779 0.1629 0.1653 0.0384 0 0 0 0 0 0 0 0 0 0 0 0 0.0043 0.112 0.1993 0.195 0.1632 0.2059 0.2354 0.1125 0.0552 0.1211 0.1015 0.2941 0.1472 0.0533 0 0 0 0 0 0 0 0 0 0 0 0 0 0 0 0 0.0616 0.1638 0.1527 0.2524 0.1584 0.2214 0.1192 0.1456 0.1465 0.1374 0.2208 0.1758 0.0444 0 0 0 0 0 0 0 0 0 0 0 0 0 0 0 0 0 0 0 0 0 0 0 0 0 0 0 0 0 0 0 0 0 0 0 0 0 0 
0.5836 0.3353 0.0811 0 0 0 0 0 0 0 0 0 0 0 0 0 0 0 0 0 0 0 0.0569 0.3552 0.4497 0.3968 0.3102 0.2597 0.1013 0.0549 0.0153 0 0 0 0 0 0 0 0 0 0 0 0 0 0 0 0 0 0 0.0764 0.3894 0.3532 0.2951 0.269 0.2278 0.2755 0.0532 0.0356 0.0139 0.0109 0 0 0 0 0 0 0 0 0 0 0 0 0 0 0 0 0 0 0 0 0 0 0 0 0 0 0 0 0 0 0 0 0 0 0 0 0 0 0 0 
0.4226 0.3636 0.1937 0.0201 0 0 0 0 0 0 0 0 0 0 0 0 0 0 0 0 0 0.0072 0.0754 0.1708 0.442 0.3952 0.4622 0.2317 0.2155 0 0 0 0 0 0 0 0 0 0 0 0 0 0 0 0 0 0 0 0.0277 0.086 0.2118 0.2441 0.2019 0.2791 0.3447 0.3276 0.2012 0.0759 0 0 0 0 0 0 0 0 0 0 0 0 0 0 0 0 0 0 0 0 0 0 0 0 0 0 0 0 0 0 0 0 0 0 0 0 0 0 0 0 0 0 
0.2144 0.3038 0.2296 0.1579 0.0943 0 0 0 0 0 0 0 0 0 0 0 0 0 0 0 0.0373 0.1276 0.1382 0.2058 0.2266 0.2446 0.3091 0.3122 0.2256 0.1608 0.0122 0 0 0 0 0 0 0 0 0 0 0 0 0 0 0 0 0.0262 0.1134 0.0628 0.1907 0.231 0.2208 0.3033 0.3297 0.4202 0.055 0.0469 0 0 0 0 0 0 0 0 0 0 0 0 0 0 0 0 0 0 0 0 0 0 0 0 0 0 0 0 0 0 0 0 0 0 0 0 0 0 0 0 0 0 
0.2823 0.1763 0.2256 0.1807 0.0765 0.0586 0 0 0 0 0 0 0 0 0 0 0 0 0 0 0.022 0.1901 0.3955 0.1931 0.2669 0.2141 0.1355 0.2021 0.1339 0.166 0.0808 0 0 0 0 0 0 0 0 0 0 0 0 0 0 0 0.0034 0.051 0.092 0.065 0.1984 0.2698 0.1031 0.3549 0.2382 0.0932 0.1298 0.2446 0.1403 0.0163 0 0 0 0 0 0 0 0 0 0 0 0 0 0 0 0 0 0 0 0 0 0 0 0 0 0 0 0 0 0 0 0 0 0 0 0 0 0 0 0 
0.143 0.3484 0.1687 0.2562 0.0837 0 0 0 0 0 0 0 0 0 0 0 0 0 0 0 0.0082 0.0643 0.3267 0.2463 0.1734 0.1533 0.0977 0.2965 0.2437 0.2148 0.09 0.0587 0.0264 0 0 0 0 0 0 0 0 0 0 0 0 0 0 0 0.0371 0.1279 0.266 0.2341 0.2711 0.1342 0.1885 0.25 0.2511 0.0776 0.0932 0.0692 0 0 0 0 0 0 0 0 0 0 0 0 0 0 0 0 0 0 0 0 0 0 0 0 0 0 0 0 0 0 0 0 0 0 0 0 0 0 0 0 
0.5883 0.3136 0.0981 0 0 0 0 0 0 0 0 0 0 0 0 0 0 0 0 0 0 0 0.0108 0.1518 0.474 0.5146 0.354 0.2879 0.163 0.0439 0 0 0 0 0 0 0 0 0 0 0 0 0 0 0 0 0 0 0 0.0254 0.1425 0.1807 0.3317 0.5008 0.2624 0.1346 0.12 0.1187 0.0784 0.1015 0.0033 0 0 0 0 0 0 0 0 0 0 0 0 0 0 0 0 0 0 0 0 0 0 0 0 0 0 0 0 0 0 0 0 0 0 0 0 0 0 0 
0.4455 0.36 0.1171 0.0659 0.0098 0.0017 0 0 0 0 0 0 0 0 0 0 0 0 0 0 0.0208 0.0432 0.0758 0.2459 0.3651 0.2579 0.3364 0.3171 0.1886 0.0619 0.0258 0.0489 0.0126 0 0 0 0 0 0 0 0 0 0 0 0 0 0 0.0418 0.0962 0.0897 0.1798 0.1899 0.2318 0.3125 0.3091 0.1917 0.0768 0.1136 0.1521 0.015 0 0 0 0 0 0 0 0 0 0 0 0 0 0 0 0 0 0 0 0 0 0 0 0 0 0 0 0 0 0 0 0 0 0 0 0 0 0 0 0 
0.2012 0.1957 0.3579 0.1448 0.063 0.0374 0 0 0 0 0 0 0 0 0 0 0 0 0 0.0202 0.0364 0.0761 0.1786 0.2587 0.2797 0.2721 0.167 0.0821 0.2844 0.2298 0.0842 0.0307 0 0 0 0 0 0 0 0 0 0 0 0 0 0 0 0.0215 0.0455 0.132 0.283 0.3963 0.1532 0.1237 0.215 0.1923 0.1104 0.1038 0.0721 0.0459 0.0403 0.0343 0.0181 0.0126 0 0 0 0 0 0 0 0 0 0 0 0 0 0 0 0 0 0 0 0 0 0 0 0 0 0 0 0 0 0 0 0 0 0 0 0 
0.4462 0.364 0.1783 0.0115 0 0 0 0 0 0 0 0 0 0 0 0 0 0 0 0 0 0 0.0245 0.1597 0.3892 0.5655 0.4937 0.3277 0.022 0.0177 0 0 0 0 0 0 0 0 0 0 0 0 0 0 0 0 0 0 0.0136 0.1264 0.2342 0.3252 0.4455 0.2838 0.1375 0.249 0.1225 0.0446 0.0177 0 0 0 0 0 0 0 0 0 0 0 0 0 0 0 0 0 0 0 0 0 0 0 0 0 0 0 0 0 0 0 0 0 0 0 0 0 0 0 0 0 
0.4331 0.3284 0.1815 0.0455 0.0115 0 0 0 0 0 0 0 0 0 0 0 0 0 0 0 0 0.0281 0.0532 0.1337 0.3817 0.4541 0.3968 0.3729 0.1542 0.0253 0 0 0 0 0 0 0 0 0 0 0 0 0 0 0 0 0 0 0 0 0.0803 0.2779 0.3274 0.5138 0.5426 0.1946 0.0634 0 0 0 0 0 0 0 0 0 0 0 0 0 0 0 0 0 0 0 0 0 0 0 0 0 0 0 0 0 0 0 0 0 0 0 0 0 0 0 0 0 0 0 
0 0.0076 0.021 0.145 0.2868 0.2375 0.0895 0.1417 0.0709 0 0 0 0 0 0 0 0 0.0926 0.0983 0.2153 0.3013 0.1296 0.0753 0.053 0.0169 0.0177 0 0.0224 0.0584 0.0866 0.3059 0.2873 0.1518 0.0525 0.0223 0.0128 0 0 0 0 0 0 0 0.0157 0.0298 0.1121 0.1925 0.124 0.2469 0.1301 0.0248 0.0866 0.0375 0 0.0243 0.1539 0.2098 0.1172 0.1071 0.1148 0.1145 0.0902 0.058 0.0102 0 0 0 0 0 0 0 0 0 0 0 0 0 0 0 0 0 0 0 0 0 0 0 0 0 0 0 0 0 0 0 0 0 0 0 0 
0 0 0.1168 0.1248 0.2472 0.3029 0.1107 0.0353 0.0379 0.0244 0 0 0 0 0 0.0138 0.0522 0.0275 0.0091 0.1569 0.2425 0.3092 0.09 0.0988 0 0 0 0.0196 0.1389 0.193 0.2948 0.201 0.0974 0.0112 0.0441 0 0 0 0 0 0 0 0 0 0 0.0597 0.1575 0.2811 0.1812 0.1311 0.0648 0.028 0.0324 0.0139 0.1144 0.0833 0.1221 0.1384 0.2185 0.0991 0.183 0.0825 0.009 0 0 0 0 0 0 0 0 0 0 0 0 0 0 0 0 0 0 0 0 0 0 0 0 0 0 0 0 0 0 0 0 0 0 0 0 0 
0.3959 0.2751 0.2543 0.0663 0.0084 0 0 0 0 0 0 0 0 0 0 0 0 0 0 0 0 0 0.0881 0.2569 0.3354 0.4273 0.2849 0.2735 0.1671 0.0674 0.0833 0.0108 0.0053 0 0 0 0 0 0 0 0 0 0 0 0 0 0 0 0 0.0202 0.0266 0.1009 0.2298 0.362 0.4999 0.1988 0.1338 0.2158 0.158 0.0542 0 0 0 0 0 0 0 0 0 0 0 0 0 0 0 0 0 0 0 0 0 0 0 0 0 0 0 0 0 0 0 0 0 0 0 0 0 0 0 0 
0 0 0.03 0.0537 0.2204 0.2506 0.2961 0.1326 0.0129 0.0037 0 0 0 0 0 0 0 0.0366 0.1284 0.2347 0.2474 0.248 0.097 0.0079 0 0 0 0 0.0731 0.0617 0.2196 0.2383 0.1735 0.0883 0.075 0.0327 0.0378 0 0 0 0 0 0 0.052 0.0604 0.1146 0.1289 0.1251 0.1444 0.1112 0.1229 0.0464 0.0641 0.03 0 0 0.0235 0.149 0.1352 0.0812 0.2236 0.1639 0.2058 0.0178 0 0 0 0 0 0 0 0 0 0 0 0 0 0 0 0 0 0 0 0 0 0 0 0 0 0 0 0 0 0 0 0 0 0 0 0 
0.1874 0.1835 0.1459 0.205 0.126 0.0426 0.0349 0.0071 0.0097 0.0354 0.0225 0 0 0 0 0 0 0.0234 0.0394 0.0059 0.0084 0.1579 0.1786 0.197 0.1768 0.2032 0.2208 0.1614 0.0418 0.0766 0.1337 0.1529 0.104 0.0643 0.0441 0.0098 0 0 0 0 0 0 0 0 0 0 0.0175 0.0433 0.0999 0.1447 0.1904 0.1724 0.0691 0.0441 0.0453 0.0868 0.1631 0.19 0.2018 0.2911 0.116 0.1042 0.0203 0 0 0 0 0 0 0 0 0 0 0 0 0 0 0 0 0 0 0 0 0 0 0 0 0 0 0 0 0 0 0 0 0 0 0 0 0 
0.0964 0.1844 0.1859 0.2549 0.2084 0.0489 0.0211 0 0 0 0 0 0 0 0 0 0 0 0 0.0523 0.1624 0.1197 0.1462 0.1311 0.165 0.2099 0.1346 0.1594 0.2185 0.2872 0.1073 0.1064 0 0 0 0 0 0 0 0 0 0 0 0 0.0076 0.0193 0.0425 0.1408 0.0944 0.073 0.06 0.0806 0.1358 0.2345 0.1993 0.224 0.235 0.1442 0.0888 0.1018 0.0258 0.0524 0.0402 0 0 0 0 0 0 0 0 0 0 0 0 0 0 0 0 0 0 0 0 0 0 0 0 0 0 0 0 0 0 0 0 0 0 0 0 0 
0.3556 0.2433 0.2053 0.0807 0.0422 0.0729 0 0 0 0 0 0 0 0 0 0 0 0 0 0 0 0.0919 0.1497 0.1819 0.295 0.4004 0.28 0.3761 0.141 0.0589 0.0251 0 0 0 0 0 0 0 0 0 0 0 0 0 0 0 0 0 0 0.0423 0.0676 0.1698 0.3257 0.2691 0.2375 0.1744 0.2938 0.1707 0.104 0.0398 0.0846 0.0207 0 0 0 0 0 0 0 0 0 0 0 0 0 0 0 0 0 0 0 0 0 0 0 0 0 0 0 0 0 0 0 0 0 0 0 0 0 0 
0.4576 0.4187 0.1237 0 0 0 0 0 0 0 0 0 0 0 0 0 0 0 0 0 0 0 0.0418 0.1439 0.3485 0.3036 0.2943 0.2381 0.2832 0.2661 0.0805 0 0 0 0 0 0 0 0 0 0 0 0 0 0 0 0 0.0143 0.0541 0.0208 0.1213 0.163 0.1228 0.259 0.2611 0.2304 0.2476 0.2683 0.133 0.1043 0 0 0 0 0 0 0 0 0 0 0 0 0 0 0 0 0 0 0 0 0 0 0 0 0 0 0 0 0 0 0 0 0 0 0 0 0 0 0 0 
0.335 0.2772 0.2667 0.0816 0.0395 0 0 0 0 0 0 0 0 0 0 0 0 0 0 0 0 0.0153 0.0433 0.1204 0.1386 0.4186 0.5503 0.3307 0.1977 0.1495 0.0356 0 0 0 0 0 0 0 0 0 0 0 0 0 0 0 0 0 0.0091 0.019 0.0519 0.1017 0.2036 0.3632 0.4251 0.3326 0.2311 0.2091 0.0536 0 0 0 0 0 0 0 0 0 0 0 0 0 0 0 0 0 0 0 0 0 0 0 0 0 0 0 0 0 0 0 0 0 0 0 0 0 0 0 0 0 
0.3434 0.2384 0.1226 0.1647 0.1118 0.0191 0 0 0 0 0 0 0 0 0 0 0 0 0 0 0 0.0338 0.1204 0.1454 0.2731 0.3035 0.1722 0.3233 0.2652 0.1783 0.1166 0.0326 0.0168 0.0188 0 0 0 0 0 0 0 0 0 0 0 0 0 0 0 0 0 0.023 0.2326 0.1892 0.3205 0.2784 0.302 0.2695 0.2596 0.0751 0.0501 0 0 0 0 0 0 0 0 0 0 0 0 0 0 0 0 0 0 0 0 0 0 0 0 0 0 0 0 0 0 0 0 0 0 0 0 0 0 0 
0.0819 0.0868 0.1398 0.2211 0.245 0.1486 0.0768 0 0 0 0 0 0 0 0 0 0 0 0.0032 0.0278 0.0696 0.1844 0.1311 0.2306 0.1072 0.1577 0.1113 0.1027 0.2307 0.1804 0.0859 0.118 0.1217 0.1377 0 0 0 0 0 0 0 0 0 0 0 0 0 0.0227 0.0502 0.0908 0.0586 0.2359 0.2423 0.2529 0.1997 0.2294 0.059 0.0488 0.1413 0.1393 0.1841 0.045 0 0 0 0 0 0 0 0 0 0 0 0 0 0 0 0 0 0 0 0 0 0 0 0 0 0 0 0 0 0 0 0 0 0 0 0 0 0 
0.3423 0.3006 0.2122 0.0695 0.0367 0.0323 0.0064 0 0 0 0 0 0 0 0 0 0 0 0.0319 0.102 0.0832 0.0782 0.1706 0.2358 0.245 0.3773 0.3146 0.1654 0.0769 0.097 0.0221 0 0 0 0 0 0 0 0 0 0 0 0 0 0.0028 0.0856 0.0784 0.1286 0.0927 0.1006 0.2087 0.1516 0.2691 0.3552 0.2377 0.1161 0.0674 0.0252 0.0512 0.0291 0 0 0 0 0 0 0 0 0 0 0 0 0 0 0 0 0 0 0 0 0 0 0 0 0 0 0 0 0 0 0 0 0 0 0 0 0 0 0 0 
0.1813 0.2131 0.1746 0.1631 0.1366 0.0761 0.0403 0.0149 0 0 0 0 0 0 0 0 0 0 0.0071 0.1376 0.0988 0.0954 0.1567 0.1862 0.1163 0.0807 0.2325 0.1831 0.242 0.301 0.1159 0.0287 0.018 0 0 0 0 0 0 0 0 0 0 0 0 0.0214 0.0191 0.0164 0.0401 0.264 0.2829 0.19 0.1037 0.0939 0.3392 0.3453 0.095 0.0928 0.0437 0.0425 0.01 0 0 0 0 0 0 0 0 0 0 0 0 0 0 0 0 0 0 0 0 0 0 0 0 0 0 0 0 0 0 0 0 0 0 0 0 0 0 0 
0.1375 0.1356 0.2144 0.0955 0.1926 0.159 0.0654 0 0 0 0 0 0 0 0 0 0 0 0 0.0713 0.0333 0.1186 0.2203 0.3058 0.1745 0.1731 0.061 0.0919 0.1338 0.1676 0.2957 0.1206 0.0325 0 0 0 0 0 0 0 0 0 0 0 0 0.0017 0.0486 0.1741 0.0974 0.1471 0.0909 0.1031 0.2095 0.1278 0.0713 0.1081 0.2633 0.1982 0.1642 0.1341 0.0399 0.0207 0 0 0 0 0 0 0 0 0 0 0 0 0 0 0 0 0 0 0 0 0 0 0 0 0 0 0 0 0 0 0 0 0 0 0 0 0 0 
0.0084 0.0207 0.1265 0.1805 0.2883 0.2595 0.0945 0.0216 0 0 0 0 0 0 0 0 0 0 0.037 0.1863 0.2418 0.2028 0.2345 0.0976 0 0.0052 0.0725 0.0704 0.0685 0.2399 0.1861 0.2063 0.0809 0.069 0.0012 0 0 0 0 0 0 0 0 0 0 0 0.0417 0.111 0.2812 0.2557 0.158 0.0308 0.0886 0.0543 0.1343 0.1204 0.2152 0.2183 0.1616 0.1001 0.0151 0.0114 0.0023 0 0 0 0 0 0 0 0 0 0 0 0 0 0 0 0 0 0 0 0 0 0 0 0 0 0 0 0 0 0 0 0 0 0 0 0 0 
0 0 0.0523 0.0879 0.1711 0.1157 0.1965 0.329 0.0333 0.0142 0 0 0 0 0 0 0.0147 0.0382 0.2566 0.251 0.1164 0.1597 0.1026 0.0608 0 0 0 0 0 0.0323 0.093 0.1675 0.1729 0.1683 0.0709 0.2155 0.0796 0 0 0 0 0 0 0 0 0 0 0.0231 0.1339 0.2377 0.3389 0.1975 0.0689 0 0 0 0 0.0043 0.0637 0.1177 0.18 0.2974 0.1457 0.0493 0.0358 0.0413 0.029 0.0248 0.011 0 0 0 0 0 0 0 0 0 0 0 0 0 0 0 0 0 0 0 0 0 0 0 0 0 0 0 0 0 0 0 
0.2009 0.3355 0.1647 0.0802 0.0327 0.1524 0.0336 0 0 0 0 0 0 0 0 0 0 0 0.0493 0.1087 0.0373 0.0301 0.054 0.1714 0.1876 0.2221 0.1848 0.2023 0.3406 0.1863 0.0658 0.0944 0.0384 0.0238 0.0031 0 0 0 0 0 0 0 0 0 0 0 0.0036 0.0247 0.0204 0.0394 0.0781 0.0541 0.0528 0.0919 0.4007 0.3783 0.2798 0.265 0.2356 0.0692 0.0064 0 0 0 0 0 0 0 0 0 0 0 0 0 0 0 0 0 0 0 0 0 0 0 0 0 0 0 0 0 0 0 0 0 0 0 0 0 0 0 
0.5307 0.2955 0.1615 0.0123 0 0 0 0 0 0 0 0 0 0 0 0 0 0 0 0 0 0 0 0.0402 0.1452 0.3496 0.4708 0.4391 0.2253 0.1881 0.0967 0.023 0.022 0 0 0 0 0 0 0 0 0 0 0 0 0 0 0 0 0 0 0.0374 0.0912 0.2539 0.1934 0.1654 0.3587 0.4207 0.0985 0.0728 0.0433 0.0349 0.0606 0.0891 0.0801 0 0 0 0 0 0 0 0 0 0 0 0 0 0 0 0 0 0 0 0 0 0 0 0 0 0 0 0 0 0 0 0 0 0 0 
0.0053 0.1714 0.2438 0.2269 0.1657 0.1145 0.0337 0.031 0.0077 0 0 0 0 0 0 0 0 0 0.056 0.126 0.1169 0.1549 0.1493 0.1018 0.1281 0.106 0.2105 0.2209 0.1587 0.2425 0.114 0.0962 0.0182 0 0 0 0 0 0 0 0 0 0 0 0.0532 0.0808 0.1191 0.1192 0.0654 0.0746 0.0258 0.0494 0.2801 0.2352 0.3865 0.2695 0.0987 0.0864 0.0561 0 0 0 0 0 0 0 0 0 0 0 0 0 0 0 0 0 0 0 0 0 0 0 0 0 0 0 0 0 0 0 0 0 0 0 0 0 0 0 0 0 
0.3134 0.2092 0.2496 0.0448 0.0339 0.0281 0.0348 0.0637 0.0206 0.0019 0 0 0 0 0 0 0 0.0263 0.0248 0.0193 0.0831 0.1085 0.1756 0.3131 0.2505 0.3828 0.3052 0.0588 0.0069 0.0382 0.0585 0.1191 0.0293 0 0 0 0 0 0 0 0 0 0 0 0 0 0 0 0.0599 0.1981 0.3475 0.3187 0.4148 0.2159 0.1451 0.072 0.0301 0.0873 0.108 0.0026 0 0 0 0 0 0 0 0 0 0 0 0 0 0 0 0 0 0 0 0 0 0 0 0 0 0 0 0 0 0 0 0 0 0 0 0 0 0 0 0 
0.1616 0.203 0.412 0.1312 0.0119 0.0124 0.0472 0.0191 0.0016 0 0 0 0 0 0 0 0 0 0 0 0 0.116 0.3281 0.2835 0.1309 0.2018 0.5276 0.1902 0.1028 0.0196 0.0423 0.0242 0.0298 0.0032 0 0 0 0 0 0 0 0 0 0 0 0 0 0.0323 0.0603 0.0788 0.1427 0.2527 0.4377 0.3676 0.1916 0.1426 0.0885 0.0633 0.0847 0.0205 0.0367 0 0 0 0 0 0 0 0 0 0 0 0 0 0 0 0 0 0 0 0 0 0 0 0 0 0 0 0 0 0 0 0 0 0 0 0 0 0 0 
0.1537 0.217 0.3855 0.1575 0.0664 0.0199 0 0 0 0 0 0 0 0 0 0 0 0 0 0 0 0.0369 0.2003 0.3149 0.2534 0.3315 0.2809 0.317 0.1685 0.0879 0.0087 0 0 0 0 0 0 0 0 0 0 0 0 0 0 0 0 0 0.0126 0.149 0.0671 0.1137 0.2593 0.4403 0.3477 0.2687 0.2313 0.1103 0 0 0 0 0 0 0 0 0 0 0 0 0 0 0 0 0 0 0 0 0 0 0 0 0 0 0 0 0 0 0 0 0 0 0 0 0 0 0 0 0 0 
0.5058 0.4181 0.0761 0 0 0 0 0 0 0 0 0 0 0 0 0 0 0 0 0 0 0 0 0.1349 0.3208 0.5815 0.4231 0.2574 0.2054 0.0769 0 0 0 0 0 0 0 0 0 0 0 0 0 0 0 0 0 0 0 0.0147 0.1102 0.2975 0.3878 0.3887 0.3001 0.1976 0.1215 0.0604 0.0269 0.0725 0.0221 0 0 0 0 0 0 0 0 0 0 0 0 0 0 0 0 0 0 0 0 0 0 0 0 0 0 0 0 0 0 0 0 0 0 0 0 0 0 0 
0.3434 0.4554 0.1099 0.0913 0 0 0 0 0 0 0 0 0 0 0 0 0 0 0 0 0.0181 0.0354 0.0249 0.2146 0.2507 0.2675 0.5224 0.3959 0.2326 0.0228 0.0151 0 0 0 0 0 0 0 0 0 0 0 0 0 0 0 0 0 0.0185 0.0386 0.0681 0.29 0.3603 0.4583 0.2948 0.2132 0.1516 0.0524 0.0542 0 0 0 0 0 0 0 0 0 0 0 0 0 0 0 0 0 0 0 0 0 0 0 0 0 0 0 0 0 0 0 0 0 0 0 0 0 0 0 0 0 
0.1919 0.184 0.4417 0.1285 0.0539 0 0 0 0 0 0 0 0 0 0 0 0 0 0 0 0 0.1352 0.2094 0.3541 0.1646 0.1698 0.1688 0.1474 0.2893 0.1741 0.1209 0.0664 0 0 0 0 0 0 0 0 0 0 0 0 0 0 0 0.0359 0.0674 0.1136 0.2328 0.185 0.0495 0.1046 0.164 0.2789 0.2794 0.1905 0.1864 0.0762 0.0358 0 0 0 0 0 0 0 0 0 0 0 0 0 0 0 0 0 0 0 0 0 0 0 0 0 0 0 0 0 0 0 0 0 0 0 0 0 0 0 
0.5568 0.2571 0.185 0.0011 0 0 0 0 0 0 0 0 0 0 0 0 0 0 0 0 0 0 0.0288 0.0527 0.1873 0.6282 0.509 0.2787 0.2735 0.0418 0 0 0 0 0 0 0 0 0 0 0 0 0 0 0 0 0 0 0 0.0162 0.0147 0.0205 0.243 0.2369 0.1999 0.1589 0.244 0.2719 0.2157 0.1845 0.1319 0.0389 0.023 0 0 0 0 0 0 0 0 0 0 0 0 0 0 0 0 0 0 0 0 0 0 0 0 0 0 0 0 0 0 0 0 0 0 0 0 0 
0.3858 0.2772 0.1286 0.1416 0.0668 0 0 0 0 0 0 0 0 0 0 0 0 0 0 0 0 0.0107 0.0636 0.2132 0.4138 0.441 0.3205 0.1939 0.1247 0.1507 0.0562 0.0117 0 0 0 0 0 0 0 0 0 0 0 0 0 0 0 0 0 0.094 0.0988 0.1807 0.2728 0.3392 0.4442 0.2422 0.1259 0.0489 0.0444 0.1089 0 0 0 0 0 0 0 0 0 0 0 0 0 0 0 0 0 0 0 0 0 0 0 0 0 0 0 0 0 0 0 0 0 0 0 0 0 0 0 0 
0.0061 0.1502 0.0955 0.1026 0.216 0.0494 0.0594 0.1449 0.1185 0.0426 0.0148 0 0 0 0 0.0281 0.0496 0.0955 0.1696 0.1452 0.1154 0.1332 0.0932 0.072 0.0585 0.0656 0.1525 0.2317 0.1429 0.0574 0.0658 0.0692 0.0866 0.0429 0.0529 0.0542 0.018 0 0 0 0 0 0 0 0.0035 0.1635 0.0778 0.1672 0.2094 0.0748 0.0579 0.0737 0.1262 0.2172 0.2326 0.1557 0.1177 0.0525 0.034 0.0519 0.0825 0.0513 0.0328 0.0178 0 0 0 0 0 0 0 0 0 0 0 0 0 0 0 0 0 0 0 0 0 0 0 0 0 0 0 0 0 0 0 0 0 0 0 0 
0.1554 0.2006 0.0902 0.2165 0.1025 0.0827 0.0508 0.0475 0.0465 0.0073 0 0 0 0 0 0 0 0.0275 0.0444 0.076 0.106 0.0909 0.1713 0.2024 0.1604 0.2169 0.2067 0.0974 0.1874 0.1615 0.0435 0.0588 0.0433 0.0483 0.0573 0 0 0 0 0 0 0 0 0 0 0 0 0.0262 0.1108 0.1713 0.2998 0.2079 0.1824 0.1435 0.1457 0.0899 0.1554 0.1435 0.1179 0.0863 0.0681 0.0498 0.0015 0 0 0 0 0 0 0 0 0 0 0 0 0 0 0 0 0 0 0 0 0 0 0 0 0 0 0 0 0 0 0 0 0 0 0 0 0 
0.2698 0.1869 0.0414 0.0534 0.1667 0.0969 0.1121 0.0728 0 0 0 0 0 0 0 0 0 0 0.0125 0.1025 0.0886 0.1762 0.2197 0.3144 0.3019 0.1223 0.0693 0.046 0.0876 0.1029 0.1694 0.0808 0.0846 0.0213 0 0 0 0 0 0 0 0 0 0 0 0 0.007 0.0548 0.1535 0.1978 0.2332 0.2773 0.2618 0.1804 0.0547 0.0408 0.0523 0.1334 0.1525 0.1235 0.077 0 0 0 0 0 0 0 0 0 0 0 0 0 0 0 0 0 0 0 0 0 0 0 0 0 0 0 0 0 0 0 0 0 0 0 0 0 0 0 
0.1056 0.317 0.3526 0.2147 0.0101 0 0 0 0 0 0 0 0 0 0 0 0 0 0 0 0 0.0596 0.1293 0.3856 0.2829 0.1568 0.1892 0.2995 0.2522 0.2245 0.0204 0 0 0 0 0 0 0 0 0 0 0 0 0 0 0 0 0.024 0.1216 0.1801 0.1871 0.2001 0.2802 0.0091 0.0801 0.2058 0.1043 0.1719 0.1891 0.2024 0.0442 0 0 0 0 0 0 0 0 0 0 0 0 0 0 0 0 0 0 0 0 0 0 0 0 0 0 0 0 0 0 0 0 0 0 0 0 0 0 0 
0.1752 0.1277 0.2247 0.1802 0.1494 0.1322 0.0106 0 0 0 0 0 0 0 0 0 0 0.0301 0.0179 0.0566 0.0515 0.1426 0.2345 0.1835 0.2125 0.1177 0.1304 0.1522 0.2396 0.195 0.1382 0.0977 0 0 0 0 0 0 0 0 0 0 0 0 0 0 0 0.0613 0.2829 0.3108 0.231 0.0947 0.0193 0 0.0467 0.1958 0.2634 0.1793 0.1531 0.0983 0.0431 0.0203 0 0 0 0 0 0 0 0 0 0 0 0 0 0 0 0 0 0 0 0 0 0 0 0 0 0 0 0 0 0 0 0 0 0 0 0 0 0 
0.1427 0.2369 0.2873 0.2474 0.0755 0.0102 0 0 0 0 0 0 0 0 0 0 0 0 0 0 0.0318 0.1204 0.2869 0.3108 0.1275 0.1094 0.25 0.3144 0.3626 0.0862 0 0 0 0 0 0 0 0 0 0 0 0 0 0 0 0 0 0 0.0001 0.0768 0.1937 0.3044 0.3265 0.3799 0.3399 0.187 0.1213 0.0585 0.009 0.0029 0 0 0 0 0 0 0 0 0 0 0 0 0 0 0 0 0 0 0 0 0 0 0 0 0 0 0 0 0 0 0 0 0 0 0 0 0 0 0 0 
0.455 0.327 0.1502 0.0407 0.0271 0 0 0 0 0 0 0 0 0 0 0 0 0 0 0 0 0 0.0791 0.1522 0.2929 0.513 0.5036 0.2902 0.1222 0.0373 0.0095 0 0 0 0 0 0 0 0 0 0 0 0 0 0 0 0 0.0167 0.0514 0.0662 0.075 0.2698 0.506 0.5181 0.1517 0.1533 0.1166 0.0752 0 0 0 0 0 0 0 0 0 0 0 0 0 0 0 0 0 0 0 0 0 0 0 0 0 0 0 0 0 0 0 0 0 0 0 0 0 0 0 0 0 0 
0.3428 0.4477 0.127 0.0415 0.0228 0.0182 0 0 0 0 0 0 0 0 0 0 0 0 0 0.0287 0.0767 0.0375 0.1402 0.1653 0.1759 0.3525 0.3551 0.2675 0.237 0.1602 0.0034 0 0 0 0 0 0 0 0 0 0 0 0 0 0.0212 0.0183 0.0365 0.0708 0.04 0.0365 0.0394 0.3572 0.2341 0.2183 0.2377 0.1363 0.1522 0.1681 0.0607 0.1111 0.0616 0 0 0 0 0 0 0 0 0 0 0 0 0 0 0 0 0 0 0 0 0 0 0 0 0 0 0 0 0 0 0 0 0 0 0 0 0 0 0 
0.1756 0.2362 0.2944 0.2031 0.0907 0 0 0 0 0 0 0 0 0 0 0 0 0 0 0.0189 0.0732 0.2093 0.1106 0.1753 0.2113 0.1489 0.2931 0.2745 0.3567 0.0741 0.0244 0.0297 0 0 0 0 0 0 0 0 0 0 0 0 0 0 0 0.0179 0.0509 0.1135 0.1788 0.3365 0.1825 0.193 0.2506 0.0823 0.2553 0.1971 0.1005 0.0411 0 0 0 0 0 0 0 0 0 0 0 0 0 0 0 0 0 0 0 0 0 0 0 0 0 0 0 0 0 0 0 0 0 0 0 0 0 0 0 0 
0.3903 0.4637 0.1211 0.0249 0 0 0 0 0 0 0 0 0 0 0 0 0 0 0 0 0 0 0.0714 0.1496 0.4465 0.5416 0.266 0.3004 0.1151 0.0715 0.0379 0 0 0 0 0 0 0 0 0 0 0 0 0 0 0 0 0 0 0.0435 0.1022 0.2549 0.3827 0.4592 0.3277 0.1969 0.0917 0.0492 0.0729 0.0191 0 0 0 0 0 0 0 0 0 0 0 0 0 0 0 0 0 0 0 0 0 0 0 0 0 0 0 0 0 0 0 0 0 0 0 0 0 0 0 0 
0.4807 0.2476 0.0902 0.0496 0.0687 0.0508 0.0124 0 0 0 0 0 0 0 0 0 0 0 0 0.0231 0.0452 0.0518 0.1263 0.21 0.461 0.5226 0.2317 0.1597 0.0383 0.0668 0.0621 0.0014 0 0 0 0 0 0 0 0 0 0 0 0 0 0 0 0 0.0222 0.0677 0.1547 0.3379 0.4414 0.3573 0.3266 0.209 0.0562 0.0074 0.0196 0 0 0 0 0 0 0 0 0 0 0 0 0 0 0 0 0 0 0 0 0 0 0 0 0 0 0 0 0 0 0 0 0 0 0 0 0 0 0 0 0 
0.1922 0.0494 0.0392 0.0219 0.1788 0.1377 0.2235 0.1553 0.002 0 0 0 0 0 0 0 0.0637 0.0789 0.2098 0.1794 0.0833 0.0576 0.0615 0.068 0.1126 0.1642 0.1429 0.0867 0.104 0.1015 0.0464 0.1156 0.1105 0.0958 0.0993 0.0183 0 0 0 0 0 0 0 0 0.032 0.108 0.0882 0.1154 0.1372 0.1041 0.0821 0.1994 0.129 0.1541 0.0703 0.0285 0.0627 0.1191 0.2038 0.1951 0.0277 0.0425 0.0869 0.0139 0 0 0 0 0 0 0 0 0 0 0 0 0 0 0 0 0 0 0 0 0 0 0 0 0 0 0 0 0 0 0 0 0 0 0 0 
0.0923 0.1067 0.1008 0.1246 0.2911 0.1562 0.0433 0.085 0 0 0 0 0 0 0 0 0 0 0.0404 0.0557 0.1404 0.2458 0.2435 0.1088 0.1213 0.0906 0.0227 0.1024 0.027 0.1621 0.1261 0.1387 0.093 0.1201 0.126 0.0354 0 0 0 0 0 0 0 0 0 0 0.028 0.0527 0.1124 0.1334 0.1044 0.1184 0.1597 0.1853 0.1022 0.047 0.1229 0.1691 0.1421 0.145 0.134 0.095 0.0668 0.0816 0 0 0 0 0 0 0 0 0 0 0 0 0 0 0 0 0 0 0 0 0 0 0 0 0 0 0 0 0 0 0 0 0 0 0 0 
0.2076 0.4018 0.2367 0.1479 0.006 0 0 0 0 0 0 0 0 0 0 0 0 0 0 0 0 0.1954 0.1683 0.254 0.2521 0.2728 0.1349 0.2979 0.1954 0.11 0.0666 0.0526 0 0 0 0 0 0 0 0 0 0 0 0 0.01 0.0604 0.0975 0.1781 0.0822 0.1056 0.2353 0.1307 0.063 0.1457 0.0961 0.1557 0.0523 0.1742 0.1518 0.1284 0.0741 0.0589 0 0 0 0 0 0 0 0 0 0 0 0 0 0 0 0 0 0 0 0 0 0 0 0 0 0 0 0 0 0 0 0 0 0 0 0 0 0 
0.4733 0.3164 0.0995 0.1108 0 0 0 0 0 0 0 0 0 0 0 0 0 0 0 0 0 0.0339 0.1157 0.4056 0.5414 0.3719 0.277 0.1029 0.125 0.0266 0 0 0 0 0 0 0 0 0 0 0 0 0 0 0 0 0 0 0.0302 0.2246 0.2922 0.2282 0.4339 0.3442 0.154 0.1532 0.1336 0.0059 0 0 0 0 0 0 0 0 0 0 0 0 0 0 0 0 0 0 0 0 0 0 0 0 0 0 0 0 0 0 0 0 0 0 0 0 0 0 0 0 0 0 
0.2266 0.2933 0.2642 0.1873 0.0286 0 0 0 0 0 0 0 0 0 0 0 0 0 0 0 0.0207 0.1982 0.1708 0.2915 0.2422 0.1818 0.1898 0.2838 0.3094 0.0794 0.0324 0 0 0 0 0 0 0 0 0 0 0 0 0 0 0 0 0.0404 0.1146 0.0812 0.3033 0.2409 0.3066 0.1923 0.3188 0.0807 0.1216 0.064 0.0213 0.0689 0.0454 0 0 0 0 0 0 0 0 0 0 0 0 0 0 0 0 0 0 0 0 0 0 0 0 0 0 0 0 0 0 0 0 0 0 0 0 0 0 0 
0.4363 0.2632 0.1886 0.0988 0.0131 0 0 0 0 0 0 0 0 0 0 0 0 0 0 0 0 0.0247 0.0887 0.129 0.2763 0.3835 0.3834 0.3233 0.2566 0.1345 0 0 0 0 0 0 0 0 0 0 0 0 0 0 0 0 0 0.0023 0.0171 0.0589 0.1092 0.1435 0.2832 0.3017 0.4725 0.2463 0.1643 0.0963 0.0155 0.0249 0.0449 0.0194 0 0 0 0 0 0 0 0 0 0 0 0 0 0 0 0 0 0 0 0 0 0 0 0 0 0 0 0 0 0 0 0 0 0 0 0 0 0 
0.2455 0.18 0.2317 0.2737 0.0677 0.0014 0 0 0 0 0 0 0 0 0 0 0 0 0 0 0.0145 0.1028 0.1856 0.1578 0.0533 0.244 0.3932 0.2526 0.2866 0.2179 0.0779 0.0138 0 0 0 0 0 0 0 0 0 0 0 0 0 0 0 0 0 0 0.0809 0.223 0.3038 0.4283 0.3565 0.2159 0.2566 0.1147 0.0203 0 0 0 0 0 0 0 0 0 0 0 0 0 0 0 0 0 0 0 0 0 0 0 0 0 0 0 0 0 0 0 0 0 0 0 0 0 0 0 0 0 
0.249 0.27 0.258 0.0969 0.0924 0.0337 0 0 0 0 0 0 0 0 0 0 0 0 0 0 0.0206 0.0527 0.0837 0.2159 0.3397 0.2365 0.1167 0.2521 0.194 0.3375 0.1016 0.049 0 0 0 0 0 0 0 0 0 0 0 0 0 0 0 0 0 0.0224 0.1539 0.165 0.0822 0.1954 0.2538 0.2096 0.1655 0.272 0.2509 0.1467 0.0494 0.0332 0 0 0 0 0 0 0 0 0 0 0 0 0 0 0 0 0 0 0 0 0 0 0 0 0 0 0 0 0 0 0 0 0 0 0 0 0 0 
0.3996 0.2904 0.1919 0.0674 0.0507 0 0 0 0 0 0 0 0 0 0 0 0 0 0 0 0 0.0462 0.2522 0.2089 0.2061 0.2238 0.3227 0.3623 0.1951 0.136 0.0446 0.0021 0 0 0 0 0 0 0 0 0 0 0 0 0 0 0 0 0 0.05 0.1872 0.255 0.1522 0.2086 0.2921 0.3684 0.3344 0.135 0.0171 0 0 0 0 0 0 0 0 0 0 0 0 0 0 0 0 0 0 0 0 0 0 0 0 0 0 0 0 0 0 0 0 0 0 0 0 0 0 0 0 0 
0.2189 0.2872 0.2796 0.1192 0.0752 0.0199 0 0 0 0 0 0 0 0 0 0 0 0 0 0 0 0 0.0824 0.1914 0.4845 0.2659 0.1745 0.2503 0.3289 0.1323 0.0249 0.0649 0 0 0 0 0 0 0 0 0 0 0 0 0 0 0 0 0 0.0444 0.1854 0.2889 0.168 0.2529 0.1964 0.1994 0.2094 0.181 0.2586 0.0156 0 0 0 0 0 0 0 0 0 0 0 0 0 0 0 0 0 0 0 0 0 0 0 0 0 0 0 0 0 0 0 0 0 0 0 0 0 0 0 0 
0.2304 0.257 0.2934 0.1834 0.0358 0 0 0 0 0 0 0 0 0 0 0 0 0 0 0 0 0.0036 0.1256 0.2214 0.3612 0.3116 0.1922 0.2467 0.1824 0.2683 0.07 0.017 0 0 0 0 0 0 0 0 0 0 0 0 0 0 0 0 0.0289 0.0596 0.1426 0.2477 0.2559 0.2066 0.1858 0.1808 0.272 0.1925 0.2052 0.0224 0 0 0 0 0 0 0 0 0 0 0 0 0 0 0 0 0 0 0 0 0 0 0 0 0 0 0 0 0 0 0 0 0 0 0 0 0 0 0 0 
0.191 0.2851 0.2863 0.1498 0.0878 0 0 0 0 0 0 0 0 0 0 0 0 0 0 0 0.0775 0.0927 0.1528 0.2309 0.2163 0.1842 0.1934 0.4145 0.311 0.1247 0.002 0 0 0 0 0 0 0 0 0 0 0 0 0 0 0 0 0.0062 0.068 0.0804 0.1915 0.2084 0.3889 0.2414 0.213 0.2271 0.0924 0.0303 0.0818 0.0249 0.0186 0.0707 0.0281 0.0198 0.0085 0 0 0 0 0 0 0 0 0 0 0 0 0 0 0 0 0 0 0 0 0 0 0 0 0 0 0 0 0 0 0 0 0 0 0 
0.1677 0.4932 0.2614 0.0777 0 0 0 0 0 0 0 0 0 0 0 0 0 0 0 0 0.0326 0.0203 0.1286 0.1994 0.2319 0.5085 0.5282 0.1692 0.0535 0.0894 0.0384 0 0 0 0 0 0 0 0 0 0 0 0 0 0 0 0 0.0046 0.0358 0.0164 0.1554 0.3324 0.5839 0.4311 0.1822 0.1331 0.0771 0.048 0 0 0 0 0 0 0 0 0 0 0 0 0 0 0 0 0 0 0 0 0 0 0 0 0 0 0 0 0 0 0 0 0 0 0 0 0 0 0 0 0 0 
0.3664 0.3419 0.196 0.0957 0 0 0 0 0 0 0 0 0 0 0 0 0 0 0 0 0 0.0047 0.0741 0.197 0.3121 0.2618 0.3368 0.522 0.1656 0.1259 0 0 0 0 0 0 0 0 0 0 0 0 0 0 0 0 0 0 0 0 0.0128 0.0982 0.3154 0.4067 0.5641 0.2993 0.2358 0.0677 0 0 0 0 0 0 0 0 0 0 0 0 0 0 0 0 0 0 0 0 0 0 0 0 0 0 0 0 0 0 0 0 0 0 0 0 0 0 0 0 0 0 
0.3656 0.3107 0.1678 0.0796 0.0763 0 0 0 0 0 0 0 0 0 0 0 0 0 0 0.0454 0.1098 0.121 0.2109 0.1662 0.249 0.3864 0.3924 0.1712 0.0955 0.0522 0 0 0 0 0 0 0 0 0 0 0 0 0 0 0 0.0144 0.0637 0.0805 0.2138 0.2083 0.1666 0.1794 0.3783 0.3572 0.1678 0.1441 0.0259 0 0 0 0 0 0 0 0 0 0 0 0 0 0 0 0 0 0 0 0 0 0 0 0 0 0 0 0 0 0 0 0 0 0 0 0 0 0 0 0 0 0 0 
0.2228 0.4068 0.1907 0.133 0.0467 0 0 0 0 0 0 0 0 0 0 0 0 0 0 0 0.0095 0.1354 0.2224 0.3261 0.1651 0.2349 0.3503 0.3963 0.1552 0.0048 0 0 0 0 0 0 0 0 0 0 0 0 0 0 0 0 0 0.0359 0.1913 0.1864 0.238 0.2156 0.1645 0.3526 0.2472 0.1841 0.0963 0.0518 0.0304 0.0059 0 0 0 0 0 0 0 0 0 0 0 0 0 0 0 0 0 0 0 0 0 0 0 0 0 0 0 0 0 0 0 0 0 0 0 0 0 0 0 0 
0.1904 0.0923 0.2208 0.263 0.1245 0.0389 0.0439 0.0262 0 0 0 0 0 0 0 0 0 0 0.0774 0.0324 0.134 0.2323 0.1936 0.0698 0.0454 0.1285 0.2301 0.2726 0.2732 0.1445 0.0692 0.0751 0.0219 0 0 0 0 0 0 0 0 0 0 0 0 0.0036 0.0562 0.2042 0.307 0.1141 0.0808 0.0384 0.1139 0.2225 0.108 0.1097 0.2914 0.2047 0.0618 0.0323 0.0231 0.0283 0 0 0 0 0 0 0 0 0 0 0 0 0 0 0 0 0 0 0 0 0 0 0 0 0 0 0 0 0 0 0 0 0 0 0 0 0 0 
0.3764 0.1513 0.1607 0.241 0.0706 0 0 0 0 0 0 0 0 0 0 0 0 0 0 0.0042 0.0282 0.0756 0.123 0.2287 0.3754 0.4158 0.2174 0.1133 0.2353 0.1082 0.0749 0 0 0 0 0 0 0 0 0 0 0 0 0 0 0 0 0.0024 0.1337 0.2496 0.1802 0.2817 0.3233 0.2911 0.0869 0.0254 0.1124 0.1263 0.1 0.022 0.0185 0.0127 0.0338 0 0 0 0 0 0 0 0 0 0 0 0 0 0 0 0 0 0 0 0 0 0 0 0 0 0 0 0 0 0 0 0 0 0 0 0 0 
0.6285 0.2532 0.0772 0.0192 0.0219 0 0 0 0 0 0 0 0 0 0 0 0 0 0 0 0 0 0.0174 0.1056 0.1326 0.5024 0.6037 0.3966 0.1717 0.0462 0.0238 0 0 0 0 0 0 0 0 0 0 0 0 0 0 0 0 0 0 0.102 0.1561 0.1436 0.192 0.379 0.38 0.3645 0.2661 0.0167 0 0 0 0 0 0 0 0 0 0 0 0 0 0 0 0 0 0 0 0 0 0 0 0 0 0 0 0 0 0 0 0 0 0 0 0 0 0 0 0 0 0 
0.4203 0.3162 0.1346 0.0708 0.0581 0 0 0 0 0 0 0 0 0 0 0 0 0 0 0 0.0491 0.0407 0.1054 0.3158 0.322 0.5678 0.2319 0.0798 0.0928 0.1765 0.0182 0 0 0 0 0 0 0 0 0 0 0 0 0 0 0 0 0 0.04 0.0901 0.1947 0.32 0.5044 0.3063 0.1048 0.07 0.172 0.1351 0.0334 0.0292 0 0 0 0 0 0 0 0 0 0 0 0 0 0 0 0 0 0 0 0 0 0 0 0 0 0 0 0 0 0 0 0 0 0 0 0 0 0 0 0 
