0.03 0.09 0.15 0.21 0.27 0.33 0.39 0.45 0.51 0.57 0.63 0.69 0.75 0.81 0.87 0.93 0.99 1.05 1.11 1.17 1.23 1.29 1.35 1.41 1.47 1.53 1.59 1.65 1.71 1.77 1.83 1.89 1.95 2.01 2.07 2.13 2.19 2.25 2.31 2.37 2.43 2.49 2.55 2.61 2.67 2.73 2.79 2.85 2.91 2.97 3.03 3.09 3.15 3.21 3.27 3.33 3.39 3.45 3.51 3.57 3.63 3.69 3.75 3.81 3.87 3.93 3.99 4.05 4.11 4.17 4.23 4.29 4.35 4.41 4.47 4.53 4.59 4.65 4.71 4.77 4.83 4.89 4.95 5.01 5.07 5.13 5.19 5.25 5.31 5.37 5.43 5.49 5.55 5.61 5.67 5.73 5.79 5.85 5.91 5.97 
0.18891 0.18145 0.16254 0.13564 0.106 0.07126 0.05064 0.03533 0.02051 0.01755 0.0109 0.00518 0.00229 0.00105 0.00054 0.00022 0 0 0 0 0 0 0 0 0 0 0 0 0 0 0 0 0 0 0 0 0 0 0 0 0 0 0 0 0 0 0 0 0 0 0 0 0 0 0 0 0 0 0 0 0 0 0 0 0 0 0 0 0 0 0 0 0 0 0 0 0 0 0 0 0 0 0 0 0 0 0 0 0 0 0 0 0 0 0 0 0 0 0 0 
0.15319 0.14813 0.14946 0.12767 0.11276 0.09107 0.06817 0.04943 0.03624 0.02342 0.01586 0.00993 0.00758 0.00364 0.00252 0.00057 0.00036 0 0 0 0 0 0 0 0 0 0 0 0 0 0 0 0 0 0 0 0 0 0 0 0 0 0 0 0 0 0 0 0 0 0 0 0 0 0 0 0 0 0 0 0 0 0 0 0 0 0 0 0 0 0 0 0 0 0 0 0 0 0 0 0 0 0 0 0 0 0 0 0 0 0 0 0 0 0 0 0 0 0 0 
0.17149 0.17505 0.16141 0.13367 0.10859 0.08143 0.05797 0.04273 0.03047 0.019 0.00968 0.00477 0.00238 0.00102 0.00034 0 0 0 0 0 0 0 0 0 0 0 0 0 0 0 0 0 0 0 0 0 0 0 0 0 0 0 0 0 0 0 0 0 0 0 0 0 0 0 0 0 0 0 0 0 0 0 0 0 0 0 0 0 0 0 0 0 0 0 0 0 0 0 0 0 0 0 0 0 0 0 0 0 0 0 0 0 0 0 0 0 0 0 0 0 
0.16527 0.17105 0.15904 0.13137 0.11007 0.08775 0.06219 0.04047 0.02738 0.01713 0.01291 0.00698 0.00427 0.00205 0.00127 0.00069 0.00011 0 0 0 0 0 0 0 0 0 0 0 0 0 0 0 0 0 0 0 0 0 0 0 0 0 0 0 0 0 0 0 0 0 0 0 0 0 0 0 0 0 0 0 0 0 0 0 0 0 0 0 0 0 0 0 0 0 0 0 0 0 0 0 0 0 0 0 0 0 0 0 0 0 0 0 0 0 0 0 0 0 0 0 
0.16076 0.16157 0.14423 0.12914 0.11052 0.08479 0.06486 0.05002 0.03752 0.02143 0.01436 0.01101 0.00439 0.00218 0.00249 0.00073 0 0 0 0 0 0 0 0 0 0 0 0 0 0 0 0 0 0 0 0 0 0 0 0 0 0 0 0 0 0 0 0 0 0 0 0 0 0 0 0 0 0 0 0 0 0 0 0 0 0 0 0 0 0 0 0 0 0 0 0 0 0 0 0 0 0 0 0 0 0 0 0 0 0 0 0 0 0 0 0 0 0 0 0 
0.14352 0.14748 0.13638 0.12678 0.10879 0.09422 0.07789 0.05355 0.04206 0.03207 0.0162 0.00806 0.00632 0.00274 0.00165 0.00114 0.00066 0.00014 0.00031 4e-05 0 0 0 0 0 0 0 0 0 0 0 0 0 0 0 0 0 0 0 0 0 0 0 0 0 0 0 0 0 0 0 0 0 0 0 0 0 0 0 0 0 0 0 0 0 0 0 0 0 0 0 0 0 0 0 0 0 0 0 0 0 0 0 0 0 0 0 0 0 0 0 0 0 0 0 0 0 0 0 0 
0.13142 0.13094 0.12482 0.11372 0.10514 0.09379 0.07997 0.0677 0.04684 0.03566 0.0271 0.0151 0.0117 0.00828 0.00401 0.00247 0.00119 0.00015 0 0 0 0 0 0 0 0 0 0 0 0 0 0 0 0 0 0 0 0 0 0 0 0 0 0 0 0 0 0 0 0 0 0 0 0 0 0 0 0 0 0 0 0 0 0 0 0 0 0 0 0 0 0 0 0 0 0 0 0 0 0 0 0 0 0 0 0 0 0 0 0 0 0 0 0 0 0 0 0 0 0 
0.18875 0.16751 0.14917 0.1319 0.10507 0.08257 0.05762 0.04219 0.0289 0.01981 0.01111 0.00777 0.00353 0.00212 0.0011 0.00088 0 0 0 0 0 0 0 0 0 0 0 0 0 0 0 0 0 0 0 0 0 0 0 0 0 0 0 0 0 0 0 0 0 0 0 0 0 0 0 0 0 0 0 0 0 0 0 0 0 0 0 0 0 0 0 0 0 0 0 0 0 0 0 0 0 0 0 0 0 0 0 0 0 0 0 0 0 0 0 0 0 0 0 0 
0.19371 0.17729 0.15186 0.13033 0.09997 0.07635 0.06157 0.0359 0.0228 0.01657 0.01072 0.00829 0.00601 0.00163 0.00199 0.00181 0.00118 0.00088 0.0008 0.00021 0.00013 0 0 0 0 0 0 0 0 0 0 0 0 0 0 0 0 0 0 0 0 0 0 0 0 0 0 0 0 0 0 0 0 0 0 0 0 0 0 0 0 0 0 0 0 0 0 0 0 0 0 0 0 0 0 0 0 0 0 0 0 0 0 0 0 0 0 0 0 0 0 0 0 0 0 0 0 0 0 0 
0.14815 0.13545 0.1279 0.11372 0.10208 0.09243 0.0742 0.05929 0.04548 0.03402 0.0251 0.01636 0.01014 0.00709 0.00414 0.00314 0.00072 0.0001 0.00012 0.00018 0.00019 0 0 0 0 0 0 0 0 0 0 0 0 0 0 0 0 0 0 0 0 0 0 0 0 0 0 0 0 0 0 0 0 0 0 0 0 0 0 0 0 0 0 0 0 0 0 0 0 0 0 0 0 0 0 0 0 0 0 0 0 0 0 0 0 0 0 0 0 0 0 0 0 0 0 0 0 0 0 0 
0.15401 0.14266 0.13536 0.11908 0.11023 0.08899 0.06974 0.05106 0.04265 0.03248 0.02315 0.01312 0.00599 0.00436 0.00323 0.00214 0.00115 0.0002 0.00014 0.00026 0 0 0 0 0 0 0 0 0 0 0 0 0 0 0 0 0 0 0 0 0 0 0 0 0 0 0 0 0 0 0 0 0 0 0 0 0 0 0 0 0 0 0 0 0 0 0 0 0 0 0 0 0 0 0 0 0 0 0 0 0 0 0 0 0 0 0 0 0 0 0 0 0 0 0 0 0 0 0 0 
0.16261 0.16036 0.14804 0.13209 0.10688 0.08249 0.06891 0.05412 0.03417 0.02075 0.01326 0.00774 0.0037 0.00332 0.00117 0.00039 0 0 0 0 0 0 0 0 0 0 0 0 0 0 0 0 0 0 0 0 0 0 0 0 0 0 0 0 0 0 0 0 0 0 0 0 0 0 0 0 0 0 0 0 0 0 0 0 0 0 0 0 0 0 0 0 0 0 0 0 0 0 0 0 0 0 0 0 0 0 0 0 0 0 0 0 0 0 0 0 0 0 0 0 
0.16218 0.14694 0.13774 0.12698 0.10877 0.08877 0.06649 0.05448 0.03884 0.02465 0.01862 0.0104 0.00674 0.00414 0.00337 0.00073 0.00016 0 0 0 0 0 0 0 0 0 0 0 0 0 0 0 0 0 0 0 0 0 0 0 0 0 0 0 0 0 0 0 0 0 0 0 0 0 0 0 0 0 0 0 0 0 0 0 0 0 0 0 0 0 0 0 0 0 0 0 0 0 0 0 0 0 0 0 0 0 0 0 0 0 0 0 0 0 0 0 0 0 0 0 
0.17763 0.18249 0.16031 0.12339 0.10294 0.08378 0.06047 0.0397 0.02658 0.01643 0.0113 0.00838 0.00363 0.00154 0.00047 0.00044 0.00044 8e-05 0 0 0 0 0 0 0 0 0 0 0 0 0 0 0 0 0 0 0 0 0 0 0 0 0 0 0 0 0 0 0 0 0 0 0 0 0 0 0 0 0 0 0 0 0 0 0 0 0 0 0 0 0 0 0 0 0 0 0 0 0 0 0 0 0 0 0 0 0 0 0 0 0 0 0 0 0 0 0 0 0 0 
0.17543 0.16765 0.14709 0.12664 0.1086 0.08455 0.06718 0.04154 0.0286 0.02081 0.01396 0.00654 0.00398 0.00301 0.00183 0.00096 0.0011 0.00053 0 0 0 0 0 0 0 0 0 0 0 0 0 0 0 0 0 0 0 0 0 0 0 0 0 0 0 0 0 0 0 0 0 0 0 0 0 0 0 0 0 0 0 0 0 0 0 0 0 0 0 0 0 0 0 0 0 0 0 0 0 0 0 0 0 0 0 0 0 0 0 0 0 0 0 0 0 0 0 0 0 0 
0.14714 0.14295 0.13724 0.11953 0.11412 0.09701 0.07847 0.05795 0.04006 0.02352 0.01809 0.00961 0.00634 0.00415 0.002 0.00083 0.00032 0.00049 0.00018 0 0 0 0 0 0 0 0 0 0 0 0 0 0 0 0 0 0 0 0 0 0 0 0 0 0 0 0 0 0 0 0 0 0 0 0 0 0 0 0 0 0 0 0 0 0 0 0 0 0 0 0 0 0 0 0 0 0 0 0 0 0 0 0 0 0 0 0 0 0 0 0 0 0 0 0 0 0 0 0 0 
0.1631 0.15659 0.13629 0.1233 0.11756 0.09809 0.07212 0.05035 0.03571 0.02032 0.01315 0.00719 0.00309 0.00128 0.0008 0.00031 0.0005 0.00025 0 0 0 0 0 0 0 0 0 0 0 0 0 0 0 0 0 0 0 0 0 0 0 0 0 0 0 0 0 0 0 0 0 0 0 0 0 0 0 0 0 0 0 0 0 0 0 0 0 0 0 0 0 0 0 0 0 0 0 0 0 0 0 0 0 0 0 0 0 0 0 0 0 0 0 0 0 0 0 0 0 0 
0.17527 0.16844 0.14684 0.12041 0.1061 0.08238 0.06546 0.04591 0.03517 0.02361 0.01451 0.00733 0.00297 0.0022 0.00115 0.00093 0.00073 0.00059 0 0 0 0 0 0 0 0 0 0 0 0 0 0 0 0 0 0 0 0 0 0 0 0 0 0 0 0 0 0 0 0 0 0 0 0 0 0 0 0 0 0 0 0 0 0 0 0 0 0 0 0 0 0 0 0 0 0 0 0 0 0 0 0 0 0 0 0 0 0 0 0 0 0 0 0 0 0 0 0 0 0 
0.16037 0.15301 0.15083 0.13001 0.10688 0.08672 0.06683 0.04684 0.0322 0.02282 0.01585 0.01116 0.00609 0.00356 0.00317 0.00213 0.00093 0.00039 0.00021 0 0 0 0 0 0 0 0 0 0 0 0 0 0 0 0 0 0 0 0 0 0 0 0 0 0 0 0 0 0 0 0 0 0 0 0 0 0 0 0 0 0 0 0 0 0 0 0 0 0 0 0 0 0 0 0 0 0 0 0 0 0 0 0 0 0 0 0 0 0 0 0 0 0 0 0 0 0 0 0 0 
0.15644 0.15822 0.14307 0.13045 0.1141 0.09266 0.07112 0.04975 0.03143 0.02 0.01376 0.00901 0.00593 0.00287 0.00119 0 0 0 0 0 0 0 0 0 0 0 0 0 0 0 0 0 0 0 0 0 0 0 0 0 0 0 0 0 0 0 0 0 0 0 0 0 0 0 0 0 0 0 0 0 0 0 0 0 0 0 0 0 0 0 0 0 0 0 0 0 0 0 0 0 0 0 0 0 0 0 0 0 0 0 0 0 0 0 0 0 0 0 0 0 
0.16901 0.1606 0.13965 0.12269 0.10905 0.08579 0.06268 0.05035 0.03733 0.02421 0.01452 0.01058 0.00587 0.00355 0.00196 0.00078 0.00055 0.00044 0.00019 0.0002 0 0 0 0 0 0 0 0 0 0 0 0 0 0 0 0 0 0 0 0 0 0 0 0 0 0 0 0 0 0 0 0 0 0 0 0 0 0 0 0 0 0 0 0 0 0 0 0 0 0 0 0 0 0 0 0 0 0 0 0 0 0 0 0 0 0 0 0 0 0 0 0 0 0 0 0 0 0 0 0 
0.15467 0.15343 0.131 0.12945 0.10921 0.07967 0.06725 0.05574 0.0395 0.03055 0.02029 0.01399 0.0082 0.00308 0.00172 0.00071 0.00049 0.00046 0.00052 7e-05 0 0 0 0 0 0 0 0 0 0 0 0 0 0 0 0 0 0 0 0 0 0 0 0 0 0 0 0 0 0 0 0 0 0 0 0 0 0 0 0 0 0 0 0 0 0 0 0 0 0 0 0 0 0 0 0 0 0 0 0 0 0 0 0 0 0 0 0 0 0 0 0 0 0 0 0 0 0 0 0 
0.17049 0.16527 0.1465 0.13284 0.10628 0.08094 0.06193 0.04723 0.03533 0.02093 0.01145 0.00846 0.00612 0.00349 0.00166 0.00066 0.00017 0.00025 0 0 0 0 0 0 0 0 0 0 0 0 0 0 0 0 0 0 0 0 0 0 0 0 0 0 0 0 0 0 0 0 0 0 0 0 0 0 0 0 0 0 0 0 0 0 0 0 0 0 0 0 0 0 0 0 0 0 0 0 0 0 0 0 0 0 0 0 0 0 0 0 0 0 0 0 0 0 0 0 0 0 
0.16861 0.16978 0.15622 0.13461 0.10691 0.0881 0.0574 0.04216 0.02728 0.0174 0.01301 0.00847 0.00513 0.00302 0.00122 0.00016 0.00014 0.00026 0.00012 0 0 0 0 0 0 0 0 0 0 0 0 0 0 0 0 0 0 0 0 0 0 0 0 0 0 0 0 0 0 0 0 0 0 0 0 0 0 0 0 0 0 0 0 0 0 0 0 0 0 0 0 0 0 0 0 0 0 0 0 0 0 0 0 0 0 0 0 0 0 0 0 0 0 0 0 0 0 0 0 0 
0.15762 0.15053 0.13699 0.1254 0.09994 0.08483 0.07161 0.05568 0.04306 0.02586 0.017 0.01296 0.00679 0.00504 0.00417 0.00129 0.00097 0.00026 0 0 0 0 0 0 0 0 0 0 0 0 0 0 0 0 0 0 0 0 0 0 0 0 0 0 0 0 0 0 0 0 0 0 0 0 0 0 0 0 0 0 0 0 0 0 0 0 0 0 0 0 0 0 0 0 0 0 0 0 0 0 0 0 0 0 0 0 0 0 0 0 0 0 0 0 0 0 0 0 0 0 
0.16252 0.14957 0.13923 0.11731 0.10353 0.09055 0.0772 0.05383 0.03955 0.02636 0.01667 0.01087 0.0068 0.00388 0.00126 0.00029 0.00011 0.00015 0.00032 0 0 0 0 0 0 0 0 0 0 0 0 0 0 0 0 0 0 0 0 0 0 0 0 0 0 0 0 0 0 0 0 0 0 0 0 0 0 0 0 0 0 0 0 0 0 0 0 0 0 0 0 0 0 0 0 0 0 0 0 0 0 0 0 0 0 0 0 0 0 0 0 0 0 0 0 0 0 0 0 0 
0.17566 0.16256 0.14854 0.12855 0.10143 0.08095 0.0696 0.04844 0.03251 0.02123 0.0142 0.00749 0.00424 0.00232 0.00145 0.00037 0.00018 0.00028 0 0 0 0 0 0 0 0 0 0 0 0 0 0 0 0 0 0 0 0 0 0 0 0 0 0 0 0 0 0 0 0 0 0 0 0 0 0 0 0 0 0 0 0 0 0 0 0 0 0 0 0 0 0 0 0 0 0 0 0 0 0 0 0 0 0 0 0 0 0 0 0 0 0 0 0 0 0 0 0 0 0 
0.17443 0.16841 0.14257 0.12428 0.10939 0.08076 0.06452 0.04744 0.03244 0.02094 0.01419 0.01035 0.00545 0.0028 0.00167 0.00036 0 0 0 0 0 0 0 0 0 0 0 0 0 0 0 0 0 0 0 0 0 0 0 0 0 0 0 0 0 0 0 0 0 0 0 0 0 0 0 0 0 0 0 0 0 0 0 0 0 0 0 0 0 0 0 0 0 0 0 0 0 0 0 0 0 0 0 0 0 0 0 0 0 0 0 0 0 0 0 0 0 0 0 0 
0.15814 0.14556 0.13423 0.12284 0.10633 0.0863 0.07442 0.05986 0.04313 0.03094 0.01753 0.00992 0.0048 0.00287 0.00188 0.00058 0.0001 0.00012 0.00014 0.00031 0 0 0 0 0 0 0 0 0 0 0 0 0 0 0 0 0 0 0 0 0 0 0 0 0 0 0 0 0 0 0 0 0 0 0 0 0 0 0 0 0 0 0 0 0 0 0 0 0 0 0 0 0 0 0 0 0 0 0 0 0 0 0 0 0 0 0 0 0 0 0 0 0 0 0 0 0 0 0 0 
0.1733 0.15791 0.14126 0.12263 0.09709 0.08143 0.06625 0.05175 0.03579 0.02714 0.01814 0.01094 0.00642 0.00479 0.00196 0.00193 0.00078 0.00049 0 0 0 0 0 0 0 0 0 0 0 0 0 0 0 0 0 0 0 0 0 0 0 0 0 0 0 0 0 0 0 0 0 0 0 0 0 0 0 0 0 0 0 0 0 0 0 0 0 0 0 0 0 0 0 0 0 0 0 0 0 0 0 0 0 0 0 0 0 0 0 0 0 0 0 0 0 0 0 0 0 0 
0.17756 0.16259 0.15034 0.12338 0.10411 0.08166 0.06511 0.04547 0.03518 0.02312 0.01342 0.0083 0.00492 0.00222 0.00121 0.00109 0.00032 0 0 0 0 0 0 0 0 0 0 0 0 0 0 0 0 0 0 0 0 0 0 0 0 0 0 0 0 0 0 0 0 0 0 0 0 0 0 0 0 0 0 0 0 0 0 0 0 0 0 0 0 0 0 0 0 0 0 0 0 0 0 0 0 0 0 0 0 0 0 0 0 0 0 0 0 0 0 0 0 0 0 0 
0.18028 0.17281 0.1445 0.13265 0.10354 0.07678 0.06318 0.04263 0.03 0.02216 0.01323 0.00703 0.00391 0.00372 0.00222 0.00095 0.00022 0.00019 0 0 0 0 0 0 0 0 0 0 0 0 0 0 0 0 0 0 0 0 0 0 0 0 0 0 0 0 0 0 0 0 0 0 0 0 0 0 0 0 0 0 0 0 0 0 0 0 0 0 0 0 0 0 0 0 0 0 0 0 0 0 0 0 0 0 0 0 0 0 0 0 0 0 0 0 0 0 0 0 0 0 
0.16791 0.15487 0.15139 0.13843 0.11436 0.08741 0.06487 0.04337 0.02887 0.02069 0.01099 0.00617 0.0035 0.00357 0.00122 0.00073 0.00044 0.00023 0.0003 0.00057 0.00011 0 0 0 0 0 0 0 0 0 0 0 0 0 0 0 0 0 0 0 0 0 0 0 0 0 0 0 0 0 0 0 0 0 0 0 0 0 0 0 0 0 0 0 0 0 0 0 0 0 0 0 0 0 0 0 0 0 0 0 0 0 0 0 0 0 0 0 0 0 0 0 0 0 0 0 0 0 0 0 
0.14496 0.13089 0.13083 0.11883 0.11552 0.09976 0.07727 0.06138 0.04301 0.03133 0.01761 0.01185 0.00808 0.00364 0.00287 0.00079 0.00076 9e-05 0.00011 0.00013 0.00029 0 0 0 0 0 0 0 0 0 0 0 0 0 0 0 0 0 0 0 0 0 0 0 0 0 0 0 0 0 0 0 0 0 0 0 0 0 0 0 0 0 0 0 0 0 0 0 0 0 0 0 0 0 0 0 0 0 0 0 0 0 0 0 0 0 0 0 0 0 0 0 0 0 0 0 0 0 0 0 
0.13843 0.14816 0.13778 0.12888 0.11325 0.09301 0.0696 0.05867 0.03897 0.02982 0.01769 0.01101 0.00867 0.00398 0.00145 0.00051 0.00012 0 0 0 0 0 0 0 0 0 0 0 0 0 0 0 0 0 0 0 0 0 0 0 0 0 0 0 0 0 0 0 0 0 0 0 0 0 0 0 0 0 0 0 0 0 0 0 0 0 0 0 0 0 0 0 0 0 0 0 0 0 0 0 0 0 0 0 0 0 0 0 0 0 0 0 0 0 0 0 0 0 0 0 
0.15773 0.15526 0.14922 0.12561 0.10453 0.09041 0.06586 0.05154 0.03771 0.02484 0.0178 0.01096 0.00438 0.00342 0.00062 0.00011 0 0 0 0 0 0 0 0 0 0 0 0 0 0 0 0 0 0 0 0 0 0 0 0 0 0 0 0 0 0 0 0 0 0 0 0 0 0 0 0 0 0 0 0 0 0 0 0 0 0 0 0 0 0 0 0 0 0 0 0 0 0 0 0 0 0 0 0 0 0 0 0 0 0 0 0 0 0 0 0 0 0 0 0 
0.1476 0.15646 0.14232 0.13383 0.11483 0.09008 0.06676 0.0476 0.03671 0.02546 0.01734 0.0097 0.00454 0.00336 0.00229 0.00112 0 0 0 0 0 0 0 0 0 0 0 0 0 0 0 0 0 0 0 0 0 0 0 0 0 0 0 0 0 0 0 0 0 0 0 0 0 0 0 0 0 0 0 0 0 0 0 0 0 0 0 0 0 0 0 0 0 0 0 0 0 0 0 0 0 0 0 0 0 0 0 0 0 0 0 0 0 0 0 0 0 0 0 0 
0.16645 0.15994 0.14823 0.1221 0.10541 0.08432 0.06575 0.04653 0.03659 0.02583 0.01591 0.00831 0.00604 0.00429 0.00219 0.00105 0.00077 0.00029 0 0 0 0 0 0 0 0 0 0 0 0 0 0 0 0 0 0 0 0 0 0 0 0 0 0 0 0 0 0 0 0 0 0 0 0 0 0 0 0 0 0 0 0 0 0 0 0 0 0 0 0 0 0 0 0 0 0 0 0 0 0 0 0 0 0 0 0 0 0 0 0 0 0 0 0 0 0 0 0 0 0 
0.1668 0.15058 0.13643 0.11615 0.10456 0.08442 0.06891 0.0522 0.03834 0.03013 0.02044 0.01357 0.00742 0.00486 0.00259 0.00118 0.00018 0.00022 0.00025 0.00051 0.00026 0 0 0 0 0 0 0 0 0 0 0 0 0 0 0 0 0 0 0 0 0 0 0 0 0 0 0 0 0 0 0 0 0 0 0 0 0 0 0 0 0 0 0 0 0 0 0 0 0 0 0 0 0 0 0 0 0 0 0 0 0 0 0 0 0 0 0 0 0 0 0 0 0 0 0 0 0 0 0 
0.15695 0.14443 0.13717 0.12136 0.1058 0.08851 0.07071 0.05286 0.03956 0.03006 0.01937 0.01046 0.00778 0.00632 0.00309 0.00304 0.00145 0.00031 0.0004 0.00037 0 0 0 0 0 0 0 0 0 0 0 0 0 0 0 0 0 0 0 0 0 0 0 0 0 0 0 0 0 0 0 0 0 0 0 0 0 0 0 0 0 0 0 0 0 0 0 0 0 0 0 0 0 0 0 0 0 0 0 0 0 0 0 0 0 0 0 0 0 0 0 0 0 0 0 0 0 0 0 0 
0.1648 0.1527 0.14872 0.12929 0.10834 0.08725 0.06753 0.05342 0.03526 0.01993 0.01712 0.00866 0.00394 0.00118 0.00142 0.00044 0 0 0 0 0 0 0 0 0 0 0 0 0 0 0 0 0 0 0 0 0 0 0 0 0 0 0 0 0 0 0 0 0 0 0 0 0 0 0 0 0 0 0 0 0 0 0 0 0 0 0 0 0 0 0 0 0 0 0 0 0 0 0 0 0 0 0 0 0 0 0 0 0 0 0 0 0 0 0 0 0 0 0 0 
0.15685 0.15484 0.13398 0.1252 0.10825 0.0907 0.06928 0.05249 0.0369 0.02478 0.01599 0.01145 0.00762 0.00428 0.00313 0.00199 0.00125 0.00061 0.00041 0 0 0 0 0 0 0 0 0 0 0 0 0 0 0 0 0 0 0 0 0 0 0 0 0 0 0 0 0 0 0 0 0 0 0 0 0 0 0 0 0 0 0 0 0 0 0 0 0 0 0 0 0 0 0 0 0 0 0 0 0 0 0 0 0 0 0 0 0 0 0 0 0 0 0 0 0 0 0 0 0 
0.14654 0.1491 0.13502 0.12428 0.11095 0.08593 0.06452 0.05271 0.04392 0.02995 0.01968 0.0144 0.01014 0.0056 0.00332 0.00181 0.00063 0.00049 0.00037 0.0004 0.00024 0 0 0 0 0 0 0 0 0 0 0 0 0 0 0 0 0 0 0 0 0 0 0 0 0 0 0 0 0 0 0 0 0 0 0 0 0 0 0 0 0 0 0 0 0 0 0 0 0 0 0 0 0 0 0 0 0 0 0 0 0 0 0 0 0 0 0 0 0 0 0 0 0 0 0 0 0 0 0 
0.13478 0.13374 0.13132 0.12168 0.10972 0.0965 0.08421 0.06553 0.04919 0.0337 0.01923 0.01019 0.00552 0.00187 0.0017 0.00044 0.00018 0.00014 0.0002 0.00016 0 0 0 0 0 0 0 0 0 0 0 0 0 0 0 0 0 0 0 0 0 0 0 0 0 0 0 0 0 0 0 0 0 0 0 0 0 0 0 0 0 0 0 0 0 0 0 0 0 0 0 0 0 0 0 0 0 0 0 0 0 0 0 0 0 0 0 0 0 0 0 0 0 0 0 0 0 0 0 0 
0.17776 0.16197 0.14904 0.13019 0.10412 0.0861 0.06585 0.04666 0.0297 0.01717 0.01335 0.00769 0.00537 0.00272 0.00081 0.0005 0.00098 2e-05 0 0 0 0 0 0 0 0 0 0 0 0 0 0 0 0 0 0 0 0 0 0 0 0 0 0 0 0 0 0 0 0 0 0 0 0 0 0 0 0 0 0 0 0 0 0 0 0 0 0 0 0 0 0 0 0 0 0 0 0 0 0 0 0 0 0 0 0 0 0 0 0 0 0 0 0 0 0 0 0 0 0 
0.19122 0.17442 0.15527 0.12965 0.10633 0.08391 0.06189 0.03866 0.02528 0.01543 0.00967 0.0038 0.00152 0.00097 0.00089 0.00044 0.00011 0.00015 0.00023 0.00016 0 0 0 0 0 0 0 0 0 0 0 0 0 0 0 0 0 0 0 0 0 0 0 0 0 0 0 0 0 0 0 0 0 0 0 0 0 0 0 0 0 0 0 0 0 0 0 0 0 0 0 0 0 0 0 0 0 0 0 0 0 0 0 0 0 0 0 0 0 0 0 0 0 0 0 0 0 0 0 0 
0.15718 0.15004 0.13606 0.13182 0.11178 0.09072 0.07064 0.05248 0.03521 0.02673 0.01595 0.0079 0.00473 0.00447 0.00213 0.00112 0.00072 0.00032 0 0 0 0 0 0 0 0 0 0 0 0 0 0 0 0 0 0 0 0 0 0 0 0 0 0 0 0 0 0 0 0 0 0 0 0 0 0 0 0 0 0 0 0 0 0 0 0 0 0 0 0 0 0 0 0 0 0 0 0 0 0 0 0 0 0 0 0 0 0 0 0 0 0 0 0 0 0 0 0 0 0 
0.152 0.14979 0.14401 0.12746 0.10848 0.09398 0.07133 0.05117 0.03669 0.02764 0.01805 0.01006 0.00429 0.00277 0.00136 0.0006 0.00032 0 0 0 0 0 0 0 0 0 0 0 0 0 0 0 0 0 0 0 0 0 0 0 0 0 0 0 0 0 0 0 0 0 0 0 0 0 0 0 0 0 0 0 0 0 0 0 0 0 0 0 0 0 0 0 0 0 0 0 0 0 0 0 0 0 0 0 0 0 0 0 0 0 0 0 0 0 0 0 0 0 0 0 
0.16495 0.16934 0.15413 0.13042 0.10792 0.08678 0.05926 0.04354 0.0296 0.0209 0.01304 0.00809 0.00643 0.00276 0.00162 0.00058 0.0006 4e-05 0 0 0 0 0 0 0 0 0 0 0 0 0 0 0 0 0 0 0 0 0 0 0 0 0 0 0 0 0 0 0 0 0 0 0 0 0 0 0 0 0 0 0 0 0 0 0 0 0 0 0 0 0 0 0 0 0 0 0 0 0 0 0 0 0 0 0 0 0 0 0 0 0 0 0 0 0 0 0 0 0 0 
0.16693 0.15348 0.14147 0.13156 0.10702 0.08915 0.06722 0.05153 0.03622 0.02212 0.01523 0.00858 0.00551 0.002 0.00149 0.00049 0 0 0 0 0 0 0 0 0 0 0 0 0 0 0 0 0 0 0 0 0 0 0 0 0 0 0 0 0 0 0 0 0 0 0 0 0 0 0 0 0 0 0 0 0 0 0 0 0 0 0 0 0 0 0 0 0 0 0 0 0 0 0 0 0 0 0 0 0 0 0 0 0 0 0 0 0 0 0 0 0 0 0 0 
0.16786 0.15665 0.14284 0.1305 0.11312 0.08843 0.06925 0.04947 0.0342 0.02148 0.01246 0.00615 0.0044 0.00137 0.00076 0.00091 0.00015 0 0 0 0 0 0 0 0 0 0 0 0 0 0 0 0 0 0 0 0 0 0 0 0 0 0 0 0 0 0 0 0 0 0 0 0 0 0 0 0 0 0 0 0 0 0 0 0 0 0 0 0 0 0 0 0 0 0 0 0 0 0 0 0 0 0 0 0 0 0 0 0 0 0 0 0 0 0 0 0 0 0 0 
0.156 0.14842 0.13459 0.1257 0.10928 0.08557 0.06565 0.04897 0.03808 0.02993 0.02175 0.01558 0.0106 0.00536 0.00233 0.0009 0.00064 0.00037 0.00028 0 0 0 0 0 0 0 0 0 0 0 0 0 0 0 0 0 0 0 0 0 0 0 0 0 0 0 0 0 0 0 0 0 0 0 0 0 0 0 0 0 0 0 0 0 0 0 0 0 0 0 0 0 0 0 0 0 0 0 0 0 0 0 0 0 0 0 0 0 0 0 0 0 0 0 0 0 0 0 0 0 
0.15284 0.14876 0.13763 0.12488 0.10902 0.08547 0.06956 0.05264 0.04454 0.02851 0.01742 0.01342 0.0071 0.00294 0.00188 0.00113 0.00163 0.00063 0 0 0 0 0 0 0 0 0 0 0 0 0 0 0 0 0 0 0 0 0 0 0 0 0 0 0 0 0 0 0 0 0 0 0 0 0 0 0 0 0 0 0 0 0 0 0 0 0 0 0 0 0 0 0 0 0 0 0 0 0 0 0 0 0 0 0 0 0 0 0 0 0 0 0 0 0 0 0 0 0 0 
0.17153 0.16127 0.14721 0.13597 0.10353 0.0871 0.0619 0.0496 0.03464 0.0176 0.01065 0.00731 0.00562 0.00316 0.00172 0.00048 0.0001 0.00012 0.00016 0.00033 0 0 0 0 0 0 0 0 0 0 0 0 0 0 0 0 0 0 0 0 0 0 0 0 0 0 0 0 0 0 0 0 0 0 0 0 0 0 0 0 0 0 0 0 0 0 0 0 0 0 0 0 0 0 0 0 0 0 0 0 0 0 0 0 0 0 0 0 0 0 0 0 0 0 0 0 0 0 0 0 
0.17072 0.15012 0.14311 0.12419 0.1059 0.09598 0.07509 0.04931 0.03183 0.02196 0.01205 0.00969 0.00521 0.00224 0.00178 0.00044 0.00022 0.00016 0 0 0 0 0 0 0 0 0 0 0 0 0 0 0 0 0 0 0 0 0 0 0 0 0 0 0 0 0 0 0 0 0 0 0 0 0 0 0 0 0 0 0 0 0 0 0 0 0 0 0 0 0 0 0 0 0 0 0 0 0 0 0 0 0 0 0 0 0 0 0 0 0 0 0 0 0 0 0 0 0 0 
0.15509 0.16359 0.15149 0.12958 0.11206 0.08818 0.06539 0.046 0.03236 0.02105 0.01483 0.00923 0.00438 0.00306 0.00081 0.0011 0.00138 0.00022 0.0002 0 0 0 0 0 0 0 0 0 0 0 0 0 0 0 0 0 0 0 0 0 0 0 0 0 0 0 0 0 0 0 0 0 0 0 0 0 0 0 0 0 0 0 0 0 0 0 0 0 0 0 0 0 0 0 0 0 0 0 0 0 0 0 0 0 0 0 0 0 0 0 0 0 0 0 0 0 0 0 0 0 
0.14984 0.14565 0.13515 0.12433 0.10693 0.08799 0.06844 0.054 0.04108 0.03104 0.02303 0.01208 0.00772 0.0065 0.00344 0.00142 0.0009 0.00025 0.00021 0 0 0 0 0 0 0 0 0 0 0 0 0 0 0 0 0 0 0 0 0 0 0 0 0 0 0 0 0 0 0 0 0 0 0 0 0 0 0 0 0 0 0 0 0 0 0 0 0 0 0 0 0 0 0 0 0 0 0 0 0 0 0 0 0 0 0 0 0 0 0 0 0 0 0 0 0 0 0 0 0 
0.16326 0.15993 0.1382 0.12638 0.10745 0.08671 0.07403 0.05092 0.03531 0.02314 0.01411 0.0093 0.00583 0.00246 0.00237 0.00051 9e-05 0 0 0 0 0 0 0 0 0 0 0 0 0 0 0 0 0 0 0 0 0 0 0 0 0 0 0 0 0 0 0 0 0 0 0 0 0 0 0 0 0 0 0 0 0 0 0 0 0 0 0 0 0 0 0 0 0 0 0 0 0 0 0 0 0 0 0 0 0 0 0 0 0 0 0 0 0 0 0 0 0 0 0 
0.17679 0.17172 0.16162 0.13061 0.10782 0.09269 0.06642 0.04205 0.02275 0.01256 0.00716 0.00464 0.00185 0.00036 0.00073 0.00023 0 0 0 0 0 0 0 0 0 0 0 0 0 0 0 0 0 0 0 0 0 0 0 0 0 0 0 0 0 0 0 0 0 0 0 0 0 0 0 0 0 0 0 0 0 0 0 0 0 0 0 0 0 0 0 0 0 0 0 0 0 0 0 0 0 0 0 0 0 0 0 0 0 0 0 0 0 0 0 0 0 0 0 0 
0.17398 0.16038 0.13895 0.12274 0.10726 0.08878 0.06247 0.04247 0.03537 0.02621 0.01744 0.00854 0.00623 0.00403 0.00312 0.00124 0.00052 0.00027 0 0 0 0 0 0 0 0 0 0 0 0 0 0 0 0 0 0 0 0 0 0 0 0 0 0 0 0 0 0 0 0 0 0 0 0 0 0 0 0 0 0 0 0 0 0 0 0 0 0 0 0 0 0 0 0 0 0 0 0 0 0 0 0 0 0 0 0 0 0 0 0 0 0 0 0 0 0 0 0 0 0 
0.15724 0.15039 0.14309 0.12707 0.10809 0.08653 0.07393 0.05277 0.03921 0.02602 0.01414 0.011 0.0056 0.00392 0.00084 0.00016 0 0 0 0 0 0 0 0 0 0 0 0 0 0 0 0 0 0 0 0 0 0 0 0 0 0 0 0 0 0 0 0 0 0 0 0 0 0 0 0 0 0 0 0 0 0 0 0 0 0 0 0 0 0 0 0 0 0 0 0 0 0 0 0 0 0 0 0 0 0 0 0 0 0 0 0 0 0 0 0 0 0 0 0 
0.18302 0.17688 0.16179 0.1348 0.10586 0.08254 0.06003 0.03922 0.02529 0.01498 0.00741 0.00383 0.00262 0.00097 0.00076 0 0 0 0 0 0 0 0 0 0 0 0 0 0 0 0 0 0 0 0 0 0 0 0 0 0 0 0 0 0 0 0 0 0 0 0 0 0 0 0 0 0 0 0 0 0 0 0 0 0 0 0 0 0 0 0 0 0 0 0 0 0 0 0 0 0 0 0 0 0 0 0 0 0 0 0 0 0 0 0 0 0 0 0 0 
0.15564 0.16274 0.14377 0.12 0.10231 0.08241 0.06912 0.04941 0.03741 0.03044 0.01968 0.01064 0.00707 0.00395 0.00192 0.00099 0.00096 0.00084 0.00058 0.00012 0 0 0 0 0 0 0 0 0 0 0 0 0 0 0 0 0 0 0 0 0 0 0 0 0 0 0 0 0 0 0 0 0 0 0 0 0 0 0 0 0 0 0 0 0 0 0 0 0 0 0 0 0 0 0 0 0 0 0 0 0 0 0 0 0 0 0 0 0 0 0 0 0 0 0 0 0 0 0 0 
0.15855 0.15897 0.14319 0.12288 0.09795 0.08041 0.06857 0.05007 0.03855 0.03155 0.02155 0.01097 0.00732 0.00446 0.00361 0.00085 0.00055 0 0 0 0 0 0 0 0 0 0 0 0 0 0 0 0 0 0 0 0 0 0 0 0 0 0 0 0 0 0 0 0 0 0 0 0 0 0 0 0 0 0 0 0 0 0 0 0 0 0 0 0 0 0 0 0 0 0 0 0 0 0 0 0 0 0 0 0 0 0 0 0 0 0 0 0 0 0 0 0 0 0 0 
0.16226 0.15196 0.15039 0.12521 0.0967 0.08136 0.06576 0.0474 0.03898 0.03047 0.02002 0.01201 0.00622 0.00376 0.00345 0.00213 0.00111 0.00066 0.00015 0 0 0 0 0 0 0 0 0 0 0 0 0 0 0 0 0 0 0 0 0 0 0 0 0 0 0 0 0 0 0 0 0 0 0 0 0 0 0 0 0 0 0 0 0 0 0 0 0 0 0 0 0 0 0 0 0 0 0 0 0 0 0 0 0 0 0 0 0 0 0 0 0 0 0 0 0 0 0 0 0 
0.18631 0.17122 0.15226 0.13116 0.10377 0.08298 0.05939 0.04166 0.0289 0.0179 0.01112 0.00661 0.00263 0.00159 0.00158 0.00075 0.00017 0 0 0 0 0 0 0 0 0 0 0 0 0 0 0 0 0 0 0 0 0 0 0 0 0 0 0 0 0 0 0 0 0 0 0 0 0 0 0 0 0 0 0 0 0 0 0 0 0 0 0 0 0 0 0 0 0 0 0 0 0 0 0 0 0 0 0 0 0 0 0 0 0 0 0 0 0 0 0 0 0 0 0 
0.18777 0.16651 0.15714 0.14029 0.10363 0.07621 0.05903 0.04443 0.02641 0.01781 0.00877 0.00612 0.00439 0.00135 0.00014 0 0 0 0 0 0 0 0 0 0 0 0 0 0 0 0 0 0 0 0 0 0 0 0 0 0 0 0 0 0 0 0 0 0 0 0 0 0 0 0 0 0 0 0 0 0 0 0 0 0 0 0 0 0 0 0 0 0 0 0 0 0 0 0 0 0 0 0 0 0 0 0 0 0 0 0 0 0 0 0 0 0 0 0 0 
0.15663 0.1464 0.14522 0.11633 0.09893 0.08432 0.0684 0.05407 0.04197 0.03026 0.02072 0.01488 0.01066 0.00473 0.00315 0.00191 0.00111 0.00031 0 0 0 0 0 0 0 0 0 0 0 0 0 0 0 0 0 0 0 0 0 0 0 0 0 0 0 0 0 0 0 0 0 0 0 0 0 0 0 0 0 0 0 0 0 0 0 0 0 0 0 0 0 0 0 0 0 0 0 0 0 0 0 0 0 0 0 0 0 0 0 0 0 0 0 0 0 0 0 0 0 0 
0.16489 0.16596 0.15091 0.1349 0.11425 0.0843 0.06075 0.0448 0.02853 0.02102 0.01156 0.00802 0.00563 0.00266 0.00158 0.00024 0 0 0 0 0 0 0 0 0 0 0 0 0 0 0 0 0 0 0 0 0 0 0 0 0 0 0 0 0 0 0 0 0 0 0 0 0 0 0 0 0 0 0 0 0 0 0 0 0 0 0 0 0 0 0 0 0 0 0 0 0 0 0 0 0 0 0 0 0 0 0 0 0 0 0 0 0 0 0 0 0 0 0 0 
0.17757 0.18061 0.15254 0.12953 0.10701 0.08237 0.06114 0.04178 0.02622 0.01786 0.01025 0.00593 0.00272 0.00212 0.00137 0.00098 0 0 0 0 0 0 0 0 0 0 0 0 0 0 0 0 0 0 0 0 0 0 0 0 0 0 0 0 0 0 0 0 0 0 0 0 0 0 0 0 0 0 0 0 0 0 0 0 0 0 0 0 0 0 0 0 0 0 0 0 0 0 0 0 0 0 0 0 0 0 0 0 0 0 0 0 0 0 0 0 0 0 0 0 
0.1535 0.14785 0.14416 0.13204 0.10358 0.09277 0.0771 0.05282 0.03617 0.02633 0.0161 0.00874 0.00383 0.00308 0.00167 0.00026 0 0 0 0 0 0 0 0 0 0 0 0 0 0 0 0 0 0 0 0 0 0 0 0 0 0 0 0 0 0 0 0 0 0 0 0 0 0 0 0 0 0 0 0 0 0 0 0 0 0 0 0 0 0 0 0 0 0 0 0 0 0 0 0 0 0 0 0 0 0 0 0 0 0 0 0 0 0 0 0 0 0 0 0 
0.16193 0.16269 0.15216 0.13297 0.11414 0.08778 0.06775 0.04669 0.02937 0.01974 0.01143 0.0061 0.00291 0.00225 0.00078 0.00084 0.00026 0.00021 0 0 0 0 0 0 0 0 0 0 0 0 0 0 0 0 0 0 0 0 0 0 0 0 0 0 0 0 0 0 0 0 0 0 0 0 0 0 0 0 0 0 0 0 0 0 0 0 0 0 0 0 0 0 0 0 0 0 0 0 0 0 0 0 0 0 0 0 0 0 0 0 0 0 0 0 0 0 0 0 0 0 
0.1687 0.15425 0.14753 0.1241 0.10052 0.08658 0.06822 0.0514 0.0338 0.02474 0.01587 0.01069 0.00783 0.00336 0.00126 0.00059 0.00056 0 0 0 0 0 0 0 0 0 0 0 0 0 0 0 0 0 0 0 0 0 0 0 0 0 0 0 0 0 0 0 0 0 0 0 0 0 0 0 0 0 0 0 0 0 0 0 0 0 0 0 0 0 0 0 0 0 0 0 0 0 0 0 0 0 0 0 0 0 0 0 0 0 0 0 0 0 0 0 0 0 0 0 
0.14906 0.15237 0.1478 0.12403 0.10811 0.09104 0.07337 0.05252 0.03614 0.02468 0.01773 0.00967 0.00598 0.00358 0.002 0.00094 0.00069 0.00029 0 0 0 0 0 0 0 0 0 0 0 0 0 0 0 0 0 0 0 0 0 0 0 0 0 0 0 0 0 0 0 0 0 0 0 0 0 0 0 0 0 0 0 0 0 0 0 0 0 0 0 0 0 0 0 0 0 0 0 0 0 0 0 0 0 0 0 0 0 0 0 0 0 0 0 0 0 0 0 0 0 0 
0.13812 0.13708 0.14116 0.12806 0.11574 0.09849 0.07615 0.0592 0.0417 0.02408 0.01411 0.01001 0.00663 0.00426 0.0019 0.00122 0.00073 0.00026 0.00031 0.00024 0.0001 0.00011 0.00016 0.00018 0 0 0 0 0 0 0 0 0 0 0 0 0 0 0 0 0 0 0 0 0 0 0 0 0 0 0 0 0 0 0 0 0 0 0 0 0 0 0 0 0 0 0 0 0 0 0 0 0 0 0 0 0 0 0 0 0 0 0 0 0 0 0 0 0 0 0 0 0 0 0 0 0 0 0 0 
0.16238 0.16804 0.14342 0.13228 0.10642 0.09156 0.06511 0.04316 0.02951 0.02066 0.01379 0.01093 0.00517 0.0032 0.00222 0.00107 0.00078 0.0003 0 0 0 0 0 0 0 0 0 0 0 0 0 0 0 0 0 0 0 0 0 0 0 0 0 0 0 0 0 0 0 0 0 0 0 0 0 0 0 0 0 0 0 0 0 0 0 0 0 0 0 0 0 0 0 0 0 0 0 0 0 0 0 0 0 0 0 0 0 0 0 0 0 0 0 0 0 0 0 0 0 0 
0.15066 0.15632 0.13147 0.12436 0.10734 0.08714 0.07389 0.05612 0.038 0.02658 0.02038 0.01068 0.00796 0.00475 0.00254 0.00165 0.00016 0 0 0 0 0 0 0 0 0 0 0 0 0 0 0 0 0 0 0 0 0 0 0 0 0 0 0 0 0 0 0 0 0 0 0 0 0 0 0 0 0 0 0 0 0 0 0 0 0 0 0 0 0 0 0 0 0 0 0 0 0 0 0 0 0 0 0 0 0 0 0 0 0 0 0 0 0 0 0 0 0 0 0 
0.15756 0.16084 0.14382 0.12045 0.10019 0.08155 0.0685 0.05255 0.03898 0.02689 0.01796 0.01318 0.00821 0.00437 0.00275 0.00117 0.00063 0.00023 0.00017 0 0 0 0 0 0 0 0 0 0 0 0 0 0 0 0 0 0 0 0 0 0 0 0 0 0 0 0 0 0 0 0 0 0 0 0 0 0 0 0 0 0 0 0 0 0 0 0 0 0 0 0 0 0 0 0 0 0 0 0 0 0 0 0 0 0 0 0 0 0 0 0 0 0 0 0 0 0 0 0 0 
0.12181 0.12036 0.11806 0.11574 0.10649 0.09283 0.08476 0.07219 0.05722 0.03981 0.02792 0.01929 0.01251 0.00563 0.00449 0.00089 0 0 0 0 0 0 0 0 0 0 0 0 0 0 0 0 0 0 0 0 0 0 0 0 0 0 0 0 0 0 0 0 0 0 0 0 0 0 0 0 0 0 0 0 0 0 0 0 0 0 0 0 0 0 0 0 0 0 0 0 0 0 0 0 0 0 0 0 0 0 0 0 0 0 0 0 0 0 0 0 0 0 0 0 
0.18048 0.18092 0.15525 0.1222 0.10119 0.07442 0.0553 0.04135 0.03171 0.02187 0.0143 0.01031 0.00458 0.00292 0.00215 0.00077 0.00028 0 0 0 0 0 0 0 0 0 0 0 0 0 0 0 0 0 0 0 0 0 0 0 0 0 0 0 0 0 0 0 0 0 0 0 0 0 0 0 0 0 0 0 0 0 0 0 0 0 0 0 0 0 0 0 0 0 0 0 0 0 0 0 0 0 0 0 0 0 0 0 0 0 0 0 0 0 0 0 0 0 0 0 
0.14079 0.13783 0.13818 0.12685 0.1193 0.09589 0.07808 0.05441 0.03804 0.02621 0.01711 0.01071 0.00751 0.00551 0.00166 0.00073 0.00074 0.00022 0.00023 0 0 0 0 0 0 0 0 0 0 0 0 0 0 0 0 0 0 0 0 0 0 0 0 0 0 0 0 0 0 0 0 0 0 0 0 0 0 0 0 0 0 0 0 0 0 0 0 0 0 0 0 0 0 0 0 0 0 0 0 0 0 0 0 0 0 0 0 0 0 0 0 0 0 0 0 0 0 0 0 0 
0.17756 0.16489 0.15111 0.126 0.10417 0.08726 0.06879 0.04638 0.03333 0.01832 0.01183 0.00626 0.00271 0.00071 0.00037 0.00031 0 0 0 0 0 0 0 0 0 0 0 0 0 0 0 0 0 0 0 0 0 0 0 0 0 0 0 0 0 0 0 0 0 0 0 0 0 0 0 0 0 0 0 0 0 0 0 0 0 0 0 0 0 0 0 0 0 0 0 0 0 0 0 0 0 0 0 0 0 0 0 0 0 0 0 0 0 0 0 0 0 0 0 0 
0.14221 0.14343 0.13699 0.12048 0.10486 0.09002 0.0808 0.05795 0.04125 0.02887 0.01918 0.01451 0.01059 0.00413 0.00223 0.0023 0.0002 0 0 0 0 0 0 0 0 0 0 0 0 0 0 0 0 0 0 0 0 0 0 0 0 0 0 0 0 0 0 0 0 0 0 0 0 0 0 0 0 0 0 0 0 0 0 0 0 0 0 0 0 0 0 0 0 0 0 0 0 0 0 0 0 0 0 0 0 0 0 0 0 0 0 0 0 0 0 0 0 0 0 0 
0.14959 0.14001 0.12976 0.12667 0.1066 0.09148 0.07325 0.05653 0.04202 0.02695 0.02187 0.01466 0.00925 0.00675 0.00276 0.00038 0.00051 0.00036 0.00023 0.00025 0.00012 0 0 0 0 0 0 0 0 0 0 0 0 0 0 0 0 0 0 0 0 0 0 0 0 0 0 0 0 0 0 0 0 0 0 0 0 0 0 0 0 0 0 0 0 0 0 0 0 0 0 0 0 0 0 0 0 0 0 0 0 0 0 0 0 0 0 0 0 0 0 0 0 0 0 0 0 0 0 0 
0.17513 0.16357 0.14443 0.12124 0.10384 0.08223 0.06769 0.05121 0.03544 0.02226 0.01568 0.00814 0.00413 0.00208 0.00214 0.00079 0 0 0 0 0 0 0 0 0 0 0 0 0 0 0 0 0 0 0 0 0 0 0 0 0 0 0 0 0 0 0 0 0 0 0 0 0 0 0 0 0 0 0 0 0 0 0 0 0 0 0 0 0 0 0 0 0 0 0 0 0 0 0 0 0 0 0 0 0 0 0 0 0 0 0 0 0 0 0 0 0 0 0 0 
0.18408 0.17008 0.1506 0.13275 0.10096 0.07931 0.05859 0.04567 0.03378 0.02263 0.0117 0.00551 0.00283 0.00124 0.00027 0 0 0 0 0 0 0 0 0 0 0 0 0 0 0 0 0 0 0 0 0 0 0 0 0 0 0 0 0 0 0 0 0 0 0 0 0 0 0 0 0 0 0 0 0 0 0 0 0 0 0 0 0 0 0 0 0 0 0 0 0 0 0 0 0 0 0 0 0 0 0 0 0 0 0 0 0 0 0 0 0 0 0 0 0 
0.18817 0.16433 0.15154 0.12935 0.10087 0.07985 0.06251 0.04267 0.03287 0.01922 0.0107 0.00756 0.00484 0.00383 0.00169 0 0 0 0 0 0 0 0 0 0 0 0 0 0 0 0 0 0 0 0 0 0 0 0 0 0 0 0 0 0 0 0 0 0 0 0 0 0 0 0 0 0 0 0 0 0 0 0 0 0 0 0 0 0 0 0 0 0 0 0 0 0 0 0 0 0 0 0 0 0 0 0 0 0 0 0 0 0 0 0 0 0 0 0 0 
0.15819 0.1543 0.14471 0.132 0.10532 0.09301 0.07185 0.05276 0.03469 0.0227 0.01495 0.00776 0.00405 0.00198 0.00149 0.00024 0 0 0 0 0 0 0 0 0 0 0 0 0 0 0 0 0 0 0 0 0 0 0 0 0 0 0 0 0 0 0 0 0 0 0 0 0 0 0 0 0 0 0 0 0 0 0 0 0 0 0 0 0 0 0 0 0 0 0 0 0 0 0 0 0 0 0 0 0 0 0 0 0 0 0 0 0 0 0 0 0 0 0 0 
0.17335 0.15725 0.14687 0.12594 0.10719 0.08522 0.06316 0.04423 0.03625 0.02532 0.0166 0.0079 0.00553 0.00226 0.00123 0.00095 0.00075 0 0 0 0 0 0 0 0 0 0 0 0 0 0 0 0 0 0 0 0 0 0 0 0 0 0 0 0 0 0 0 0 0 0 0 0 0 0 0 0 0 0 0 0 0 0 0 0 0 0 0 0 0 0 0 0 0 0 0 0 0 0 0 0 0 0 0 0 0 0 0 0 0 0 0 0 0 0 0 0 0 0 0 
0.16995 0.16162 0.15271 0.13686 0.10623 0.0865 0.06848 0.04331 0.03142 0.01949 0.01215 0.00573 0.00296 0.00171 0.00088 0 0 0 0 0 0 0 0 0 0 0 0 0 0 0 0 0 0 0 0 0 0 0 0 0 0 0 0 0 0 0 0 0 0 0 0 0 0 0 0 0 0 0 0 0 0 0 0 0 0 0 0 0 0 0 0 0 0 0 0 0 0 0 0 0 0 0 0 0 0 0 0 0 0 0 0 0 0 0 0 0 0 0 0 0 
0.15481 0.15479 0.14534 0.12667 0.09946 0.08351 0.07054 0.05523 0.03773 0.02644 0.01851 0.01154 0.00751 0.0037 0.00203 0.00094 0.00064 0.00043 0.00018 0 0 0 0 0 0 0 0 0 0 0 0 0 0 0 0 0 0 0 0 0 0 0 0 0 0 0 0 0 0 0 0 0 0 0 0 0 0 0 0 0 0 0 0 0 0 0 0 0 0 0 0 0 0 0 0 0 0 0 0 0 0 0 0 0 0 0 0 0 0 0 0 0 0 0 0 0 0 0 0 0 
0.1517 0.15625 0.14307 0.11963 0.10509 0.08927 0.07048 0.05364 0.04052 0.02522 0.01767 0.01028 0.00708 0.00455 0.00267 0.00198 0.0009 0 0 0 0 0 0 0 0 0 0 0 0 0 0 0 0 0 0 0 0 0 0 0 0 0 0 0 0 0 0 0 0 0 0 0 0 0 0 0 0 0 0 0 0 0 0 0 0 0 0 0 0 0 0 0 0 0 0 0 0 0 0 0 0 0 0 0 0 0 0 0 0 0 0 0 0 0 0 0 0 0 0 0 
0.15798 0.15455 0.14507 0.12212 0.10488 0.08798 0.06888 0.05665 0.03659 0.02785 0.01765 0.01063 0.00579 0.00193 0.00066 0.00043 0.00036 0 0 0 0 0 0 0 0 0 0 0 0 0 0 0 0 0 0 0 0 0 0 0 0 0 0 0 0 0 0 0 0 0 0 0 0 0 0 0 0 0 0 0 0 0 0 0 0 0 0 0 0 0 0 0 0 0 0 0 0 0 0 0 0 0 0 0 0 0 0 0 0 0 0 0 0 0 0 0 0 0 0 0 
0.13722 0.13621 0.13158 0.12511 0.11119 0.092 0.07733 0.0583 0.04237 0.03001 0.02325 0.01535 0.00926 0.00536 0.00284 0.00103 0.00075 0.00027 0.00013 0.00016 0.00028 0 0 0 0 0 0 0 0 0 0 0 0 0 0 0 0 0 0 0 0 0 0 0 0 0 0 0 0 0 0 0 0 0 0 0 0 0 0 0 0 0 0 0 0 0 0 0 0 0 0 0 0 0 0 0 0 0 0 0 0 0 0 0 0 0 0 0 0 0 0 0 0 0 0 0 0 0 0 0 
0.1476 0.14695 0.13352 0.11955 0.10768 0.08859 0.06911 0.05776 0.04213 0.02932 0.02066 0.01476 0.01031 0.00573 0.00268 0.00222 0.00086 0.00026 0.00031 0 0 0 0 0 0 0 0 0 0 0 0 0 0 0 0 0 0 0 0 0 0 0 0 0 0 0 0 0 0 0 0 0 0 0 0 0 0 0 0 0 0 0 0 0 0 0 0 0 0 0 0 0 0 0 0 0 0 0 0 0 0 0 0 0 0 0 0 0 0 0 0 0 0 0 0 0 0 0 0 0 
0.1734 0.16727 0.15211 0.12844 0.10766 0.08325 0.06827 0.04924 0.02661 0.01747 0.01051 0.00801 0.0043 0.00207 0.00111 0.00028 0 0 0 0 0 0 0 0 0 0 0 0 0 0 0 0 0 0 0 0 0 0 0 0 0 0 0 0 0 0 0 0 0 0 0 0 0 0 0 0 0 0 0 0 0 0 0 0 0 0 0 0 0 0 0 0 0 0 0 0 0 0 0 0 0 0 0 0 0 0 0 0 0 0 0 0 0 0 0 0 0 0 0 0 
0.18752 0.17305 0.1553 0.13933 0.11051 0.0833 0.0563 0.03607 0.02606 0.0156 0.00921 0.00459 0.00213 0.00103 0 0 0 0 0 0 0 0 0 0 0 0 0 0 0 0 0 0 0 0 0 0 0 0 0 0 0 0 0 0 0 0 0 0 0 0 0 0 0 0 0 0 0 0 0 0 0 0 0 0 0 0 0 0 0 0 0 0 0 0 0 0 0 0 0 0 0 0 0 0 0 0 0 0 0 0 0 0 0 0 0 0 0 0 0 0 
0.19094 0.16466 0.1587 0.1253 0.10487 0.07501 0.05457 0.04303 0.02626 0.01813 0.01346 0.01121 0.00562 0.00279 0.00217 0.0012 0.00097 0.00024 0.00027 8e-05 0.0001 0.00012 0.0003 0 0 0 0 0 0 0 0 0 0 0 0 0 0 0 0 0 0 0 0 0 0 0 0 0 0 0 0 0 0 0 0 0 0 0 0 0 0 0 0 0 0 0 0 0 0 0 0 0 0 0 0 0 0 0 0 0 0 0 0 0 0 0 0 0 0 0 0 0 0 0 0 0 0 0 0 0 
0.19008 0.17141 0.15962 0.13416 0.10538 0.08479 0.05948 0.03321 0.0233 0.01658 0.01137 0.0068 0.00154 0.00113 0.00082 0.00033 0 0 0 0 0 0 0 0 0 0 0 0 0 0 0 0 0 0 0 0 0 0 0 0 0 0 0 0 0 0 0 0 0 0 0 0 0 0 0 0 0 0 0 0 0 0 0 0 0 0 0 0 0 0 0 0 0 0 0 0 0 0 0 0 0 0 0 0 0 0 0 0 0 0 0 0 0 0 0 0 0 0 0 0 
0.16804 0.15922 0.15055 0.12241 0.11073 0.08474 0.06305 0.04699 0.03359 0.02602 0.01377 0.00999 0.00602 0.00273 0.00062 0.00086 0.0005 0.00017 0 0 0 0 0 0 0 0 0 0 0 0 0 0 0 0 0 0 0 0 0 0 0 0 0 0 0 0 0 0 0 0 0 0 0 0 0 0 0 0 0 0 0 0 0 0 0 0 0 0 0 0 0 0 0 0 0 0 0 0 0 0 0 0 0 0 0 0 0 0 0 0 0 0 0 0 0 0 0 0 0 0 
