0.03 0.09 0.15 0.21 0.27 0.33 0.39 0.45 0.51 0.57 0.63 0.69 0.75 0.81 0.87 0.93 0.99 1.05 1.11 1.17 1.23 1.29 1.35 1.41 1.47 1.53 1.59 1.65 1.71 1.77 1.83 1.89 1.95 2.01 2.07 2.13 2.19 2.25 2.31 2.37 2.43 2.49 2.55 2.61 2.67 2.73 2.79 2.85 2.91 2.97 3.03 3.09 3.15 3.21 3.27 3.33 3.39 3.45 3.51 3.57 3.63 3.69 3.75 3.81 3.87 3.93 3.99 4.05 4.11 4.17 4.23 4.29 4.35 4.41 4.47 4.53 4.59 4.65 4.71 4.77 4.83 4.89 4.95 5.01 5.07 5.13 5.19 5.25 5.31 5.37 5.43 5.49 5.55 5.61 5.67 5.73 5.79 5.85 5.91 5.97 
0.10978 0.1058 0.10484 0.09814 0.08918 0.08383 0.07395 0.06428 0.05996 0.04651 0.0389 0.02799 0.02046 0.01854 0.01431 0.00898 0.00678 0.00462 0.00362 0.00329 0.00206 0.00169 0.00108 0.00054 0.00059 0.00029 0 0 0 0 0 0 0 0 0 0 0 0 0 0 0 0 0 0 0 0 0 0 0 0 0 0 0 0 0 0 0 0 0 0 0 0 0 0 0 0 0 0 0 0 0 0 0 0 0 0 0 0 0 0 0 0 0 0 0 0 0 0 0 0 0 0 0 0 0 0 0 0 0 0 
0.11857 0.11257 0.10276 0.09777 0.09329 0.0852 0.07937 0.06307 0.05584 0.04558 0.03651 0.02912 0.02385 0.01599 0.01281 0.00934 0.00553 0.00393 0.00339 0.00214 0.00103 0.00095 0.0007 8e-05 8e-05 0.00011 0.00014 0.00028 0 0 0 0 0 0 0 0 0 0 0 0 0 0 0 0 0 0 0 0 0 0 0 0 0 0 0 0 0 0 0 0 0 0 0 0 0 0 0 0 0 0 0 0 0 0 0 0 0 0 0 0 0 0 0 0 0 0 0 0 0 0 0 0 0 0 0 0 0 0 0 0 
0.11675 0.11232 0.10671 0.10469 0.09248 0.08641 0.07618 0.06482 0.05422 0.04428 0.03663 0.0283 0.02155 0.01512 0.01125 0.00883 0.00691 0.00453 0.00336 0.00169 0.00108 0.00082 0.00018 0.00026 0.00035 0.0002 8e-05 0 0 0 0 0 0 0 0 0 0 0 0 0 0 0 0 0 0 0 0 0 0 0 0 0 0 0 0 0 0 0 0 0 0 0 0 0 0 0 0 0 0 0 0 0 0 0 0 0 0 0 0 0 0 0 0 0 0 0 0 0 0 0 0 0 0 0 0 0 0 0 0 0 
0.13014 0.12844 0.117 0.1029 0.09088 0.08595 0.07312 0.06095 0.05104 0.04503 0.03607 0.02281 0.0152 0.01198 0.00931 0.00674 0.00384 0.00251 0.0025 0.00146 0.00093 0.00061 0.00047 0.00012 0 0 0 0 0 0 0 0 0 0 0 0 0 0 0 0 0 0 0 0 0 0 0 0 0 0 0 0 0 0 0 0 0 0 0 0 0 0 0 0 0 0 0 0 0 0 0 0 0 0 0 0 0 0 0 0 0 0 0 0 0 0 0 0 0 0 0 0 0 0 0 0 0 0 0 0 
0.10819 0.10607 0.09971 0.09524 0.09711 0.08095 0.074 0.06949 0.05875 0.04961 0.03939 0.03213 0.02625 0.01629 0.01516 0.01017 0.00827 0.00538 0.00322 0.00166 0.00149 0.00062 0.00026 0.00047 0.00012 0 0 0 0 0 0 0 0 0 0 0 0 0 0 0 0 0 0 0 0 0 0 0 0 0 0 0 0 0 0 0 0 0 0 0 0 0 0 0 0 0 0 0 0 0 0 0 0 0 0 0 0 0 0 0 0 0 0 0 0 0 0 0 0 0 0 0 0 0 0 0 0 0 0 0 
0.11534 0.11164 0.1073 0.1 0.09512 0.07923 0.07309 0.06261 0.05305 0.03998 0.03668 0.0338 0.02623 0.01614 0.01577 0.01201 0.00717 0.0058 0.00468 0.00225 0.00085 0.00045 0.00039 0.00012 0.00024 6e-05 0 0 0 0 0 0 0 0 0 0 0 0 0 0 0 0 0 0 0 0 0 0 0 0 0 0 0 0 0 0 0 0 0 0 0 0 0 0 0 0 0 0 0 0 0 0 0 0 0 0 0 0 0 0 0 0 0 0 0 0 0 0 0 0 0 0 0 0 0 0 0 0 0 0 
0.11543 0.11307 0.09832 0.09982 0.09214 0.08617 0.07939 0.06513 0.05841 0.04872 0.03798 0.02605 0.02201 0.01688 0.01307 0.00767 0.00607 0.00423 0.00393 0.00254 0.00115 0.00079 0.00042 8e-05 0.00011 0.00014 0.00028 0 0 0 0 0 0 0 0 0 0 0 0 0 0 0 0 0 0 0 0 0 0 0 0 0 0 0 0 0 0 0 0 0 0 0 0 0 0 0 0 0 0 0 0 0 0 0 0 0 0 0 0 0 0 0 0 0 0 0 0 0 0 0 0 0 0 0 0 0 0 0 0 0 
0.1158 0.11655 0.11207 0.09947 0.09206 0.08208 0.07028 0.06421 0.05249 0.04248 0.03645 0.03176 0.02578 0.01646 0.01226 0.00963 0.00685 0.00406 0.00362 0.00231 0.00146 0.00096 0.00036 0.00055 0 0 0 0 0 0 0 0 0 0 0 0 0 0 0 0 0 0 0 0 0 0 0 0 0 0 0 0 0 0 0 0 0 0 0 0 0 0 0 0 0 0 0 0 0 0 0 0 0 0 0 0 0 0 0 0 0 0 0 0 0 0 0 0 0 0 0 0 0 0 0 0 0 0 0 0 
0.11971 0.11822 0.10761 0.09989 0.0899 0.08047 0.07248 0.06662 0.05291 0.04594 0.03338 0.02904 0.0229 0.01838 0.01265 0.00898 0.00668 0.00445 0.00275 0.00196 0.0017 0.00147 0.00114 0.00035 0.00042 0 0 0 0 0 0 0 0 0 0 0 0 0 0 0 0 0 0 0 0 0 0 0 0 0 0 0 0 0 0 0 0 0 0 0 0 0 0 0 0 0 0 0 0 0 0 0 0 0 0 0 0 0 0 0 0 0 0 0 0 0 0 0 0 0 0 0 0 0 0 0 0 0 0 0 
0.10901 0.10745 0.10802 0.10116 0.09423 0.08232 0.07936 0.07014 0.05906 0.04841 0.03907 0.02743 0.02142 0.01767 0.01135 0.00661 0.0054 0.00404 0.00237 0.00197 0.00094 0.0008 0.00029 0.00036 0.00023 0.00021 4e-05 6e-05 4e-05 6e-05 6e-05 8e-05 0.0001 0.0002 4e-05 0 0 0 0 0 0 0 0 0 0 0 0 0 0 0 0 0 0 0 0 0 0 0 0 0 0 0 0 0 0 0 0 0 0 0 0 0 0 0 0 0 0 0 0 0 0 0 0 0 0 0 0 0 0 0 0 0 0 0 0 0 0 0 0 0 
0.11024 0.10358 0.10228 0.09984 0.09277 0.08846 0.08121 0.0663 0.05321 0.04445 0.03975 0.03428 0.02434 0.01672 0.01392 0.00845 0.00548 0.00443 0.00272 0.00185 0.00152 0.0011 0.00084 0.00108 0.00064 0.00024 0.00019 0.00011 0 0 0 0 0 0 0 0 0 0 0 0 0 0 0 0 0 0 0 0 0 0 0 0 0 0 0 0 0 0 0 0 0 0 0 0 0 0 0 0 0 0 0 0 0 0 0 0 0 0 0 0 0 0 0 0 0 0 0 0 0 0 0 0 0 0 0 0 0 0 0 0 
0.11433 0.10839 0.10907 0.09935 0.09114 0.08225 0.07507 0.05818 0.05291 0.04489 0.03988 0.03169 0.0216 0.01511 0.01606 0.01093 0.00877 0.00793 0.00458 0.00316 0.00155 0.00099 0.00056 0.00082 0.00028 0.00027 0.00024 0 0 0 0 0 0 0 0 0 0 0 0 0 0 0 0 0 0 0 0 0 0 0 0 0 0 0 0 0 0 0 0 0 0 0 0 0 0 0 0 0 0 0 0 0 0 0 0 0 0 0 0 0 0 0 0 0 0 0 0 0 0 0 0 0 0 0 0 0 0 0 0 0 
0.11195 0.1135 0.10912 0.10232 0.08969 0.08411 0.07612 0.0603 0.04949 0.04523 0.03686 0.03026 0.02404 0.02028 0.01444 0.00862 0.00561 0.0062 0.00544 0.00233 0.00171 0.00084 0.00084 0.00027 0.00013 0.0003 0 0 0 0 0 0 0 0 0 0 0 0 0 0 0 0 0 0 0 0 0 0 0 0 0 0 0 0 0 0 0 0 0 0 0 0 0 0 0 0 0 0 0 0 0 0 0 0 0 0 0 0 0 0 0 0 0 0 0 0 0 0 0 0 0 0 0 0 0 0 0 0 0 0 
0.10771 0.1049 0.10667 0.09941 0.08793 0.08099 0.07297 0.06508 0.0543 0.04776 0.03911 0.02844 0.02517 0.02037 0.01597 0.01063 0.00932 0.00812 0.00575 0.00388 0.00261 0.00125 0.001 0.00021 0.00011 0.00015 0.00019 0 0 0 0 0 0 0 0 0 0 0 0 0 0 0 0 0 0 0 0 0 0 0 0 0 0 0 0 0 0 0 0 0 0 0 0 0 0 0 0 0 0 0 0 0 0 0 0 0 0 0 0 0 0 0 0 0 0 0 0 0 0 0 0 0 0 0 0 0 0 0 0 0 
0.12121 0.11758 0.11435 0.1005 0.09971 0.08917 0.07449 0.06561 0.04491 0.04118 0.03211 0.02649 0.01994 0.01351 0.00937 0.00832 0.00686 0.0048 0.00374 0.00255 0.00081 0.00088 0.00076 0.00048 0.00038 0.00029 0 0 0 0 0 0 0 0 0 0 0 0 0 0 0 0 0 0 0 0 0 0 0 0 0 0 0 0 0 0 0 0 0 0 0 0 0 0 0 0 0 0 0 0 0 0 0 0 0 0 0 0 0 0 0 0 0 0 0 0 0 0 0 0 0 0 0 0 0 0 0 0 0 0 
0.12584 0.12445 0.1193 0.10761 0.09836 0.08472 0.06991 0.05715 0.04753 0.04126 0.0333 0.02536 0.02033 0.01376 0.01028 0.00668 0.00516 0.00283 0.00221 0.00098 0.00092 0.00115 0.00059 0.00032 0 0 0 0 0 0 0 0 0 0 0 0 0 0 0 0 0 0 0 0 0 0 0 0 0 0 0 0 0 0 0 0 0 0 0 0 0 0 0 0 0 0 0 0 0 0 0 0 0 0 0 0 0 0 0 0 0 0 0 0 0 0 0 0 0 0 0 0 0 0 0 0 0 0 0 0 
0.11358 0.11267 0.10818 0.10233 0.09507 0.08452 0.07791 0.0651 0.05537 0.04547 0.03783 0.03021 0.02031 0.0153 0.01202 0.00842 0.00745 0.00443 0.00216 0.00096 0.00071 0 0 0 0 0 0 0 0 0 0 0 0 0 0 0 0 0 0 0 0 0 0 0 0 0 0 0 0 0 0 0 0 0 0 0 0 0 0 0 0 0 0 0 0 0 0 0 0 0 0 0 0 0 0 0 0 0 0 0 0 0 0 0 0 0 0 0 0 0 0 0 0 0 0 0 0 0 0 0 
0.13032 0.12555 0.11626 0.10321 0.08923 0.08329 0.07349 0.06165 0.05389 0.04451 0.03213 0.02472 0.02026 0.01515 0.00797 0.00522 0.00431 0.00231 0.0018 0.00179 0.00072 0.00106 0.00076 0.0004 0 0 0 0 0 0 0 0 0 0 0 0 0 0 0 0 0 0 0 0 0 0 0 0 0 0 0 0 0 0 0 0 0 0 0 0 0 0 0 0 0 0 0 0 0 0 0 0 0 0 0 0 0 0 0 0 0 0 0 0 0 0 0 0 0 0 0 0 0 0 0 0 0 0 0 0 
0.1158 0.10487 0.10487 0.09861 0.08989 0.08151 0.06754 0.06282 0.05527 0.04486 0.04022 0.03666 0.02584 0.02041 0.01479 0.0107 0.00845 0.0048 0.00349 0.0024 0.00172 0.00171 0.00113 0.0009 0.00058 0.00016 0 0 0 0 0 0 0 0 0 0 0 0 0 0 0 0 0 0 0 0 0 0 0 0 0 0 0 0 0 0 0 0 0 0 0 0 0 0 0 0 0 0 0 0 0 0 0 0 0 0 0 0 0 0 0 0 0 0 0 0 0 0 0 0 0 0 0 0 0 0 0 0 0 0 
0.1257 0.11906 0.11447 0.11199 0.09438 0.08395 0.07314 0.06685 0.05156 0.0405 0.02947 0.02515 0.01944 0.01304 0.00998 0.00846 0.00509 0.00235 0.00186 0.00131 0.00139 0.00046 0.0004 0 0 0 0 0 0 0 0 0 0 0 0 0 0 0 0 0 0 0 0 0 0 0 0 0 0 0 0 0 0 0 0 0 0 0 0 0 0 0 0 0 0 0 0 0 0 0 0 0 0 0 0 0 0 0 0 0 0 0 0 0 0 0 0 0 0 0 0 0 0 0 0 0 0 0 0 0 
0.12325 0.11918 0.11062 0.10294 0.09536 0.08736 0.07359 0.05716 0.04805 0.04152 0.03278 0.02589 0.02319 0.01897 0.01065 0.00894 0.00746 0.00486 0.00396 0.00222 0.00132 0.00043 0.0002 0.0001 0 0 0 0 0 0 0 0 0 0 0 0 0 0 0 0 0 0 0 0 0 0 0 0 0 0 0 0 0 0 0 0 0 0 0 0 0 0 0 0 0 0 0 0 0 0 0 0 0 0 0 0 0 0 0 0 0 0 0 0 0 0 0 0 0 0 0 0 0 0 0 0 0 0 0 0 
0.11687 0.11312 0.10339 0.10142 0.09481 0.08743 0.0767 0.06429 0.05299 0.04254 0.03678 0.02746 0.02291 0.01973 0.01256 0.00894 0.00652 0.00369 0.00208 0.00171 0.0019 0.00102 0.00059 0.00032 0.00023 0 0 0 0 0 0 0 0 0 0 0 0 0 0 0 0 0 0 0 0 0 0 0 0 0 0 0 0 0 0 0 0 0 0 0 0 0 0 0 0 0 0 0 0 0 0 0 0 0 0 0 0 0 0 0 0 0 0 0 0 0 0 0 0 0 0 0 0 0 0 0 0 0 0 0 
0.106 0.10521 0.10202 0.09346 0.0926 0.08582 0.07438 0.066 0.05552 0.04906 0.03689 0.03058 0.02414 0.02152 0.01566 0.01141 0.00871 0.00703 0.00513 0.00315 0.00225 0.00151 0.0007 0.0007 0.00011 0.00014 0.0003 0 0 0 0 0 0 0 0 0 0 0 0 0 0 0 0 0 0 0 0 0 0 0 0 0 0 0 0 0 0 0 0 0 0 0 0 0 0 0 0 0 0 0 0 0 0 0 0 0 0 0 0 0 0 0 0 0 0 0 0 0 0 0 0 0 0 0 0 0 0 0 0 0 
0.12677 0.12133 0.11848 0.10577 0.09528 0.08298 0.0722 0.0595 0.04798 0.04007 0.03511 0.02741 0.02028 0.01505 0.0094 0.00712 0.00559 0.00298 0.00187 0.00148 0.00151 0.00108 0.00033 0.00012 0.00023 8e-05 0 0 0 0 0 0 0 0 0 0 0 0 0 0 0 0 0 0 0 0 0 0 0 0 0 0 0 0 0 0 0 0 0 0 0 0 0 0 0 0 0 0 0 0 0 0 0 0 0 0 0 0 0 0 0 0 0 0 0 0 0 0 0 0 0 0 0 0 0 0 0 0 0 0 
0.10222 0.10334 0.09923 0.09636 0.09029 0.09101 0.08041 0.07566 0.06014 0.04848 0.03449 0.02929 0.02183 0.018 0.01411 0.01042 0.00669 0.00405 0.00338 0.00379 0.00335 0.00157 0.00129 0.0004 0.0002 0 0 0 0 0 0 0 0 0 0 0 0 0 0 0 0 0 0 0 0 0 0 0 0 0 0 0 0 0 0 0 0 0 0 0 0 0 0 0 0 0 0 0 0 0 0 0 0 0 0 0 0 0 0 0 0 0 0 0 0 0 0 0 0 0 0 0 0 0 0 0 0 0 0 0 
0.11849 0.1125 0.10881 0.10527 0.09039 0.0814 0.07178 0.06338 0.0541 0.04408 0.03789 0.02976 0.02386 0.01582 0.01086 0.00952 0.00704 0.0061 0.00391 0.00204 0.00147 0.00108 0.00045 0 0 0 0 0 0 0 0 0 0 0 0 0 0 0 0 0 0 0 0 0 0 0 0 0 0 0 0 0 0 0 0 0 0 0 0 0 0 0 0 0 0 0 0 0 0 0 0 0 0 0 0 0 0 0 0 0 0 0 0 0 0 0 0 0 0 0 0 0 0 0 0 0 0 0 0 0 
0.11354 0.10882 0.1041 0.10271 0.09196 0.08719 0.07298 0.06448 0.05416 0.04369 0.03735 0.02834 0.02348 0.01762 0.01562 0.01132 0.00752 0.00415 0.00403 0.00226 0.00183 0.00155 0.00058 0.00059 0.00013 0 0 0 0 0 0 0 0 0 0 0 0 0 0 0 0 0 0 0 0 0 0 0 0 0 0 0 0 0 0 0 0 0 0 0 0 0 0 0 0 0 0 0 0 0 0 0 0 0 0 0 0 0 0 0 0 0 0 0 0 0 0 0 0 0 0 0 0 0 0 0 0 0 0 0 
0.11993 0.11528 0.11131 0.10508 0.09672 0.08659 0.07894 0.06621 0.05369 0.04321 0.03562 0.02621 0.01938 0.01353 0.00731 0.0065 0.00456 0.00356 0.00146 0.00114 0.00133 0.00091 0.00045 0.00019 0.00028 0.00031 0.0003 0 0 0 0 0 0 0 0 0 0 0 0 0 0 0 0 0 0 0 0 0 0 0 0 0 0 0 0 0 0 0 0 0 0 0 0 0 0 0 0 0 0 0 0 0 0 0 0 0 0 0 0 0 0 0 0 0 0 0 0 0 0 0 0 0 0 0 0 0 0 0 0 0 
0.1159 0.11225 0.10243 0.1 0.09755 0.08536 0.07363 0.06136 0.05277 0.04398 0.03357 0.02903 0.02122 0.01844 0.01379 0.01092 0.00747 0.00652 0.00482 0.003 0.00189 0.00134 0.00082 0.00075 0.00093 0.00026 0 0 0 0 0 0 0 0 0 0 0 0 0 0 0 0 0 0 0 0 0 0 0 0 0 0 0 0 0 0 0 0 0 0 0 0 0 0 0 0 0 0 0 0 0 0 0 0 0 0 0 0 0 0 0 0 0 0 0 0 0 0 0 0 0 0 0 0 0 0 0 0 0 0 
0.11766 0.1197 0.11356 0.10688 0.09522 0.08858 0.07141 0.0586 0.05606 0.046 0.03173 0.02748 0.02009 0.01415 0.00981 0.00664 0.00564 0.00349 0.00268 0.00268 0.00087 0.00022 0.00033 0.0001 0.00011 0.0002 0.00011 0 0 0 0 0 0 0 0 0 0 0 0 0 0 0 0 0 0 0 0 0 0 0 0 0 0 0 0 0 0 0 0 0 0 0 0 0 0 0 0 0 0 0 0 0 0 0 0 0 0 0 0 0 0 0 0 0 0 0 0 0 0 0 0 0 0 0 0 0 0 0 0 0 
0.11968 0.11372 0.11197 0.10769 0.09193 0.08664 0.07391 0.06286 0.05345 0.04349 0.03154 0.02781 0.02193 0.0155 0.0126 0.00877 0.00475 0.00365 0.00291 0.00277 0.00127 0.00085 0.00031 0 0 0 0 0 0 0 0 0 0 0 0 0 0 0 0 0 0 0 0 0 0 0 0 0 0 0 0 0 0 0 0 0 0 0 0 0 0 0 0 0 0 0 0 0 0 0 0 0 0 0 0 0 0 0 0 0 0 0 0 0 0 0 0 0 0 0 0 0 0 0 0 0 0 0 0 0 
0.11148 0.10846 0.10705 0.10124 0.09487 0.09006 0.08005 0.06306 0.05372 0.04665 0.034 0.02635 0.02096 0.0155 0.01302 0.01166 0.00724 0.00601 0.00348 0.00187 0.00124 0.0005 0.00026 0.00034 0.0006 0.00033 0 0 0 0 0 0 0 0 0 0 0 0 0 0 0 0 0 0 0 0 0 0 0 0 0 0 0 0 0 0 0 0 0 0 0 0 0 0 0 0 0 0 0 0 0 0 0 0 0 0 0 0 0 0 0 0 0 0 0 0 0 0 0 0 0 0 0 0 0 0 0 0 0 0 
0.11741 0.11776 0.10968 0.10064 0.08772 0.08126 0.0683 0.05911 0.05215 0.04454 0.03652 0.0311 0.02587 0.02059 0.01574 0.01069 0.00782 0.0058 0.00371 0.0013 0.00052 0.00026 0.00029 0.00057 0.00018 0.00011 0.00014 0.00022 0 0 0 0 0 0 0 0 0 0 0 0 0 0 0 0 0 0 0 0 0 0 0 0 0 0 0 0 0 0 0 0 0 0 0 0 0 0 0 0 0 0 0 0 0 0 0 0 0 0 0 0 0 0 0 0 0 0 0 0 0 0 0 0 0 0 0 0 0 0 0 0 
0.1103 0.10985 0.10848 0.10981 0.09898 0.08353 0.0745 0.05873 0.05078 0.04283 0.03557 0.02991 0.02268 0.01758 0.01502 0.00981 0.00653 0.00651 0.00458 0.0021 0.00121 0.00049 0.00022 0 0 0 0 0 0 0 0 0 0 0 0 0 0 0 0 0 0 0 0 0 0 0 0 0 0 0 0 0 0 0 0 0 0 0 0 0 0 0 0 0 0 0 0 0 0 0 0 0 0 0 0 0 0 0 0 0 0 0 0 0 0 0 0 0 0 0 0 0 0 0 0 0 0 0 0 0 
0.11878 0.11563 0.10247 0.09879 0.0904 0.08276 0.07396 0.06589 0.05489 0.04697 0.03848 0.02913 0.02249 0.01855 0.01479 0.0092 0.00685 0.00455 0.0024 0.00125 0.00034 0.0004 0.00024 0.00044 0.00017 0.00018 0 0 0 0 0 0 0 0 0 0 0 0 0 0 0 0 0 0 0 0 0 0 0 0 0 0 0 0 0 0 0 0 0 0 0 0 0 0 0 0 0 0 0 0 0 0 0 0 0 0 0 0 0 0 0 0 0 0 0 0 0 0 0 0 0 0 0 0 0 0 0 0 0 0 
0.13263 0.12206 0.11568 0.10584 0.09387 0.08354 0.06976 0.05664 0.04919 0.04156 0.0303 0.02498 0.02028 0.01562 0.0107 0.00795 0.00599 0.00451 0.00423 0.00289 0.00067 0.00054 0.0005 7e-05 0 0 0 0 0 0 0 0 0 0 0 0 0 0 0 0 0 0 0 0 0 0 0 0 0 0 0 0 0 0 0 0 0 0 0 0 0 0 0 0 0 0 0 0 0 0 0 0 0 0 0 0 0 0 0 0 0 0 0 0 0 0 0 0 0 0 0 0 0 0 0 0 0 0 0 0 
0.1185 0.11781 0.1177 0.10285 0.09301 0.08888 0.07499 0.06319 0.05282 0.03937 0.03291 0.02561 0.02063 0.01611 0.01388 0.00753 0.00496 0.00387 0.00261 0.00179 0.00076 0.00022 0 0 0 0 0 0 0 0 0 0 0 0 0 0 0 0 0 0 0 0 0 0 0 0 0 0 0 0 0 0 0 0 0 0 0 0 0 0 0 0 0 0 0 0 0 0 0 0 0 0 0 0 0 0 0 0 0 0 0 0 0 0 0 0 0 0 0 0 0 0 0 0 0 0 0 0 0 0 
0.11972 0.1211 0.11757 0.11823 0.09437 0.08306 0.07353 0.06164 0.04983 0.03935 0.0321 0.02275 0.01813 0.01451 0.01044 0.00806 0.00525 0.00346 0.0037 0.00135 0.00055 0.00038 0.00056 0.00028 8e-05 0 0 0 0 0 0 0 0 0 0 0 0 0 0 0 0 0 0 0 0 0 0 0 0 0 0 0 0 0 0 0 0 0 0 0 0 0 0 0 0 0 0 0 0 0 0 0 0 0 0 0 0 0 0 0 0 0 0 0 0 0 0 0 0 0 0 0 0 0 0 0 0 0 0 0 
0.11909 0.11178 0.11415 0.10791 0.09648 0.07745 0.07197 0.0661 0.05397 0.041 0.03127 0.02836 0.02375 0.02039 0.01135 0.009 0.00624 0.00335 0.00187 0.00168 0.00101 0.00042 0.00034 0.00058 0.00049 0 0 0 0 0 0 0 0 0 0 0 0 0 0 0 0 0 0 0 0 0 0 0 0 0 0 0 0 0 0 0 0 0 0 0 0 0 0 0 0 0 0 0 0 0 0 0 0 0 0 0 0 0 0 0 0 0 0 0 0 0 0 0 0 0 0 0 0 0 0 0 0 0 0 0 
0.12056 0.11459 0.10402 0.1 0.09366 0.08696 0.07859 0.06772 0.05494 0.04682 0.03517 0.02866 0.01916 0.01636 0.01103 0.008 0.00562 0.00307 0.00207 0.0014 0.00099 0.00061 0 0 0 0 0 0 0 0 0 0 0 0 0 0 0 0 0 0 0 0 0 0 0 0 0 0 0 0 0 0 0 0 0 0 0 0 0 0 0 0 0 0 0 0 0 0 0 0 0 0 0 0 0 0 0 0 0 0 0 0 0 0 0 0 0 0 0 0 0 0 0 0 0 0 0 0 0 0 
0.11385 0.11117 0.10171 0.10078 0.09854 0.0862 0.07578 0.06559 0.0558 0.04314 0.03789 0.02746 0.02004 0.01644 0.01401 0.01139 0.0083 0.00501 0.00263 0.00182 0.00104 0.00071 0.00028 0.00042 0 0 0 0 0 0 0 0 0 0 0 0 0 0 0 0 0 0 0 0 0 0 0 0 0 0 0 0 0 0 0 0 0 0 0 0 0 0 0 0 0 0 0 0 0 0 0 0 0 0 0 0 0 0 0 0 0 0 0 0 0 0 0 0 0 0 0 0 0 0 0 0 0 0 0 0 
0.12304 0.12315 0.12073 0.10939 0.09826 0.09145 0.07338 0.05675 0.049 0.03998 0.03019 0.02182 0.01913 0.01549 0.00996 0.00744 0.0049 0.00235 0.0013 0.00094 0.00069 0.00027 0.00014 0.00025 0 0 0 0 0 0 0 0 0 0 0 0 0 0 0 0 0 0 0 0 0 0 0 0 0 0 0 0 0 0 0 0 0 0 0 0 0 0 0 0 0 0 0 0 0 0 0 0 0 0 0 0 0 0 0 0 0 0 0 0 0 0 0 0 0 0 0 0 0 0 0 0 0 0 0 0 
0.11662 0.11604 0.11124 0.0955 0.09051 0.08085 0.07223 0.06345 0.05539 0.04533 0.03719 0.02939 0.02287 0.01552 0.01268 0.0096 0.00706 0.00639 0.00311 0.00267 0.00185 0.00137 0.00123 0.00051 0.00042 0.0003 0.00038 0.00015 0.00015 0 0 0 0 0 0 0 0 0 0 0 0 0 0 0 0 0 0 0 0 0 0 0 0 0 0 0 0 0 0 0 0 0 0 0 0 0 0 0 0 0 0 0 0 0 0 0 0 0 0 0 0 0 0 0 0 0 0 0 0 0 0 0 0 0 0 0 0 0 0 0 
0.1146 0.10836 0.10464 0.09626 0.09238 0.08772 0.07644 0.06255 0.05546 0.04879 0.04109 0.03231 0.022 0.01825 0.01325 0.00845 0.00685 0.00494 0.00258 0.0012 0.00084 0.00097 7e-05 0 0 0 0 0 0 0 0 0 0 0 0 0 0 0 0 0 0 0 0 0 0 0 0 0 0 0 0 0 0 0 0 0 0 0 0 0 0 0 0 0 0 0 0 0 0 0 0 0 0 0 0 0 0 0 0 0 0 0 0 0 0 0 0 0 0 0 0 0 0 0 0 0 0 0 0 0 
0.12095 0.11131 0.11611 0.10545 0.0857 0.07862 0.07186 0.0632 0.05812 0.04366 0.03765 0.03015 0.02233 0.01391 0.01158 0.00959 0.00626 0.00461 0.00349 0.00145 0.00183 0.00091 0.00086 0.0004 0 0 0 0 0 0 0 0 0 0 0 0 0 0 0 0 0 0 0 0 0 0 0 0 0 0 0 0 0 0 0 0 0 0 0 0 0 0 0 0 0 0 0 0 0 0 0 0 0 0 0 0 0 0 0 0 0 0 0 0 0 0 0 0 0 0 0 0 0 0 0 0 0 0 0 0 
0.11291 0.11058 0.10332 0.0995 0.09886 0.08723 0.07342 0.06295 0.05755 0.04262 0.03979 0.03054 0.02149 0.01982 0.01361 0.00817 0.00605 0.00319 0.00196 0.00119 0.00169 0.00119 0.00089 0.00062 0.00051 0.0002 0.00015 0 0 0 0 0 0 0 0 0 0 0 0 0 0 0 0 0 0 0 0 0 0 0 0 0 0 0 0 0 0 0 0 0 0 0 0 0 0 0 0 0 0 0 0 0 0 0 0 0 0 0 0 0 0 0 0 0 0 0 0 0 0 0 0 0 0 0 0 0 0 0 0 0 
0.11642 0.10594 0.10569 0.09951 0.09058 0.08475 0.07267 0.06433 0.05618 0.04726 0.03686 0.03235 0.02452 0.01881 0.01077 0.00967 0.00627 0.00467 0.0037 0.00293 0.00181 0.00119 0.0011 0.00066 0.00068 6e-05 4e-05 7e-05 7e-05 8e-05 0.0001 0.00022 4e-05 0 0 0 0 0 0 0 0 0 0 0 0 0 0 0 0 0 0 0 0 0 0 0 0 0 0 0 0 0 0 0 0 0 0 0 0 0 0 0 0 0 0 0 0 0 0 0 0 0 0 0 0 0 0 0 0 0 0 0 0 0 0 0 0 0 0 0 
0.11709 0.10957 0.10795 0.10394 0.09719 0.08546 0.07529 0.0642 0.05666 0.04693 0.03729 0.02815 0.02218 0.01364 0.0116 0.00749 0.00473 0.00286 0.0024 0.00172 0.00154 0.00058 0.00055 0.00037 7e-05 0.0001 0.0001 0.00017 0.00018 0 0 0 0 0 0 0 0 0 0 0 0 0 0 0 0 0 0 0 0 0 0 0 0 0 0 0 0 0 0 0 0 0 0 0 0 0 0 0 0 0 0 0 0 0 0 0 0 0 0 0 0 0 0 0 0 0 0 0 0 0 0 0 0 0 0 0 0 0 0 0 
0.1126 0.11277 0.10729 0.10907 0.09813 0.09028 0.07769 0.06225 0.05359 0.04585 0.03513 0.02359 0.01876 0.01562 0.01056 0.00765 0.0048 0.0036 0.0027 0.00281 0.00164 0.00101 0.00122 0.00072 0.00053 0.00014 0 0 0 0 0 0 0 0 0 0 0 0 0 0 0 0 0 0 0 0 0 0 0 0 0 0 0 0 0 0 0 0 0 0 0 0 0 0 0 0 0 0 0 0 0 0 0 0 0 0 0 0 0 0 0 0 0 0 0 0 0 0 0 0 0 0 0 0 0 0 0 0 0 0 
0.11163 0.11101 0.10827 0.10234 0.10197 0.08508 0.07545 0.06802 0.05512 0.04648 0.03609 0.02778 0.01868 0.01426 0.01222 0.00934 0.00662 0.00358 0.00183 0.00123 0.0011 0.00059 0.0007 8e-05 8e-05 0.0001 0.00013 0.00022 0 0 0 0 0 0 0 0 0 0 0 0 0 0 0 0 0 0 0 0 0 0 0 0 0 0 0 0 0 0 0 0 0 0 0 0 0 0 0 0 0 0 0 0 0 0 0 0 0 0 0 0 0 0 0 0 0 0 0 0 0 0 0 0 0 0 0 0 0 0 0 0 
0.11116 0.10501 0.10455 0.10259 0.09765 0.08468 0.07471 0.06385 0.0555 0.05053 0.03894 0.0295 0.02423 0.01591 0.01301 0.00997 0.00661 0.00481 0.00317 0.00175 0.00091 0.00062 0.00034 0 0 0 0 0 0 0 0 0 0 0 0 0 0 0 0 0 0 0 0 0 0 0 0 0 0 0 0 0 0 0 0 0 0 0 0 0 0 0 0 0 0 0 0 0 0 0 0 0 0 0 0 0 0 0 0 0 0 0 0 0 0 0 0 0 0 0 0 0 0 0 0 0 0 0 0 0 
0.11136 0.11173 0.11261 0.10402 0.09497 0.08791 0.07506 0.06511 0.05453 0.04063 0.03666 0.02872 0.02001 0.0151 0.01277 0.0092 0.00437 0.0046 0.00377 0.0024 0.00126 0.00111 0.00086 0.00095 0.00029 0 0 0 0 0 0 0 0 0 0 0 0 0 0 0 0 0 0 0 0 0 0 0 0 0 0 0 0 0 0 0 0 0 0 0 0 0 0 0 0 0 0 0 0 0 0 0 0 0 0 0 0 0 0 0 0 0 0 0 0 0 0 0 0 0 0 0 0 0 0 0 0 0 0 0 
0.10864 0.11084 0.10945 0.10031 0.0927 0.07997 0.07122 0.05923 0.05369 0.04564 0.04126 0.03198 0.02495 0.01856 0.01422 0.01048 0.00767 0.00564 0.00469 0.00405 0.00232 0.00123 0.00047 0.00029 7e-05 8e-05 0.0001 0.00017 8e-05 0 0 0 0 0 0 0 0 0 0 0 0 0 0 0 0 0 0 0 0 0 0 0 0 0 0 0 0 0 0 0 0 0 0 0 0 0 0 0 0 0 0 0 0 0 0 0 0 0 0 0 0 0 0 0 0 0 0 0 0 0 0 0 0 0 0 0 0 0 0 0 
0.12294 0.11105 0.10683 0.10567 0.09891 0.08702 0.07145 0.05991 0.05548 0.03915 0.03389 0.02811 0.01973 0.01656 0.01181 0.0099 0.00798 0.00446 0.00348 0.00203 0.00142 0.00093 0.00074 0.00033 0.00022 0 0 0 0 0 0 0 0 0 0 0 0 0 0 0 0 0 0 0 0 0 0 0 0 0 0 0 0 0 0 0 0 0 0 0 0 0 0 0 0 0 0 0 0 0 0 0 0 0 0 0 0 0 0 0 0 0 0 0 0 0 0 0 0 0 0 0 0 0 0 0 0 0 0 0 
0.10543 0.10586 0.10291 0.09802 0.09377 0.08312 0.07776 0.06735 0.05678 0.04788 0.03777 0.03075 0.02576 0.02046 0.01553 0.01069 0.00704 0.00449 0.00379 0.00219 0.00137 0.00115 0.00013 0 0 0 0 0 0 0 0 0 0 0 0 0 0 0 0 0 0 0 0 0 0 0 0 0 0 0 0 0 0 0 0 0 0 0 0 0 0 0 0 0 0 0 0 0 0 0 0 0 0 0 0 0 0 0 0 0 0 0 0 0 0 0 0 0 0 0 0 0 0 0 0 0 0 0 0 0 
0.11877 0.11597 0.10776 0.10376 0.09167 0.08238 0.07419 0.06268 0.05271 0.0484 0.03943 0.02694 0.02199 0.01653 0.01148 0.00727 0.00626 0.00421 0.00285 0.00207 0.00139 0.00056 0.00021 8e-05 0.0001 0.00013 0.00021 0 0 0 0 0 0 0 0 0 0 0 0 0 0 0 0 0 0 0 0 0 0 0 0 0 0 0 0 0 0 0 0 0 0 0 0 0 0 0 0 0 0 0 0 0 0 0 0 0 0 0 0 0 0 0 0 0 0 0 0 0 0 0 0 0 0 0 0 0 0 0 0 0 
0.11457 0.11661 0.11805 0.10509 0.09571 0.08467 0.07626 0.06248 0.05214 0.04416 0.03614 0.02519 0.02113 0.01364 0.01247 0.0076 0.00498 0.00245 0.00217 0.00111 0.0013 0.00111 0.0005 0.0004 7e-05 0 0 0 0 0 0 0 0 0 0 0 0 0 0 0 0 0 0 0 0 0 0 0 0 0 0 0 0 0 0 0 0 0 0 0 0 0 0 0 0 0 0 0 0 0 0 0 0 0 0 0 0 0 0 0 0 0 0 0 0 0 0 0 0 0 0 0 0 0 0 0 0 0 0 0 
0.10878 0.10638 0.10608 0.09866 0.08726 0.07866 0.06876 0.06684 0.0623 0.05014 0.04272 0.03627 0.028 0.01961 0.0142 0.01053 0.00695 0.00488 0.00115 0.0008 0.00066 0.00018 0.00019 0 0 0 0 0 0 0 0 0 0 0 0 0 0 0 0 0 0 0 0 0 0 0 0 0 0 0 0 0 0 0 0 0 0 0 0 0 0 0 0 0 0 0 0 0 0 0 0 0 0 0 0 0 0 0 0 0 0 0 0 0 0 0 0 0 0 0 0 0 0 0 0 0 0 0 0 0 
0.11342 0.11115 0.11272 0.10185 0.09721 0.08623 0.07882 0.06356 0.05524 0.04876 0.03495 0.0264 0.02178 0.01464 0.01248 0.00784 0.00499 0.00297 0.00167 0.00087 0.00112 0.00057 0.00018 8e-05 9e-05 0.00012 0.00023 6e-05 0 0 0 0 0 0 0 0 0 0 0 0 0 0 0 0 0 0 0 0 0 0 0 0 0 0 0 0 0 0 0 0 0 0 0 0 0 0 0 0 0 0 0 0 0 0 0 0 0 0 0 0 0 0 0 0 0 0 0 0 0 0 0 0 0 0 0 0 0 0 0 0 
0.1115 0.10955 0.10092 0.09948 0.09524 0.08782 0.07544 0.063 0.05382 0.04798 0.04125 0.03143 0.02197 0.0157 0.01198 0.01041 0.00664 0.00539 0.0043 0.00274 0.00123 0.00089 0.00111 0.00021 0 0 0 0 0 0 0 0 0 0 0 0 0 0 0 0 0 0 0 0 0 0 0 0 0 0 0 0 0 0 0 0 0 0 0 0 0 0 0 0 0 0 0 0 0 0 0 0 0 0 0 0 0 0 0 0 0 0 0 0 0 0 0 0 0 0 0 0 0 0 0 0 0 0 0 0 
0.11295 0.11287 0.1119 0.10549 0.09603 0.08499 0.07102 0.06388 0.05259 0.04463 0.03712 0.02709 0.02061 0.01823 0.01331 0.0091 0.00607 0.00479 0.00257 0.00217 0.00119 0.00041 0.00027 0.00023 9e-05 0.00012 0.00028 0 0 0 0 0 0 0 0 0 0 0 0 0 0 0 0 0 0 0 0 0 0 0 0 0 0 0 0 0 0 0 0 0 0 0 0 0 0 0 0 0 0 0 0 0 0 0 0 0 0 0 0 0 0 0 0 0 0 0 0 0 0 0 0 0 0 0 0 0 0 0 0 0 
0.12518 0.11662 0.11649 0.10751 0.08983 0.07966 0.07213 0.06335 0.05252 0.04078 0.03552 0.02732 0.02112 0.01428 0.01155 0.00927 0.00722 0.00471 0.00283 0.00083 0.00035 0.00059 0.00034 0 0 0 0 0 0 0 0 0 0 0 0 0 0 0 0 0 0 0 0 0 0 0 0 0 0 0 0 0 0 0 0 0 0 0 0 0 0 0 0 0 0 0 0 0 0 0 0 0 0 0 0 0 0 0 0 0 0 0 0 0 0 0 0 0 0 0 0 0 0 0 0 0 0 0 0 0 
0.12173 0.1224 0.1052 0.09255 0.09135 0.08487 0.06922 0.06018 0.05634 0.04567 0.03663 0.02959 0.02246 0.01684 0.01448 0.00971 0.00724 0.00545 0.00433 0.00152 0.00095 0.0004 0.00076 0.00013 0 0 0 0 0 0 0 0 0 0 0 0 0 0 0 0 0 0 0 0 0 0 0 0 0 0 0 0 0 0 0 0 0 0 0 0 0 0 0 0 0 0 0 0 0 0 0 0 0 0 0 0 0 0 0 0 0 0 0 0 0 0 0 0 0 0 0 0 0 0 0 0 0 0 0 0 
0.11922 0.11925 0.11389 0.10674 0.09795 0.08335 0.07607 0.06262 0.05745 0.04554 0.03507 0.0262 0.01957 0.01192 0.00822 0.00567 0.00399 0.00256 0.00192 0.00087 0.0005 0.00075 0.00045 0.00023 0 0 0 0 0 0 0 0 0 0 0 0 0 0 0 0 0 0 0 0 0 0 0 0 0 0 0 0 0 0 0 0 0 0 0 0 0 0 0 0 0 0 0 0 0 0 0 0 0 0 0 0 0 0 0 0 0 0 0 0 0 0 0 0 0 0 0 0 0 0 0 0 0 0 0 0 
0.11179 0.112 0.11115 0.10344 0.09581 0.08317 0.07378 0.06051 0.05499 0.0439 0.03651 0.02861 0.02356 0.01933 0.01267 0.00884 0.00683 0.00345 0.00324 0.00247 0.0013 0.00078 0.00053 0.00033 0.00032 5e-05 6e-05 6e-05 7e-05 7e-05 0.0001 0.00016 0.00012 0 0 0 0 0 0 0 0 0 0 0 0 0 0 0 0 0 0 0 0 0 0 0 0 0 0 0 0 0 0 0 0 0 0 0 0 0 0 0 0 0 0 0 0 0 0 0 0 0 0 0 0 0 0 0 0 0 0 0 0 0 0 0 0 0 0 0 
0.11878 0.11899 0.10933 0.10706 0.09816 0.07855 0.07415 0.06785 0.05657 0.04627 0.03647 0.02933 0.02027 0.0129 0.00702 0.00599 0.00468 0.00316 0.00194 0.0006 0.0003 0.00053 0.0003 0.00023 0.00012 0.00014 0.00031 0 0 0 0 0 0 0 0 0 0 0 0 0 0 0 0 0 0 0 0 0 0 0 0 0 0 0 0 0 0 0 0 0 0 0 0 0 0 0 0 0 0 0 0 0 0 0 0 0 0 0 0 0 0 0 0 0 0 0 0 0 0 0 0 0 0 0 0 0 0 0 0 0 
0.11313 0.11973 0.11035 0.10216 0.09073 0.0854 0.07535 0.0632 0.05553 0.04349 0.03379 0.02814 0.0194 0.01551 0.01263 0.01078 0.00652 0.00472 0.00335 0.00284 0.00193 0.00063 0.00061 8e-05 0 0 0 0 0 0 0 0 0 0 0 0 0 0 0 0 0 0 0 0 0 0 0 0 0 0 0 0 0 0 0 0 0 0 0 0 0 0 0 0 0 0 0 0 0 0 0 0 0 0 0 0 0 0 0 0 0 0 0 0 0 0 0 0 0 0 0 0 0 0 0 0 0 0 0 0 
0.10544 0.09641 0.09976 0.09287 0.09127 0.08876 0.07684 0.06783 0.05787 0.04671 0.04087 0.03497 0.02744 0.02075 0.01617 0.00983 0.00777 0.00614 0.00408 0.00224 0.00157 0.0011 0.00152 0.00045 0.00065 0.00052 0.00017 0 0 0 0 0 0 0 0 0 0 0 0 0 0 0 0 0 0 0 0 0 0 0 0 0 0 0 0 0 0 0 0 0 0 0 0 0 0 0 0 0 0 0 0 0 0 0 0 0 0 0 0 0 0 0 0 0 0 0 0 0 0 0 0 0 0 0 0 0 0 0 0 0 
0.12445 0.12141 0.11226 0.09926 0.09286 0.08152 0.07584 0.0646 0.05056 0.04047 0.03531 0.02448 0.02034 0.01596 0.01365 0.0087 0.00495 0.0039 0.00346 0.00266 0.00176 0.00077 0.00068 0.00015 0 0 0 0 0 0 0 0 0 0 0 0 0 0 0 0 0 0 0 0 0 0 0 0 0 0 0 0 0 0 0 0 0 0 0 0 0 0 0 0 0 0 0 0 0 0 0 0 0 0 0 0 0 0 0 0 0 0 0 0 0 0 0 0 0 0 0 0 0 0 0 0 0 0 0 0 
0.12984 0.12084 0.10894 0.1068 0.09572 0.0866 0.07229 0.06571 0.04697 0.03749 0.02994 0.02259 0.01922 0.01388 0.01105 0.00965 0.0069 0.0047 0.00285 0.00215 0.00198 0.00105 0.00099 0.00061 0.0003 0.00029 0.00043 0.00022 0 0 0 0 0 0 0 0 0 0 0 0 0 0 0 0 0 0 0 0 0 0 0 0 0 0 0 0 0 0 0 0 0 0 0 0 0 0 0 0 0 0 0 0 0 0 0 0 0 0 0 0 0 0 0 0 0 0 0 0 0 0 0 0 0 0 0 0 0 0 0 0 
0.11777 0.11022 0.11341 0.10241 0.08925 0.08241 0.07177 0.06483 0.0536 0.0479 0.03738 0.0295 0.02314 0.01466 0.01173 0.0098 0.00627 0.00615 0.00379 0.00208 0.00111 0.00057 0.00025 0 0 0 0 0 0 0 0 0 0 0 0 0 0 0 0 0 0 0 0 0 0 0 0 0 0 0 0 0 0 0 0 0 0 0 0 0 0 0 0 0 0 0 0 0 0 0 0 0 0 0 0 0 0 0 0 0 0 0 0 0 0 0 0 0 0 0 0 0 0 0 0 0 0 0 0 0 
0.11561 0.11844 0.11286 0.10357 0.09498 0.09515 0.07417 0.06108 0.05396 0.04309 0.03323 0.0272 0.02028 0.01528 0.00959 0.00657 0.00397 0.00316 0.00251 0.00249 0.00162 0.00087 0.00032 0 0 0 0 0 0 0 0 0 0 0 0 0 0 0 0 0 0 0 0 0 0 0 0 0 0 0 0 0 0 0 0 0 0 0 0 0 0 0 0 0 0 0 0 0 0 0 0 0 0 0 0 0 0 0 0 0 0 0 0 0 0 0 0 0 0 0 0 0 0 0 0 0 0 0 0 0 
0.12438 0.12228 0.11339 0.10754 0.09267 0.08105 0.07348 0.06647 0.05293 0.0427 0.03378 0.02506 0.0187 0.01369 0.00929 0.00731 0.00404 0.00339 0.00229 0.00151 0.00095 0.00117 0.00067 0.00054 0.00038 0.00034 0 0 0 0 0 0 0 0 0 0 0 0 0 0 0 0 0 0 0 0 0 0 0 0 0 0 0 0 0 0 0 0 0 0 0 0 0 0 0 0 0 0 0 0 0 0 0 0 0 0 0 0 0 0 0 0 0 0 0 0 0 0 0 0 0 0 0 0 0 0 0 0 0 0 
0.12175 0.1137 0.1085 0.10639 0.09686 0.08151 0.07565 0.06153 0.0519 0.04356 0.03351 0.02591 0.02147 0.01836 0.01312 0.01025 0.00775 0.00372 0.00168 0.00159 0.00073 0.00033 0.00023 0 0 0 0 0 0 0 0 0 0 0 0 0 0 0 0 0 0 0 0 0 0 0 0 0 0 0 0 0 0 0 0 0 0 0 0 0 0 0 0 0 0 0 0 0 0 0 0 0 0 0 0 0 0 0 0 0 0 0 0 0 0 0 0 0 0 0 0 0 0 0 0 0 0 0 0 0 
0.11013 0.10806 0.10533 0.0978 0.08948 0.08842 0.07689 0.06671 0.05664 0.04382 0.0369 0.03114 0.02507 0.01822 0.01439 0.00953 0.00615 0.00514 0.00406 0.00219 0.00092 0.00105 0.0004 0.00027 0.00041 0.00032 6e-05 8e-05 0.0001 0.00016 0.00016 0 0 0 0 0 0 0 0 0 0 0 0 0 0 0 0 0 0 0 0 0 0 0 0 0 0 0 0 0 0 0 0 0 0 0 0 0 0 0 0 0 0 0 0 0 0 0 0 0 0 0 0 0 0 0 0 0 0 0 0 0 0 0 0 0 0 0 0 0 
0.12669 0.11889 0.10694 0.09467 0.09042 0.08273 0.07323 0.05968 0.05545 0.0457 0.03822 0.02807 0.02229 0.01657 0.01151 0.00798 0.00722 0.00321 0.00306 0.00243 0.00217 0.00134 0.00099 0.0001 0.00011 0.00019 0.00014 0 0 0 0 0 0 0 0 0 0 0 0 0 0 0 0 0 0 0 0 0 0 0 0 0 0 0 0 0 0 0 0 0 0 0 0 0 0 0 0 0 0 0 0 0 0 0 0 0 0 0 0 0 0 0 0 0 0 0 0 0 0 0 0 0 0 0 0 0 0 0 0 0 
0.10839 0.10273 0.10324 0.09517 0.09538 0.08999 0.07568 0.06576 0.05667 0.04569 0.04008 0.02952 0.0232 0.02132 0.01544 0.01142 0.00557 0.00476 0.0026 0.00248 0.00136 0.00114 0.00069 0.00075 0.00044 7e-05 0.0001 0.00012 0.00024 0 0 0 0 0 0 0 0 0 0 0 0 0 0 0 0 0 0 0 0 0 0 0 0 0 0 0 0 0 0 0 0 0 0 0 0 0 0 0 0 0 0 0 0 0 0 0 0 0 0 0 0 0 0 0 0 0 0 0 0 0 0 0 0 0 0 0 0 0 0 0 
0.11356 0.11665 0.11055 0.10007 0.09241 0.0852 0.07733 0.06632 0.05081 0.04454 0.03522 0.02816 0.02385 0.0169 0.01136 0.00945 0.00712 0.00531 0.00273 0.00112 0.00059 0.00027 0.00048 0 0 0 0 0 0 0 0 0 0 0 0 0 0 0 0 0 0 0 0 0 0 0 0 0 0 0 0 0 0 0 0 0 0 0 0 0 0 0 0 0 0 0 0 0 0 0 0 0 0 0 0 0 0 0 0 0 0 0 0 0 0 0 0 0 0 0 0 0 0 0 0 0 0 0 0 0 
0.1178 0.11986 0.11603 0.10991 0.10068 0.08506 0.0718 0.06149 0.04982 0.0427 0.03065 0.02785 0.01944 0.01271 0.00991 0.00713 0.00509 0.0035 0.00294 0.00228 0.0013 0.00053 0.00081 0.00025 0.00012 0.0002 0.00014 0 0 0 0 0 0 0 0 0 0 0 0 0 0 0 0 0 0 0 0 0 0 0 0 0 0 0 0 0 0 0 0 0 0 0 0 0 0 0 0 0 0 0 0 0 0 0 0 0 0 0 0 0 0 0 0 0 0 0 0 0 0 0 0 0 0 0 0 0 0 0 0 0 
0.10334 0.10553 0.10591 0.09336 0.09024 0.08349 0.07947 0.06905 0.05801 0.05161 0.04163 0.03274 0.02512 0.01637 0.01337 0.00821 0.00558 0.00447 0.00397 0.00381 0.00171 0.00114 0.00055 0.00058 0.00047 0.00027 0 0 0 0 0 0 0 0 0 0 0 0 0 0 0 0 0 0 0 0 0 0 0 0 0 0 0 0 0 0 0 0 0 0 0 0 0 0 0 0 0 0 0 0 0 0 0 0 0 0 0 0 0 0 0 0 0 0 0 0 0 0 0 0 0 0 0 0 0 0 0 0 0 0 
0.11709 0.11577 0.11054 0.1053 0.0889 0.08241 0.0743 0.06259 0.05401 0.04462 0.03736 0.03068 0.02218 0.01748 0.01166 0.0096 0.00523 0.00367 0.00231 0.00126 0.00135 0.00107 0.00052 0.0001 0 0 0 0 0 0 0 0 0 0 0 0 0 0 0 0 0 0 0 0 0 0 0 0 0 0 0 0 0 0 0 0 0 0 0 0 0 0 0 0 0 0 0 0 0 0 0 0 0 0 0 0 0 0 0 0 0 0 0 0 0 0 0 0 0 0 0 0 0 0 0 0 0 0 0 0 
0.12093 0.11171 0.11124 0.10345 0.09105 0.07766 0.07337 0.06262 0.05251 0.04441 0.03565 0.03047 0.02364 0.01674 0.01301 0.0104 0.00737 0.00499 0.0023 0.002 0.00149 0.00132 0.00102 0.00039 0.00026 0 0 0 0 0 0 0 0 0 0 0 0 0 0 0 0 0 0 0 0 0 0 0 0 0 0 0 0 0 0 0 0 0 0 0 0 0 0 0 0 0 0 0 0 0 0 0 0 0 0 0 0 0 0 0 0 0 0 0 0 0 0 0 0 0 0 0 0 0 0 0 0 0 0 0 
0.11894 0.11547 0.10676 0.10112 0.09834 0.08977 0.0772 0.06493 0.05371 0.04167 0.03716 0.02736 0.02057 0.01392 0.01096 0.00717 0.00404 0.00341 0.00345 0.00199 0.00109 0.00041 0.00021 0.00016 0.00019 0 0 0 0 0 0 0 0 0 0 0 0 0 0 0 0 0 0 0 0 0 0 0 0 0 0 0 0 0 0 0 0 0 0 0 0 0 0 0 0 0 0 0 0 0 0 0 0 0 0 0 0 0 0 0 0 0 0 0 0 0 0 0 0 0 0 0 0 0 0 0 0 0 0 0 
0.11473 0.11448 0.10309 0.09648 0.08622 0.07926 0.07512 0.06075 0.05171 0.04495 0.03557 0.03323 0.02636 0.02188 0.01662 0.0124 0.00832 0.00557 0.00424 0.00249 0.00148 0.00098 0.00141 0.00115 0.00086 0.00039 0.00022 4e-05 0 0 0 0 0 0 0 0 0 0 0 0 0 0 0 0 0 0 0 0 0 0 0 0 0 0 0 0 0 0 0 0 0 0 0 0 0 0 0 0 0 0 0 0 0 0 0 0 0 0 0 0 0 0 0 0 0 0 0 0 0 0 0 0 0 0 0 0 0 0 0 0 
0.11037 0.11027 0.10711 0.10159 0.0923 0.08198 0.07538 0.07045 0.05757 0.04663 0.03684 0.03027 0.02081 0.01799 0.01203 0.01013 0.00726 0.0042 0.00256 0.00145 0.00115 0.00054 0.00023 0.00031 0.00053 5e-05 0 0 0 0 0 0 0 0 0 0 0 0 0 0 0 0 0 0 0 0 0 0 0 0 0 0 0 0 0 0 0 0 0 0 0 0 0 0 0 0 0 0 0 0 0 0 0 0 0 0 0 0 0 0 0 0 0 0 0 0 0 0 0 0 0 0 0 0 0 0 0 0 0 0 
0.11277 0.11007 0.11067 0.10037 0.09396 0.0858 0.07778 0.06578 0.05344 0.04531 0.03512 0.02688 0.02068 0.01765 0.01397 0.01211 0.00551 0.0051 0.00226 0.00234 0.00069 0.0004 0.00033 0.00054 0.00031 0.00016 0 0 0 0 0 0 0 0 0 0 0 0 0 0 0 0 0 0 0 0 0 0 0 0 0 0 0 0 0 0 0 0 0 0 0 0 0 0 0 0 0 0 0 0 0 0 0 0 0 0 0 0 0 0 0 0 0 0 0 0 0 0 0 0 0 0 0 0 0 0 0 0 0 0 
0.10877 0.10554 0.1055 0.09612 0.09409 0.08533 0.0759 0.06346 0.05335 0.04534 0.03904 0.03043 0.02559 0.0193 0.01218 0.01033 0.00837 0.00838 0.00559 0.00332 0.00087 0.00043 0.00051 0.00068 0.00068 0.00056 0.00012 0.00022 0 0 0 0 0 0 0 0 0 0 0 0 0 0 0 0 0 0 0 0 0 0 0 0 0 0 0 0 0 0 0 0 0 0 0 0 0 0 0 0 0 0 0 0 0 0 0 0 0 0 0 0 0 0 0 0 0 0 0 0 0 0 0 0 0 0 0 0 0 0 0 0 
0.11059 0.10787 0.10182 0.09847 0.09332 0.08305 0.07191 0.06654 0.0578 0.04756 0.03951 0.03173 0.02346 0.02044 0.01655 0.01073 0.00686 0.00421 0.00354 0.00188 0.00084 0.00015 0.00017 0.00021 0.00029 0.00035 0.00015 0 0 0 0 0 0 0 0 0 0 0 0 0 0 0 0 0 0 0 0 0 0 0 0 0 0 0 0 0 0 0 0 0 0 0 0 0 0 0 0 0 0 0 0 0 0 0 0 0 0 0 0 0 0 0 0 0 0 0 0 0 0 0 0 0 0 0 0 0 0 0 0 0 
0.112 0.10536 0.09942 0.10043 0.08741 0.08374 0.07608 0.06852 0.05606 0.04919 0.03901 0.03055 0.02493 0.01911 0.01517 0.00969 0.00726 0.00558 0.00433 0.00223 0.00189 0.00077 0.00101 0.00026 0 0 0 0 0 0 0 0 0 0 0 0 0 0 0 0 0 0 0 0 0 0 0 0 0 0 0 0 0 0 0 0 0 0 0 0 0 0 0 0 0 0 0 0 0 0 0 0 0 0 0 0 0 0 0 0 0 0 0 0 0 0 0 0 0 0 0 0 0 0 0 0 0 0 0 0 
0.12229 0.12362 0.11419 0.10623 0.10329 0.0919 0.07441 0.05806 0.05095 0.04106 0.03563 0.02526 0.01875 0.0133 0.00885 0.00661 0.00267 0.00092 0.00078 0.00056 0.0004 0.00027 0 0 0 0 0 0 0 0 0 0 0 0 0 0 0 0 0 0 0 0 0 0 0 0 0 0 0 0 0 0 0 0 0 0 0 0 0 0 0 0 0 0 0 0 0 0 0 0 0 0 0 0 0 0 0 0 0 0 0 0 0 0 0 0 0 0 0 0 0 0 0 0 0 0 0 0 0 0 
0.12308 0.11501 0.11167 0.10465 0.09339 0.08325 0.07619 0.06087 0.05527 0.0419 0.03496 0.02787 0.01937 0.01652 0.01043 0.00717 0.00613 0.00492 0.00332 0.00189 0.00146 0.0002 0.0001 0.00012 0.00026 0 0 0 0 0 0 0 0 0 0 0 0 0 0 0 0 0 0 0 0 0 0 0 0 0 0 0 0 0 0 0 0 0 0 0 0 0 0 0 0 0 0 0 0 0 0 0 0 0 0 0 0 0 0 0 0 0 0 0 0 0 0 0 0 0 0 0 0 0 0 0 0 0 0 0 
0.11877 0.1189 0.11102 0.10474 0.09302 0.08512 0.07252 0.06279 0.05327 0.04486 0.03448 0.02959 0.02023 0.01611 0.01012 0.0072 0.00611 0.00446 0.00306 0.00184 0.00101 0.0004 0.00038 0 0 0 0 0 0 0 0 0 0 0 0 0 0 0 0 0 0 0 0 0 0 0 0 0 0 0 0 0 0 0 0 0 0 0 0 0 0 0 0 0 0 0 0 0 0 0 0 0 0 0 0 0 0 0 0 0 0 0 0 0 0 0 0 0 0 0 0 0 0 0 0 0 0 0 0 0 
0.11282 0.11672 0.10957 0.10271 0.09389 0.08729 0.07773 0.06394 0.05463 0.04889 0.03538 0.02718 0.02096 0.01411 0.00949 0.00701 0.00577 0.00398 0.0043 0.00166 0.00118 0.00036 0.0001 0.00013 0.0002 0 0 0 0 0 0 0 0 0 0 0 0 0 0 0 0 0 0 0 0 0 0 0 0 0 0 0 0 0 0 0 0 0 0 0 0 0 0 0 0 0 0 0 0 0 0 0 0 0 0 0 0 0 0 0 0 0 0 0 0 0 0 0 0 0 0 0 0 0 0 0 0 0 0 0 
0.11657 0.11581 0.10383 0.10006 0.08772 0.07928 0.07154 0.06645 0.0588 0.04831 0.03875 0.03097 0.0227 0.0193 0.01349 0.0078 0.00621 0.00412 0.00241 0.00209 0.00112 0.00081 0.00086 0.001 0 0 0 0 0 0 0 0 0 0 0 0 0 0 0 0 0 0 0 0 0 0 0 0 0 0 0 0 0 0 0 0 0 0 0 0 0 0 0 0 0 0 0 0 0 0 0 0 0 0 0 0 0 0 0 0 0 0 0 0 0 0 0 0 0 0 0 0 0 0 0 0 0 0 0 0 
0.11372 0.11124 0.10417 0.09812 0.09417 0.08063 0.07599 0.07071 0.05922 0.04582 0.03544 0.0286 0.02146 0.01694 0.01367 0.0093 0.00679 0.0066 0.00426 0.00133 0.0008 0.0002 0.00026 0.00046 0.0001 0 0 0 0 0 0 0 0 0 0 0 0 0 0 0 0 0 0 0 0 0 0 0 0 0 0 0 0 0 0 0 0 0 0 0 0 0 0 0 0 0 0 0 0 0 0 0 0 0 0 0 0 0 0 0 0 0 0 0 0 0 0 0 0 0 0 0 0 0 0 0 0 0 0 0 
0.12029 0.11731 0.1076 0.1052 0.09775 0.08722 0.07785 0.06547 0.05355 0.04609 0.03742 0.02425 0.02063 0.01699 0.00883 0.00608 0.00275 0.00203 0.001 0.00074 0.00024 0.00043 0.00028 0 0 0 0 0 0 0 0 0 0 0 0 0 0 0 0 0 0 0 0 0 0 0 0 0 0 0 0 0 0 0 0 0 0 0 0 0 0 0 0 0 0 0 0 0 0 0 0 0 0 0 0 0 0 0 0 0 0 0 0 0 0 0 0 0 0 0 0 0 0 0 0 0 0 0 0 0 
0.11935 0.11247 0.10479 0.10102 0.09463 0.08731 0.07174 0.06583 0.05094 0.0415 0.03794 0.03103 0.02592 0.01759 0.01431 0.00879 0.00616 0.00347 0.00187 0.00091 0.00041 0.0006 0.00044 0.00024 0.00043 0.0002 0.00011 0 0 0 0 0 0 0 0 0 0 0 0 0 0 0 0 0 0 0 0 0 0 0 0 0 0 0 0 0 0 0 0 0 0 0 0 0 0 0 0 0 0 0 0 0 0 0 0 0 0 0 0 0 0 0 0 0 0 0 0 0 0 0 0 0 0 0 0 0 0 0 0 0 
0.11488 0.11602 0.10902 0.10385 0.09633 0.08774 0.07391 0.0611 0.05175 0.04134 0.03451 0.02612 0.02167 0.01731 0.01345 0.00893 0.00621 0.00494 0.00345 0.00219 0.00161 0.00141 0.00107 0.00075 0.0001 0.00014 0.0002 0 0 0 0 0 0 0 0 0 0 0 0 0 0 0 0 0 0 0 0 0 0 0 0 0 0 0 0 0 0 0 0 0 0 0 0 0 0 0 0 0 0 0 0 0 0 0 0 0 0 0 0 0 0 0 0 0 0 0 0 0 0 0 0 0 0 0 0 0 0 0 0 0 
0.11936 0.11271 0.1088 0.09981 0.093 0.08241 0.07412 0.06635 0.05203 0.04091 0.03602 0.029 0.02527 0.01865 0.01235 0.00723 0.00526 0.00461 0.00345 0.00232 0.00189 0.00133 0.00156 0.00078 0.00026 0.00043 9e-05 0 0 0 0 0 0 0 0 0 0 0 0 0 0 0 0 0 0 0 0 0 0 0 0 0 0 0 0 0 0 0 0 0 0 0 0 0 0 0 0 0 0 0 0 0 0 0 0 0 0 0 0 0 0 0 0 0 0 0 0 0 0 0 0 0 0 0 0 0 0 0 0 0 
0.11743 0.11219 0.10714 0.09996 0.08932 0.0841 0.08123 0.07022 0.05897 0.04387 0.0335 0.02779 0.02397 0.0153 0.01069 0.00755 0.00601 0.00429 0.00231 0.00108 0.00098 0.00139 0.00032 9e-05 0.00013 0.00017 0 0 0 0 0 0 0 0 0 0 0 0 0 0 0 0 0 0 0 0 0 0 0 0 0 0 0 0 0 0 0 0 0 0 0 0 0 0 0 0 0 0 0 0 0 0 0 0 0 0 0 0 0 0 0 0 0 0 0 0 0 0 0 0 0 0 0 0 0 0 0 0 0 0 
