0.03 0.09 0.15 0.21 0.27 0.33 0.39 0.45 0.51 0.57 0.63 0.69 0.75 0.81 0.87 0.93 0.99 1.05 1.11 1.17 1.23 1.29 1.35 1.41 1.47 1.53 1.59 1.65 1.71 1.77 1.83 1.89 1.95 2.01 2.07 2.13 2.19 2.25 2.31 2.37 2.43 2.49 2.55 2.61 2.67 2.73 2.79 2.85 2.91 2.97 3.03 3.09 3.15 3.21 3.27 3.33 3.39 3.45 3.51 3.57 3.63 3.69 3.75 3.81 3.87 3.93 3.99 4.05 4.11 4.17 4.23 4.29 4.35 4.41 4.47 4.53 4.59 4.65 4.71 4.77 4.83 4.89 4.95 5.01 5.07 5.13 5.19 5.25 5.31 5.37 5.43 5.49 5.55 5.61 5.67 5.73 5.79 5.85 5.91 5.97 
0.1508 0.14857 0.14064 0.12745 0.10206 0.08532 0.06524 0.05289 0.03704 0.02755 0.01885 0.01388 0.00953 0.00492 0.00239 0.00188 0.0008 0.0002 0 0 0 0 0 0 0 0 0 0 0 0 0 0 0 0 0 0 0 0 0 0 0 0 0 0 0 0 0 0 0 0 0 0 0 0 0 0 0 0 0 0 0 0 0 0 0 0 0 0 0 0 0 0 0 0 0 0 0 0 0 0 0 0 0 0 0 0 0 0 0 0 0 0 0 0 0 0 0 0 0 0 
0.15189 0.14115 0.13455 0.12381 0.10481 0.09242 0.07252 0.05386 0.03996 0.02974 0.02119 0.01297 0.0087 0.00636 0.00284 0.002 0.00056 0.00041 0.00024 2e-05 0 0 0 0 0 0 0 0 0 0 0 0 0 0 0 0 0 0 0 0 0 0 0 0 0 0 0 0 0 0 0 0 0 0 0 0 0 0 0 0 0 0 0 0 0 0 0 0 0 0 0 0 0 0 0 0 0 0 0 0 0 0 0 0 0 0 0 0 0 0 0 0 0 0 0 0 0 0 0 0 
0.15486 0.14063 0.13074 0.11099 0.10629 0.08476 0.07167 0.05873 0.04257 0.03537 0.02447 0.01516 0.00998 0.00502 0.00309 0.00257 0.00169 0.00067 0.00074 0 0 0 0 0 0 0 0 0 0 0 0 0 0 0 0 0 0 0 0 0 0 0 0 0 0 0 0 0 0 0 0 0 0 0 0 0 0 0 0 0 0 0 0 0 0 0 0 0 0 0 0 0 0 0 0 0 0 0 0 0 0 0 0 0 0 0 0 0 0 0 0 0 0 0 0 0 0 0 0 0 
0.14382 0.14252 0.1288 0.11923 0.10856 0.08992 0.06915 0.05976 0.04465 0.03101 0.02498 0.01355 0.00772 0.005 0.00401 0.00349 0.00151 0.00107 0.00083 0.00026 0.00016 0 0 0 0 0 0 0 0 0 0 0 0 0 0 0 0 0 0 0 0 0 0 0 0 0 0 0 0 0 0 0 0 0 0 0 0 0 0 0 0 0 0 0 0 0 0 0 0 0 0 0 0 0 0 0 0 0 0 0 0 0 0 0 0 0 0 0 0 0 0 0 0 0 0 0 0 0 0 0 
0.14876 0.13749 0.12969 0.12228 0.10681 0.09512 0.07522 0.05989 0.04361 0.03009 0.01916 0.01104 0.00825 0.00519 0.00267 0.00184 0.00105 0.00069 0.00085 0.0003 0 0 0 0 0 0 0 0 0 0 0 0 0 0 0 0 0 0 0 0 0 0 0 0 0 0 0 0 0 0 0 0 0 0 0 0 0 0 0 0 0 0 0 0 0 0 0 0 0 0 0 0 0 0 0 0 0 0 0 0 0 0 0 0 0 0 0 0 0 0 0 0 0 0 0 0 0 0 0 0 
0.14764 0.15158 0.14218 0.11793 0.09383 0.08432 0.07251 0.05217 0.04329 0.03294 0.02387 0.01813 0.01012 0.00409 0.00258 0.00125 0.00055 0.00043 0.00043 0.00016 0 0 0 0 0 0 0 0 0 0 0 0 0 0 0 0 0 0 0 0 0 0 0 0 0 0 0 0 0 0 0 0 0 0 0 0 0 0 0 0 0 0 0 0 0 0 0 0 0 0 0 0 0 0 0 0 0 0 0 0 0 0 0 0 0 0 0 0 0 0 0 0 0 0 0 0 0 0 0 0 
0.15242 0.1465 0.14347 0.12766 0.10527 0.0863 0.06649 0.04862 0.03721 0.03008 0.02142 0.01288 0.00866 0.00487 0.00352 0.00169 0.00093 0.00145 0.00019 0.00023 0.00014 0 0 0 0 0 0 0 0 0 0 0 0 0 0 0 0 0 0 0 0 0 0 0 0 0 0 0 0 0 0 0 0 0 0 0 0 0 0 0 0 0 0 0 0 0 0 0 0 0 0 0 0 0 0 0 0 0 0 0 0 0 0 0 0 0 0 0 0 0 0 0 0 0 0 0 0 0 0 0 
0.15009 0.14436 0.13944 0.12806 0.10716 0.08444 0.06743 0.05175 0.03706 0.02909 0.02327 0.01445 0.00738 0.00531 0.00409 0.00319 0.00186 0.00069 0.00031 0.00014 0.00019 0.00024 0 0 0 0 0 0 0 0 0 0 0 0 0 0 0 0 0 0 0 0 0 0 0 0 0 0 0 0 0 0 0 0 0 0 0 0 0 0 0 0 0 0 0 0 0 0 0 0 0 0 0 0 0 0 0 0 0 0 0 0 0 0 0 0 0 0 0 0 0 0 0 0 0 0 0 0 0 0 
0.14737 0.14502 0.13609 0.12859 0.10868 0.08607 0.06782 0.05089 0.03959 0.03171 0.01873 0.01453 0.00946 0.00547 0.00471 0.00287 0.00103 0.00094 0.00022 0.00021 0 0 0 0 0 0 0 0 0 0 0 0 0 0 0 0 0 0 0 0 0 0 0 0 0 0 0 0 0 0 0 0 0 0 0 0 0 0 0 0 0 0 0 0 0 0 0 0 0 0 0 0 0 0 0 0 0 0 0 0 0 0 0 0 0 0 0 0 0 0 0 0 0 0 0 0 0 0 0 0 
0.1461 0.13926 0.13092 0.12098 0.10195 0.08713 0.06987 0.05747 0.04899 0.0321 0.02179 0.01712 0.01048 0.00676 0.00349 0.00225 0.00149 0.00094 0.00048 0.00029 0.00014 0 0 0 0 0 0 0 0 0 0 0 0 0 0 0 0 0 0 0 0 0 0 0 0 0 0 0 0 0 0 0 0 0 0 0 0 0 0 0 0 0 0 0 0 0 0 0 0 0 0 0 0 0 0 0 0 0 0 0 0 0 0 0 0 0 0 0 0 0 0 0 0 0 0 0 0 0 0 0 
0.15326 0.14643 0.13719 0.12348 0.10177 0.08879 0.07318 0.05863 0.04165 0.0265 0.01848 0.01289 0.0067 0.00377 0.00318 0.00242 0.00083 0.00027 0.00058 0 0 0 0 0 0 0 0 0 0 0 0 0 0 0 0 0 0 0 0 0 0 0 0 0 0 0 0 0 0 0 0 0 0 0 0 0 0 0 0 0 0 0 0 0 0 0 0 0 0 0 0 0 0 0 0 0 0 0 0 0 0 0 0 0 0 0 0 0 0 0 0 0 0 0 0 0 0 0 0 0 
0.14584 0.13535 0.14021 0.12824 0.10131 0.08836 0.06888 0.05382 0.03913 0.03655 0.02242 0.01598 0.00994 0.00743 0.00406 0.00175 0.00051 0.00022 0 0 0 0 0 0 0 0 0 0 0 0 0 0 0 0 0 0 0 0 0 0 0 0 0 0 0 0 0 0 0 0 0 0 0 0 0 0 0 0 0 0 0 0 0 0 0 0 0 0 0 0 0 0 0 0 0 0 0 0 0 0 0 0 0 0 0 0 0 0 0 0 0 0 0 0 0 0 0 0 0 0 
0.14647 0.14189 0.14 0.12388 0.09789 0.08862 0.07253 0.05557 0.04085 0.03414 0.02469 0.01467 0.00787 0.00471 0.00247 0.00232 0.00092 0.00051 0 0 0 0 0 0 0 0 0 0 0 0 0 0 0 0 0 0 0 0 0 0 0 0 0 0 0 0 0 0 0 0 0 0 0 0 0 0 0 0 0 0 0 0 0 0 0 0 0 0 0 0 0 0 0 0 0 0 0 0 0 0 0 0 0 0 0 0 0 0 0 0 0 0 0 0 0 0 0 0 0 0 
0.15584 0.13723 0.12307 0.11402 0.10038 0.08688 0.07783 0.06259 0.0446 0.03316 0.02436 0.01488 0.01008 0.00779 0.00296 0.0016 0.00135 0.00069 0.00069 0 0 0 0 0 0 0 0 0 0 0 0 0 0 0 0 0 0 0 0 0 0 0 0 0 0 0 0 0 0 0 0 0 0 0 0 0 0 0 0 0 0 0 0 0 0 0 0 0 0 0 0 0 0 0 0 0 0 0 0 0 0 0 0 0 0 0 0 0 0 0 0 0 0 0 0 0 0 0 0 0 
0.14343 0.1384 0.13854 0.12268 0.10404 0.08973 0.07277 0.05405 0.04294 0.02995 0.02145 0.01602 0.00971 0.00622 0.00436 0.00321 0.00136 0.0006 0.00025 0.00021 8e-05 0 0 0 0 0 0 0 0 0 0 0 0 0 0 0 0 0 0 0 0 0 0 0 0 0 0 0 0 0 0 0 0 0 0 0 0 0 0 0 0 0 0 0 0 0 0 0 0 0 0 0 0 0 0 0 0 0 0 0 0 0 0 0 0 0 0 0 0 0 0 0 0 0 0 0 0 0 0 0 
0.14907 0.14658 0.13941 0.12502 0.11075 0.0766 0.06544 0.05033 0.03987 0.03414 0.021 0.01492 0.0102 0.00506 0.00401 0.00302 0.0019 0.00122 0.00086 0.0006 0 0 0 0 0 0 0 0 0 0 0 0 0 0 0 0 0 0 0 0 0 0 0 0 0 0 0 0 0 0 0 0 0 0 0 0 0 0 0 0 0 0 0 0 0 0 0 0 0 0 0 0 0 0 0 0 0 0 0 0 0 0 0 0 0 0 0 0 0 0 0 0 0 0 0 0 0 0 0 0 
0.15973 0.15722 0.13771 0.11481 0.09648 0.08572 0.06626 0.05072 0.03983 0.03179 0.02166 0.01694 0.00979 0.00484 0.00331 0.00179 0.00051 0.00029 0.00046 0.00014 0 0 0 0 0 0 0 0 0 0 0 0 0 0 0 0 0 0 0 0 0 0 0 0 0 0 0 0 0 0 0 0 0 0 0 0 0 0 0 0 0 0 0 0 0 0 0 0 0 0 0 0 0 0 0 0 0 0 0 0 0 0 0 0 0 0 0 0 0 0 0 0 0 0 0 0 0 0 0 0 
0.15155 0.14083 0.1374 0.12355 0.10492 0.08378 0.07107 0.06043 0.0448 0.0283 0.01957 0.01456 0.00719 0.00635 0.00258 0.00163 0.00093 0.00018 0.00022 0.00016 0 0 0 0 0 0 0 0 0 0 0 0 0 0 0 0 0 0 0 0 0 0 0 0 0 0 0 0 0 0 0 0 0 0 0 0 0 0 0 0 0 0 0 0 0 0 0 0 0 0 0 0 0 0 0 0 0 0 0 0 0 0 0 0 0 0 0 0 0 0 0 0 0 0 0 0 0 0 0 0 
0.15145 0.15225 0.13489 0.11888 0.10651 0.08347 0.06978 0.05526 0.04339 0.03147 0.01912 0.01535 0.00827 0.00423 0.00198 0.00161 0.00114 0.00034 0.00046 0.00015 0 0 0 0 0 0 0 0 0 0 0 0 0 0 0 0 0 0 0 0 0 0 0 0 0 0 0 0 0 0 0 0 0 0 0 0 0 0 0 0 0 0 0 0 0 0 0 0 0 0 0 0 0 0 0 0 0 0 0 0 0 0 0 0 0 0 0 0 0 0 0 0 0 0 0 0 0 0 0 0 
0.14801 0.15384 0.13463 0.12591 0.10768 0.08522 0.06579 0.05888 0.04119 0.0311 0.01826 0.01343 0.0073 0.00399 0.00183 0.00128 0.00081 0.00057 0.00028 0 0 0 0 0 0 0 0 0 0 0 0 0 0 0 0 0 0 0 0 0 0 0 0 0 0 0 0 0 0 0 0 0 0 0 0 0 0 0 0 0 0 0 0 0 0 0 0 0 0 0 0 0 0 0 0 0 0 0 0 0 0 0 0 0 0 0 0 0 0 0 0 0 0 0 0 0 0 0 0 0 
0.15715 0.14115 0.12919 0.11494 0.10154 0.08829 0.06936 0.05894 0.04329 0.0314 0.02132 0.01633 0.00901 0.00711 0.00557 0.00258 0.00138 0.0008 9e-05 0.0001 0.00012 0.00017 0.00017 0 0 0 0 0 0 0 0 0 0 0 0 0 0 0 0 0 0 0 0 0 0 0 0 0 0 0 0 0 0 0 0 0 0 0 0 0 0 0 0 0 0 0 0 0 0 0 0 0 0 0 0 0 0 0 0 0 0 0 0 0 0 0 0 0 0 0 0 0 0 0 0 0 0 0 0 0 
0.15062 0.14269 0.13045 0.12428 0.10487 0.09249 0.07326 0.05145 0.03942 0.03121 0.02175 0.01447 0.00921 0.00449 0.00321 0.00245 0.00288 0.00039 0.00011 0.0002 0.0001 0 0 0 0 0 0 0 0 0 0 0 0 0 0 0 0 0 0 0 0 0 0 0 0 0 0 0 0 0 0 0 0 0 0 0 0 0 0 0 0 0 0 0 0 0 0 0 0 0 0 0 0 0 0 0 0 0 0 0 0 0 0 0 0 0 0 0 0 0 0 0 0 0 0 0 0 0 0 0 
0.15152 0.15368 0.13693 0.12613 0.10459 0.08532 0.06845 0.04572 0.03664 0.0276 0.02336 0.01419 0.00964 0.00671 0.00406 0.00221 0.00149 0.00109 0.00017 0.0003 0.0002 0 0 0 0 0 0 0 0 0 0 0 0 0 0 0 0 0 0 0 0 0 0 0 0 0 0 0 0 0 0 0 0 0 0 0 0 0 0 0 0 0 0 0 0 0 0 0 0 0 0 0 0 0 0 0 0 0 0 0 0 0 0 0 0 0 0 0 0 0 0 0 0 0 0 0 0 0 0 0 
0.15364 0.1479 0.13837 0.11403 0.10216 0.08561 0.07492 0.05553 0.04076 0.03051 0.0203 0.01411 0.00974 0.00646 0.00291 0.00184 0.00056 0.0004 0.00025 0 0 0 0 0 0 0 0 0 0 0 0 0 0 0 0 0 0 0 0 0 0 0 0 0 0 0 0 0 0 0 0 0 0 0 0 0 0 0 0 0 0 0 0 0 0 0 0 0 0 0 0 0 0 0 0 0 0 0 0 0 0 0 0 0 0 0 0 0 0 0 0 0 0 0 0 0 0 0 0 0 
0.15556 0.14446 0.13722 0.12726 0.1059 0.0816 0.06731 0.05097 0.04074 0.03137 0.02321 0.01421 0.00801 0.00523 0.00284 0.00163 0.00092 0.00051 0.00031 0.00036 0.00015 0.00023 0 0 0 0 0 0 0 0 0 0 0 0 0 0 0 0 0 0 0 0 0 0 0 0 0 0 0 0 0 0 0 0 0 0 0 0 0 0 0 0 0 0 0 0 0 0 0 0 0 0 0 0 0 0 0 0 0 0 0 0 0 0 0 0 0 0 0 0 0 0 0 0 0 0 0 0 0 0 
0.14957 0.14202 0.12701 0.11891 0.10232 0.08979 0.06932 0.05542 0.04127 0.03396 0.02536 0.01908 0.01099 0.00653 0.00363 0.00179 0.00179 0.00087 0.00037 0 0 0 0 0 0 0 0 0 0 0 0 0 0 0 0 0 0 0 0 0 0 0 0 0 0 0 0 0 0 0 0 0 0 0 0 0 0 0 0 0 0 0 0 0 0 0 0 0 0 0 0 0 0 0 0 0 0 0 0 0 0 0 0 0 0 0 0 0 0 0 0 0 0 0 0 0 0 0 0 0 
0.15271 0.14685 0.14645 0.11905 0.10436 0.08446 0.07148 0.05285 0.04105 0.03093 0.01991 0.01171 0.0071 0.00508 0.00309 0.00137 0.00109 0.00046 0 0 0 0 0 0 0 0 0 0 0 0 0 0 0 0 0 0 0 0 0 0 0 0 0 0 0 0 0 0 0 0 0 0 0 0 0 0 0 0 0 0 0 0 0 0 0 0 0 0 0 0 0 0 0 0 0 0 0 0 0 0 0 0 0 0 0 0 0 0 0 0 0 0 0 0 0 0 0 0 0 0 
0.15041 0.14643 0.12899 0.1157 0.09705 0.08456 0.07237 0.05969 0.05285 0.0284 0.02327 0.01886 0.00979 0.00492 0.00347 0.00169 0.00082 0.00063 0.0001 0 0 0 0 0 0 0 0 0 0 0 0 0 0 0 0 0 0 0 0 0 0 0 0 0 0 0 0 0 0 0 0 0 0 0 0 0 0 0 0 0 0 0 0 0 0 0 0 0 0 0 0 0 0 0 0 0 0 0 0 0 0 0 0 0 0 0 0 0 0 0 0 0 0 0 0 0 0 0 0 0 
0.16401 0.15538 0.14147 0.12789 0.10481 0.08186 0.0721 0.04499 0.03273 0.02698 0.01658 0.01095 0.00601 0.00587 0.00355 0.00197 0.00107 0.00065 0.00044 0.00069 0 0 0 0 0 0 0 0 0 0 0 0 0 0 0 0 0 0 0 0 0 0 0 0 0 0 0 0 0 0 0 0 0 0 0 0 0 0 0 0 0 0 0 0 0 0 0 0 0 0 0 0 0 0 0 0 0 0 0 0 0 0 0 0 0 0 0 0 0 0 0 0 0 0 0 0 0 0 0 0 
0.14509 0.13748 0.1295 0.11171 0.10344 0.08825 0.07472 0.06031 0.04333 0.03168 0.02754 0.01722 0.01053 0.0074 0.00486 0.00309 0.00304 0.00081 0 0 0 0 0 0 0 0 0 0 0 0 0 0 0 0 0 0 0 0 0 0 0 0 0 0 0 0 0 0 0 0 0 0 0 0 0 0 0 0 0 0 0 0 0 0 0 0 0 0 0 0 0 0 0 0 0 0 0 0 0 0 0 0 0 0 0 0 0 0 0 0 0 0 0 0 0 0 0 0 0 0 
0.15378 0.14869 0.1332 0.12729 0.10609 0.08656 0.06686 0.04902 0.03966 0.02716 0.02231 0.0174 0.00833 0.00679 0.00351 0.00186 0.00069 0.00043 0.00037 0 0 0 0 0 0 0 0 0 0 0 0 0 0 0 0 0 0 0 0 0 0 0 0 0 0 0 0 0 0 0 0 0 0 0 0 0 0 0 0 0 0 0 0 0 0 0 0 0 0 0 0 0 0 0 0 0 0 0 0 0 0 0 0 0 0 0 0 0 0 0 0 0 0 0 0 0 0 0 0 0 
0.15961 0.14791 0.13218 0.11313 0.10412 0.08794 0.06585 0.05468 0.04475 0.02826 0.02117 0.01561 0.0103 0.00734 0.00462 0.00133 0.00041 0.00037 0.00011 0.00017 0.00014 0 0 0 0 0 0 0 0 0 0 0 0 0 0 0 0 0 0 0 0 0 0 0 0 0 0 0 0 0 0 0 0 0 0 0 0 0 0 0 0 0 0 0 0 0 0 0 0 0 0 0 0 0 0 0 0 0 0 0 0 0 0 0 0 0 0 0 0 0 0 0 0 0 0 0 0 0 0 0 
0.15157 0.14134 0.13664 0.12212 0.10287 0.08976 0.07401 0.0571 0.0427 0.02903 0.01925 0.01203 0.0067 0.00594 0.00362 0.00204 0.00117 0.0015 0.00061 0 0 0 0 0 0 0 0 0 0 0 0 0 0 0 0 0 0 0 0 0 0 0 0 0 0 0 0 0 0 0 0 0 0 0 0 0 0 0 0 0 0 0 0 0 0 0 0 0 0 0 0 0 0 0 0 0 0 0 0 0 0 0 0 0 0 0 0 0 0 0 0 0 0 0 0 0 0 0 0 0 
0.15563 0.14319 0.14177 0.12318 0.1045 0.08159 0.06641 0.05219 0.04533 0.03035 0.02087 0.01111 0.00855 0.0055 0.00317 0.00286 0.00184 0.00127 0.0003 0.00017 0.00022 0 0 0 0 0 0 0 0 0 0 0 0 0 0 0 0 0 0 0 0 0 0 0 0 0 0 0 0 0 0 0 0 0 0 0 0 0 0 0 0 0 0 0 0 0 0 0 0 0 0 0 0 0 0 0 0 0 0 0 0 0 0 0 0 0 0 0 0 0 0 0 0 0 0 0 0 0 0 0 
0.1491 0.14493 0.1278 0.11926 0.1027 0.08595 0.0681 0.05543 0.04568 0.03356 0.02474 0.01299 0.01145 0.0063 0.00403 0.0033 0.00172 0.00132 0.00058 0.00025 0.00033 0.00038 0.0001 0 0 0 0 0 0 0 0 0 0 0 0 0 0 0 0 0 0 0 0 0 0 0 0 0 0 0 0 0 0 0 0 0 0 0 0 0 0 0 0 0 0 0 0 0 0 0 0 0 0 0 0 0 0 0 0 0 0 0 0 0 0 0 0 0 0 0 0 0 0 0 0 0 0 0 0 0 
0.15221 0.14153 0.13016 0.11938 0.10962 0.09083 0.06725 0.05685 0.04371 0.03159 0.02324 0.01479 0.00831 0.00492 0.00351 0.00198 0.00012 0 0 0 0 0 0 0 0 0 0 0 0 0 0 0 0 0 0 0 0 0 0 0 0 0 0 0 0 0 0 0 0 0 0 0 0 0 0 0 0 0 0 0 0 0 0 0 0 0 0 0 0 0 0 0 0 0 0 0 0 0 0 0 0 0 0 0 0 0 0 0 0 0 0 0 0 0 0 0 0 0 0 0 
0.16473 0.15574 0.13664 0.11839 0.10457 0.08149 0.06655 0.05206 0.03275 0.02802 0.02052 0.0155 0.00943 0.00496 0.00407 0.00232 0.00131 0.00053 0.00012 0.00026 4e-05 0 0 0 0 0 0 0 0 0 0 0 0 0 0 0 0 0 0 0 0 0 0 0 0 0 0 0 0 0 0 0 0 0 0 0 0 0 0 0 0 0 0 0 0 0 0 0 0 0 0 0 0 0 0 0 0 0 0 0 0 0 0 0 0 0 0 0 0 0 0 0 0 0 0 0 0 0 0 0 
0.14471 0.15056 0.13724 0.11884 0.09493 0.08085 0.0673 0.05568 0.04242 0.03477 0.02582 0.01781 0.01052 0.00748 0.00412 0.00361 0.00139 0.0012 0.00057 0.00018 0 0 0 0 0 0 0 0 0 0 0 0 0 0 0 0 0 0 0 0 0 0 0 0 0 0 0 0 0 0 0 0 0 0 0 0 0 0 0 0 0 0 0 0 0 0 0 0 0 0 0 0 0 0 0 0 0 0 0 0 0 0 0 0 0 0 0 0 0 0 0 0 0 0 0 0 0 0 0 0 
0.15903 0.14494 0.14272 0.11711 0.09984 0.08683 0.07196 0.05281 0.03964 0.02774 0.02048 0.01516 0.00834 0.00428 0.00314 0.00265 0.00182 0.00089 0.00062 0 0 0 0 0 0 0 0 0 0 0 0 0 0 0 0 0 0 0 0 0 0 0 0 0 0 0 0 0 0 0 0 0 0 0 0 0 0 0 0 0 0 0 0 0 0 0 0 0 0 0 0 0 0 0 0 0 0 0 0 0 0 0 0 0 0 0 0 0 0 0 0 0 0 0 0 0 0 0 0 0 
0.15538 0.15392 0.13938 0.11778 0.10605 0.08464 0.06637 0.05324 0.04231 0.03066 0.01967 0.01127 0.00889 0.0054 0.00258 0.00154 0.00073 0.00019 0 0 0 0 0 0 0 0 0 0 0 0 0 0 0 0 0 0 0 0 0 0 0 0 0 0 0 0 0 0 0 0 0 0 0 0 0 0 0 0 0 0 0 0 0 0 0 0 0 0 0 0 0 0 0 0 0 0 0 0 0 0 0 0 0 0 0 0 0 0 0 0 0 0 0 0 0 0 0 0 0 0 
0.1558 0.14153 0.13558 0.12477 0.10707 0.08738 0.07217 0.05748 0.04029 0.02803 0.01953 0.01174 0.00988 0.00452 0.00203 0.00188 0.00032 0 0 0 0 0 0 0 0 0 0 0 0 0 0 0 0 0 0 0 0 0 0 0 0 0 0 0 0 0 0 0 0 0 0 0 0 0 0 0 0 0 0 0 0 0 0 0 0 0 0 0 0 0 0 0 0 0 0 0 0 0 0 0 0 0 0 0 0 0 0 0 0 0 0 0 0 0 0 0 0 0 0 0 
0.15556 0.14776 0.13469 0.1221 0.10175 0.08635 0.07147 0.05616 0.0406 0.02899 0.02041 0.0137 0.0078 0.00515 0.00312 0.00151 0.00104 0.00098 0.00063 0.00023 0 0 0 0 0 0 0 0 0 0 0 0 0 0 0 0 0 0 0 0 0 0 0 0 0 0 0 0 0 0 0 0 0 0 0 0 0 0 0 0 0 0 0 0 0 0 0 0 0 0 0 0 0 0 0 0 0 0 0 0 0 0 0 0 0 0 0 0 0 0 0 0 0 0 0 0 0 0 0 0 
0.14546 0.14779 0.13591 0.11824 0.10793 0.08796 0.06276 0.05042 0.03925 0.03071 0.02392 0.0184 0.0128 0.0081 0.00471 0.00302 0.0014 0.00038 0.00039 0.00039 6e-05 0 0 0 0 0 0 0 0 0 0 0 0 0 0 0 0 0 0 0 0 0 0 0 0 0 0 0 0 0 0 0 0 0 0 0 0 0 0 0 0 0 0 0 0 0 0 0 0 0 0 0 0 0 0 0 0 0 0 0 0 0 0 0 0 0 0 0 0 0 0 0 0 0 0 0 0 0 0 0 
0.14235 0.1487 0.13939 0.1213 0.10896 0.0931 0.07076 0.05388 0.03915 0.0259 0.0161 0.01147 0.00966 0.00694 0.0047 0.00406 0.00144 0.00088 0.00118 8e-05 0 0 0 0 0 0 0 0 0 0 0 0 0 0 0 0 0 0 0 0 0 0 0 0 0 0 0 0 0 0 0 0 0 0 0 0 0 0 0 0 0 0 0 0 0 0 0 0 0 0 0 0 0 0 0 0 0 0 0 0 0 0 0 0 0 0 0 0 0 0 0 0 0 0 0 0 0 0 0 0 
0.15133 0.1499 0.13268 0.12093 0.108 0.08995 0.0663 0.05447 0.04137 0.03098 0.01972 0.0121 0.00826 0.00581 0.00369 0.00294 0.00151 6e-05 0 0 0 0 0 0 0 0 0 0 0 0 0 0 0 0 0 0 0 0 0 0 0 0 0 0 0 0 0 0 0 0 0 0 0 0 0 0 0 0 0 0 0 0 0 0 0 0 0 0 0 0 0 0 0 0 0 0 0 0 0 0 0 0 0 0 0 0 0 0 0 0 0 0 0 0 0 0 0 0 0 0 
0.14882 0.14482 0.14067 0.12363 0.10459 0.08421 0.06633 0.05343 0.04071 0.03319 0.02318 0.01424 0.00815 0.00689 0.00401 0.00146 0.00088 0.00076 3e-05 0 0 0 0 0 0 0 0 0 0 0 0 0 0 0 0 0 0 0 0 0 0 0 0 0 0 0 0 0 0 0 0 0 0 0 0 0 0 0 0 0 0 0 0 0 0 0 0 0 0 0 0 0 0 0 0 0 0 0 0 0 0 0 0 0 0 0 0 0 0 0 0 0 0 0 0 0 0 0 0 0 
0.15455 0.14616 0.13634 0.12616 0.11169 0.09439 0.06818 0.04523 0.03291 0.02672 0.01956 0.01497 0.00954 0.00673 0.00334 0.00162 0.00069 0.00067 0.00055 0 0 0 0 0 0 0 0 0 0 0 0 0 0 0 0 0 0 0 0 0 0 0 0 0 0 0 0 0 0 0 0 0 0 0 0 0 0 0 0 0 0 0 0 0 0 0 0 0 0 0 0 0 0 0 0 0 0 0 0 0 0 0 0 0 0 0 0 0 0 0 0 0 0 0 0 0 0 0 0 0 
0.14143 0.13727 0.14007 0.12171 0.10541 0.09162 0.07902 0.05354 0.04419 0.03108 0.01881 0.01416 0.00941 0.00611 0.00341 0.00154 0.00076 0.00045 1e-05 0 0 0 0 0 0 0 0 0 0 0 0 0 0 0 0 0 0 0 0 0 0 0 0 0 0 0 0 0 0 0 0 0 0 0 0 0 0 0 0 0 0 0 0 0 0 0 0 0 0 0 0 0 0 0 0 0 0 0 0 0 0 0 0 0 0 0 0 0 0 0 0 0 0 0 0 0 0 0 0 0 
0.14296 0.14823 0.13478 0.119 0.11061 0.08861 0.07314 0.05893 0.04629 0.02562 0.01619 0.0134 0.00819 0.00526 0.00347 0.00262 0.00074 0.00067 0.00073 0.00014 0.00024 0.00018 0 0 0 0 0 0 0 0 0 0 0 0 0 0 0 0 0 0 0 0 0 0 0 0 0 0 0 0 0 0 0 0 0 0 0 0 0 0 0 0 0 0 0 0 0 0 0 0 0 0 0 0 0 0 0 0 0 0 0 0 0 0 0 0 0 0 0 0 0 0 0 0 0 0 0 0 0 0 
0.14885 0.14516 0.13877 0.1271 0.1012 0.08419 0.06951 0.05635 0.04187 0.03177 0.01721 0.01227 0.01145 0.00648 0.00347 0.00173 0.00165 0.00042 0.00055 0 0 0 0 0 0 0 0 0 0 0 0 0 0 0 0 0 0 0 0 0 0 0 0 0 0 0 0 0 0 0 0 0 0 0 0 0 0 0 0 0 0 0 0 0 0 0 0 0 0 0 0 0 0 0 0 0 0 0 0 0 0 0 0 0 0 0 0 0 0 0 0 0 0 0 0 0 0 0 0 0 
0.15488 0.1436 0.14035 0.12603 0.1075 0.08537 0.06625 0.05612 0.04233 0.0294 0.02045 0.0126 0.00765 0.00445 0.0017 0.00086 0.00046 0 0 0 0 0 0 0 0 0 0 0 0 0 0 0 0 0 0 0 0 0 0 0 0 0 0 0 0 0 0 0 0 0 0 0 0 0 0 0 0 0 0 0 0 0 0 0 0 0 0 0 0 0 0 0 0 0 0 0 0 0 0 0 0 0 0 0 0 0 0 0 0 0 0 0 0 0 0 0 0 0 0 0 
0.15503 0.14618 0.13112 0.11824 0.10762 0.08323 0.0689 0.05036 0.03646 0.03369 0.02472 0.01878 0.01114 0.00611 0.00425 0.00164 0.00125 0.0007 0.00058 0 0 0 0 0 0 0 0 0 0 0 0 0 0 0 0 0 0 0 0 0 0 0 0 0 0 0 0 0 0 0 0 0 0 0 0 0 0 0 0 0 0 0 0 0 0 0 0 0 0 0 0 0 0 0 0 0 0 0 0 0 0 0 0 0 0 0 0 0 0 0 0 0 0 0 0 0 0 0 0 0 
0.14536 0.14246 0.12873 0.12025 0.10616 0.08714 0.07007 0.05678 0.04279 0.03226 0.02537 0.01754 0.00989 0.00668 0.00357 0.00209 0.0013 0.00062 0.00059 0.00033 2e-05 0 0 0 0 0 0 0 0 0 0 0 0 0 0 0 0 0 0 0 0 0 0 0 0 0 0 0 0 0 0 0 0 0 0 0 0 0 0 0 0 0 0 0 0 0 0 0 0 0 0 0 0 0 0 0 0 0 0 0 0 0 0 0 0 0 0 0 0 0 0 0 0 0 0 0 0 0 0 0 
0.15359 0.1483 0.13997 0.12821 0.1012 0.08367 0.06732 0.05537 0.04156 0.03004 0.02136 0.0123 0.00641 0.0044 0.00238 0.00174 0.0013 0.00033 0.00045 0.0001 0 0 0 0 0 0 0 0 0 0 0 0 0 0 0 0 0 0 0 0 0 0 0 0 0 0 0 0 0 0 0 0 0 0 0 0 0 0 0 0 0 0 0 0 0 0 0 0 0 0 0 0 0 0 0 0 0 0 0 0 0 0 0 0 0 0 0 0 0 0 0 0 0 0 0 0 0 0 0 0 
0.15179 0.14671 0.13405 0.11776 0.10438 0.08497 0.07002 0.05346 0.0422 0.03046 0.02442 0.01418 0.0087 0.00611 0.00437 0.00225 0.00188 0.00121 0.00058 0.00016 0.00034 0 0 0 0 0 0 0 0 0 0 0 0 0 0 0 0 0 0 0 0 0 0 0 0 0 0 0 0 0 0 0 0 0 0 0 0 0 0 0 0 0 0 0 0 0 0 0 0 0 0 0 0 0 0 0 0 0 0 0 0 0 0 0 0 0 0 0 0 0 0 0 0 0 0 0 0 0 0 0 
0.15197 0.14551 0.12334 0.12035 0.10032 0.09107 0.07458 0.05571 0.04285 0.03371 0.02772 0.01309 0.00852 0.00485 0.00242 0.00176 0.00119 0.0007 0.00034 0 0 0 0 0 0 0 0 0 0 0 0 0 0 0 0 0 0 0 0 0 0 0 0 0 0 0 0 0 0 0 0 0 0 0 0 0 0 0 0 0 0 0 0 0 0 0 0 0 0 0 0 0 0 0 0 0 0 0 0 0 0 0 0 0 0 0 0 0 0 0 0 0 0 0 0 0 0 0 0 0 
0.14717 0.14473 0.13257 0.11753 0.11075 0.08974 0.07257 0.05899 0.04134 0.03047 0.02076 0.012 0.0101 0.006 0.00298 0.00175 0.00041 0.00014 0 0 0 0 0 0 0 0 0 0 0 0 0 0 0 0 0 0 0 0 0 0 0 0 0 0 0 0 0 0 0 0 0 0 0 0 0 0 0 0 0 0 0 0 0 0 0 0 0 0 0 0 0 0 0 0 0 0 0 0 0 0 0 0 0 0 0 0 0 0 0 0 0 0 0 0 0 0 0 0 0 0 
0.14337 0.14369 0.12977 0.11539 0.10282 0.09397 0.06913 0.05364 0.04367 0.03661 0.02489 0.01492 0.01149 0.00887 0.00561 0.00142 0.00048 0.00026 0 0 0 0 0 0 0 0 0 0 0 0 0 0 0 0 0 0 0 0 0 0 0 0 0 0 0 0 0 0 0 0 0 0 0 0 0 0 0 0 0 0 0 0 0 0 0 0 0 0 0 0 0 0 0 0 0 0 0 0 0 0 0 0 0 0 0 0 0 0 0 0 0 0 0 0 0 0 0 0 0 0 
0.1478 0.14213 0.1251 0.11054 0.10116 0.08847 0.0721 0.05953 0.04313 0.03322 0.02474 0.01731 0.01275 0.00896 0.00486 0.00415 0.00201 0.00091 0.0004 0.00018 0.00021 0.00034 0 0 0 0 0 0 0 0 0 0 0 0 0 0 0 0 0 0 0 0 0 0 0 0 0 0 0 0 0 0 0 0 0 0 0 0 0 0 0 0 0 0 0 0 0 0 0 0 0 0 0 0 0 0 0 0 0 0 0 0 0 0 0 0 0 0 0 0 0 0 0 0 0 0 0 0 0 0 
0.15242 0.14344 0.13925 0.12801 0.10924 0.08752 0.06741 0.04873 0.03964 0.03113 0.01995 0.0148 0.00991 0.00586 0.00189 0.00046 0.00034 0 0 0 0 0 0 0 0 0 0 0 0 0 0 0 0 0 0 0 0 0 0 0 0 0 0 0 0 0 0 0 0 0 0 0 0 0 0 0 0 0 0 0 0 0 0 0 0 0 0 0 0 0 0 0 0 0 0 0 0 0 0 0 0 0 0 0 0 0 0 0 0 0 0 0 0 0 0 0 0 0 0 0 
0.15382 0.14814 0.13391 0.1238 0.10097 0.08742 0.07186 0.05406 0.04032 0.03143 0.02026 0.01252 0.0099 0.00493 0.00273 0.0015 0.00126 0.00078 0.00011 0.00022 6e-05 0 0 0 0 0 0 0 0 0 0 0 0 0 0 0 0 0 0 0 0 0 0 0 0 0 0 0 0 0 0 0 0 0 0 0 0 0 0 0 0 0 0 0 0 0 0 0 0 0 0 0 0 0 0 0 0 0 0 0 0 0 0 0 0 0 0 0 0 0 0 0 0 0 0 0 0 0 0 0 
0.1523 0.15026 0.13619 0.11388 0.09797 0.08199 0.07257 0.05524 0.04233 0.03368 0.02191 0.01605 0.00979 0.00499 0.00359 0.00316 0.00136 0.00099 0.00047 0.00045 0.00011 0.00011 0.00018 0.00019 0.00024 0 0 0 0 0 0 0 0 0 0 0 0 0 0 0 0 0 0 0 0 0 0 0 0 0 0 0 0 0 0 0 0 0 0 0 0 0 0 0 0 0 0 0 0 0 0 0 0 0 0 0 0 0 0 0 0 0 0 0 0 0 0 0 0 0 0 0 0 0 0 0 0 0 0 0 
0.15103 0.14305 0.13153 0.11755 0.10219 0.08597 0.07153 0.05918 0.04432 0.03154 0.02445 0.01533 0.00896 0.00633 0.00344 0.00156 0.00047 0.00049 0.00044 0.00012 0.00012 0.00015 0.00025 0 0 0 0 0 0 0 0 0 0 0 0 0 0 0 0 0 0 0 0 0 0 0 0 0 0 0 0 0 0 0 0 0 0 0 0 0 0 0 0 0 0 0 0 0 0 0 0 0 0 0 0 0 0 0 0 0 0 0 0 0 0 0 0 0 0 0 0 0 0 0 0 0 0 0 0 0 
0.15207 0.14869 0.13913 0.12576 0.10875 0.0863 0.06835 0.0536 0.0359 0.02759 0.01923 0.01387 0.01002 0.00492 0.00313 0.0015 0.00042 0.00061 0.00016 0 0 0 0 0 0 0 0 0 0 0 0 0 0 0 0 0 0 0 0 0 0 0 0 0 0 0 0 0 0 0 0 0 0 0 0 0 0 0 0 0 0 0 0 0 0 0 0 0 0 0 0 0 0 0 0 0 0 0 0 0 0 0 0 0 0 0 0 0 0 0 0 0 0 0 0 0 0 0 0 0 
0.15342 0.1429 0.13627 0.12895 0.11637 0.09143 0.07232 0.05161 0.03684 0.02592 0.01457 0.01026 0.00664 0.00531 0.00282 0.0014 0.001 0.00061 0.00049 0.00024 0.00034 0.00016 0.00013 0 0 0 0 0 0 0 0 0 0 0 0 0 0 0 0 0 0 0 0 0 0 0 0 0 0 0 0 0 0 0 0 0 0 0 0 0 0 0 0 0 0 0 0 0 0 0 0 0 0 0 0 0 0 0 0 0 0 0 0 0 0 0 0 0 0 0 0 0 0 0 0 0 0 0 0 0 
0.1534 0.1374 0.13573 0.11787 0.10152 0.08726 0.07189 0.05794 0.03982 0.02601 0.02176 0.01759 0.01081 0.00818 0.00516 0.00344 0.00186 0.00143 0.00073 0.0002 0 0 0 0 0 0 0 0 0 0 0 0 0 0 0 0 0 0 0 0 0 0 0 0 0 0 0 0 0 0 0 0 0 0 0 0 0 0 0 0 0 0 0 0 0 0 0 0 0 0 0 0 0 0 0 0 0 0 0 0 0 0 0 0 0 0 0 0 0 0 0 0 0 0 0 0 0 0 0 0 
0.14893 0.14579 0.13573 0.12602 0.10746 0.09017 0.07337 0.05467 0.04127 0.02833 0.01824 0.01031 0.00759 0.00562 0.00377 0.00183 0.00036 0.00016 0.00017 0.00021 0 0 0 0 0 0 0 0 0 0 0 0 0 0 0 0 0 0 0 0 0 0 0 0 0 0 0 0 0 0 0 0 0 0 0 0 0 0 0 0 0 0 0 0 0 0 0 0 0 0 0 0 0 0 0 0 0 0 0 0 0 0 0 0 0 0 0 0 0 0 0 0 0 0 0 0 0 0 0 0 
0.15284 0.14375 0.13632 0.1234 0.1064 0.08529 0.06788 0.05318 0.03769 0.03075 0.02309 0.0157 0.00976 0.00696 0.00324 0.00269 0.00081 0.00025 0 0 0 0 0 0 0 0 0 0 0 0 0 0 0 0 0 0 0 0 0 0 0 0 0 0 0 0 0 0 0 0 0 0 0 0 0 0 0 0 0 0 0 0 0 0 0 0 0 0 0 0 0 0 0 0 0 0 0 0 0 0 0 0 0 0 0 0 0 0 0 0 0 0 0 0 0 0 0 0 0 0 
0.144 0.13808 0.13631 0.12176 0.10334 0.085 0.06975 0.06147 0.04423 0.03235 0.02405 0.01582 0.00953 0.00601 0.00355 0.00231 0.0013 0.00042 0.00035 0.00021 0.00016 0 0 0 0 0 0 0 0 0 0 0 0 0 0 0 0 0 0 0 0 0 0 0 0 0 0 0 0 0 0 0 0 0 0 0 0 0 0 0 0 0 0 0 0 0 0 0 0 0 0 0 0 0 0 0 0 0 0 0 0 0 0 0 0 0 0 0 0 0 0 0 0 0 0 0 0 0 0 0 
0.1658 0.16332 0.13423 0.11845 0.10559 0.0834 0.06665 0.05133 0.0379 0.02711 0.01734 0.01193 0.00637 0.00309 0.00247 0.00284 0.00131 0.00087 0 0 0 0 0 0 0 0 0 0 0 0 0 0 0 0 0 0 0 0 0 0 0 0 0 0 0 0 0 0 0 0 0 0 0 0 0 0 0 0 0 0 0 0 0 0 0 0 0 0 0 0 0 0 0 0 0 0 0 0 0 0 0 0 0 0 0 0 0 0 0 0 0 0 0 0 0 0 0 0 0 0 
0.14769 0.13859 0.1368 0.12174 0.10567 0.09262 0.07172 0.05514 0.04379 0.02974 0.02033 0.01637 0.00737 0.00412 0.00391 0.0019 0.00157 0.00053 0.00015 0.00025 0 0 0 0 0 0 0 0 0 0 0 0 0 0 0 0 0 0 0 0 0 0 0 0 0 0 0 0 0 0 0 0 0 0 0 0 0 0 0 0 0 0 0 0 0 0 0 0 0 0 0 0 0 0 0 0 0 0 0 0 0 0 0 0 0 0 0 0 0 0 0 0 0 0 0 0 0 0 0 0 
0.14409 0.13047 0.1213 0.11762 0.10894 0.09662 0.07446 0.05847 0.0443 0.03763 0.0238 0.01722 0.0102 0.00796 0.00285 0.00175 0.00113 0.00059 0.00025 0.00035 0 0 0 0 0 0 0 0 0 0 0 0 0 0 0 0 0 0 0 0 0 0 0 0 0 0 0 0 0 0 0 0 0 0 0 0 0 0 0 0 0 0 0 0 0 0 0 0 0 0 0 0 0 0 0 0 0 0 0 0 0 0 0 0 0 0 0 0 0 0 0 0 0 0 0 0 0 0 0 0 
0.15314 0.1493 0.13403 0.12399 0.10043 0.08807 0.06667 0.0501 0.0382 0.02946 0.02382 0.01561 0.01099 0.00638 0.00379 0.00271 0.00245 0.00055 0.00031 0 0 0 0 0 0 0 0 0 0 0 0 0 0 0 0 0 0 0 0 0 0 0 0 0 0 0 0 0 0 0 0 0 0 0 0 0 0 0 0 0 0 0 0 0 0 0 0 0 0 0 0 0 0 0 0 0 0 0 0 0 0 0 0 0 0 0 0 0 0 0 0 0 0 0 0 0 0 0 0 0 
0.15637 0.15058 0.14145 0.11731 0.09763 0.08411 0.06804 0.05131 0.03859 0.03036 0.0236 0.01573 0.01006 0.00627 0.00389 0.00207 0.00072 0.00072 0.0007 0.00021 0.00028 0 0 0 0 0 0 0 0 0 0 0 0 0 0 0 0 0 0 0 0 0 0 0 0 0 0 0 0 0 0 0 0 0 0 0 0 0 0 0 0 0 0 0 0 0 0 0 0 0 0 0 0 0 0 0 0 0 0 0 0 0 0 0 0 0 0 0 0 0 0 0 0 0 0 0 0 0 0 0 
0.1582 0.14982 0.12358 0.11717 0.10537 0.08548 0.07019 0.05209 0.04182 0.03148 0.02314 0.01698 0.01079 0.0063 0.00327 0.00255 0.00111 0.00066 0 0 0 0 0 0 0 0 0 0 0 0 0 0 0 0 0 0 0 0 0 0 0 0 0 0 0 0 0 0 0 0 0 0 0 0 0 0 0 0 0 0 0 0 0 0 0 0 0 0 0 0 0 0 0 0 0 0 0 0 0 0 0 0 0 0 0 0 0 0 0 0 0 0 0 0 0 0 0 0 0 0 
0.14814 0.14746 0.13848 0.12807 0.1069 0.09363 0.07583 0.04997 0.03822 0.02686 0.01664 0.01146 0.00765 0.00393 0.00304 0.00124 0.00065 0.0004 0.00053 0.00053 0.00037 0 0 0 0 0 0 0 0 0 0 0 0 0 0 0 0 0 0 0 0 0 0 0 0 0 0 0 0 0 0 0 0 0 0 0 0 0 0 0 0 0 0 0 0 0 0 0 0 0 0 0 0 0 0 0 0 0 0 0 0 0 0 0 0 0 0 0 0 0 0 0 0 0 0 0 0 0 0 0 
0.14829 0.14504 0.13268 0.11688 0.1055 0.09086 0.06594 0.05374 0.04021 0.03072 0.02527 0.01721 0.01333 0.00755 0.00372 0.00139 0.0008 0.00029 0.00036 0.00022 0 0 0 0 0 0 0 0 0 0 0 0 0 0 0 0 0 0 0 0 0 0 0 0 0 0 0 0 0 0 0 0 0 0 0 0 0 0 0 0 0 0 0 0 0 0 0 0 0 0 0 0 0 0 0 0 0 0 0 0 0 0 0 0 0 0 0 0 0 0 0 0 0 0 0 0 0 0 0 0 
0.15691 0.14906 0.13493 0.12636 0.09831 0.08167 0.07076 0.05635 0.04471 0.03283 0.01829 0.01177 0.00829 0.00545 0.0022 0.00116 0.00063 0.00032 0 0 0 0 0 0 0 0 0 0 0 0 0 0 0 0 0 0 0 0 0 0 0 0 0 0 0 0 0 0 0 0 0 0 0 0 0 0 0 0 0 0 0 0 0 0 0 0 0 0 0 0 0 0 0 0 0 0 0 0 0 0 0 0 0 0 0 0 0 0 0 0 0 0 0 0 0 0 0 0 0 0 
0.14655 0.14777 0.13598 0.12063 0.10152 0.0862 0.06504 0.04856 0.04099 0.03145 0.02392 0.01937 0.0123 0.00901 0.00487 0.0027 0.00183 0.00112 0.00019 0 0 0 0 0 0 0 0 0 0 0 0 0 0 0 0 0 0 0 0 0 0 0 0 0 0 0 0 0 0 0 0 0 0 0 0 0 0 0 0 0 0 0 0 0 0 0 0 0 0 0 0 0 0 0 0 0 0 0 0 0 0 0 0 0 0 0 0 0 0 0 0 0 0 0 0 0 0 0 0 0 
0.15019 0.13809 0.13704 0.12876 0.10426 0.08631 0.06818 0.05217 0.03917 0.03063 0.02337 0.01542 0.01042 0.00699 0.00377 0.00253 0.00176 0.00081 0.00013 0 0 0 0 0 0 0 0 0 0 0 0 0 0 0 0 0 0 0 0 0 0 0 0 0 0 0 0 0 0 0 0 0 0 0 0 0 0 0 0 0 0 0 0 0 0 0 0 0 0 0 0 0 0 0 0 0 0 0 0 0 0 0 0 0 0 0 0 0 0 0 0 0 0 0 0 0 0 0 0 0 
0.14982 0.14313 0.13577 0.12233 0.10289 0.08489 0.07257 0.06223 0.04384 0.03305 0.01951 0.01255 0.00656 0.00477 0.00346 0.00108 0.00043 0.0003 0.00043 0.0002 0.00019 0 0 0 0 0 0 0 0 0 0 0 0 0 0 0 0 0 0 0 0 0 0 0 0 0 0 0 0 0 0 0 0 0 0 0 0 0 0 0 0 0 0 0 0 0 0 0 0 0 0 0 0 0 0 0 0 0 0 0 0 0 0 0 0 0 0 0 0 0 0 0 0 0 0 0 0 0 0 0 
0.14805 0.14751 0.13603 0.12784 0.10467 0.08213 0.07155 0.05552 0.04377 0.03315 0.01918 0.01368 0.00834 0.00405 0.00314 0.00119 0.0002 0 0 0 0 0 0 0 0 0 0 0 0 0 0 0 0 0 0 0 0 0 0 0 0 0 0 0 0 0 0 0 0 0 0 0 0 0 0 0 0 0 0 0 0 0 0 0 0 0 0 0 0 0 0 0 0 0 0 0 0 0 0 0 0 0 0 0 0 0 0 0 0 0 0 0 0 0 0 0 0 0 0 0 
0.14527 0.13216 0.13607 0.13304 0.1116 0.08708 0.06933 0.05483 0.04058 0.0319 0.02409 0.01334 0.00875 0.00583 0.00269 0.00124 0.00059 0.00086 0.0005 0.00025 0 0 0 0 0 0 0 0 0 0 0 0 0 0 0 0 0 0 0 0 0 0 0 0 0 0 0 0 0 0 0 0 0 0 0 0 0 0 0 0 0 0 0 0 0 0 0 0 0 0 0 0 0 0 0 0 0 0 0 0 0 0 0 0 0 0 0 0 0 0 0 0 0 0 0 0 0 0 0 0 
0.15497 0.13725 0.13883 0.11839 0.09942 0.08366 0.06845 0.05285 0.04178 0.0315 0.02176 0.01551 0.01192 0.009 0.00616 0.00339 0.00245 0.00224 0.00019 0.00028 0 0 0 0 0 0 0 0 0 0 0 0 0 0 0 0 0 0 0 0 0 0 0 0 0 0 0 0 0 0 0 0 0 0 0 0 0 0 0 0 0 0 0 0 0 0 0 0 0 0 0 0 0 0 0 0 0 0 0 0 0 0 0 0 0 0 0 0 0 0 0 0 0 0 0 0 0 0 0 0 
0.14123 0.14022 0.12569 0.11905 0.09674 0.08911 0.07807 0.06412 0.04721 0.03519 0.0229 0.0179 0.01102 0.00577 0.0026 0.00125 0.00064 0.00057 0.00055 0.00017 0 0 0 0 0 0 0 0 0 0 0 0 0 0 0 0 0 0 0 0 0 0 0 0 0 0 0 0 0 0 0 0 0 0 0 0 0 0 0 0 0 0 0 0 0 0 0 0 0 0 0 0 0 0 0 0 0 0 0 0 0 0 0 0 0 0 0 0 0 0 0 0 0 0 0 0 0 0 0 0 
0.1506 0.14963 0.13813 0.11805 0.11 0.09064 0.06968 0.05692 0.04193 0.02811 0.01688 0.01011 0.00747 0.00472 0.00304 0.00149 0.0012 0.00026 0.00038 0.00029 0.0002 0.00027 0 0 0 0 0 0 0 0 0 0 0 0 0 0 0 0 0 0 0 0 0 0 0 0 0 0 0 0 0 0 0 0 0 0 0 0 0 0 0 0 0 0 0 0 0 0 0 0 0 0 0 0 0 0 0 0 0 0 0 0 0 0 0 0 0 0 0 0 0 0 0 0 0 0 0 0 0 0 
0.14424 0.14202 0.13732 0.11815 0.09863 0.08701 0.06823 0.05937 0.04693 0.0329 0.02331 0.01488 0.01143 0.00615 0.00228 0.0026 0.00141 0.00104 0.00098 0.00049 0.00063 0 0 0 0 0 0 0 0 0 0 0 0 0 0 0 0 0 0 0 0 0 0 0 0 0 0 0 0 0 0 0 0 0 0 0 0 0 0 0 0 0 0 0 0 0 0 0 0 0 0 0 0 0 0 0 0 0 0 0 0 0 0 0 0 0 0 0 0 0 0 0 0 0 0 0 0 0 0 0 
0.15127 0.14878 0.13752 0.12407 0.11241 0.0912 0.06773 0.05126 0.03715 0.02779 0.01974 0.01456 0.00923 0.00432 0.00133 0.00088 0.00051 0.00025 0 0 0 0 0 0 0 0 0 0 0 0 0 0 0 0 0 0 0 0 0 0 0 0 0 0 0 0 0 0 0 0 0 0 0 0 0 0 0 0 0 0 0 0 0 0 0 0 0 0 0 0 0 0 0 0 0 0 0 0 0 0 0 0 0 0 0 0 0 0 0 0 0 0 0 0 0 0 0 0 0 0 
0.15502 0.16521 0.14568 0.11743 0.09353 0.08167 0.06805 0.05319 0.03321 0.0275 0.02174 0.01403 0.0096 0.00655 0.00374 0.00161 0.0017 0.00031 0.00023 0 0 0 0 0 0 0 0 0 0 0 0 0 0 0 0 0 0 0 0 0 0 0 0 0 0 0 0 0 0 0 0 0 0 0 0 0 0 0 0 0 0 0 0 0 0 0 0 0 0 0 0 0 0 0 0 0 0 0 0 0 0 0 0 0 0 0 0 0 0 0 0 0 0 0 0 0 0 0 0 0 
0.15023 0.14589 0.13621 0.11497 0.11099 0.09324 0.07242 0.05379 0.04069 0.02889 0.01989 0.01187 0.00733 0.00618 0.0032 0.00166 0.00131 0.00076 0.00036 0.00012 0 0 0 0 0 0 0 0 0 0 0 0 0 0 0 0 0 0 0 0 0 0 0 0 0 0 0 0 0 0 0 0 0 0 0 0 0 0 0 0 0 0 0 0 0 0 0 0 0 0 0 0 0 0 0 0 0 0 0 0 0 0 0 0 0 0 0 0 0 0 0 0 0 0 0 0 0 0 0 0 
0.14706 0.14515 0.13473 0.1212 0.10482 0.08882 0.07216 0.05606 0.04144 0.03012 0.01976 0.01304 0.00918 0.0055 0.00521 0.00268 0.0022 0.00087 0 0 0 0 0 0 0 0 0 0 0 0 0 0 0 0 0 0 0 0 0 0 0 0 0 0 0 0 0 0 0 0 0 0 0 0 0 0 0 0 0 0 0 0 0 0 0 0 0 0 0 0 0 0 0 0 0 0 0 0 0 0 0 0 0 0 0 0 0 0 0 0 0 0 0 0 0 0 0 0 0 0 
0.15408 0.1438 0.13779 0.12881 0.10469 0.08727 0.06843 0.05799 0.0441 0.02896 0.01647 0.00964 0.00693 0.00413 0.00242 0.00205 0.00132 0.0008 0.00018 0.00014 0 0 0 0 0 0 0 0 0 0 0 0 0 0 0 0 0 0 0 0 0 0 0 0 0 0 0 0 0 0 0 0 0 0 0 0 0 0 0 0 0 0 0 0 0 0 0 0 0 0 0 0 0 0 0 0 0 0 0 0 0 0 0 0 0 0 0 0 0 0 0 0 0 0 0 0 0 0 0 0 
0.14456 0.13463 0.1258 0.11536 0.10843 0.09415 0.07477 0.06109 0.04429 0.03017 0.02314 0.01645 0.01083 0.00676 0.00405 0.00269 0.00163 0.00072 0.00023 0.00025 0 0 0 0 0 0 0 0 0 0 0 0 0 0 0 0 0 0 0 0 0 0 0 0 0 0 0 0 0 0 0 0 0 0 0 0 0 0 0 0 0 0 0 0 0 0 0 0 0 0 0 0 0 0 0 0 0 0 0 0 0 0 0 0 0 0 0 0 0 0 0 0 0 0 0 0 0 0 0 0 
0.1508 0.14609 0.13913 0.12126 0.10308 0.08791 0.07441 0.05609 0.03655 0.02754 0.02319 0.01336 0.00713 0.00486 0.00366 0.0024 0.00172 0.00044 0.00021 0.00017 0 0 0 0 0 0 0 0 0 0 0 0 0 0 0 0 0 0 0 0 0 0 0 0 0 0 0 0 0 0 0 0 0 0 0 0 0 0 0 0 0 0 0 0 0 0 0 0 0 0 0 0 0 0 0 0 0 0 0 0 0 0 0 0 0 0 0 0 0 0 0 0 0 0 0 0 0 0 0 0 
0.15782 0.15246 0.13842 0.12102 0.10281 0.08316 0.06967 0.05087 0.03916 0.02957 0.01975 0.01536 0.00813 0.00523 0.00363 0.00195 0.00049 0.0001 0.00012 0.00013 0.00015 0 0 0 0 0 0 0 0 0 0 0 0 0 0 0 0 0 0 0 0 0 0 0 0 0 0 0 0 0 0 0 0 0 0 0 0 0 0 0 0 0 0 0 0 0 0 0 0 0 0 0 0 0 0 0 0 0 0 0 0 0 0 0 0 0 0 0 0 0 0 0 0 0 0 0 0 0 0 0 
0.14735 0.13633 0.12514 0.11499 0.10766 0.09249 0.07186 0.05696 0.04358 0.03284 0.02402 0.0157 0.01087 0.00777 0.00607 0.00359 0.00111 0.00087 0.0008 0 0 0 0 0 0 0 0 0 0 0 0 0 0 0 0 0 0 0 0 0 0 0 0 0 0 0 0 0 0 0 0 0 0 0 0 0 0 0 0 0 0 0 0 0 0 0 0 0 0 0 0 0 0 0 0 0 0 0 0 0 0 0 0 0 0 0 0 0 0 0 0 0 0 0 0 0 0 0 0 0 
0.14647 0.14649 0.1351 0.12292 0.1082 0.08906 0.07672 0.05316 0.03918 0.03171 0.02237 0.01285 0.00703 0.00326 0.00299 0.00154 0.00058 0.00037 0 0 0 0 0 0 0 0 0 0 0 0 0 0 0 0 0 0 0 0 0 0 0 0 0 0 0 0 0 0 0 0 0 0 0 0 0 0 0 0 0 0 0 0 0 0 0 0 0 0 0 0 0 0 0 0 0 0 0 0 0 0 0 0 0 0 0 0 0 0 0 0 0 0 0 0 0 0 0 0 0 0 
0.15326 0.13702 0.13133 0.11807 0.10316 0.08986 0.07208 0.05711 0.04027 0.02991 0.02162 0.01624 0.00981 0.00679 0.00499 0.00389 0.00277 0.00057 0.00054 0.0004 0.00031 0 0 0 0 0 0 0 0 0 0 0 0 0 0 0 0 0 0 0 0 0 0 0 0 0 0 0 0 0 0 0 0 0 0 0 0 0 0 0 0 0 0 0 0 0 0 0 0 0 0 0 0 0 0 0 0 0 0 0 0 0 0 0 0 0 0 0 0 0 0 0 0 0 0 0 0 0 0 0 
0.16392 0.14814 0.13605 0.11397 0.09945 0.08603 0.06593 0.05339 0.04473 0.03094 0.02137 0.01428 0.01028 0.00521 0.003 0.00181 0.00103 0.00047 0 0 0 0 0 0 0 0 0 0 0 0 0 0 0 0 0 0 0 0 0 0 0 0 0 0 0 0 0 0 0 0 0 0 0 0 0 0 0 0 0 0 0 0 0 0 0 0 0 0 0 0 0 0 0 0 0 0 0 0 0 0 0 0 0 0 0 0 0 0 0 0 0 0 0 0 0 0 0 0 0 0 
0.14311 0.14595 0.12967 0.11574 0.10462 0.09623 0.07195 0.05025 0.0412 0.031 0.02195 0.01643 0.01271 0.0074 0.00479 0.0033 0.00183 0.00111 0.00076 0 0 0 0 0 0 0 0 0 0 0 0 0 0 0 0 0 0 0 0 0 0 0 0 0 0 0 0 0 0 0 0 0 0 0 0 0 0 0 0 0 0 0 0 0 0 0 0 0 0 0 0 0 0 0 0 0 0 0 0 0 0 0 0 0 0 0 0 0 0 0 0 0 0 0 0 0 0 0 0 0 
