0.03 0.09 0.15 0.21 0.27 0.33 0.39 0.45 0.51 0.57 0.63 0.69 0.75 0.81 0.87 0.93 0.99 1.05 1.11 1.17 1.23 1.29 1.35 1.41 1.47 1.53 1.59 1.65 1.71 1.77 1.83 1.89 1.95 2.01 2.07 2.13 2.19 2.25 2.31 2.37 2.43 2.49 2.55 2.61 2.67 2.73 2.79 2.85 2.91 2.97 3.03 3.09 3.15 3.21 3.27 3.33 3.39 3.45 3.51 3.57 3.63 3.69 3.75 3.81 3.87 3.93 3.99 4.05 4.11 4.17 4.23 4.29 4.35 4.41 4.47 4.53 4.59 4.65 4.71 4.77 4.83 4.89 4.95 5.01 5.07 5.13 5.19 5.25 5.31 5.37 5.43 5.49 5.55 5.61 5.67 5.73 5.79 5.85 5.91 5.97 
0.0721 0.1687 0.0333 0.0475 0.1487 0.174 0.1277 0.052 0.0336 0.0425 0 0 0 0 0 0.0216 0.0847 0.0542 0.1312 0.0665 0.0388 0.0629 0.0728 0.0524 0.11 0.159 0.1381 0.058 0.0897 0.0664 0.0782 0.0915 0.1752 0.1119 0.1103 0.0092 0.0116 0.006 0 0 0 0.0283 0.03 0.0198 0.1325 0.0443 0.0503 0.0142 0.0155 0.0548 0.0628 0.1009 0.0658 0.1526 0.0936 0.0347 0 0 0 0 0 0 0 0 0 0 0 0 0 0 0 0.0436 0.0667 0.1623 0.0603 0.0384 0.059 0.053 0.2012 0.1869 0.0287 0 0 0 0 0 0 0 0 0 0 0 0 0 0 0 0 0 0 0 
0 0 0 0 0 0 0.0366 0.0854 0.2406 0.1708 0.1958 0.0695 0.1258 0.1496 0.2863 0.1745 0.1994 0.1489 0.1051 0.0117 0 0 0 0 0 0 0 0 0 0 0 0.027 0.0426 0.0786 0.2424 0.07 0.0398 0.1104 0.2897 0.2736 0.1646 0.2585 0.094 0.0527 0.0877 0.07 0.093 0.0054 0 0 0 0 0 0 0 0 0 0 0.0527 0.1776 0.1875 0.05 0.051 0.0127 0.0718 0.1624 0.102 0.0302 0.0391 0.0073 0.033 0.0102 0.0125 0 0 0 0 0 0 0 0 0 0 0 0 0 0 0 0 0 0 0 0 0 0 0 0 0 0 0 
0.0333 0.0475 0.1673 0.2646 0.1665 0.1117 0.1244 0.0733 0.0114 0 0 0 0 0 0 0 0.0272 0.0729 0.105 0.1569 0.0434 0.1521 0.3073 0.1122 0.023 0 0.022 0.1124 0.2732 0.1822 0.2736 0.0425 0.0941 0 0 0 0 0 0 0 0 0 0 0.117 0.0719 0.0876 0.1043 0.0205 0.0572 0.1632 0.252 0.1097 0.0166 0 0.0594 0.1419 0.2071 0.1809 0.2165 0.0772 0.117 0 0 0 0 0 0 0 0 0 0 0 0 0 0 0 0 0 0 0 0 0 0 0 0 0 0 0 0 0 0 0 0 0 0 0 0 0 0 0 
0.463 0.2504 0.2041 0.0682 0.0143 0 0 0 0 0 0 0 0 0 0 0 0 0 0 0 0 0.0082 0.0936 0.1661 0.6612 0.2498 0.4485 0.253 0.0459 0.0395 0.0342 0 0 0 0 0 0 0 0 0 0 0 0 0 0 0 0 0.0104 0.0896 0.098 0.1983 0.2078 0.6427 0.4756 0.1681 0.0748 0.0347 0 0 0 0 0 0 0 0 0 0 0 0 0 0 0 0 0 0 0 0 0 0 0 0 0 0 0 0 0 0 0 0 0 0 0 0 0 0 0 0 0 0 0 
0.5165 0.2569 0.2266 0 0 0 0 0 0 0 0 0 0 0 0 0 0 0 0 0 0 0.0337 0.2312 0.4344 0.3633 0.5284 0.1973 0.1324 0.0793 0 0 0 0 0 0 0 0 0 0 0 0 0 0 0 0 0 0 0.0399 0.1092 0.2253 0.1649 0.2632 0.4588 0.2807 0.2642 0.1592 0.0346 0 0 0 0 0 0 0 0 0 0 0 0 0 0 0 0 0 0 0 0 0 0 0 0 0 0 0 0 0 0 0 0 0 0 0 0 0 0 0 0 0 0 0 
0.3999 0.4868 0.0987 0.0146 0 0 0 0 0 0 0 0 0 0 0 0 0 0 0 0 0 0.025 0.0846 0.3179 0.531 0.6843 0.3291 0.0281 0 0 0 0 0 0 0 0 0 0 0 0 0 0 0 0 0 0 0 0 0 0.1465 0.365 0.5353 0.5408 0.2879 0.1245 0 0 0 0 0 0 0 0 0 0 0 0 0 0 0 0 0 0 0 0 0 0 0 0 0 0 0 0 0 0 0 0 0 0 0 0 0 0 0 0 0 0 0 0 0 
0.4399 0.3711 0.1489 0.0401 0 0 0 0 0 0 0 0 0 0 0 0 0 0 0 0 0 0.0097 0.1649 0.2562 0.3234 0.4742 0.4946 0.2265 0.0505 0 0 0 0 0 0 0 0 0 0 0 0 0 0 0 0 0 0 0 0 0.0986 0.2434 0.3579 0.2563 0.327 0.2406 0.2485 0.1921 0.0356 0 0 0 0 0 0 0 0 0 0 0 0 0 0 0 0 0 0 0 0 0 0 0 0 0 0 0 0 0 0 0 0 0 0 0 0 0 0 0 0 0 0 
0.5582 0.3999 0.0419 0 0 0 0 0 0 0 0 0 0 0 0 0 0 0 0 0 0 0 0 0.1957 0.5374 0.6335 0.3206 0.1632 0.0707 0.0278 0.0511 0 0 0 0 0 0 0 0 0 0 0 0 0 0 0 0 0 0 0 0.1258 0.3922 0.4849 0.2774 0.2741 0.3842 0.0614 0 0 0 0 0 0 0 0 0 0 0 0 0 0 0 0 0 0 0 0 0 0 0 0 0 0 0 0 0 0 0 0 0 0 0 0 0 0 0 0 0 0 0 
0.5468 0.3795 0.0737 0 0 0 0 0 0 0 0 0 0 0 0 0 0 0 0 0 0 0.0262 0.1495 0.3882 0.6187 0.431 0.306 0.0804 0 0 0 0 0 0 0 0 0 0 0 0 0 0 0 0 0 0 0 0 0.0086 0.1346 0.4677 0.5551 0.4133 0.2072 0.1964 0.0171 0 0 0 0 0 0 0 0 0 0 0 0 0 0 0 0 0 0 0 0 0 0 0 0 0 0 0 0 0 0 0 0 0 0 0 0 0 0 0 0 0 0 0 0 
0 0.21 0.0865 0.1398 0.2933 0.2468 0.0236 0 0 0 0 0 0 0 0 0 0 0 0.0159 0.1255 0.1916 0.1087 0.2585 0.2324 0.0674 0.0189 0.0545 0.1062 0.221 0.2731 0.2395 0.0868 0 0 0 0 0 0 0 0 0 0 0 0 0 0 0.0822 0.0927 0.1678 0.0655 0.15 0.2563 0.1855 0.0588 0.1138 0.2484 0.3009 0.1742 0.1019 0.002 0 0 0 0 0 0 0 0 0 0 0 0 0 0 0 0 0 0 0 0 0 0 0 0 0 0 0 0 0 0 0 0 0 0 0 0 0 0 0 0 
0.1296 0.41 0.1636 0.1676 0.0897 0.0254 0.0141 0 0 0 0 0 0 0 0 0 0 0 0.012 0.0649 0.1243 0.1363 0.2984 0.1444 0.2521 0.2454 0.1296 0.1287 0.2298 0.2332 0.0009 0 0 0 0 0 0 0 0 0 0 0 0 0 0 0 0.1517 0.2203 0.1796 0.1469 0.3375 0.1205 0.0753 0.1469 0.1752 0.1995 0.143 0.0982 0.0054 0 0 0 0 0 0 0 0 0 0 0 0 0 0 0 0 0 0 0 0 0 0 0 0 0 0 0 0 0 0 0 0 0 0 0 0 0 0 0 0 0 
0.448 0.3469 0.1899 0.0152 0 0 0 0 0 0 0 0 0 0 0 0 0 0 0 0 0 0.0045 0.1213 0.5315 0.38 0.2182 0.4068 0.1967 0.1232 0.0178 0 0 0 0 0 0 0 0 0 0 0 0 0 0 0 0 0 0.0172 0.157 0.2902 0.3259 0.1758 0.1366 0.2931 0.2895 0.2495 0.0652 0 0 0 0 0 0 0 0 0 0 0 0 0 0 0 0 0 0 0 0 0 0 0 0 0 0 0 0 0 0 0 0 0 0 0 0 0 0 0 0 0 0 0 
0.2058 0.5323 0.2263 0.0356 0 0 0 0 0 0 0 0 0 0 0 0 0 0 0 0 0 0.0824 0.315 0.2742 0.3326 0.3238 0.3536 0.2111 0.1006 0.0067 0 0 0 0 0 0 0 0 0 0 0 0 0 0 0 0 0 0.0189 0.1737 0.25 0.2941 0.3208 0.4197 0.2979 0.1793 0.0456 0 0 0 0 0 0 0 0 0 0 0 0 0 0 0 0 0 0 0 0 0 0 0 0 0 0 0 0 0 0 0 0 0 0 0 0 0 0 0 0 0 0 0 0 
0.1173 0.2094 0.4358 0.2059 0.0316 0 0 0 0 0 0 0 0 0 0 0 0 0 0 0 0.0103 0.2559 0.3803 0.1769 0.1255 0.12 0.2509 0.4741 0.1936 0.0125 0 0 0 0 0 0 0 0 0 0 0 0 0 0 0 0 0 0 0.023 0.2368 0.4817 0.2618 0.1897 0.2985 0.2742 0.1035 0.0833 0.0475 0 0 0 0 0 0 0 0 0 0 0 0 0 0 0 0 0 0 0 0 0 0 0 0 0 0 0 0 0 0 0 0 0 0 0 0 0 0 0 0 0 0 
0.27 0.3101 0.3273 0.0926 0 0 0 0 0 0 0 0 0 0 0 0 0 0 0 0 0 0.0394 0.2681 0.3018 0.3124 0.1665 0.2042 0.3127 0.3742 0.0207 0 0 0 0 0 0 0 0 0 0 0 0 0 0 0 0 0 0.063 0.2009 0.2982 0.3145 0.1206 0.1181 0.2569 0.2516 0.2152 0.1001 0.0609 0 0 0 0 0 0 0 0 0 0 0 0 0 0 0 0 0 0 0 0 0 0 0 0 0 0 0 0 0 0 0 0 0 0 0 0 0 0 0 0 0 0 
0.206 0.2293 0.3723 0.1823 0.0101 0 0 0 0 0 0 0 0 0 0 0 0 0 0 0 0.1089 0.1872 0.3551 0.107 0.1517 0.1149 0.2729 0.4808 0.1983 0.0232 0 0 0 0 0 0 0 0 0 0 0 0 0 0 0 0 0 0.1438 0.1843 0.2526 0.1764 0.0787 0.0601 0.1909 0.3456 0.2759 0.2519 0.0398 0 0 0 0 0 0 0 0 0 0 0 0 0 0 0 0 0 0 0 0 0 0 0 0 0 0 0 0 0 0 0 0 0 0 0 0 0 0 0 0 0 0 
0.051 0.0837 0.0604 0.1458 0.3148 0.2317 0.105 0.0076 0 0 0 0 0 0 0 0 0 0 0 0.2591 0.4156 0.1195 0.0465 0.0907 0.0542 0.0297 0.1136 0.1939 0.1887 0.1178 0.2306 0.1401 0 0 0 0 0 0 0 0 0 0 0 0.018 0.0652 0.1489 0.2853 0.1394 0.1007 0.0734 0.1202 0.0489 0.0676 0.2329 0.0944 0.1752 0.1696 0.0967 0.1636 0 0 0 0 0 0 0 0 0 0 0 0 0 0 0 0 0 0 0 0 0 0 0 0 0 0 0 0 0 0 0 0 0 0 0 0 0 0 0 0 0 
0.1189 0.2246 0.2893 0.2321 0.1156 0.0195 0 0 0 0 0 0 0 0 0 0 0 0 0 0.0296 0.199 0.1624 0.1891 0.2078 0.158 0.1242 0.1572 0.227 0.2081 0.2364 0.1012 0 0 0 0 0 0 0 0 0 0 0 0 0 0 0 0.018 0.0879 0.063 0.1216 0.1283 0.38 0.3041 0.2305 0.0426 0.124 0.0968 0.1486 0.2546 0 0 0 0 0 0 0 0 0 0 0 0 0 0 0 0 0 0 0 0 0 0 0 0 0 0 0 0 0 0 0 0 0 0 0 0 0 0 0 0 0 
0.6876 0.214 0.0384 0.06 0 0 0 0 0 0 0 0 0 0 0 0 0 0 0 0 0 0.0302 0.0586 0.1603 0.4486 0.6763 0.3952 0.1846 0.0398 0.0064 0 0 0 0 0 0 0 0 0 0 0 0 0 0 0 0 0 0 0.0245 0.1168 0.1477 0.3956 0.3499 0.4982 0.2962 0.1341 0.037 0 0 0 0 0 0 0 0 0 0 0 0 0 0 0 0 0 0 0 0 0 0 0 0 0 0 0 0 0 0 0 0 0 0 0 0 0 0 0 0 0 0 0 
0.6056 0.235 0.1366 0.0228 0 0 0 0 0 0 0 0 0 0 0 0 0 0 0 0 0 0 0.0612 0.3019 0.6976 0.6889 0.2291 0.0213 0 0 0 0 0 0 0 0 0 0 0 0 0 0 0 0 0 0 0 0 0 0.0304 0.2051 0.6029 0.7837 0.2649 0.113 0 0 0 0 0 0 0 0 0 0 0 0 0 0 0 0 0 0 0 0 0 0 0 0 0 0 0 0 0 0 0 0 0 0 0 0 0 0 0 0 0 0 0 0 0 
0.6698 0.2295 0.1007 0 0 0 0 0 0 0 0 0 0 0 0 0 0 0 0 0 0 0 0.0276 0.1188 0.4774 0.6744 0.3677 0.2792 0.0549 0 0 0 0 0 0 0 0 0 0 0 0 0 0 0 0 0 0 0 0 0 0.0273 0.4104 0.5928 0.6708 0.2325 0.0662 0 0 0 0 0 0 0 0 0 0 0 0 0 0 0 0 0 0 0 0 0 0 0 0 0 0 0 0 0 0 0 0 0 0 0 0 0 0 0 0 0 0 0 0 
0.3638 0.3583 0.2638 0.0141 0 0 0 0 0 0 0 0 0 0 0 0 0 0 0 0 0 0 0.0657 0.1917 0.7551 0.5455 0.1941 0.1007 0.1279 0.0193 0 0 0 0 0 0 0 0 0 0 0 0 0 0 0 0 0 0 0.0127 0.1076 0.1498 0.4388 0.5697 0.327 0.0577 0.1825 0.1542 0 0 0 0 0 0 0 0 0 0 0 0 0 0 0 0 0 0 0 0 0 0 0 0 0 0 0 0 0 0 0 0 0 0 0 0 0 0 0 0 0 0 0 
0.8468 0.1532 0 0 0 0 0 0 0 0 0 0 0 0 0 0 0 0 0 0 0 0 0.1288 0.2719 0.4955 0.7824 0.2181 0.1033 0 0 0 0 0 0 0 0 0 0 0 0 0 0 0 0 0 0 0 0 0.0611 0.1891 0.3366 0.5799 0.4847 0.2408 0.1007 0.0071 0 0 0 0 0 0 0 0 0 0 0 0 0 0 0 0 0 0 0 0 0 0 0 0 0 0 0 0 0 0 0 0 0 0 0 0 0 0 0 0 0 0 0 0 
0.3603 0.2697 0.2008 0.1285 0.0407 0 0 0 0 0 0 0 0 0 0 0 0 0 0 0.0097 0.0725 0.2595 0.1837 0.1055 0.2183 0.3243 0.4107 0.1234 0.1333 0.1401 0.019 0 0 0 0 0 0 0 0 0 0 0 0 0 0.0189 0.054 0.0781 0.1312 0.1834 0.0696 0.1316 0.2407 0.3998 0.2004 0.1397 0.2701 0.0825 0 0 0 0 0 0 0 0 0 0 0 0 0 0 0 0 0 0 0 0 0 0 0 0 0 0 0 0 0 0 0 0 0 0 0 0 0 0 0 0 0 0 0 
0.1663 0.2478 0.4238 0.1438 0.0183 0 0 0 0 0 0 0 0 0 0 0 0 0 0 0 0.0043 0.1428 0.376 0.3348 0.1276 0.1202 0.1284 0.3432 0.2261 0.1929 0.0037 0 0 0 0 0 0 0 0 0 0 0 0 0 0 0 0 0 0.025 0.2565 0.3751 0.3549 0.1733 0.2041 0.1533 0.3022 0.0801 0.0545 0.021 0 0 0 0 0 0 0 0 0 0 0 0 0 0 0 0 0 0 0 0 0 0 0 0 0 0 0 0 0 0 0 0 0 0 0 0 0 0 0 0 0 
0.386 0.3581 0.1801 0.0687 0.0071 0 0 0 0 0 0 0 0 0 0 0 0 0 0 0 0.0133 0.0364 0.0696 0.0782 0.3096 0.5252 0.4407 0.2618 0.2521 0.0131 0 0 0 0 0 0 0 0 0 0 0 0 0 0 0 0 0 0 0 0.0059 0.212 0.331 0.2652 0.4071 0.352 0.1315 0.1734 0.1145 0.0074 0 0 0 0 0 0 0 0 0 0 0 0 0 0 0 0 0 0 0 0 0 0 0 0 0 0 0 0 0 0 0 0 0 0 0 0 0 0 0 0 0 
0.6222 0.3203 0.0575 0 0 0 0 0 0 0 0 0 0 0 0 0 0 0 0 0 0 0 0.0467 0.1534 0.4773 0.5786 0.5937 0.1503 0 0 0 0 0 0 0 0 0 0 0 0 0 0 0 0 0 0 0 0 0 0 0 0.2309 0.7829 0.6433 0.2484 0.0718 0.0227 0 0 0 0 0 0 0 0 0 0 0 0 0 0 0 0 0 0 0 0 0 0 0 0 0 0 0 0 0 0 0 0 0 0 0 0 0 0 0 0 0 0 0 
0.7203 0.2521 0.0276 0 0 0 0 0 0 0 0 0 0 0 0 0 0 0 0 0 0 0 0 0.0132 0.3063 0.6562 0.8521 0.1643 0.0079 0 0 0 0 0 0 0 0 0 0 0 0 0 0 0 0 0 0 0 0 0 0.0184 0.3167 0.5608 0.799 0.2935 0.0116 0 0 0 0 0 0 0 0 0 0 0 0 0 0 0 0 0 0 0 0 0 0 0 0 0 0 0 0 0 0 0 0 0 0 0 0 0 0 0 0 0 0 0 0 
0.2889 0.4558 0.2394 0.0159 0 0 0 0 0 0 0 0 0 0 0 0 0 0 0 0 0 0.0432 0.2543 0.4035 0.241 0.1945 0.4604 0.2425 0.1306 0.03 0 0 0 0 0 0 0 0 0 0 0 0 0 0 0 0 0 0 0.0117 0.0649 0.3013 0.3801 0.3137 0.2906 0.3492 0.2387 0.0498 0 0 0 0 0 0 0 0 0 0 0 0 0 0 0 0 0 0 0 0 0 0 0 0 0 0 0 0 0 0 0 0 0 0 0 0 0 0 0 0 0 0 0 
0.4334 0.305 0.1775 0.0841 0 0 0 0 0 0 0 0 0 0 0 0 0 0 0 0 0 0 0.1582 0.4347 0.4987 0.4166 0.3083 0.1835 0 0 0 0 0 0 0 0 0 0 0 0 0 0 0 0 0 0 0 0 0 0.0494 0.214 0.3148 0.3709 0.5636 0.2305 0.2017 0.0551 0 0 0 0 0 0 0 0 0 0 0 0 0 0 0 0 0 0 0 0 0 0 0 0 0 0 0 0 0 0 0 0 0 0 0 0 0 0 0 0 0 0 0 
0.1393 0.4576 0.2702 0.0769 0.056 0 0 0 0 0 0 0 0 0 0 0 0 0 0 0 0.0669 0.1803 0.4525 0.2551 0.0598 0.1201 0.3802 0.2662 0.1199 0.0751 0.0239 0 0 0 0 0 0 0 0 0 0 0 0 0 0 0 0.0444 0.0584 0.2385 0.2011 0.2311 0.1976 0.1838 0.166 0.2736 0.2169 0.1419 0.0156 0.0173 0.0138 0 0 0 0 0 0 0 0 0 0 0 0 0 0 0 0 0 0 0 0 0 0 0 0 0 0 0 0 0 0 0 0 0 0 0 0 0 0 0 0 
0 0.1001 0.1984 0.3553 0.2613 0.0849 0 0 0 0 0 0 0 0 0 0 0 0 0.0142 0.0909 0.0438 0.3034 0.3004 0.1566 0.0907 0 0.0728 0.2217 0.2387 0.2824 0.1402 0.0442 0 0 0 0 0 0 0 0 0 0 0 0 0.0014 0.0432 0.041 0.045 0.1594 0.22 0.2637 0.1817 0.0446 0.0352 0.1945 0.1183 0.2352 0.093 0.2017 0.1221 0 0 0 0 0 0 0 0 0 0 0 0 0 0 0 0 0 0 0 0 0 0 0 0 0 0 0 0 0 0 0 0 0 0 0 0 0 0 0 0 
0.0427 0.1207 0.3076 0.2637 0.2096 0.0557 0 0 0 0 0 0 0 0 0 0 0 0 0 0.0129 0.1262 0.2443 0.4494 0.1224 0.0448 0.0393 0.1179 0.3345 0.201 0.1289 0.0902 0.0882 0 0 0 0 0 0 0 0 0 0 0 0 0 0 0.0592 0.1155 0.3445 0.3592 0.0586 0.0521 0.1475 0.1836 0.2997 0.1283 0.0344 0.0645 0.0622 0.0489 0.0313 0.0105 0 0 0 0 0 0 0 0 0 0 0 0 0 0 0 0 0 0 0 0 0 0 0 0 0 0 0 0 0 0 0 0 0 0 0 0 0 0 
0 0 0 0.2094 0.3473 0.2232 0.1493 0.0457 0.0251 0 0 0 0 0 0 0 0 0 0.1173 0.1731 0.1282 0.4311 0.1441 0.0062 0 0 0 0 0.1049 0.2129 0.5039 0.1227 0.0556 0 0 0 0 0 0 0 0 0 0 0 0 0 0.0084 0.1153 0.0992 0.1558 0.443 0.1783 0 0 0 0.0332 0.1635 0.2001 0.3343 0.1586 0.1103 0 0 0 0 0 0 0 0 0 0 0 0 0 0 0 0 0 0 0 0 0 0 0 0 0 0 0 0 0 0 0 0 0 0 0 0 0 0 0 
0.5119 0.2586 0.1443 0.0294 0.038 0.0121 0.0057 0 0 0 0 0 0 0 0 0 0 0 0 0 0 0.0451 0.0579 0.0504 0.532 0.4716 0.1976 0.3335 0.2069 0.0807 0.0243 0 0 0 0 0 0 0 0 0 0 0 0 0 0 0 0 0 0.0123 0.0642 0.133 0.2264 0.4707 0.2889 0.3117 0.2002 0.1405 0.0886 0.0635 0 0 0 0 0 0 0 0 0 0 0 0 0 0 0 0 0 0 0 0 0 0 0 0 0 0 0 0 0 0 0 0 0 0 0 0 0 0 0 0 0 
0.0038 0.3084 0.4227 0.2336 0.0315 0 0 0 0 0 0 0 0 0 0 0 0 0 0 0 0.0787 0.4204 0.2987 0.1486 0.0689 0.098 0.3707 0.2213 0.2528 0.0419 0 0 0 0 0 0 0 0 0 0 0 0 0 0 0 0.0232 0.1296 0.1631 0.2021 0.1805 0.1513 0.2605 0.1695 0.27 0.2417 0.1743 0.0342 0 0 0 0 0 0 0 0 0 0 0 0 0 0 0 0 0 0 0 0 0 0 0 0 0 0 0 0 0 0 0 0 0 0 0 0 0 0 0 0 0 0 0 
0.3676 0.4082 0.1801 0.0441 0 0 0 0 0 0 0 0 0 0 0 0 0 0 0 0 0.0092 0.0287 0.2076 0.3004 0.3685 0.5406 0.2785 0.2093 0.0572 0 0 0 0 0 0 0 0 0 0 0 0 0 0 0 0 0 0.034 0.0313 0.0818 0.1381 0.2893 0.3634 0.3386 0.2405 0.1698 0.1698 0.1191 0.0243 0 0 0 0 0 0 0 0 0 0 0 0 0 0 0 0 0 0 0 0 0 0 0 0 0 0 0 0 0 0 0 0 0 0 0 0 0 0 0 0 0 0 
0.6356 0.2698 0.0946 0 0 0 0 0 0 0 0 0 0 0 0 0 0 0 0 0 0 0 0.1132 0.3518 0.6062 0.6976 0.2039 0.0273 0 0 0 0 0 0 0 0 0 0 0 0 0 0 0 0 0 0 0 0 0.0725 0.1632 0.2966 0.4506 0.5815 0.3538 0.0649 0.0169 0 0 0 0 0 0 0 0 0 0 0 0 0 0 0 0 0 0 0 0 0 0 0 0 0 0 0 0 0 0 0 0 0 0 0 0 0 0 0 0 0 0 0 0 
0.7112 0.2404 0.0484 0 0 0 0 0 0 0 0 0 0 0 0 0 0 0 0 0 0 0 0.0728 0.2085 0.5207 0.7229 0.4138 0.0613 0 0 0 0 0 0 0 0 0 0 0 0 0 0 0 0 0 0 0 0 0.0099 0.1154 0.2038 0.2065 0.4361 0.5344 0.462 0.0319 0 0 0 0 0 0 0 0 0 0 0 0 0 0 0 0 0 0 0 0 0 0 0 0 0 0 0 0 0 0 0 0 0 0 0 0 0 0 0 0 0 0 0 0 
0.0253 0.1162 0.204 0.4324 0.1984 0.0237 0 0 0 0 0 0 0 0 0 0 0 0 0 0.0712 0.1802 0.2982 0.2205 0.2018 0.0281 0.0402 0.1392 0.2742 0.2573 0.2065 0.0613 0.0213 0 0 0 0 0 0 0 0 0 0 0 0 0 0.0656 0.0552 0.108 0.2442 0.2422 0.2386 0.0462 0.0675 0.2424 0.3065 0.0984 0.0428 0.0976 0.1448 0 0 0 0 0 0 0 0 0 0 0 0 0 0 0 0 0 0 0 0 0 0 0 0 0 0 0 0 0 0 0 0 0 0 0 0 0 0 0 0 0 
0 0 0.0992 0.1322 0.3802 0.3362 0.0522 0 0 0 0 0 0 0 0 0 0 0.0011 0.0951 0.2657 0.2283 0.1656 0.1916 0.0526 0 0 0 0.0686 0.211 0.204 0.1697 0.0836 0.2268 0.0363 0 0 0 0 0 0 0 0 0 0 0 0.0615 0.1835 0.2751 0.3901 0.0898 0 0 0 0 0.1837 0.1786 0.1164 0.1639 0.1152 0.1102 0.132 0 0 0 0 0 0 0 0 0 0 0 0 0 0 0 0 0 0 0 0 0 0 0 0 0 0 0 0 0 0 0 0 0 0 0 0 0 0 0 
0.2691 0.2004 0.2548 0.0942 0.107 0.0745 0 0 0 0 0 0 0 0 0 0 0 0 0 0.063 0.0268 0.2277 0.2227 0.0677 0.1182 0.1462 0.4018 0.4161 0.1924 0.111 0.0064 0 0 0 0 0 0 0 0 0 0 0 0 0 0 0 0 0.0279 0.0958 0.1613 0.1406 0.1906 0.2005 0.4093 0.4792 0.2578 0.037 0 0 0 0 0 0 0 0 0 0 0 0 0 0 0 0 0 0 0 0 0 0 0 0 0 0 0 0 0 0 0 0 0 0 0 0 0 0 0 0 0 0 0 
0.3927 0.2695 0.1332 0.1506 0.0202 0.0338 0 0 0 0 0 0 0 0 0 0 0 0 0 0 0.0342 0.0754 0.0741 0.3384 0.2659 0.3823 0.2596 0.1918 0.2321 0.1142 0.032 0 0 0 0 0 0 0 0 0 0 0 0 0 0 0 0.0015 0.0728 0.0437 0.1105 0.2455 0.2697 0.3849 0.2172 0.2512 0.121 0.1334 0.08 0.0231 0.0455 0 0 0 0 0 0 0 0 0 0 0 0 0 0 0 0 0 0 0 0 0 0 0 0 0 0 0 0 0 0 0 0 0 0 0 0 0 0 0 0 
0.1428 0.5644 0.0841 0.1449 0.0638 0 0 0 0 0 0 0 0 0 0 0 0 0 0 0 0 0.1402 0.1284 0.3433 0.3154 0.2267 0.3481 0.2206 0.1506 0.0762 0.0505 0 0 0 0 0 0 0 0 0 0 0 0 0 0 0 0 0 0 0.227 0.361 0.3144 0.3106 0.2276 0.2739 0.1185 0.0478 0.0636 0.0556 0 0 0 0 0 0 0 0 0 0 0 0 0 0 0 0 0 0 0 0 0 0 0 0 0 0 0 0 0 0 0 0 0 0 0 0 0 0 0 0 0 
0.0672 0.356 0.2181 0.2235 0.1352 0 0 0 0 0 0 0 0 0 0 0 0 0 0 0 0.034 0.2157 0.2405 0.313 0.2707 0.1212 0.1817 0.163 0.1621 0.1128 0.1497 0.0356 0 0 0 0 0 0 0 0 0 0 0 0 0 0 0 0 0.1369 0.2554 0.2748 0.1493 0.0798 0.0462 0.1906 0.2622 0.2416 0.044 0.1157 0.1848 0.0187 0 0 0 0 0 0 0 0 0 0 0 0 0 0 0 0 0 0 0 0 0 0 0 0 0 0 0 0 0 0 0 0 0 0 0 0 0 0 0 
0 0.1661 0.3594 0.3445 0.13 0 0 0 0 0 0 0 0 0 0 0 0 0 0 0 0.0136 0.1957 0.332 0.4306 0.0281 0.0642 0.1611 0.1893 0.3063 0.172 0.1033 0.0038 0 0 0 0 0 0 0 0 0 0 0 0 0 0 0 0.0499 0.1532 0.0885 0.1384 0.1988 0.2294 0.2734 0.1873 0.2846 0.2104 0.1428 0.0433 0 0 0 0 0 0 0 0 0 0 0 0 0 0 0 0 0 0 0 0 0 0 0 0 0 0 0 0 0 0 0 0 0 0 0 0 0 0 0 0 0 
0.3207 0.2212 0.2279 0.1685 0.0617 0 0 0 0 0 0 0 0 0 0 0 0 0 0 0.0428 0.054 0.1325 0.1594 0.2135 0.3613 0.3203 0.2182 0.3902 0.0767 0.0311 0 0 0 0 0 0 0 0 0 0 0 0 0 0 0 0 0 0.1116 0.2394 0.1063 0.2067 0.1052 0.3602 0.4103 0.2565 0.1389 0.0531 0.0118 0 0 0 0 0 0 0 0 0 0 0 0 0 0 0 0 0 0 0 0 0 0 0 0 0 0 0 0 0 0 0 0 0 0 0 0 0 0 0 0 0 0 
0.0404 0.1917 0.5585 0.2094 0 0 0 0 0 0 0 0 0 0 0 0 0 0 0 0 0.0032 0.1131 0.4183 0.3579 0.1017 0.0266 0.1238 0.2141 0.4543 0.1565 0.0305 0 0 0 0 0 0 0 0 0 0 0 0 0 0 0 0 0 0.0202 0.2042 0.1797 0.263 0.3075 0.2965 0.1505 0.1517 0.0479 0.1312 0.0578 0.0507 0.0595 0.0378 0.0403 0.0015 0 0 0 0 0 0 0 0 0 0 0 0 0 0 0 0 0 0 0 0 0 0 0 0 0 0 0 0 0 0 0 0 0 0 0 0 
0.0499 0.3121 0.4308 0.1902 0.017 0 0 0 0 0 0 0 0 0 0 0 0 0 0 0 0.0477 0.2585 0.2408 0.2085 0.1607 0.1937 0.3223 0.252 0.208 0.0267 0.0693 0.0118 0 0 0 0 0 0 0 0 0 0 0 0 0 0 0.0044 0.0741 0.1684 0.2183 0.246 0.3239 0.1166 0.2945 0.2154 0.0843 0.0289 0.0636 0.042 0.0415 0.0193 0.0432 0.0156 0 0 0 0 0 0 0 0 0 0 0 0 0 0 0 0 0 0 0 0 0 0 0 0 0 0 0 0 0 0 0 0 0 0 0 0 0 
0.7251 0.2265 0.0484 0 0 0 0 0 0 0 0 0 0 0 0 0 0 0 0 0 0 0 0.0489 0.53 0.6857 0.5278 0.1237 0.0839 0 0 0 0 0 0 0 0 0 0 0 0 0 0 0 0 0 0 0 0 0.0542 0.2401 0.4902 0.5477 0.3281 0.16 0.0241 0.0204 0.1352 0 0 0 0 0 0 0 0 0 0 0 0 0 0 0 0 0 0 0 0 0 0 0 0 0 0 0 0 0 0 0 0 0 0 0 0 0 0 0 0 0 0 0 
0.4416 0.3224 0.1913 0.0447 0 0 0 0 0 0 0 0 0 0 0 0 0 0 0 0 0.0133 0.0649 0.1118 0.4232 0.4377 0.2718 0.5641 0.1132 0 0 0 0 0 0 0 0 0 0 0 0 0 0 0 0 0 0 0 0 0.0248 0.0906 0.2262 0.6382 0.2828 0.2716 0.3777 0.0771 0.011 0 0 0 0 0 0 0 0 0 0 0 0 0 0 0 0 0 0 0 0 0 0 0 0 0 0 0 0 0 0 0 0 0 0 0 0 0 0 0 0 0 0 0 
0.5401 0.4355 0.0244 0 0 0 0 0 0 0 0 0 0 0 0 0 0 0 0 0 0 0 0.0668 0.5417 0.5857 0.41 0.2302 0.106 0.0555 0.0041 0 0 0 0 0 0 0 0 0 0 0 0 0 0 0 0 0 0.0023 0.1418 0.5088 0.5083 0.2792 0.2738 0.1654 0.1001 0.0203 0 0 0 0 0 0 0 0 0 0 0 0 0 0 0 0 0 0 0 0 0 0 0 0 0 0 0 0 0 0 0 0 0 0 0 0 0 0 0 0 0 0 0 0 
0.1609 0.1884 0.4888 0.1619 0 0 0 0 0 0 0 0 0 0 0 0 0 0 0 0 0 0.0869 0.3324 0.5239 0.1448 0.1187 0.3544 0.3125 0.0886 0.0378 0 0 0 0 0 0 0 0 0 0 0 0 0 0 0 0 0.0028 0.1357 0.4555 0.2771 0.0918 0.0371 0.3253 0.2881 0.2406 0.146 0 0 0 0 0 0 0 0 0 0 0 0 0 0 0 0 0 0 0 0 0 0 0 0 0 0 0 0 0 0 0 0 0 0 0 0 0 0 0 0 0 0 0 0 
0.4118 0.3871 0.1677 0.0334 0 0 0 0 0 0 0 0 0 0 0 0 0 0 0 0 0 0 0.0974 0.366 0.3035 0.4427 0.4743 0.1903 0.0739 0.0519 0 0 0 0 0 0 0 0 0 0 0 0 0 0 0 0 0 0 0 0.0824 0.2383 0.3494 0.3832 0.3573 0.3293 0.1203 0.0889 0.0509 0 0 0 0 0 0 0 0 0 0 0 0 0 0 0 0 0 0 0 0 0 0 0 0 0 0 0 0 0 0 0 0 0 0 0 0 0 0 0 0 0 0 
0.217 0.5576 0.1647 0.0607 0 0 0 0 0 0 0 0 0 0 0 0 0 0 0 0 0 0.0137 0.2448 0.4188 0.4647 0.1115 0.3974 0.1899 0.0985 0.0607 0 0 0 0 0 0 0 0 0 0 0 0 0 0 0 0 0 0 0.1782 0.1744 0.4742 0.3182 0.3194 0.2171 0.1915 0.107 0.02 0 0 0 0 0 0 0 0 0 0 0 0 0 0 0 0 0 0 0 0 0 0 0 0 0 0 0 0 0 0 0 0 0 0 0 0 0 0 0 0 0 0 0 
0.2577 0.3903 0.2765 0.0755 0 0 0 0 0 0 0 0 0 0 0 0 0 0 0 0 0 0.08 0.533 0.3199 0.1899 0.3194 0.2652 0.1741 0.1092 0.0093 0 0 0 0 0 0 0 0 0 0 0 0 0 0 0 0 0.0277 0.1019 0.228 0.3514 0.1246 0.3151 0.3934 0.1652 0.1617 0.1128 0.0182 0 0 0 0 0 0 0 0 0 0 0 0 0 0 0 0 0 0 0 0 0 0 0 0 0 0 0 0 0 0 0 0 0 0 0 0 0 0 0 0 0 0 0 
0.3374 0.2763 0.2062 0.1445 0.0356 0 0 0 0 0 0 0 0 0 0 0 0 0 0 0 0.0903 0.1379 0.1588 0.2526 0.17 0.1952 0.4016 0.4505 0.1431 0 0 0 0 0 0 0 0 0 0 0 0 0 0 0 0 0 0 0.0417 0.2064 0.2465 0.0959 0.0714 0.0766 0.3501 0.2024 0.2754 0.2337 0.1417 0.045 0.0132 0 0 0 0 0 0 0 0 0 0 0 0 0 0 0 0 0 0 0 0 0 0 0 0 0 0 0 0 0 0 0 0 0 0 0 0 0 0 0 0 
0.4519 0.1599 0.3672 0.021 0 0 0 0 0 0 0 0 0 0 0 0 0 0 0 0 0.0571 0.2173 0.2803 0.362 0.3048 0.3923 0.1251 0.2004 0.0607 0 0 0 0 0 0 0 0 0 0 0 0 0 0 0 0 0 0.0193 0.0328 0.0873 0.3128 0.2984 0.3575 0.3813 0.183 0.1707 0.1396 0.0173 0 0 0 0 0 0 0 0 0 0 0 0 0 0 0 0 0 0 0 0 0 0 0 0 0 0 0 0 0 0 0 0 0 0 0 0 0 0 0 0 0 0 0 
0.2687 0.4951 0.2084 0.0278 0 0 0 0 0 0 0 0 0 0 0 0 0 0 0 0 0 0 0.0329 0.4302 0.5521 0.5242 0.2081 0.1219 0.1281 0.0025 0 0 0 0 0 0 0 0 0 0 0 0 0 0 0 0 0 0 0 0.0413 0.3054 0.4744 0.6982 0.3365 0.1178 0.0264 0 0 0 0 0 0 0 0 0 0 0 0 0 0 0 0 0 0 0 0 0 0 0 0 0 0 0 0 0 0 0 0 0 0 0 0 0 0 0 0 0 0 0 0 
0.5126 0.2461 0.1155 0.0823 0.0435 0 0 0 0 0 0 0 0 0 0 0 0 0 0 0 0 0.0358 0.0844 0.3046 0.2164 0.2666 0.4691 0.3082 0.2248 0.0889 0.0012 0 0 0 0 0 0 0 0 0 0 0 0 0 0 0 0 0 0 0 0.0871 0.2831 0.2455 0.4236 0.637 0.2607 0.063 0 0 0 0 0 0 0 0 0 0 0 0 0 0 0 0 0 0 0 0 0 0 0 0 0 0 0 0 0 0 0 0 0 0 0 0 0 0 0 0 0 0 0 
0.3464 0.2213 0.3412 0.0911 0 0 0 0 0 0 0 0 0 0 0 0 0 0 0 0.0009 0.028 0.1796 0.3806 0.3667 0.2325 0.1331 0.1452 0.2059 0.2169 0.1106 0 0 0 0 0 0 0 0 0 0 0 0 0 0 0 0 0.0639 0.1017 0.1803 0.2069 0.2801 0.3105 0.0858 0.1427 0.0749 0.0934 0.1945 0.2175 0.0478 0 0 0 0 0 0 0 0 0 0 0 0 0 0 0 0 0 0 0 0 0 0 0 0 0 0 0 0 0 0 0 0 0 0 0 0 0 0 0 0 0 
0.6495 0.2297 0.1208 0 0 0 0 0 0 0 0 0 0 0 0 0 0 0 0 0 0 0 0.0544 0.2071 0.4339 0.5603 0.5328 0.1082 0.1033 0 0 0 0 0 0 0 0 0 0 0 0 0 0 0 0 0 0 0 0 0.1434 0.3566 0.4385 0.263 0.3652 0.3202 0.1131 0 0 0 0 0 0 0 0 0 0 0 0 0 0 0 0 0 0 0 0 0 0 0 0 0 0 0 0 0 0 0 0 0 0 0 0 0 0 0 0 0 0 0 0 
0 0 0.1742 0.2896 0.3706 0.1656 0 0 0 0 0 0 0 0 0 0 0 0 0.0427 0.0486 0.4325 0.3406 0.1356 0 0 0 0.0111 0.21 0.2906 0.311 0.1634 0.0139 0 0 0 0 0 0 0 0 0 0 0 0 0 0.084 0.2946 0.3441 0.2441 0.0332 0 0 0.0336 0.2071 0.1686 0.1306 0.1223 0.249 0.0888 0 0 0 0 0 0 0 0 0 0 0 0 0 0 0 0 0 0 0 0 0 0 0 0 0 0 0 0 0 0 0 0 0 0 0 0 0 0 0 0 0 
0 0.0179 0.2109 0.181 0.2353 0.251 0.0802 0.0237 0 0 0 0 0 0 0 0 0 0 0.1741 0.2756 0.1051 0.2204 0.2248 0 0 0 0.1219 0.1715 0.2575 0.1442 0.2079 0.0813 0.0157 0 0 0 0 0 0 0 0 0 0 0.0234 0.2573 0.1621 0.0942 0.0174 0.1539 0.1465 0.1344 0.0108 0.0162 0.0907 0.1263 0.3534 0.3454 0.068 0 0 0 0 0 0 0 0 0 0 0 0 0 0 0 0 0 0 0 0 0 0 0 0 0 0 0 0 0 0 0 0 0 0 0 0 0 0 0 0 0 0 
0.4865 0.3937 0.1198 0 0 0 0 0 0 0 0 0 0 0 0 0 0 0 0 0 0 0.0381 0.2131 0.3928 0.5298 0.561 0.1576 0.0908 0.0168 0 0 0 0 0 0 0 0 0 0 0 0 0 0 0 0 0 0.0352 0.0665 0.1851 0.2758 0.485 0.2724 0.2249 0.2754 0.1797 0 0 0 0 0 0 0 0 0 0 0 0 0 0 0 0 0 0 0 0 0 0 0 0 0 0 0 0 0 0 0 0 0 0 0 0 0 0 0 0 0 0 0 0 0 
0.4764 0.3548 0.1109 0.0579 0 0 0 0 0 0 0 0 0 0 0 0 0 0 0 0 0 0.0041 0.1976 0.226 0.4262 0.4757 0.3286 0.1756 0.1221 0.0441 0 0 0 0 0 0 0 0 0 0 0 0 0 0 0 0 0 0 0.0541 0.0416 0.0852 0.3463 0.287 0.2384 0.4782 0.1951 0.1658 0.0797 0.0286 0 0 0 0 0 0 0 0 0 0 0 0 0 0 0 0 0 0 0 0 0 0 0 0 0 0 0 0 0 0 0 0 0 0 0 0 0 0 0 0 0 
0.3995 0.217 0.229 0.1203 0.0226 0.0116 0 0 0 0 0 0 0 0 0 0 0 0 0 0.0253 0.0647 0.1436 0.2026 0.1846 0.2283 0.4529 0.4391 0.2077 0.0492 0.002 0 0 0 0 0 0 0 0 0 0 0 0 0 0 0 0 0 0.065 0.2078 0.1422 0.1171 0.116 0.4284 0.4896 0.275 0.1464 0.0125 0 0 0 0 0 0 0 0 0 0 0 0 0 0 0 0 0 0 0 0 0 0 0 0 0 0 0 0 0 0 0 0 0 0 0 0 0 0 0 0 0 0 0 
0.2375 0.3042 0.1516 0.135 0.1274 0.0443 0 0 0 0 0 0 0 0 0 0 0 0 0 0 0.1455 0.0761 0.1248 0.2502 0.3194 0.2829 0.2328 0.1662 0.1588 0.1358 0.0739 0.0336 0 0 0 0 0 0 0 0 0 0 0 0 0 0 0.0314 0.1123 0.0688 0.0558 0.1559 0.2636 0.34 0.1507 0.204 0.1733 0.2504 0.1938 0 0 0 0 0 0 0 0 0 0 0 0 0 0 0 0 0 0 0 0 0 0 0 0 0 0 0 0 0 0 0 0 0 0 0 0 0 0 0 0 0 0 
0 0.0007 0.0442 0.2296 0.1898 0.1727 0.2491 0.054 0.0599 0 0 0 0 0 0 0 0.017 0.0574 0.0962 0.1493 0.2535 0.2762 0.1194 0.031 0 0 0.0043 0.0135 0.0395 0.172 0.2182 0.3606 0.1239 0.068 0 0 0 0 0 0 0 0 0 0 0 0.0323 0.1523 0.2784 0.1386 0.1139 0.1984 0.0861 0 0 0 0.1474 0.1587 0.2041 0.2858 0.101 0.0484 0.0546 0 0 0 0 0 0 0 0 0 0 0 0 0 0 0 0 0 0 0 0 0 0 0 0 0 0 0 0 0 0 0 0 0 0 0 0 0 0 
0 0.0349 0.0945 0.1494 0.2671 0.1781 0.2722 0.0038 0 0 0 0 0 0 0 0.0034 0.0272 0.208 0.1111 0.192 0.1378 0.2412 0.0757 0.0036 0 0 0.0844 0.1614 0.1751 0.2341 0.2117 0.1232 0.0101 0 0 0 0 0 0 0 0 0 0 0.1597 0.1891 0.1755 0.2551 0.1285 0.0554 0.0367 0 0 0 0.1207 0.2382 0.1809 0.1324 0.2455 0.0593 0.023 0 0 0 0 0 0 0 0 0 0 0 0 0 0 0 0 0 0 0 0 0 0 0 0 0 0 0 0 0 0 0 0 0 0 0 0 0 0 0 0 
0 0 0.0241 0.0125 0.1102 0.0901 0.3136 0.1969 0.2018 0.0508 0 0 0 0 0 0.0239 0.0535 0.3583 0.2692 0.2038 0.0814 0.0099 0 0 0 0 0 0 0.0339 0.1107 0.1064 0.1181 0.2951 0.254 0.0637 0.0181 0 0 0 0 0 0.0158 0.1454 0.0797 0.1359 0.1635 0.208 0.1014 0.0793 0.0552 0.0158 0 0 0 0 0 0.1639 0.1027 0.0656 0.0638 0.1467 0.2554 0.1196 0.0823 0 0 0 0 0 0 0 0 0 0 0 0 0 0 0 0 0 0 0 0 0 0 0 0 0 0 0 0 0 0 0 0 0 0 0 0 
0 0 0 0 0.017 0.1928 0.4992 0.291 0 0 0 0 0 0 0 0 0.0315 0.1372 0.3434 0.3293 0.1314 0.0272 0 0 0 0 0 0 0 0.0508 0.1931 0.2462 0.4344 0.0755 0 0 0 0 0 0 0 0 0 0 0.0307 0.1204 0.2991 0.1492 0.1346 0.1629 0.1031 0 0 0 0 0 0 0.0074 0.1429 0.2843 0.189 0.2435 0.1123 0.0206 0 0 0 0 0 0 0 0 0 0 0 0 0 0 0 0 0 0 0 0 0 0 0 0 0 0 0 0 0 0 0 0 0 0 0 0 
0.1314 0.1906 0.2274 0.2459 0.1557 0.049 0 0 0 0 0 0 0 0 0 0 0 0 0.0155 0.0356 0.1381 0.307 0.1646 0.2589 0.1112 0.2107 0.0395 0.1184 0.1951 0.1789 0.1367 0.0453 0.0445 0 0 0 0 0 0 0 0 0 0 0 0 0.0351 0.0904 0.0764 0.0604 0.126 0.2615 0.4229 0.2051 0.0512 0.0744 0.1357 0.1253 0.0749 0.0766 0.0573 0.1035 0.0233 0 0 0 0 0 0 0 0 0 0 0 0 0 0 0 0 0 0 0 0 0 0 0 0 0 0 0 0 0 0 0 0 0 0 0 0 0 0 
0.3864 0.294 0.2745 0.0451 0 0 0 0 0 0 0 0 0 0 0 0 0 0 0 0 0 0 0.0646 0.3882 0.6237 0.3989 0.328 0.1081 0.0532 0.0353 0 0 0 0 0 0 0 0 0 0 0 0 0 0 0 0 0 0 0 0 0.1775 0.379 0.5884 0.3948 0.2401 0.1768 0.0406 0.0028 0 0 0 0 0 0 0 0 0 0 0 0 0 0 0 0 0 0 0 0 0 0 0 0 0 0 0 0 0 0 0 0 0 0 0 0 0 0 0 0 0 0 
0.3582 0.4278 0.1382 0.0549 0.0209 0 0 0 0 0 0 0 0 0 0 0 0 0 0 0 0 0.0042 0.1084 0.1767 0.6151 0.546 0.2874 0.1663 0.0753 0.0206 0 0 0 0 0 0 0 0 0 0 0 0 0 0 0 0 0 0 0 0.091 0.2655 0.3074 0.8075 0.4124 0.0373 0.0658 0.0131 0 0 0 0 0 0 0 0 0 0 0 0 0 0 0 0 0 0 0 0 0 0 0 0 0 0 0 0 0 0 0 0 0 0 0 0 0 0 0 0 0 0 0 
0 0 0.1374 0.3104 0.3448 0.124 0.0834 0 0 0 0 0 0 0 0 0 0 0 0.0708 0.338 0.3143 0.2473 0.0296 0 0 0 0.0102 0.1304 0.2851 0.3711 0.0719 0.1012 0.0301 0 0 0 0 0 0 0 0 0 0 0 0.0213 0.1868 0.2503 0.2633 0.1279 0.1206 0.0298 0 0 0 0.0597 0.2057 0.4413 0.2281 0.0652 0 0 0 0 0 0 0 0 0 0 0 0 0 0 0 0 0 0 0 0 0 0 0 0 0 0 0 0 0 0 0 0 0 0 0 0 0 0 0 0 0 
0.3279 0.3266 0.2187 0.0765 0.0503 0 0 0 0 0 0 0 0 0 0 0 0 0 0 0 0.1004 0.1229 0.2845 0.2294 0.1563 0.0995 0.3693 0.4209 0.1726 0.0442 0 0 0 0 0 0 0 0 0 0 0 0 0 0 0 0 0.0767 0.0947 0.1828 0.182 0.215 0.0522 0.1142 0.1424 0.2785 0.1738 0.3455 0.1422 0 0 0 0 0 0 0 0 0 0 0 0 0 0 0 0 0 0 0 0 0 0 0 0 0 0 0 0 0 0 0 0 0 0 0 0 0 0 0 0 0 0 
0.0638 0.298 0.3411 0.221 0.0737 0.0024 0 0 0 0 0 0 0 0 0 0 0 0 0 0 0.0522 0.0877 0.2663 0.3054 0.2215 0.1389 0.2218 0.3017 0.3202 0.0634 0.0209 0 0 0 0 0 0 0 0 0 0 0 0 0 0 0 0 0 0.0492 0.193 0.255 0.3053 0.1783 0.14 0.1872 0.4376 0.1604 0.0682 0.0258 0 0 0 0 0 0 0 0 0 0 0 0 0 0 0 0 0 0 0 0 0 0 0 0 0 0 0 0 0 0 0 0 0 0 0 0 0 0 0 0 0 
0.3579 0.3393 0.2911 0.0117 0 0 0 0 0 0 0 0 0 0 0 0 0 0 0 0 0 0.0502 0.2088 0.2986 0.3263 0.308 0.3766 0.344 0.0862 0.0013 0 0 0 0 0 0 0 0 0 0 0 0 0 0 0 0 0 0.0268 0.0653 0.1436 0.1917 0.502 0.5167 0.247 0.1686 0.101 0.0373 0 0 0 0 0 0 0 0 0 0 0 0 0 0 0 0 0 0 0 0 0 0 0 0 0 0 0 0 0 0 0 0 0 0 0 0 0 0 0 0 0 0 0 
0.5442 0.2634 0.1614 0.031 0 0 0 0 0 0 0 0 0 0 0 0 0 0 0 0 0 0 0.1094 0.2703 0.4551 0.4021 0.3562 0.2477 0.1196 0.0396 0 0 0 0 0 0 0 0 0 0 0 0 0 0 0 0 0 0 0 0.1545 0.4138 0.2538 0.3961 0.4149 0.2928 0.0741 0 0 0 0 0 0 0 0 0 0 0 0 0 0 0 0 0 0 0 0 0 0 0 0 0 0 0 0 0 0 0 0 0 0 0 0 0 0 0 0 0 0 0 0 
0.752 0.2444 0.0036 0 0 0 0 0 0 0 0 0 0 0 0 0 0 0 0 0 0 0 0.0082 0.1486 0.3884 0.7931 0.4803 0.159 0.0224 0 0 0 0 0 0 0 0 0 0 0 0 0 0 0 0 0 0 0 0 0 0.0187 0.0696 0.2551 0.6291 0.4701 0.3685 0.1754 0.0135 0 0 0 0 0 0 0 0 0 0 0 0 0 0 0 0 0 0 0 0 0 0 0 0 0 0 0 0 0 0 0 0 0 0 0 0 0 0 0 0 0 0 
0.1427 0.3514 0.4052 0.0835 0.0172 0 0 0 0 0 0 0 0 0 0 0 0 0 0 0 0 0.1208 0.5968 0.1963 0.0855 0.1889 0.445 0.269 0.0914 0.0063 0 0 0 0 0 0 0 0 0 0 0 0 0 0 0 0.0203 0.0258 0.1298 0.2349 0.3881 0.1928 0.0083 0.1105 0.2325 0.2788 0.1001 0.0945 0.1168 0.0668 0 0 0 0 0 0 0 0 0 0 0 0 0 0 0 0 0 0 0 0 0 0 0 0 0 0 0 0 0 0 0 0 0 0 0 0 0 0 0 0 0 
0.5872 0.3545 0.0583 0 0 0 0 0 0 0 0 0 0 0 0 0 0 0 0 0 0 0.0244 0.07 0.3488 0.6162 0.5461 0.212 0.1794 0.0031 0 0 0 0 0 0 0 0 0 0 0 0 0 0 0 0 0 0 0.0262 0.135 0.2286 0.3181 0.3762 0.3137 0.1916 0.2519 0.0937 0.0299 0.0351 0 0 0 0 0 0 0 0 0 0 0 0 0 0 0 0 0 0 0 0 0 0 0 0 0 0 0 0 0 0 0 0 0 0 0 0 0 0 0 0 0 0 
0.2412 0.458 0.2759 0.0249 0 0 0 0 0 0 0 0 0 0 0 0 0 0 0 0 0.0205 0.1851 0.3273 0.3825 0.2513 0.2547 0.3162 0.242 0.0204 0 0 0 0 0 0 0 0 0 0 0 0 0 0 0 0 0.0076 0.0725 0.0568 0.11 0.4586 0.2187 0.1242 0.345 0.379 0.1884 0.0392 0 0 0 0 0 0 0 0 0 0 0 0 0 0 0 0 0 0 0 0 0 0 0 0 0 0 0 0 0 0 0 0 0 0 0 0 0 0 0 0 0 0 0 0 
0.5873 0.3099 0.1028 0 0 0 0 0 0 0 0 0 0 0 0 0 0 0 0 0 0 0.0264 0.0577 0.2134 0.3527 0.4445 0.6909 0.1929 0.0215 0 0 0 0 0 0 0 0 0 0 0 0 0 0 0 0 0 0 0 0 0.0963 0.1305 0.3009 0.2769 0.5503 0.3128 0.2085 0.0609 0.0629 0 0 0 0 0 0 0 0 0 0 0 0 0 0 0 0 0 0 0 0 0 0 0 0 0 0 0 0 0 0 0 0 0 0 0 0 0 0 0 0 0 0 
0.4266 0.2712 0.2014 0.1008 0 0 0 0 0 0 0 0 0 0 0 0 0 0 0 0 0 0.0571 0.383 0.4531 0.2778 0.2496 0.3413 0.199 0.0391 0 0 0 0 0 0 0 0 0 0 0 0 0 0 0 0 0 0.0485 0.1114 0.1392 0.2946 0.352 0.3024 0.2973 0.1053 0.1752 0.1741 0 0 0 0 0 0 0 0 0 0 0 0 0 0 0 0 0 0 0 0 0 0 0 0 0 0 0 0 0 0 0 0 0 0 0 0 0 0 0 0 0 0 0 0 
0.047 0.2486 0.3559 0.2504 0.0826 0.0155 0 0 0 0 0 0 0 0 0 0 0 0 0 0 0.0591 0.2635 0.3133 0.2935 0.0424 0.2047 0.2309 0.1763 0.2697 0.131 0.0156 0 0 0 0 0 0 0 0 0 0 0 0 0 0 0 0 0.153 0.2168 0.4162 0.208 0.1152 0.0517 0.189 0.1385 0.1627 0.2598 0.0891 0 0 0 0 0 0 0 0 0 0 0 0 0 0 0 0 0 0 0 0 0 0 0 0 0 0 0 0 0 0 0 0 0 0 0 0 0 0 0 0 0 0 
0.3054 0.2766 0.2392 0.167 0.0118 0 0 0 0 0 0 0 0 0 0 0 0 0 0 0 0 0.093 0.1928 0.2798 0.4462 0.1604 0.1428 0.4252 0.2452 0.0146 0 0 0 0 0 0 0 0 0 0 0 0 0 0 0 0 0 0 0.1151 0.2354 0.1502 0.3498 0.2568 0.1311 0.2126 0.283 0.1983 0.0522 0.0155 0 0 0 0 0 0 0 0 0 0 0 0 0 0 0 0 0 0 0 0 0 0 0 0 0 0 0 0 0 0 0 0 0 0 0 0 0 0 0 0 0 
0.2401 0.2032 0.1815 0.3108 0.0644 0 0 0 0 0 0 0 0 0 0 0 0 0 0 0 0.0074 0.1453 0.396 0.1899 0.2243 0.2005 0.2676 0.2718 0.2603 0.0369 0 0 0 0 0 0 0 0 0 0 0 0 0 0 0 0 0 0 0.1246 0.2579 0.3301 0.2479 0.2942 0.3354 0.1518 0.111 0.1365 0.0106 0 0 0 0 0 0 0 0 0 0 0 0 0 0 0 0 0 0 0 0 0 0 0 0 0 0 0 0 0 0 0 0 0 0 0 0 0 0 0 0 0 0 
0.1316 0.2396 0.3866 0.2422 0 0 0 0 0 0 0 0 0 0 0 0 0 0 0 0.025 0.0315 0.2475 0.3137 0.2004 0.1378 0.0809 0.253 0.3402 0.3144 0.0556 0 0 0 0 0 0 0 0 0 0 0 0 0 0 0 0.0089 0.1217 0.0998 0.1495 0.3185 0.1809 0.0923 0.1648 0.0584 0.1832 0.3311 0.2027 0.0882 0 0 0 0 0 0 0 0 0 0 0 0 0 0 0 0 0 0 0 0 0 0 0 0 0 0 0 0 0 0 0 0 0 0 0 0 0 0 0 0 0 0 
0.513 0.2486 0.208 0.0304 0 0 0 0 0 0 0 0 0 0 0 0 0 0 0 0 0 0.0122 0.203 0.1851 0.4646 0.3508 0.4513 0.3164 0.0166 0 0 0 0 0 0 0 0 0 0 0 0 0 0 0 0 0 0 0 0.071 0.168 0.2488 0.2653 0.2539 0.1451 0.3536 0.2773 0.2014 0.0156 0 0 0 0 0 0 0 0 0 0 0 0 0 0 0 0 0 0 0 0 0 0 0 0 0 0 0 0 0 0 0 0 0 0 0 0 0 0 0 0 0 0 
0.5985 0.261 0.1284 0.0121 0 0 0 0 0 0 0 0 0 0 0 0 0 0 0 0 0 0 0.2701 0.4797 0.3226 0.5456 0.3055 0.055 0.0215 0 0 0 0 0 0 0 0 0 0 0 0 0 0 0 0 0 0 0.0544 0.1021 0.3517 0.3287 0.1842 0.1456 0.151 0.2233 0.2593 0.0838 0.1035 0.0124 0 0 0 0 0 0 0 0 0 0 0 0 0 0 0 0 0 0 0 0 0 0 0 0 0 0 0 0 0 0 0 0 0 0 0 0 0 0 0 0 0 
0.3903 0.4869 0.1016 0.0212 0 0 0 0 0 0 0 0 0 0 0 0 0 0 0 0 0 0.0196 0.2193 0.4539 0.2745 0.2805 0.447 0.1765 0.1109 0.0178 0 0 0 0 0 0 0 0 0 0 0 0 0 0 0 0 0.0067 0.0293 0.12 0.2444 0.228 0.2792 0.2442 0.2138 0.4786 0.0841 0.0717 0 0 0 0 0 0 0 0 0 0 0 0 0 0 0 0 0 0 0 0 0 0 0 0 0 0 0 0 0 0 0 0 0 0 0 0 0 0 0 0 0 0 0 
0.4855 0.4046 0.1099 0 0 0 0 0 0 0 0 0 0 0 0 0 0 0 0 0 0 0.0022 0.2653 0.5644 0.3401 0.4172 0.2996 0.1003 0.0109 0 0 0 0 0 0 0 0 0 0 0 0 0 0 0 0 0 0 0.1007 0.2668 0.2422 0.3951 0.4471 0.262 0.162 0.053 0.0368 0.0343 0 0 0 0 0 0 0 0 0 0 0 0 0 0 0 0 0 0 0 0 0 0 0 0 0 0 0 0 0 0 0 0 0 0 0 0 0 0 0 0 0 0 0 
0.4841 0.1819 0.2409 0.0802 0.0129 0 0 0 0 0 0 0 0 0 0 0 0 0 0 0 0.0665 0.1266 0.1354 0.2499 0.5278 0.388 0.1797 0.1662 0.1453 0.0146 0 0 0 0 0 0 0 0 0 0 0 0 0 0 0 0 0 0 0.0638 0.4328 0.3203 0.3269 0.2121 0.2791 0.1754 0.1586 0.031 0 0 0 0 0 0 0 0 0 0 0 0 0 0 0 0 0 0 0 0 0 0 0 0 0 0 0 0 0 0 0 0 0 0 0 0 0 0 0 0 0 0 0 
0.3901 0.4617 0.0914 0.0419 0.0149 0 0 0 0 0 0 0 0 0 0 0 0 0 0 0 0 0 0.1182 0.3699 0.2697 0.3293 0.4171 0.2283 0.2623 0.0052 0 0 0 0 0 0 0 0 0 0 0 0 0 0 0 0 0 0 0.089 0.2163 0.2586 0.2804 0.2146 0.2944 0.2079 0.1842 0.1079 0.1084 0.0383 0 0 0 0 0 0 0 0 0 0 0 0 0 0 0 0 0 0 0 0 0 0 0 0 0 0 0 0 0 0 0 0 0 0 0 0 0 0 0 0 0 
0.3967 0.302 0.1219 0.1568 0.0226 0 0 0 0 0 0 0 0 0 0 0 0 0 0 0 0 0.0116 0.1525 0.3577 0.412 0.4669 0.3312 0.1364 0.1317 0 0 0 0 0 0 0 0 0 0 0 0 0 0 0 0 0 0 0 0.0472 0.1478 0.2237 0.3489 0.5235 0.5048 0.1814 0.0227 0 0 0 0 0 0 0 0 0 0 0 0 0 0 0 0 0 0 0 0 0 0 0 0 0 0 0 0 0 0 0 0 0 0 0 0 0 0 0 0 0 0 0 0 
0.5844 0.3659 0.0497 0 0 0 0 0 0 0 0 0 0 0 0 0 0 0 0 0 0 0 0.1263 0.2797 0.3033 0.6033 0.5313 0.1405 0.0156 0 0 0 0 0 0 0 0 0 0 0 0 0 0 0 0 0 0 0 0 0.0945 0.3276 0.5129 0.2595 0.3438 0.2037 0.1714 0.0866 0 0 0 0 0 0 0 0 0 0 0 0 0 0 0 0 0 0 0 0 0 0 0 0 0 0 0 0 0 0 0 0 0 0 0 0 0 0 0 0 0 0 0 
0.5535 0.2853 0.1146 0.0466 0 0 0 0 0 0 0 0 0 0 0 0 0 0 0 0 0 0 0.0863 0.3862 0.4677 0.4428 0.3836 0.1605 0.0668 0.0061 0 0 0 0 0 0 0 0 0 0 0 0 0 0 0 0 0 0 0 0.0345 0.3251 0.4633 0.3024 0.3064 0.3052 0.0866 0.0429 0.033 0.0513 0.0493 0 0 0 0 0 0 0 0 0 0 0 0 0 0 0 0 0 0 0 0 0 0 0 0 0 0 0 0 0 0 0 0 0 0 0 0 0 0 0 0 
0.2399 0.3202 0.3916 0.0483 0 0 0 0 0 0 0 0 0 0 0 0 0 0 0 0 0 0.0357 0.4221 0.2411 0.347 0.2908 0.2144 0.2301 0.1799 0.0389 0 0 0 0 0 0 0 0 0 0 0 0 0 0 0 0 0 0 0 0.1049 0.2501 0.3326 0.3622 0.3709 0.2595 0.0874 0.1307 0.1017 0 0 0 0 0 0 0 0 0 0 0 0 0 0 0 0 0 0 0 0 0 0 0 0 0 0 0 0 0 0 0 0 0 0 0 0 0 0 0 0 0 0 
