n t PE VE R R2 BS
9000 0 17.2282 15.5512 -0.0633956 4.8957 0.180498
19000 1.4e+06 19.431 17.4394 -0.0710446 5.49233 0.199345
29000 1.4e+06 18.8571 16.6884 -0.0314597 5.22881 0.198431
39000 1.41e+06 19.1559 17.0697 -0.0134859 5.36303 0.197114
49000 1.4e+06 19.3057 17.1459 0.0021465 5.43059 0.198341
59000 1.4e+06 19.3293 17.2709 0.00423699 5.44633 0.200764
69000 1.4e+06 19.4243 16.9592 0.0260286 5.34497 0.196852
79000 1.4e+06 19.96 16.967 -0.00903044 5.38189 0.194783
89000 1.41e+06 19.1873 17.2058 -0.056708 5.44088 0.197856
99000 1.4e+06 19.2777 17.2814 -0.0207879 5.49055 0.19564
109000 1.4e+06 19.6944 17.3398 -0.0137428 5.47963 0.195406
119000 1.4e+06 19.7537 16.7214 -0.0525763 5.31154 0.19378
129000 1.4e+06 19.4595 17.1897 -0.000717392 5.4364 0.196844
139000 1.41e+06 18.4302 17.5955 0.0897115 5.55324 0.202205
149000 1.4e+06 19.6343 16.8432 0.0868736 5.31427 0.200296
159000 1.4e+06 19.0233 16.7887 0.124934 5.28846 0.19624
169000 1.4e+06 19.6622 16.5781 0.0139194 5.2619 0.194218
179000 1.4e+06 18.7124 16.4956 0.0173431 5.16852 0.196598
189000 1.4e+06 18.8477 16.5453 0.0617622 5.229 0.19703
199000 1.41e+06 18.7834 16.6772 -0.129931 5.25621 0.195586
209000 1.4e+06 19.8743 16.8369 -0.0341556 5.32199 0.199964
219000 1.4e+06 19.0272 17.6898 -0.0444119 5.58759 0.200225
229000 1.4e+06 19.5816 17.1462 -0.0546616 5.39859 0.198848
239000 1.41e+06 18.8414 16.7346 0.0472291 5.2643 0.197548
249000 1.4e+06 19.6401 16.8682 0.00397935 5.31344 0.196459
259000 1.4e+06 19.3837 16.9364 -0.0270768 5.36005 0.196485
269000 1.4e+06 20.6877 17.4887 0.0855205 5.54119 0.198628
279000 1.4e+06 18.1016 17.436 -0.0954211 5.50341 0.202572
289000 1.4e+06 19.2742 17.5162 -0.0858144 5.53707 0.197122
299000 1.41e+06 18.5355 16.9454 0.0201463 5.33367 0.201921
309000 1.4e+06 18.9987 16.9106 -0.113457 5.34628 0.196851
319000 1.4e+06 19.6115 17.0563 0.0257214 5.35698 0.197542
329000 1.4e+06 20.039 16.8903 -0.0616271 5.32844 0.194482
339000 1.4e+06 19.463 16.8199 -0.0793988 5.29313 0.193783
349000 1.41e+06 19.6582 16.7128 0.155881 5.29725 0.193352
359000 1.4e+06 19.781 16.4388 0.0194587 5.2081 0.19049
369000 1.4e+06 19.4205 16.9285 -0.0102317 5.35711 0.194359
379000 1.4e+06 18.9972 16.962 0.0170829 5.34285 0.198168
389000 1.41e+06 20.045 17.0949 -0.00893555 5.38741 0.196087
399000 1.4e+06 18.9789 16.8654 -0.00650964 5.34577 0.196075
409000 1.4e+06 19.3053 17.4291 -0.0994329 5.48645 0.199859
419000 1.42e+06 19.5265 17.2546 0.0535026 5.43229 0.198784
429000 1.41e+06 19.0064 16.951 -0.038966 5.33728 0.199326
439000 1.41e+06 19.534 17.6336 0.147436 5.54048 0.198057
449000 1.41e+06 18.9876 16.8889 0.0433662 5.34109 0.200285
459000 1.4e+06 18.0531 16.6612 0.0515769 5.22149 0.198785
469000 1.4e+06 19.7502 17.0717 0.0898537 5.37449 0.195249
479000 1.4e+06 17.7786 16.3091 -0.00346239 5.13806 0.193794
489000 1.4e+06 19.0627 16.9483 -0.0316952 5.365 0.196315
499000 1.4e+06 18.5528 17.4534 -0.030747 5.50124 0.204782
509000 1.41e+06 19.6504 16.5449 -0.0102707 5.21314 0.196736
519000 1.4e+06 19.031 16.973 -0.114887 5.32857 0.197847
529000 1.4e+06 18.5656 17.5096 0.00316157 5.56453 0.197179
539000 1.4e+06 19.3644 16.925 0.0106851 5.31245 0.197348
549000 1.4e+06 19.5912 16.6817 0.00497968 5.28897 0.197177
559000 1.4e+06 19.2938 16.9198 -0.0639002 5.37425 0.195971
569000 1.41e+06 18.8816 17.0359 -0.0265555 5.34637 0.197442
579000 1.4e+06 19.5862 16.9083 -0.0156659 5.33512 0.195177
589000 1.4e+06 20.7866 16.6948 0.0336241 5.31418 0.19186
599000 1.4e+06 19.6548 17.2238 -0.0882007 5.46882 0.195821
609000 1.4e+06 19.72 17.0495 0.0118676 5.4312 0.195223
619000 1.41e+06 19.1602 16.8 0.0376121 5.29434 0.195435
629000 1.4e+06 19.2818 16.4127 0.0513084 5.21239 0.195124
639000 1.4e+06 19.2428 17.2833 0.0536574 5.4429 0.198424
649000 1.4e+06 18.2881 17.2586 0.0689025 5.41866 0.200441
659000 1.4e+06 19.5072 16.89 0.0737046 5.36255 0.196128
669000 1.41e+06 18.9253 16.9284 -0.0622044 5.35303 0.199018
679000 1.4e+06 18.149 16.9341 0.043458 5.34341 0.199307
689000 1.4e+06 18.7158 16.8579 0.0298373 5.32661 0.197334
699000 1.4e+06 19.3074 16.2399 -0.0669186 5.16341 0.192405
709000 1.4e+06 19.7308 16.7117 -0.119881 5.26428 0.193187
719000 1.41e+06 19.8463 16.6062 0.132426 5.21422 0.194165
729000 1.4e+06 19.4755 16.7917 0.039232 5.3471 0.19713
739000 1.4e+06 19.2137 16.7735 0.153949 5.33251 0.197991
749000 1.4e+06 19.2196 16.7288 -0.00167015 5.27675 0.196924
759000 1.4e+06 19.9319 17.6358 0.0622546 5.58676 0.202416
769000 1.41e+06 19.3084 16.6548 0.123526 5.24312 0.19526
779000 1.4e+06 19.5831 16.6275 0.0416181 5.24991 0.194089
789000 1.4e+06 18.9128 17.2476 -0.168685 5.39078 0.200338
799000 1.4e+06 19.6538 17.0257 0.0240667 5.39402 0.195345
809000 1.4e+06 19.6949 16.8596 -0.0358631 5.33771 0.197493
819000 1.4e+06 19.3099 17.0568 -0.0236604 5.39584 0.199849
829000 1.41e+06 20.1271 16.8831 0.0330306 5.33911 0.196286
839000 1.4e+06 19.4702 16.7261 -0.0468928 5.26083 0.193856
849000 1.4e+06 19.7834 17.3126 -0.00814745 5.46221 0.200643
859000 1.41e+06 19.2648 17.1817 0.00559282 5.43845 0.199225
869000 1.4e+06 19.0091 17.0847 0.115233 5.42302 0.196403
879000 1.41e+06 18.8996 16.6843 -0.138661 5.26715 0.196427
889000 1.4e+06 19.4352 16.5373 -0.0863893 5.25384 0.19504
899000 1.4e+06 18.5353 16.9529 -0.0392349 5.3173 0.198802
909000 1.4e+06 18.9757 16.5579 -0.0927555 5.25235 0.193819
919000 1.4e+06 20.606 17.4073 -0.0474254 5.52958 0.198477
929000 1.4e+06 18.9927 17.1305 -0.000541732 5.40136 0.198864
939000 1.41e+06 19.3993 16.9872 0.0361547 5.36038 0.202672
949000 1.4e+06 19.0991 16.839 -0.109812 5.31204 0.198221
959000 1.4e+06 18.0454 17.0209 0.0282329 5.3397 0.196985
969000 1.41e+06 20.1147 16.6936 0.0878241 5.3168 0.190658
979000 1.4e+06 19.4194 16.9818 0.0432096 5.36745 0.19658
989000 1.4e+06 19.4245 16.6745 0.0233271 5.2871 0.19276
999000 1.4e+06 20.5647 16.5724 -0.0680392 5.31399 0.192755
