n t PE VE R R2 BS
0 0 -0.000156631 0.000623517 -5.89031e-05 0.000548753 0.00064277
1000 1.11e+06 0.718467 0.524957 -0.440788 0.576937 0.474472
2000 1.11e+06 0.723341 0.434636 -0.420313 0.485411 0.405894
3000 1.11e+06 0.39206 0.5682 -0.160349 0.481999 0.520836
4000 1.1e+06 0.617674 0.539923 -0.534087 0.612862 0.456806
5000 1.11e+06 0.734444 0.502958 -0.411852 0.541435 0.501887
6000 1.11e+06 0.573441 0.344556 -0.276801 0.328954 0.398833
7000 1.11e+06 0.282143 0.58031 -0.0367707 0.497041 0.57898
8000 1.11e+06 0.581858 0.253194 -0.0185085 0.218262 0.351463
9000 1.11e+06 0.517613 0.421843 0.430242 0.456368 0.418857
10000 1.11e+06 0.286215 0.357247 0.129276 0.326758 0.407586
11000 1.1e+06 0.577045 0.678454 -0.26591 0.614409 0.605738
12000 1.11e+06 0.472552 0.374346 -0.469512 0.431612 0.342771
13000 1.11e+06 0.72025 0.297017 0.297338 0.298846 0.358373
14000 1.11e+06 0.521224 0.388169 0.00578624 0.337989 0.460778
15000 1.1e+06 0.0690682 0.434012 -0.0669208 0.367683 0.483678
16000 1.11e+06 0.550642 0.270101 -0.0633572 0.221625 0.372275
17000 1.11e+06 0.369698 0.868206 -0.269857 0.776707 0.713307
18000 1.1e+06 1.0116 0.505204 0.221444 0.492745 0.499122
19000 1.11e+06 0.599054 0.561031 0.37733 0.580193 0.493173
20000 1.1e+06 0.326844 0.309961 -0.0559653 0.271686 0.392811
21000 1.11e+06 0.683597 0.473424 -0.505756 0.561057 0.438877
22000 1.11e+06 0.69127 0.429512 -0.52374 0.507822 0.371222
23000 1.11e+06 0.226435 0.545833 -0.273524 0.491434 0.503562
24000 1.1e+06 -0.0959471 0.344722 -0.219956 0.320508 0.424976
25000 1.11e+06 0.287686 0.593987 -0.305972 0.553447 0.554457
26000 1.11e+06 0.775533 0.444968 -0.370636 0.449148 0.447691
27000 1.11e+06 0.512372 0.350699 -0.0695388 0.298441 0.426153
28000 1.1e+06 0.34205 0.594477 -0.0300255 0.510614 0.600607
29000 1.11e+06 0.380217 0.308509 0.159397 0.271101 0.388426
30000 1.11e+06 0.184997 0.277745 0.257719 0.262672 0.357216
31000 1.1e+06 0.230009 0.569402 0.508165 0.62045 0.469556
32000 1.11e+06 0.688852 0.549889 0.327857 0.574706 0.498198
33000 1.11e+06 0.354124 0.344762 0.00416408 0.293339 0.42438
34000 1.11e+06 0.573546 0.398437 -0.327341 0.41506 0.416371
35000 1.1e+06 0.895075 1.08712 -1.01178 1.49779 0.553437
36000 1.11e+06 0.530429 0.480695 -0.496381 0.555947 0.436026
37000 1.1e+06 0.516059 0.321229 -0.0990458 0.282762 0.388679
38000 1.11e+06 0.362695 0.30369 0.252138 0.285625 0.376345
39000 1.11e+06 0.204507 0.327277 0.397271 0.360254 0.353466
40000 1.11e+06 0.344373 0.389678 0.145228 0.349645 0.460481
41000 1.1e+06 0.145263 0.543138 0.550945 0.612083 0.431017
42000 1.11e+06 0.27204 0.585738 0.378066 0.58182 0.541641
43000 1.11e+06 0.491129 0.31064 0.157841 0.294873 0.367532
44000 1.11e+06 0.611932 0.493884 -0.332199 0.482577 0.477155
45000 1.1e+06 -0.0599617 0.436147 -0.0167539 0.374514 0.495674
46000 1.11e+06 0.441512 0.440144 0.118472 0.375562 0.481241
47000 1.1e+06 0.343332 0.355142 0.36373 0.364702 0.378278
48000 1.11e+06 0.141305 0.595604 -0.169566 0.527924 0.559776
49000 1.11e+06 0.400825 0.330114 -0.2249 0.303867 0.397008
50000 1.1e+06 0.051809 0.434687 -0.339783 0.433985 0.444494
51000 1.11e+06 0.464082 0.392757 -0.0409224 0.342336 0.449483
52000 1.11e+06 0.791261 0.642547 0.54005 0.716595 0.512176
53000 1.1e+06 0.956601 0.735545 0.951068 1.12054 0.367468
54000 1.11e+06 0.57236 0.407576 0.319423 0.439294 0.421846
55000 1.11e+06 0.235261 0.460114 -0.221934 0.418032 0.493413
56000 1.1e+06 0.26474 0.504871 -0.0426234 0.452983 0.49717
57000 1.11e+06 0.290477 0.369236 0.0183369 0.313876 0.438822
58000 1.11e+06 0.071737 0.426186 -0.276494 0.392668 0.429731
59000 1.11e+06 0.132753 0.774068 -0.240607 0.687683 0.676347
60000 1.1e+06 0.631563 0.662816 -0.347624 0.630823 0.563823
61000 1.11e+06 0.722223 0.533902 -0.236846 0.508873 0.530988
62000 1.11e+06 0.517315 0.988446 0.692667 1.10544 0.65048
63000 1.11e+06 0.624859 0.570572 0.763864 0.801744 0.368299
64000 1.11e+06 0.697164 0.516794 0.0726575 0.539809 0.485624
65000 1.11e+06 0.243499 0.483649 -0.514298 0.54634 0.414609
66000 1.1e+06 0.241599 0.335717 -0.305423 0.33658 0.38191
67000 1.11e+06 0.548397 0.385545 -0.419295 0.424801 0.384821
68000 1.1e+06 0.535119 0.28462 0.356209 0.320353 0.300732
69000 1.11e+06 0.580246 0.362826 0.271012 0.347051 0.420956
70000 1.11e+06 0.384162 0.502705 0.190672 0.462445 0.542236
71000 1.11e+06 0.75674 0.372597 0.293245 0.365601 0.425439
72000 1.1e+06 0.402346 1.04482 0.18119 0.881454 0.795233
73000 1.11e+06 0.224137 0.512261 0.214256 0.463058 0.511902
74000 1.1e+06 0.529446 0.283644 -0.157586 0.245001 0.37966
75000 1.11e+06 0.379786 0.432082 -0.0363045 0.380054 0.481783
76000 1.11e+06 0.692537 0.450907 0.260653 0.41609 0.480656
77000 1.1e+06 0.389497 0.549826 -0.270488 0.539951 0.501389
78000 1.11e+06 0.771473 0.450447 -0.375737 0.49485 0.426282
79000 1.11e+06 0.296379 0.320603 -0.143175 0.278644 0.405053
80000 1.11e+06 0.457134 0.356649 0.0745713 0.30418 0.433612
81000 1.11e+06 0.25824 0.335353 -0.0544004 0.278456 0.414844
82000 1.11e+06 0.371024 0.313826 -0.16895 0.28424 0.384686
83000 1.1e+06 0.449903 0.395794 0.194086 0.363683 0.456324
84000 1.11e+06 0.416651 0.386096 0.359118 0.394809 0.407174
85000 1.11e+06 0.226509 0.335896 0.042735 0.286963 0.409321
86000 1.1e+06 0.671114 0.436479 -0.480827 0.500071 0.410169
87000 1.11e+06 0.560308 0.548544 -0.39312 0.541979 0.500521
88000 1.11e+06 0.301352 0.898982 -0.19253 0.767156 0.723342
89000 1.11e+06 0.776927 0.404182 -0.146299 0.365977 0.465862
90000 1.11e+06 0.526274 0.353618 0.222432 0.332534 0.414312
91000 1.1e+06 0.675055 0.489745 0.643356 0.63973 0.375112
92000 1.11e+06 0.216979 0.450902 0.425408 0.49134 0.416436
93000 1.1e+06 0.24581 0.585441 -0.00130663 0.488146 0.55784
94000 1.11e+06 0.425481 0.477435 -0.263627 0.457556 0.507533
95000 1.11e+06 0.547085 0.211888 -0.0826278 0.162578 0.311228
96000 1.11e+06 0.344403 0.388821 -0.390989 0.419691 0.370863
97000 1.11e+06 0.670495 0.8981 -0.565778 0.957507 0.662288
98000 1.1e+06 0.856124 0.732719 -0.706925 0.89224 0.49717
99000 1.11e+06 0.581045 0.694588 -0.443435 0.686999 0.556188
