n t PE VE R R2 BS
9000 0 0.508979 0.352722 -0.0618784 0.332534 0.38731
19000 4.56e+06 0.378194 0.407168 0.112331 0.364 0.455002
29000 4.57e+06 0.538416 0.402744 -0.141716 0.387239 0.433816
39000 4.57e+06 0.59728 0.515402 -0.149208 0.624853 0.41945
49000 4.56e+06 0.437004 0.468845 -0.0796433 0.423308 0.467748
59000 4.57e+06 0.468986 0.415202 -0.0140749 0.435605 0.410918
69000 4.57e+06 0.371366 0.449246 0.0206208 0.405955 0.45939
79000 4.56e+06 0.443393 0.370228 0.0538263 0.329725 0.425382
89000 4.56e+06 0.580024 0.447981 -0.0783403 0.491821 0.425247
99000 4.57e+06 0.601772 0.503041 0.0133604 0.533963 0.451939
109000 4.56e+06 0.361675 0.442561 -0.124424 0.43358 0.449187
119000 4.57e+06 0.514654 0.469281 0.0414421 0.467383 0.459816
129000 4.56e+06 0.419072 0.423604 -0.191532 0.41794 0.439171
139000 4.56e+06 0.456911 0.572892 -0.230754 0.612769 0.486444
149000 4.56e+06 0.598086 0.498477 0.129791 0.523627 0.474931
159000 4.57e+06 0.519041 0.561822 -0.0781843 0.518557 0.496839
169000 4.56e+06 0.585634 0.667472 0.110571 0.681732 0.509757
179000 4.57e+06 0.507008 0.443591 0.154372 0.421778 0.44339
189000 4.56e+06 0.598097 0.587666 -0.00261339 0.634604 0.502735
199000 4.57e+06 0.560974 0.525517 -0.28251 0.593547 0.442504
209000 4.56e+06 0.521694 0.456179 0.1484 0.440208 0.464212
219000 4.56e+06 0.478009 0.445276 0.0133035 0.4018 0.466684
229000 4.57e+06 0.530801 0.416688 0.0128088 0.425559 0.419847
239000 4.57e+06 0.553885 0.594517 0.181061 0.658913 0.46569
249000 4.56e+06 0.446355 0.498346 0.0495711 0.516997 0.46623
259000 4.56e+06 0.520351 0.382981 0.276518 0.396995 0.393498
269000 4.56e+06 0.527348 0.386989 -0.0163421 0.36737 0.422816
279000 4.57e+06 0.336524 0.453794 -0.0243071 0.403591 0.477658
289000 4.56e+06 0.470028 0.407095 -0.147177 0.408472 0.407809
299000 4.57e+06 0.548681 0.631287 -0.267071 0.68433 0.503468
309000 4.56e+06 0.46665 0.61835 0.132277 0.547998 0.550047
319000 4.57e+06 0.549342 0.491675 -0.151984 0.476312 0.483022
329000 4.56e+06 0.596827 0.563499 -0.280127 0.583399 0.488331
339000 4.57e+06 0.426629 0.48094 -0.110472 0.482607 0.466434
349000 4.57e+06 0.425017 0.404089 -0.0358567 0.351712 0.44984
359000 4.56e+06 0.571098 0.516996 -0.146991 0.566314 0.460498
369000 4.57e+06 0.516906 0.544185 -0.191197 0.593222 0.466368
379000 4.56e+06 0.383882 0.458151 -0.00194863 0.403827 0.489229
389000 4.56e+06 0.519903 0.472213 0.163739 0.433108 0.476231
399000 4.57e+06 0.519187 0.407355 0.0925156 0.436854 0.40321
409000 4.56e+06 0.592011 0.390532 0.00825878 0.383486 0.425102
419000 4.57e+06 0.333902 0.406014 -0.165337 0.374611 0.429834
429000 4.56e+06 0.441831 0.412664 0.0623825 0.411897 0.430278
439000 4.56e+06 0.512762 0.511443 0.242084 0.519826 0.468712
449000 4.57e+06 0.538386 0.504586 0.330459 0.557275 0.442749
459000 4.56e+06 0.425375 0.507439 -0.226446 0.531646 0.466424
469000 4.56e+06 0.36158 0.411283 -0.0440726 0.379154 0.454765
479000 4.57e+06 0.573274 0.488414 -0.0249323 0.470691 0.47913
489000 4.56e+06 0.344106 0.500992 0.0935012 0.489412 0.479041
499000 4.57e+06 0.564419 0.384869 0.0954423 0.392381 0.402092
509000 4.56e+06 0.422659 0.471324 -0.0361474 0.476742 0.464691
519000 4.57e+06 0.455636 0.552082 -0.154149 0.560975 0.492048
529000 4.57e+06 0.458214 0.554074 0.156966 0.518782 0.523032
539000 4.56e+06 0.500082 0.484808 0.0986486 0.455004 0.487297
549000 4.57e+06 0.537511 0.589121 -0.320723 0.629387 0.488159
559000 4.56e+06 0.526992 0.528153 -0.0550938 0.598885 0.456619
569000 4.56e+06 0.352611 0.385186 -0.182471 0.354825 0.422325
579000 4.57e+06 0.594195 0.516484 -0.158554 0.576236 0.453524
589000 4.57e+06 0.506165 0.452109 -0.0552794 0.451756 0.451224
599000 4.56e+06 0.488139 0.408842 -0.0516142 0.439193 0.403891
609000 4.55e+06 0.517967 0.463814 0.0059219 0.488829 0.438006
619000 4.57e+06 0.596058 0.491267 -0.022406 0.480885 0.494115
629000 4.57e+06 0.43415 0.497564 -0.0312571 0.490631 0.493903
639000 4.57e+06 0.588479 0.482575 0.0322949 0.517006 0.450716
649000 4.56e+06 0.394354 0.43799 -0.0682148 0.401456 0.445675
659000 4.56e+06 0.687572 0.524349 0.0452472 0.60462 0.436804
669000 4.57e+06 0.615312 0.668926 0.276922 0.721747 0.518571
679000 4.56e+06 0.569703 0.490735 -0.0103287 0.49038 0.470536
689000 4.56e+06 0.529486 0.437137 -0.132795 0.405222 0.458957
699000 4.56e+06 0.592631 0.571678 0.225155 0.62685 0.491636
709000 4.56e+06 0.695391 0.672757 -0.0360562 0.708181 0.533075
719000 4.57e+06 0.312511 0.475552 -0.191889 0.446206 0.475945
729000 4.56e+06 0.506684 0.554314 -0.206938 0.623234 0.454171
739000 4.56e+06 0.502088 0.72176 0.146793 0.7051 0.557763
749000 4.57e+06 0.433325 0.472584 -0.079474 0.450297 0.475197
759000 4.56e+06 0.583453 0.567936 0.258782 0.606718 0.469053
769000 4.56e+06 0.616934 0.683529 0.32132 0.760726 0.501015
779000 4.57e+06 0.59307 0.511849 -0.221913 0.572377 0.459588
789000 4.56e+06 0.507113 0.625871 -0.0301387 0.613791 0.532226
799000 4.56e+06 0.492646 0.625927 -0.176456 0.601877 0.535111
809000 4.56e+06 0.448736 0.478357 -0.00967234 0.428958 0.484338
819000 4.56e+06 0.436889 0.492369 0.0798109 0.449737 0.492943
829000 4.56e+06 0.510184 0.435715 0.296235 0.458601 0.421889
839000 4.57e+06 0.578318 0.565418 0.136527 0.644346 0.468855
849000 4.56e+06 0.463982 0.486299 -0.034023 0.501315 0.457761
859000 4.56e+06 0.555566 0.587855 -0.0560983 0.583419 0.507361
869000 4.57e+06 0.521902 0.65831 0.18426 0.646343 0.533876
879000 4.56e+06 0.588877 0.601148 0.00901144 0.605707 0.518537
889000 4.56e+06 0.492708 0.644295 0.380106 0.685046 0.51252
899000 4.57e+06 0.57574 0.655525 0.189218 0.693299 0.536088
909000 4.56e+06 0.482176 0.532716 -0.146345 0.512044 0.50819
919000 4.56e+06 0.464743 0.46274 -0.0679462 0.430356 0.465236
929000 4.56e+06 0.53924 0.497748 0.215779 0.557256 0.439024
939000 4.57e+06 0.474689 0.49679 -0.229071 0.538953 0.438008
949000 4.57e+06 0.385738 0.411449 0.147059 0.403573 0.436271
959000 4.56e+06 0.365172 0.412062 0.0546881 0.416623 0.426285
969000 4.56e+06 0.456551 0.403219 -0.0468946 0.368631 0.437827
979000 4.57e+06 0.493593 0.598521 -0.130058 0.632067 0.496505
989000 4.56e+06 0.614042 0.499313 -0.318821 0.544645 0.453732
999000 4.56e+06 0.586792 0.551525 0.15429 0.570422 0.481423
