n t PE VE R R2 BS
0 0 0.000487992 0.0005559 0.000103293 0.000526029 0.000623803
1000 470000 0.588737 0.312415 -0.171054 0.312393 0.409066
2000 470000 0.535556 0.492711 -0.545489 0.601669 0.441898
3000 460000 0.283847 0.599387 -0.155899 0.550935 0.569869
4000 470000 0.594435 0.604977 -0.274996 0.581541 0.556289
5000 470000 0.755078 0.443181 -0.26965 0.437935 0.481399
6000 470000 0.434036 0.439289 -0.170292 0.412192 0.493761
7000 470000 0.464574 0.272989 -0.128138 0.258155 0.400093
8000 470000 0.603301 0.429833 -0.0454174 0.376856 0.484189
9000 470000 0.467788 0.965649 -0.19661 0.820552 0.733823
10000 470000 0.520647 0.395221 -0.15381 0.373639 0.479733
11000 460000 0.582564 0.846219 -0.3003 0.776776 0.691645
12000 470000 0.118679 0.559102 -0.0264666 0.479741 0.547472
13000 470000 0.223162 0.534183 0.0587091 0.465206 0.549335
14000 470000 0.418376 0.283495 0.0473235 0.262247 0.407274
15000 470000 0.467482 0.457366 0.493392 0.554625 0.443326
16000 470000 0.54709 0.523941 0.185059 0.490191 0.553819
17000 470000 0.201727 0.310974 -0.0950675 0.283233 0.417509
18000 460000 0.558617 0.415606 0.29124 0.446031 0.427394
19000 470000 0.542297 0.472321 0.322672 0.509952 0.479323
20000 470000 0.386438 0.389825 -0.158888 0.367375 0.465364
21000 470000 0.536263 0.423874 -0.216363 0.421586 0.474108
22000 470000 0.759255 0.391518 0.384912 0.438047 0.443755
23000 470000 0.497889 0.937754 0.0966808 0.820072 0.759844
24000 470000 0.683243 0.985911 -0.280067 0.869257 0.749876
25000 470000 0.599694 0.484786 0.129929 0.447713 0.519881
26000 460000 0.269107 0.467114 0.129224 0.424416 0.504469
27000 470000 0.387275 0.468269 0.195414 0.445808 0.503563
28000 470000 0.417101 0.609387 -0.340871 0.569802 0.52725
29000 470000 0.584247 0.43328 -0.157422 0.417522 0.500496
30000 470000 0.620734 0.664501 0.34085 0.646436 0.59949
31000 470000 0.660303 0.554667 -0.0266084 0.476669 0.551947
32000 470000 0.29694 0.457295 0.171829 0.424812 0.506592
33000 470000 0.318153 0.384043 -0.121911 0.361822 0.45048
34000 460000 0.409414 0.407062 -0.211118 0.389277 0.46862
35000 470000 0.512079 0.849588 -0.349942 0.782577 0.658578
36000 470000 0.370596 0.643574 -0.51524 0.704544 0.540311
37000 470000 0.489358 0.255286 -0.0523732 0.248767 0.370919
38000 470000 0.325326 0.306564 0.0176201 0.284904 0.421306
39000 470000 0.286434 0.578172 -0.146784 0.516925 0.5731
40000 470000 0.661687 0.348375 0.0667815 0.316661 0.438886
41000 470000 0.305697 0.474456 0.277584 0.459107 0.466986
42000 460000 0.166687 0.295584 0.112713 0.287453 0.387249
43000 470000 0.559139 0.495657 -0.496688 0.590846 0.462858
44000 470000 0.303852 0.599492 -0.445317 0.642256 0.539323
45000 470000 0.498065 0.678943 0.0034154 0.593787 0.633289
46000 470000 0.491075 0.501734 0.219772 0.485631 0.522042
47000 470000 0.473817 0.815018 0.503556 0.832343 0.604673
48000 470000 0.387746 0.458687 0.123589 0.430233 0.515052
49000 470000 0.506737 0.342519 0.00708432 0.317081 0.457235
50000 470000 0.469032 0.45018 0.0410964 0.409449 0.522425
51000 460000 0.683368 0.419022 -0.246102 0.416116 0.462605
52000 470000 0.32628 0.54066 -0.269388 0.504126 0.530737
53000 470000 0.477143 0.360229 -0.00382999 0.325982 0.423209
54000 470000 0.66671 0.440969 -0.231343 0.429724 0.4681
55000 470000 0.274597 0.39878 -0.290312 0.418675 0.459801
56000 470000 0.32869 0.331076 -0.113793 0.316426 0.413099
57000 470000 0.620867 0.45904 -0.356994 0.482358 0.460793
58000 460000 0.596117 0.687771 0.049681 0.567651 0.570219
59000 470000 0.543973 0.449575 0.0282693 0.411648 0.495172
60000 470000 0.585764 0.455753 0.0590943 0.429329 0.517773
61000 470000 0.437971 0.286703 -0.30955 0.312424 0.382529
62000 470000 0.415634 0.378042 -0.0115991 0.365275 0.449683
63000 470000 0.674555 0.438058 0.301757 0.480914 0.486564
64000 470000 0.491219 0.450408 0.161962 0.431708 0.521482
65000 470000 0.354763 0.35407 -0.0312572 0.322361 0.447776
66000 460000 0.389908 0.568517 0.0129312 0.50029 0.570498
67000 470000 0.618229 0.521642 0.0467675 0.453776 0.53949
68000 470000 0.423817 0.760501 0.262645 0.684723 0.628985
69000 470000 0.443932 0.753231 0.252336 0.672321 0.625883
70000 470000 0.625838 0.487848 0.278995 0.468251 0.47151
71000 470000 0.529314 0.378044 -0.231635 0.373517 0.444608
72000 470000 0.313334 0.550645 -0.259923 0.51801 0.512189
73000 470000 0.428404 0.332202 -0.133035 0.313632 0.416625
74000 460000 0.595515 0.721675 -0.434839 0.752584 0.607323
75000 470000 0.33109 0.324831 0.0985954 0.298476 0.426424
76000 470000 0.286533 0.614848 0.40534 0.603411 0.516585
77000 470000 0.514519 0.476643 0.388288 0.504547 0.479545
78000 470000 0.471082 0.75621 0.336337 0.703864 0.605612
79000 470000 0.48686 0.405569 0.207469 0.394199 0.469884
80000 470000 0.508746 0.525644 0.0912648 0.478078 0.567391
81000 470000 0.346479 0.644312 -0.0641645 0.550194 0.594848
82000 470000 0.550283 0.423257 0.372287 0.475841 0.414105
83000 460000 0.975993 1.06413 1.10114 1.60372 0.487937
84000 470000 0.766411 0.585019 0.591879 0.749787 0.442659
85000 470000 0.346691 0.394252 0.0528402 0.356535 0.474842
86000 470000 0.654937 0.490534 0.390183 0.534032 0.494477
87000 470000 0.626048 0.3765 0.276644 0.39573 0.441861
88000 470000 0.298383 0.289994 -0.247609 0.300729 0.393127
89000 470000 0.299419 0.386117 0.0733076 0.348217 0.451189
90000 470000 0.353604 0.437994 0.0691136 0.406333 0.522589
91000 460000 0.445621 0.423493 -0.0863705 0.378314 0.485298
92000 470000 0.533207 0.783352 -0.329738 0.74264 0.654021
93000 470000 0.771682 0.862143 -0.415169 0.849322 0.676139
94000 470000 0.231746 0.483083 -0.0415656 0.440381 0.524557
95000 470000 0.523007 0.34238 0.342784 0.373923 0.395351
96000 470000 0.391003 0.772185 -0.0500326 0.672672 0.650021
97000 470000 0.458758 0.581669 -0.323762 0.572163 0.545948
98000 470000 0.516009 0.339718 -0.456996 0.420468 0.363969
99000 470000 0.354101 0.376133 -0.0584793 0.354192 0.473745
