n t PE VE R R2 BS
9000 0 0.414665 0.389099 -0.0200233 0.388785 0.435951
19000 3.74e+06 0.41352 0.520089 0.0820489 0.473295 0.532386
29000 3.74e+06 0.478191 0.507371 -0.0870697 0.514313 0.504713
39000 3.74e+06 0.508695 0.663317 -0.0727007 0.582916 0.590243
49000 3.75e+06 0.472831 0.430651 -0.0818287 0.402322 0.484975
59000 3.74e+06 0.46588 0.582581 0.0450375 0.556831 0.537558
69000 3.74e+06 0.589405 0.532514 -0.0729231 0.533227 0.517571
79000 3.74e+06 0.630123 0.600437 0.212825 0.586637 0.552438
89000 3.74e+06 0.597718 0.484204 -0.0157421 0.525885 0.475008
99000 3.75e+06 0.540859 0.470393 -0.0238366 0.507674 0.475526
109000 3.74e+06 0.46301 0.448082 -0.000626748 0.418829 0.491293
119000 3.74e+06 0.46432 0.471434 -0.0942428 0.464374 0.486108
129000 3.74e+06 0.48363 0.416709 0.0944342 0.454008 0.460208
139000 3.75e+06 0.490001 0.47236 0.109334 0.521947 0.459943
149000 3.74e+06 0.439794 0.417618 -0.0849313 0.425278 0.465864
159000 3.74e+06 0.586142 0.641322 -0.153827 0.677657 0.542435
169000 3.74e+06 0.457904 0.472278 0.0169006 0.464011 0.491054
179000 3.74e+06 0.429065 0.396598 0.0914077 0.420021 0.444985
189000 3.75e+06 0.468509 0.481198 0.036042 0.501923 0.49097
199000 3.74e+06 0.56669 0.488197 0.137328 0.506047 0.497209
209000 3.74e+06 0.529558 0.600681 -0.0642387 0.54606 0.556223
219000 3.74e+06 0.460411 0.452586 -0.155719 0.458882 0.485894
229000 3.74e+06 0.575599 0.575004 0.124264 0.547828 0.542923
239000 3.75e+06 0.591717 0.525618 -0.108078 0.599119 0.47642
249000 3.74e+06 0.45979 0.545677 0.033034 0.520492 0.535979
259000 3.74e+06 0.55157 0.479998 -0.226089 0.494951 0.493666
269000 3.74e+06 0.535555 0.56293 0.108716 0.538559 0.535396
279000 3.74e+06 0.494283 0.477726 -0.101963 0.483083 0.498769
289000 3.74e+06 0.490858 0.474897 0.0149125 0.455448 0.507328
299000 3.75e+06 0.522653 0.440863 0.0726958 0.447078 0.481511
309000 3.74e+06 0.487448 0.453151 0.109981 0.454562 0.488715
319000 3.74e+06 0.64807 0.55307 -0.0443274 0.662807 0.471131
329000 3.74e+06 0.654497 0.582007 -0.260318 0.62062 0.519018
339000 3.75e+06 0.463836 0.592141 0.0104207 0.588716 0.539055
349000 3.74e+06 0.432271 0.467042 0.133528 0.460287 0.501516
359000 3.74e+06 0.518679 0.520784 0.00492603 0.52142 0.525889
369000 3.74e+06 0.479361 0.489941 -0.15231 0.513168 0.486422
379000 3.74e+06 0.465537 0.442584 -0.012001 0.426239 0.486368
389000 3.74e+06 0.469011 0.457549 0.0359926 0.441364 0.486431
399000 3.75e+06 0.542164 0.619395 0.0281392 0.618578 0.540187
409000 3.74e+06 0.588056 0.557275 -0.00751043 0.591363 0.511948
419000 3.74e+06 0.478621 0.512728 -0.105434 0.508394 0.514904
429000 3.74e+06 0.529202 0.433106 -0.00548611 0.434391 0.479416
439000 3.74e+06 0.396213 0.470033 -0.130472 0.486322 0.479927
449000 3.75e+06 0.605178 0.451843 -0.103872 0.538842 0.442369
459000 3.74e+06 0.610255 0.625354 -0.140532 0.644875 0.53495
469000 3.74e+06 0.674491 0.68232 0.15878 0.653363 0.573147
479000 3.74e+06 0.51569 0.447015 0.0736342 0.436214 0.483208
489000 3.75e+06 0.463916 0.548268 -0.0393461 0.550517 0.504919
499000 3.74e+06 0.504941 0.532257 -0.00886809 0.506422 0.518567
509000 3.74e+06 0.555199 0.560917 0.0168444 0.54914 0.527378
519000 3.74e+06 0.389905 0.426379 0.0308234 0.405328 0.484461
529000 3.74e+06 0.36536 0.346449 0.033737 0.327989 0.441207
539000 3.75e+06 0.452841 0.477673 0.0881842 0.444216 0.504812
549000 3.74e+06 0.517461 0.433245 -0.0994287 0.464245 0.451531
559000 3.74e+06 0.541735 0.484282 0.184754 0.485778 0.499473
569000 3.74e+06 0.402102 0.454608 0.0117933 0.474316 0.472285
579000 3.74e+06 0.516408 0.480438 -0.153796 0.510011 0.477362
589000 3.75e+06 0.460264 0.519518 0.216818 0.503025 0.495866
599000 3.74e+06 0.516417 0.607238 0.00535614 0.594287 0.539203
609000 3.74e+06 0.512464 0.529211 0.00747039 0.525919 0.514332
619000 3.74e+06 0.649874 0.569388 0.0261372 0.588748 0.517328
629000 3.75e+06 0.478997 0.407925 0.00360442 0.389401 0.479547
639000 3.74e+06 0.452223 0.467741 -0.076503 0.461307 0.486351
649000 3.74e+06 0.458183 0.508317 -0.000456724 0.505004 0.516266
659000 3.74e+06 0.577421 0.529621 0.0506923 0.535291 0.522592
669000 3.75e+06 0.407929 0.397733 0.056678 0.410715 0.446507
679000 3.74e+06 0.524516 0.432297 -0.115682 0.457016 0.463152
689000 3.74e+06 0.461544 0.49654 -0.0164372 0.520934 0.487875
699000 3.74e+06 0.468453 0.46291 0.152046 0.446932 0.497133
709000 3.74e+06 0.58489 0.494567 0.0186138 0.502327 0.500266
719000 3.75e+06 0.525772 0.574828 -0.207361 0.562888 0.526374
729000 3.74e+06 0.453047 0.45169 0.106304 0.459613 0.479806
739000 3.74e+06 0.46401 0.382222 0.124938 0.393098 0.442166
749000 3.74e+06 0.446207 0.426334 -0.0667796 0.450397 0.454987
759000 3.74e+06 0.491148 0.463801 -0.165112 0.47785 0.480604
769000 3.75e+06 0.491429 0.509896 -0.00687975 0.500691 0.499918
779000 3.74e+06 0.543741 0.476394 0.0242509 0.466729 0.507403
789000 3.74e+06 0.547772 0.593383 0.0649411 0.580738 0.554733
799000 3.74e+06 0.42287 0.505476 0.0362393 0.488018 0.519686
809000 3.74e+06 0.486968 0.52425 -0.0135882 0.505095 0.523779
819000 3.75e+06 0.458568 0.489572 -0.00877583 0.476392 0.494394
829000 3.74e+06 0.527167 0.532763 -0.0146335 0.525557 0.523156
839000 3.74e+06 0.481921 0.413683 0.107115 0.439438 0.458271
849000 3.74e+06 0.424883 0.457285 0.0420849 0.453537 0.488631
859000 3.74e+06 0.524829 0.527816 -0.146552 0.54715 0.507812
869000 3.74e+06 0.494242 0.439681 -0.0662237 0.416949 0.508449
879000 3.75e+06 0.463188 0.401727 -0.0231187 0.398298 0.459779
889000 3.74e+06 0.413058 0.492165 0.040232 0.457983 0.511995
899000 3.74e+06 0.485211 0.53426 -0.0486573 0.505649 0.521306
909000 3.74e+06 0.550589 0.538192 -0.0374817 0.49856 0.536309
919000 3.74e+06 0.471653 0.512473 -0.0226395 0.494344 0.517179
929000 3.75e+06 0.55025 0.445197 -0.145064 0.490906 0.459465
939000 3.74e+06 0.359141 0.476344 -0.0252616 0.444718 0.50693
949000 3.74e+06 0.467481 0.457955 0.0657071 0.464863 0.478317
959000 3.74e+06 0.561182 0.531859 0.190261 0.581056 0.494838
969000 3.74e+06 0.603285 0.609388 0.0454048 0.625312 0.539212
979000 3.75e+06 0.387983 0.532905 0.014169 0.484667 0.538666
989000 3.74e+06 0.450898 0.467848 -0.0545734 0.485091 0.472847
999000 3.74e+06 0.358682 0.432987 0.000147698 0.411103 0.483572
