n t PE VE R R2 BS
0 0 0.00308739 0.000715004 -0.000973161 0.00102445 0.000233734
1000 230000 0.366801 0.47232 -0.0191417 0.476405 0.342012
2000 240000 0.186527 0.563223 0.288179 0.64725 0.346001
3000 230000 0.919196 0.559955 0.332937 0.631238 0.35615
4000 240000 0.858618 0.544971 0.030722 0.609763 0.342347
5000 230000 0.464438 0.510951 0.0401703 0.49163 0.372454
6000 240000 0.663988 0.559346 0.42641 0.622651 0.35838
7000 230000 0.595343 0.426697 -0.00943852 0.375072 0.354748
8000 230000 0.547823 0.527918 -0.0473399 0.545658 0.397033
9000 240000 0.652622 0.604505 0.0318268 0.602553 0.448669
10000 230000 0.960596 0.710429 -0.310913 0.807237 0.447972
11000 240000 0.033071 0.534224 -0.171363 0.519816 0.404369
12000 230000 0.85537 0.481811 0.211646 0.486184 0.340591
13000 230000 1.1767 0.465889 -0.310791 0.480312 0.324234
14000 240000 0.608649 0.829601 0.215187 1.12483 0.374237
15000 230000 0.477954 0.497761 0.176574 0.524132 0.348917
16000 230000 0.633771 0.445386 0.162678 0.447841 0.319024
17000 240000 0.098795 0.564302 0.0495785 0.600325 0.398642
18000 230000 0.625337 0.857073 -0.597932 1.09391 0.404293
19000 240000 0.532334 0.625348 -0.150451 0.713183 0.394644
20000 230000 0.617598 0.500998 -0.0252282 0.527643 0.351408
21000 230000 0.310128 0.549477 0.447193 0.603264 0.373307
22000 240000 0.443135 0.408747 -0.214382 0.371498 0.319028
23000 230000 0.351298 0.566091 -0.214075 0.579248 0.398998
24000 240000 1.03626 0.857548 -0.332535 1.10189 0.4202
25000 230000 0.187859 0.55046 0.117492 0.592774 0.387199
26000 240000 0.396939 0.614344 0.346826 0.745128 0.331504
27000 230000 0.593587 0.512282 -0.0688889 0.567824 0.318472
28000 230000 0.928639 0.621988 -0.480206 0.737913 0.363675
29000 240000 0.751927 0.549262 0.290304 0.565696 0.39912
30000 230000 0.51516 0.447149 -0.0285883 0.416381 0.359758
31000 240000 0.664508 0.419576 0.190387 0.395186 0.312728
32000 230000 0.125272 0.437607 0.080434 0.411271 0.339405
33000 240000 0.622281 0.53288 0.310073 0.537972 0.357069
34000 230000 0.951368 0.527026 -0.112643 0.555143 0.380818
35000 230000 0.957767 0.453029 -0.252481 0.434491 0.351425
36000 240000 0.40728 0.439281 0.191235 0.386151 0.373286
37000 230000 0.56802 0.570207 0.0806598 0.600859 0.393371
38000 240000 0.299347 0.862109 0.690793 1.13755 0.392528
39000 230000 0.607935 0.492427 0.000205638 0.500979 0.355314
40000 230000 1.06312 0.459634 0.153775 0.468257 0.324423
41000 240000 0.165657 0.479243 -0.0950735 0.416709 0.425625
42000 230000 0.819027 0.544543 0.0570857 0.571974 0.389835
43000 240000 0.443949 0.567955 -0.0585096 0.554119 0.427026
44000 230000 0.758576 0.481854 -0.00820616 0.486828 0.336066
45000 230000 0.926028 0.527317 0.160878 0.543727 0.378286
46000 240000 0.269108 0.624241 -0.177441 0.682757 0.431645
47000 230000 0.64888 0.488853 -0.106844 0.47879 0.374052
48000 240000 0.598787 0.453928 -0.0518478 0.455478 0.322083
49000 230000 1.24471 0.486852 0.298837 0.532028 0.317844
50000 230000 0.72703 0.457717 0.237065 0.454713 0.340078
51000 240000 0.732674 0.495156 -0.17946 0.470908 0.382868
52000 230000 0.674732 0.760331 -0.23407 0.813488 0.468369
53000 240000 0.425887 0.587719 -0.0997726 0.570555 0.441087
54000 230000 0.120183 0.486526 -0.0966094 0.487228 0.352895
55000 230000 0.818058 0.551838 -0.401521 0.606784 0.350614
56000 240000 0.656226 0.52302 -0.110076 0.582697 0.328089
57000 230000 0.478065 0.490529 0.0889067 0.510558 0.324968
58000 230000 -0.0669208 0.824602 -0.611115 1.05734 0.405926
59000 240000 0.184979 0.579947 -0.0557356 0.643944 0.362569
60000 230000 0.22121 0.462535 0.121716 0.415619 0.388323
61000 240000 0.316128 0.475577 -0.0532601 0.451053 0.363639
62000 230000 0.240864 0.494422 0.0938685 0.528905 0.328782
63000 240000 0.682755 0.572514 0.188443 0.634899 0.361002
64000 230000 0.183516 0.62904 0.283366 0.721427 0.3859
65000 230000 0.371795 0.612362 0.391248 0.721107 0.352036
66000 240000 0.339518 0.594968 -0.223668 0.592324 0.411903
67000 230000 0.165116 0.519753 0.0550739 0.446908 0.424427
68000 240000 0.279053 0.560582 0.0970328 0.497673 0.438171
69000 230000 0.996681 0.556564 0.246743 0.646978 0.334112
70000 240000 0.636488 0.428774 0.0473092 0.42484 0.307706
71000 230000 0.243482 0.398111 0.112828 0.367785 0.304603
72000 230000 0.663905 0.552869 -0.249244 0.581824 0.373591
73000 240000 0.308967 0.531896 -0.327039 0.56473 0.365806
74000 230000 -0.741087 0.439633 -0.214258 0.399149 0.342709
75000 240000 -0.0531195 0.602206 0.220874 0.653153 0.400905
76000 230000 0.595292 0.44291 0.17036 0.414526 0.356907
77000 240000 0.347223 0.416835 -0.0401824 0.361367 0.323958
78000 230000 0.293981 0.436625 0.316292 0.436046 0.30931
79000 230000 -0.128292 0.45833 -0.0876094 0.456721 0.328613
80000 240000 0.337377 0.613677 -0.0855658 0.699031 0.394075
81000 230000 0.553267 0.515489 0.164539 0.543259 0.345473
82000 240000 0.657337 0.483417 0.254956 0.487784 0.364479
83000 230000 0.548486 0.45841 -0.0524979 0.466886 0.319698
84000 230000 0.921531 0.50258 -0.280097 0.513131 0.35009
85000 240000 0.581436 0.490666 0.031725 0.453175 0.37044
86000 230000 0.848304 0.634031 -0.296593 0.752862 0.375464
87000 240000 0.469328 0.685672 0.0257248 0.642061 0.505993
88000 230000 0.952997 0.695436 -0.23513 0.661714 0.495679
89000 230000 0.672566 0.848059 0.574527 1.01974 0.463732
90000 240000 0.616912 0.443414 -0.11139 0.39631 0.367959
91000 230000 0.937432 0.447846 -0.308978 0.424542 0.333158
92000 240000 0.118985 0.423714 0.270875 0.393697 0.334503
93000 230000 0.30384 0.635787 -0.506392 0.702366 0.403307
94000 230000 0.538741 0.49297 0.0234737 0.513365 0.352042
95000 240000 0.538958 0.53024 0.169946 0.567778 0.357223
96000 230000 0.537077 0.698196 -0.412146 0.790711 0.436466
97000 240000 1.14533 0.532482 -0.0119862 0.541837 0.383852
98000 230000 0.657044 0.513214 0.137605 0.493477 0.383997
99000 240000 0.28459 0.431354 -0.205501 0.410649 0.335419
