n t PE VE R R2 BS
9000 0 15.8196 15.8196 0.00671388 5.35755 0
19000 150000 17.54 17.54 0.0148516 5.94269 0
29000 160000 17.5889 17.5889 0.0177674 5.94823 0
39000 150000 17.5421 17.5421 -0.0140739 5.94409 0
49000 150000 17.5066 17.5066 0.00461863 5.93276 0
59000 160000 17.5766 17.5766 -0.00926345 5.95135 0
69000 150000 17.5262 17.5262 -0.000310148 5.94563 0
79000 150000 17.5505 17.5505 0.00764027 5.94168 0
89000 160000 17.5339 17.5339 0.0275264 5.9412 0
99000 150000 17.5469 17.5469 0.00457437 5.94224 0
109000 150000 17.5572 17.5572 -0.00584996 5.94584 0
119000 160000 17.5778 17.5778 0.0134274 5.94479 0
129000 150000 17.5822 17.5822 -0.012422 5.95145 0
139000 150000 17.5257 17.5257 -0.0275459 5.93938 0
149000 160000 17.5462 17.5462 0.0036665 5.94319 0
159000 150000 17.5725 17.5725 0.0123998 5.94522 0
169000 150000 17.5658 17.5658 0.00460891 5.95011 0
179000 150000 17.5653 17.5653 0.00844338 5.94232 0
189000 160000 17.522 17.522 0.00131772 5.94102 0
199000 150000 17.5306 17.5306 -0.023072 5.94575 0
209000 150000 17.5865 17.5865 -0.00510442 5.95278 0
219000 150000 17.5598 17.5598 -0.00830295 5.94987 0
229000 160000 17.5571 17.5571 0.0214189 5.94343 0
239000 150000 17.5672 17.5672 0.0117793 5.94507 0
249000 150000 17.5627 17.5627 -0.00492923 5.94637 0
259000 160000 17.5525 17.5525 0.00816777 5.94451 0
269000 150000 17.5818 17.5818 0.00178758 5.95154 0
279000 150000 17.557 17.557 0.00376601 5.94004 0
289000 160000 17.5529 17.5529 0.0282096 5.94743 0
299000 150000 17.5156 17.5156 0.0164478 5.94265 0
309000 150000 17.5661 17.5661 -0.0159014 5.94994 0
319000 160000 17.6056 17.6056 -0.00537371 5.95878 0
329000 150000 17.5789 17.5789 0.00199647 5.94751 0
339000 150000 17.5865 17.5865 0.0285471 5.94645 0
349000 150000 17.5848 17.5848 -0.00605794 5.94775 0
359000 160000 17.5489 17.5489 0.0130723 5.94522 0
369000 150000 17.5958 17.5958 -0.0054797 5.94965 0
379000 150000 17.5529 17.5529 -0.0237966 5.94685 0
389000 160000 17.5907 17.5907 0.00320689 5.95438 0
399000 150000 17.5537 17.5537 -0.0347412 5.94449 0
409000 150000 17.5755 17.5755 0.017771 5.95603 0
419000 160000 17.5791 17.5791 -0.0197227 5.95422 0
429000 150000 17.5576 17.5576 0.014359 5.94671 0
439000 150000 17.5534 17.5534 -0.0252987 5.94846 0
449000 150000 17.5632 17.5632 0.0186547 5.94426 0
459000 160000 17.5523 17.5523 -0.024972 5.94371 0
469000 150000 17.5792 17.5792 0.0231484 5.95029 0
479000 150000 17.554 17.554 -0.00902887 5.94267 0
489000 160000 17.5692 17.5692 -0.01119 5.94752 0
499000 150000 17.5466 17.5466 0.00330737 5.94202 0
509000 150000 17.518 17.518 0.00325059 5.93628 0
519000 160000 17.6062 17.6062 0.0137337 5.95369 0
529000 150000 17.5747 17.5747 0.0130201 5.94869 0
539000 150000 17.5472 17.5472 -0.0195303 5.9392 0
549000 160000 17.5635 17.5635 -0.00656213 5.94607 0
559000 150000 17.5407 17.5407 -0.0186703 5.94283 0
569000 150000 17.5251 17.5251 -0.00311377 5.94216 0
579000 150000 17.5462 17.5462 0.0166112 5.9372 0
589000 160000 17.5449 17.5449 0.0146102 5.94513 0
599000 150000 17.5378 17.5378 -0.017071 5.94282 0
609000 150000 17.5484 17.5484 0.0107381 5.94296 0
619000 160000 17.5636 17.5636 0.00950721 5.9458 0
629000 150000 17.6096 17.6096 0.0162532 5.95496 0
639000 150000 17.5792 17.5792 -0.00126422 5.94325 0
649000 160000 17.5789 17.5789 0.0269862 5.95174 0
659000 150000 17.5567 17.5567 0.00175228 5.93997 0
669000 150000 17.5305 17.5305 -0.00700762 5.93823 0
679000 160000 17.5449 17.5449 0.00437127 5.94049 0
689000 150000 17.5784 17.5784 -0.00128192 5.94688 0
699000 150000 17.5621 17.5621 0.00843664 5.94418 0
709000 150000 17.573 17.573 -0.0234675 5.94961 0
719000 160000 17.5291 17.5291 -0.0133996 5.93215 0
729000 150000 17.5278 17.5278 -0.00484795 5.94375 0
739000 150000 17.5331 17.5331 0.0269851 5.94456 0
749000 160000 17.5173 17.5173 0.000622358 5.93684 0
759000 150000 17.5945 17.5945 -0.0208715 5.94978 0
769000 150000 17.5583 17.5583 0.00187874 5.93978 0
779000 160000 17.541 17.541 0.0256372 5.93958 0
789000 150000 17.6001 17.6001 0.0101967 5.94821 0
799000 150000 17.6183 17.6183 -0.0330752 5.96095 0
809000 160000 17.5427 17.5427 -0.00651233 5.94159 0
819000 150000 17.5775 17.5775 0.00946799 5.94864 0
829000 150000 17.6047 17.6047 0.0153666 5.9537 0
839000 160000 17.537 17.537 -0.00105016 5.94148 0
849000 150000 17.5485 17.5485 0.000796274 5.94354 0
859000 150000 17.5527 17.5527 0.000783688 5.95326 0
869000 150000 17.5546 17.5546 -0.00795968 5.94781 0
879000 160000 17.5393 17.5393 0.00901856 5.94185 0
889000 150000 17.5782 17.5782 -0.00271333 5.95086 0
899000 150000 17.539 17.539 0.0256592 5.9381 0
909000 160000 17.5511 17.5511 0.00131797 5.93817 0
919000 150000 17.6098 17.6098 0.0226511 5.95462 0
929000 150000 17.6107 17.6107 -0.00439789 5.94864 0
939000 160000 17.5736 17.5736 0.00879128 5.95089 0
949000 150000 17.5583 17.5583 0.00221429 5.95494 0
959000 150000 17.5548 17.5548 -0.0462404 5.9472 0
969000 160000 17.5419 17.5419 0.00559718 5.94056 0
979000 150000 17.5508 17.5508 -0.00916883 5.94989 0
989000 150000 17.6033 17.6033 0.000906658 5.95605 0
999000 150000 17.5235 17.5235 0.0198696 5.93491 0
