n t PE VE R R2 BS
9999 0 0.486605 0.481247 0.00752513 0.481766 0.493484
19999 4.53e+06 0.495336 0.512516 0.0068434 0.512411 0.509667
29999 4.53e+06 0.503114 0.545795 -0.0111394 0.553647 0.515695
39999 4.54e+06 0.491602 0.494386 -0.01789 0.485657 0.502313
49999 4.53e+06 0.459682 0.467102 0.0067527 0.463221 0.489124
59999 4.53e+06 0.496066 0.514742 0.00696214 0.500287 0.514226
69999 4.54e+06 0.507758 0.515866 0.00762045 0.51439 0.511591
79999 4.53e+06 0.514179 0.51046 -0.00340763 0.516443 0.502498
89999 4.54e+06 0.498602 0.492436 -0.00240099 0.495217 0.497728
99999 4.53e+06 0.476528 0.486903 -0.00313629 0.487102 0.496169
109999 4.53e+06 0.469137 0.495603 0.0160676 0.488285 0.503447
119999 4.53e+06 0.540293 0.522783 -0.00955437 0.536732 0.507383
129999 4.53e+06 0.494005 0.502732 0.00622286 0.492115 0.506798
139999 4.52e+06 0.487337 0.52046 0.00627658 0.51449 0.514835
149999 4.54e+06 0.514704 0.499364 -0.0122309 0.4985 0.500035
159999 4.53e+06 0.503305 0.505464 0.00265544 0.506733 0.503819
169999 4.53e+06 0.494518 0.499774 -0.00550896 0.496347 0.502795
179999 4.53e+06 0.535342 0.52552 -0.00685828 0.523022 0.515217
189999 4.54e+06 0.484235 0.493979 -0.0249346 0.490827 0.500189
199999 4.53e+06 0.499502 0.482904 -0.00369471 0.476196 0.498358
209999 4.53e+06 0.501758 0.499202 0.00891079 0.49934 0.504908
219999 4.53e+06 0.444256 0.483618 0.00503056 0.479293 0.495842
229999 4.53e+06 0.492843 0.481393 0.0036236 0.482408 0.494515
239999 4.53e+06 0.511284 0.518968 -0.00736119 0.516693 0.511755
249999 4.53e+06 0.505624 0.513382 -0.0079893 0.506879 0.509228
259999 4.52e+06 0.525253 0.526914 0.00637565 0.516064 0.516487
269999 4.53e+06 0.510243 0.520607 -0.00256616 0.519153 0.510115
279999 4.53e+06 0.523072 0.506123 -0.00280962 0.498214 0.508239
289999 4.53e+06 0.459571 0.486074 0.0016757 0.482804 0.497002
299999 4.54e+06 0.493881 0.515849 0.00628155 0.514068 0.510625
309999 4.53e+06 0.494943 0.526571 0.0115206 0.514802 0.517693
319999 4.53e+06 0.515409 0.537135 0.0030213 0.53594 0.521124
329999 4.53e+06 0.506624 0.494123 0.00307098 0.496584 0.500287
339999 4.54e+06 0.476987 0.487401 -0.00420121 0.48589 0.495394
349999 4.53e+06 0.51769 0.537355 -0.00803673 0.534103 0.51953
359999 4.53e+06 0.491885 0.485726 -0.00759914 0.477033 0.498984
369999 4.54e+06 0.476836 0.470131 -0.00260146 0.469252 0.489766
379999 4.53e+06 0.498723 0.505961 -0.00419855 0.508964 0.501565
389999 4.53e+06 0.499601 0.523642 0.0114428 0.523363 0.513546
399999 4.53e+06 0.507047 0.504092 -0.00276605 0.500502 0.508547
409999 4.54e+06 0.500481 0.497228 -0.0152883 0.488546 0.505082
419999 4.53e+06 0.522836 0.521649 0.00542043 0.512721 0.514139
429999 4.54e+06 0.475975 0.50675 0.00313048 0.49436 0.510265
439999 4.53e+06 0.50642 0.531302 0.00890398 0.53005 0.513914
449999 4.53e+06 0.464456 0.482308 0.00603711 0.480536 0.496467
459999 4.53e+06 0.505141 0.516529 -0.00749849 0.509489 0.509223
469999 4.53e+06 0.552543 0.521833 0.00517283 0.51744 0.512152
479999 4.52e+06 0.519833 0.508964 0.0081048 0.500499 0.51157
489999 4.54e+06 0.480758 0.498785 0.0100072 0.497277 0.499969
499999 4.53e+06 0.463388 0.493038 -0.00123288 0.493868 0.496061
509999 4.54e+06 0.52152 0.503362 -0.0112091 0.493507 0.508372
519999 4.53e+06 0.516062 0.497658 0.000769471 0.503217 0.495978
529999 4.53e+06 0.487718 0.477812 0.00251854 0.472918 0.493015
539999 4.53e+06 0.489448 0.524904 0.00403188 0.517155 0.515106
549999 4.53e+06 0.475842 0.490117 -0.0035918 0.494865 0.49748
559999 4.53e+06 0.477664 0.491711 0.00400146 0.489078 0.499067
569999 4.53e+06 0.512227 0.508865 -0.00658044 0.502433 0.508857
579999 4.54e+06 0.483411 0.486505 0.00753206 0.486662 0.495134
589999 4.53e+06 0.512484 0.509414 0.0157743 0.515232 0.505141
599999 4.53e+06 0.449551 0.495036 0.00342866 0.494238 0.499724
609999 4.54e+06 0.487551 0.483084 -0.00132501 0.479269 0.497799
619999 4.53e+06 0.479784 0.487141 0.00980702 0.490119 0.497632
629999 4.54e+06 0.4669 0.471244 -0.00967393 0.474042 0.486414
639999 4.53e+06 0.483329 0.508359 -0.00442566 0.500779 0.511795
649999 4.54e+06 0.507693 0.508946 -0.00143784 0.510358 0.504071
659999 4.53e+06 0.516867 0.518218 0.00108095 0.507625 0.513437
669999 4.53e+06 0.487778 0.48289 -0.01483 0.479783 0.499783
679999 4.54e+06 0.517968 0.513858 0.000797068 0.506259 0.510409
689999 4.53e+06 0.475361 0.482886 -0.0146194 0.47736 0.496219
699999 4.54e+06 0.474159 0.483101 0.00550076 0.474015 0.49778
709999 4.53e+06 0.48897 0.520348 0.00455938 0.518224 0.50778
719999 4.53e+06 0.485611 0.503783 -0.00626834 0.503305 0.506019
729999 4.54e+06 0.475767 0.490418 -0.00670641 0.494514 0.499067
739999 4.54e+06 0.509467 0.524489 -0.00135015 0.519567 0.513005
749999 4.53e+06 0.493559 0.485412 0.0109622 0.492986 0.494178
759999 4.53e+06 0.506495 0.477224 -0.00370185 0.469937 0.499961
769999 4.53e+06 0.470415 0.490911 -0.00692634 0.489466 0.498818
779999 4.53e+06 0.502554 0.509639 0.00922725 0.50835 0.50745
789999 4.53e+06 0.479717 0.481685 -0.00681896 0.478425 0.495327
799999 4.54e+06 0.537827 0.522719 -0.0101542 0.525061 0.512242
809999 4.53e+06 0.481378 0.480338 0.00242823 0.477011 0.492053
819999 4.53e+06 0.532778 0.525669 0.00506146 0.537435 0.508876
829999 4.53e+06 0.488202 0.4973 0.00634273 0.491507 0.507896
839999 4.53e+06 0.472013 0.473377 -0.010939 0.465942 0.492457
849999 4.53e+06 0.514169 0.500249 -0.0133446 0.498267 0.501584
859999 4.53e+06 0.492018 0.488085 0.00483765 0.484479 0.501375
869999 4.53e+06 0.494921 0.496201 -0.0105755 0.493907 0.50163
879999 4.53e+06 0.482214 0.501025 0.0086046 0.503838 0.499011
889999 4.54e+06 0.494165 0.516393 -0.00486293 0.505635 0.518641
899999 4.53e+06 0.482672 0.496971 0.00180576 0.500766 0.500455
909999 4.54e+06 0.503404 0.520107 -0.00792117 0.518882 0.512513
919999 4.54e+06 0.490892 0.500881 0.00887584 0.500266 0.502648
929999 4.53e+06 0.502393 0.490466 -0.00287813 0.495698 0.493553
939999 4.53e+06 0.480389 0.524198 -0.00125481 0.513637 0.514426
949999 4.54e+06 0.471581 0.49801 0.00962484 0.486093 0.508325
959999 4.54e+06 0.514657 0.511611 0.0069614 0.501604 0.511232
969999 4.53e+06 0.495273 0.494167 -0.00467481 0.486956 0.502834
979999 4.54e+06 0.501621 0.504128 0.00468468 0.497127 0.505813
989999 4.53e+06 0.506105 0.487485 -6.09419e-05 0.486697 0.49666
999999 4.54e+06 0.490876 0.49252 0.0135331 0.493416 0.496454
