n t PE VE R R2 BS
0 0 0.0007161 0.000481957 0.000275951 0.000470534 0.00051457
1000 780000 0.522743 0.398143 0.39935 0.446703 0.433571
2000 790000 0.359573 0.319777 -0.0395544 0.309584 0.421395
3000 780000 0.493292 0.505114 -0.509023 0.587969 0.44709
4000 780000 0.642087 0.494547 -0.647407 0.668011 0.383253
5000 780000 0.62656 0.907555 -0.139776 0.774124 0.738453
6000 790000 0.271372 0.468606 -0.160715 0.426323 0.496206
7000 780000 0.411118 0.264447 -0.207221 0.277765 0.351753
8000 780000 0.483235 0.382808 0.46763 0.458652 0.378982
9000 790000 0.630664 0.671133 0.48482 0.727432 0.569833
10000 780000 0.441176 0.814562 0.494532 0.82488 0.601387
11000 780000 0.216706 0.522629 0.264245 0.507957 0.514893
12000 780000 0.437985 0.306197 0.0388388 0.281533 0.42126
13000 790000 0.490184 0.612877 0.484097 0.664317 0.497496
14000 780000 0.420625 0.509678 0.659415 0.696728 0.39727
15000 780000 0.370276 0.311059 0.104911 0.293913 0.429801
16000 780000 0.386245 0.423199 0.356385 0.446789 0.450544
17000 780000 0.331287 0.596094 0.43038 0.621482 0.522758
18000 790000 0.475947 0.344634 0.106631 0.32332 0.430905
19000 780000 0.368332 0.341502 -0.0038517 0.303018 0.440988
20000 780000 0.475636 0.619282 0.453268 0.6705 0.553903
21000 790000 0.460592 0.595395 0.272737 0.605553 0.576288
22000 780000 0.459081 0.336684 -0.0945455 0.309127 0.422816
23000 780000 0.502953 0.366672 0.252686 0.351919 0.402905
24000 780000 0.592437 0.521318 -0.197442 0.490196 0.53936
25000 790000 0.74201 0.913105 -0.535952 0.948118 0.671747
26000 780000 0.553402 0.55575 -0.230265 0.539687 0.515488
27000 780000 0.556612 0.454763 0.0770724 0.400171 0.486083
28000 780000 0.67403 0.472621 -0.513931 0.58146 0.439057
29000 790000 0.397093 0.528706 -0.0691361 0.49451 0.537201
30000 780000 0.554193 0.552142 0.345008 0.545241 0.523272
31000 780000 0.611221 0.379988 0.179315 0.352756 0.454375
32000 790000 0.352709 0.368661 -0.141796 0.389433 0.421954
33000 780000 0.610356 0.612958 -0.573165 0.741995 0.514289
34000 780000 0.367842 0.263898 -0.16714 0.244089 0.35796
35000 790000 0.413797 0.355531 0.115687 0.33566 0.473601
36000 780000 0.429009 0.371575 0.0309757 0.330855 0.458531
37000 780000 0.413225 0.68904 -0.619566 0.828745 0.498359
38000 780000 0.765679 0.938065 -0.672787 1.08719 0.636502
39000 790000 0.60424 0.285939 0.0401116 0.280052 0.384915
40000 780000 0.634253 0.497111 0.383962 0.516131 0.489355
41000 780000 0.320362 0.385235 -0.00713885 0.365263 0.475879
42000 780000 0.878184 0.514304 -0.685622 0.720673 0.370224
43000 790000 0.49436 0.280767 0.148478 0.269493 0.396434
44000 780000 0.686073 0.404018 0.432961 0.462807 0.409237
45000 780000 0.307535 0.580481 -0.0277551 0.519258 0.560446
46000 790000 0.238169 0.286726 -0.14755 0.272685 0.388891
47000 780000 0.439917 0.35788 0.0329509 0.330305 0.459767
48000 780000 0.674334 0.357384 -0.0789662 0.321113 0.440766
49000 790000 0.485076 0.235295 -0.149245 0.217306 0.353684
50000 780000 0.373263 0.314267 0.275433 0.318182 0.372221
51000 780000 0.114529 0.425317 0.339831 0.438462 0.457677
52000 780000 0.632693 0.640024 0.374955 0.628076 0.565299
53000 790000 0.59749 0.570643 0.258993 0.529108 0.54379
54000 780000 0.548676 0.752877 0.185586 0.683134 0.684642
55000 780000 0.245755 0.568159 -0.0829498 0.490633 0.557629
56000 790000 0.460677 0.483389 -0.141977 0.414234 0.479481
57000 780000 0.0702231 0.361852 0.365366 0.40119 0.401851
58000 780000 0.47522 0.388227 0.26714 0.404906 0.439551
59000 780000 0.39565 0.298987 -0.148786 0.273894 0.40105
60000 790000 0.285891 0.57012 -0.305963 0.557626 0.535285
61000 780000 0.696941 0.511412 -0.531893 0.603815 0.445128
62000 780000 0.643586 0.576567 -0.234312 0.534865 0.562242
63000 780000 0.489725 0.28498 -0.125398 0.269207 0.397723
64000 790000 0.747158 0.491355 0.525055 0.579849 0.423341
65000 780000 0.695809 0.577597 0.664498 0.75321 0.432214
66000 780000 0.588033 0.363681 0.395154 0.41175 0.394057
67000 790000 0.521948 0.395637 -0.346213 0.437323 0.423732
68000 780000 0.493959 0.557307 -0.70881 0.76441 0.407085
69000 780000 0.784315 0.549093 -0.535304 0.64955 0.495956
70000 780000 0.557942 0.510834 -0.360905 0.549679 0.477688
71000 790000 0.92164 0.542266 0.672907 0.721512 0.396025
72000 780000 0.411435 0.32082 0.21735 0.340361 0.39293
73000 780000 0.838142 0.76688 -0.520364 0.8201 0.576803
74000 790000 0.72888 0.916 -0.719425 1.09617 0.621319
75000 780000 0.695627 0.621113 0.335533 0.643621 0.53966
76000 780000 0.460831 0.544925 0.738549 0.774132 0.358427
77000 780000 0.53224 0.363772 0.0581878 0.336213 0.441888
78000 790000 0.43058 0.533153 0.0816573 0.47119 0.550158
79000 780000 0.523516 0.631575 0.0942128 0.566846 0.62984
80000 780000 0.352242 0.675208 0.520431 0.739642 0.541486
81000 780000 0.656592 1.09793 0.650653 1.13156 0.669352
82000 790000 0.508682 0.551396 0.431739 0.594846 0.517823
83000 780000 0.380032 0.453612 0.566257 0.577912 0.393892
84000 780000 0.58951 0.438014 0.252111 0.442217 0.489414
85000 790000 0.520002 0.808333 -0.101688 0.687013 0.670902
86000 780000 0.187402 0.553535 0.0222997 0.487932 0.548455
87000 780000 0.272159 0.291475 0.098507 0.261627 0.398851
88000 780000 0.366968 0.518415 0.0173303 0.452153 0.537283
89000 790000 0.565492 0.865693 0.312483 0.769531 0.639238
90000 780000 0.556278 0.483016 0.461957 0.570589 0.459147
91000 780000 0.580539 0.396584 -0.385782 0.446857 0.420915
92000 780000 0.689152 1.00524 -0.279323 0.891664 0.721506
93000 790000 0.449216 0.705154 0.128521 0.600455 0.610462
94000 780000 0.108687 0.441331 0.00753679 0.393727 0.512049
95000 780000 0.668815 0.477782 -0.198357 0.439169 0.50052
96000 790000 0.750819 0.61659 -0.107001 0.554801 0.611207
97000 780000 0.572196 0.432618 -0.0535616 0.392182 0.508838
98000 780000 0.302669 0.91566 -0.285431 0.778382 0.652821
99000 780000 0.90281 0.524268 -0.0181648 0.467809 0.543242
