n t PE VE R R2 BS
9000 0 0.43502 0.369334 -0.0139358 0.401545 0.361267
19000 80000 0.370229 0.476807 -0.0542983 0.479414 0.470057
29000 80000 0.482584 0.488646 -0.126417 0.524483 0.45823
39000 80000 0.439083 0.481798 0.0119206 0.486069 0.45464
49000 80000 0.477644 0.44805 0.024179 0.45744 0.443059
59000 90000 0.477936 0.511762 0.143122 0.523392 0.472253
69000 80000 0.50266 0.476084 -0.00620137 0.498297 0.461585
79000 80000 0.433364 0.455907 -0.0905757 0.464024 0.447078
89000 80000 0.533659 0.543439 -0.0342403 0.578831 0.477936
99000 80000 0.449191 0.438856 0.0502301 0.436345 0.439924
109000 90000 0.523926 0.472909 0.0547391 0.48931 0.446795
119000 80000 0.51986 0.356462 0.0297934 0.363479 0.378385
129000 80000 0.498315 0.433309 -0.08807 0.446459 0.430712
139000 80000 0.47506 0.397765 0.00336651 0.400763 0.420197
149000 80000 0.478283 0.421725 -0.0699254 0.433975 0.416537
159000 90000 0.493329 0.410233 -0.00129522 0.424044 0.429651
169000 80000 0.499041 0.45453 -0.0315262 0.481061 0.445139
179000 80000 0.464212 0.418331 -0.133276 0.456553 0.41213
189000 80000 0.545161 0.338869 0.0297857 0.351397 0.369087
199000 80000 0.529454 0.477696 0.0415794 0.540415 0.423439
209000 90000 0.457406 0.408297 0.0421977 0.408224 0.417529
219000 80000 0.472044 0.385185 0.0374404 0.402014 0.389245
229000 80000 0.393507 0.506597 0.00792817 0.47726 0.473143
239000 80000 0.463349 0.453011 0.033351 0.451294 0.455227
249000 80000 0.438464 0.484736 0.0187001 0.501908 0.445419
259000 90000 0.497673 0.421296 0.0694759 0.450076 0.423881
269000 80000 0.453251 0.53711 -0.028847 0.559767 0.471598
279000 80000 0.444824 0.470537 -0.0180974 0.518276 0.432886
289000 80000 0.468953 0.414852 0.038349 0.451412 0.415492
299000 80000 0.505031 0.481986 0.105602 0.471487 0.463697
309000 90000 0.450854 0.402971 0.0508378 0.39812 0.418639
319000 80000 0.489116 0.373457 -0.001375 0.393566 0.40568
329000 80000 0.52006 0.452855 -0.0602636 0.486131 0.422537
339000 80000 0.506768 0.403777 0.0108748 0.413425 0.413099
349000 80000 0.503144 0.451834 0.00311739 0.466036 0.441183
359000 80000 0.517047 0.444888 -0.0690693 0.455085 0.440571
369000 90000 0.439719 0.532345 0.0523439 0.541314 0.480182
379000 80000 0.479745 0.445146 0.0195389 0.465898 0.444415
389000 80000 0.419955 0.510236 0.0304193 0.532071 0.458741
399000 80000 0.494584 0.515316 0.0659816 0.516618 0.457063
409000 80000 0.467221 0.431913 0.00115511 0.455822 0.448333
419000 90000 0.459076 0.457931 0.0104426 0.444144 0.447422
429000 80000 0.478153 0.523392 -0.0717124 0.55053 0.47733
439000 80000 0.50065 0.448228 0.157672 0.465304 0.431782
449000 80000 0.383951 0.532604 0.0293191 0.511661 0.494749
459000 80000 0.484428 0.495202 -0.0448922 0.497315 0.465876
469000 90000 0.393451 0.472841 0.0554109 0.483715 0.457908
479000 80000 0.498935 0.356556 -0.0416175 0.365085 0.386553
489000 80000 0.498103 0.416057 -0.0987124 0.436607 0.427436
499000 80000 0.457224 0.506426 0.00461762 0.541136 0.467614
509000 80000 0.459441 0.465973 -0.0422694 0.488354 0.456409
519000 80000 0.530094 0.467179 -0.0989275 0.495797 0.432029
529000 90000 0.33078 0.513989 0.00207894 0.482684 0.482356
539000 80000 0.418623 0.481099 -0.0253656 0.472468 0.440617
549000 80000 0.44729 0.474149 0.0258494 0.497244 0.45963
559000 80000 0.45344 0.386563 0.0703875 0.397132 0.408792
569000 80000 0.467067 0.446379 0.0885395 0.472212 0.440231
579000 90000 0.50126 0.473839 -0.0414146 0.515303 0.441383
589000 80000 0.479599 0.502275 0.0161023 0.525541 0.468814
599000 80000 0.503616 0.415202 0.00931794 0.449054 0.421647
609000 80000 0.524804 0.441425 0.0275339 0.486157 0.404869
619000 80000 0.39527 0.432029 0.0326878 0.44114 0.433334
629000 80000 0.480892 0.421668 -0.0067529 0.430435 0.42759
639000 90000 0.436323 0.496159 -0.0460843 0.495174 0.475637
649000 80000 0.472628 0.44916 0.0280297 0.466286 0.462358
659000 80000 0.482483 0.415625 0.0152973 0.430692 0.424421
669000 80000 0.524928 0.478493 -0.044848 0.523934 0.424241
679000 80000 0.458732 0.518643 -0.112435 0.554952 0.471538
689000 90000 0.40378 0.477886 -0.0908098 0.466425 0.457453
699000 80000 0.476785 0.370943 -0.0350133 0.381057 0.400218
709000 80000 0.458692 0.45404 0.0134215 0.470674 0.429083
719000 80000 0.417529 0.490837 -0.0164643 0.511477 0.470472
729000 80000 0.446161 0.382509 0.0231767 0.388697 0.424319
739000 90000 0.453069 0.438761 -0.0361231 0.445556 0.439931
749000 80000 0.409189 0.414601 0.00939162 0.407939 0.436876
759000 80000 0.380267 0.532577 -0.0971443 0.566987 0.48083
769000 80000 0.510324 0.420104 0.0265232 0.442895 0.415073
779000 80000 0.438146 0.450425 0.0112835 0.451029 0.448326
789000 80000 0.389352 0.442643 -0.081232 0.453296 0.438521
799000 90000 0.444607 0.450339 0.00415911 0.462676 0.447521
809000 80000 0.505443 0.413721 0.0878828 0.436978 0.413833
819000 80000 0.368927 0.511255 0.0139152 0.498729 0.481969
829000 80000 0.484266 0.458088 0.0265409 0.457074 0.453196
839000 80000 0.463032 0.416437 0.0146079 0.439401 0.420815
849000 80000 0.44726 0.487622 -0.0114063 0.503941 0.450333
859000 90000 0.446681 0.483373 -0.0666943 0.488288 0.449028
869000 80000 0.477881 0.366527 -0.0217251 0.368112 0.400641
879000 80000 0.474819 0.422048 0.0312134 0.464614 0.415452
889000 80000 0.40083 0.491738 -0.0057266 0.503701 0.465602
899000 80000 0.512253 0.398886 0.00183124 0.42773 0.413437
909000 90000 0.492264 0.486734 -0.0778497 0.517609 0.458713
919000 80000 0.486636 0.403762 -0.0469142 0.393001 0.412354
929000 80000 0.442702 0.506389 0.0433228 0.504705 0.462645
939000 80000 0.439335 0.48289 0.0278571 0.481866 0.456342
949000 80000 0.467178 0.501936 0.038956 0.539342 0.45277
959000 90000 0.46123 0.453788 -0.0833748 0.467629 0.455859
969000 80000 0.409382 0.465691 -0.0910133 0.481177 0.45009
979000 80000 0.449928 0.533052 -0.0277479 0.541297 0.503105
989000 80000 0.437014 0.41724 0.0800567 0.427477 0.420718
999000 80000 0.437632 0.442387 0.0252235 0.429514 0.432937
