n t PE VE R R2 BS
9000 0 0.399385 0.453659 -0.0172618 0.451613 0.448013
19000 1.17e+06 0.520317 0.478886 -0.0181947 0.47686 0.48156
29000 1.17e+06 0.44264 0.527562 -0.02372 0.50337 0.515314
39000 1.17e+06 0.446182 0.540169 -0.0219741 0.525615 0.51649
49000 1.17e+06 0.404698 0.369165 0.0161082 0.370269 0.423117
59000 1.17e+06 0.48828 0.424832 -0.0163065 0.445474 0.446608
69000 1.17e+06 0.492623 0.533111 -0.00967202 0.529851 0.504744
79000 1.17e+06 0.450677 0.485906 -0.042842 0.477875 0.491206
89000 1.17e+06 0.534892 0.464855 -0.0225171 0.455831 0.483717
99000 1.17e+06 0.393398 0.458431 -0.0421107 0.463019 0.468124
109000 1.17e+06 0.493795 0.538966 0.0322719 0.54334 0.504053
119000 1.17e+06 0.538348 0.586587 0.0404063 0.590361 0.522607
129000 1.17e+06 0.418342 0.528676 -0.00686583 0.526027 0.49812
139000 1.17e+06 0.53646 0.491347 0.0273889 0.492288 0.475122
149000 1.17e+06 0.490479 0.493362 0.012482 0.50098 0.477184
159000 1.17e+06 0.539998 0.536898 -0.0066947 0.537789 0.503464
169000 1.16e+06 0.608163 0.513181 0.0699046 0.514632 0.506472
179000 1.17e+06 0.479563 0.488753 -0.0165059 0.494825 0.487219
189000 1.17e+06 0.479276 0.44492 0.0069786 0.440471 0.469263
199000 1.18e+06 0.518208 0.509241 0.0368358 0.508847 0.500368
209000 1.16e+06 0.549265 0.521906 0.00335017 0.508614 0.510233
219000 1.17e+06 0.622142 0.553783 0.0208181 0.557149 0.506259
229000 1.17e+06 0.398509 0.432482 -0.0587449 0.421957 0.461511
239000 1.17e+06 0.486311 0.505312 0.031317 0.486059 0.512145
249000 1.17e+06 0.465987 0.527381 0.0395731 0.520979 0.507845
259000 1.17e+06 0.527124 0.457569 -0.0257888 0.487289 0.460829
269000 1.17e+06 0.446378 0.448557 0.0387553 0.441844 0.470613
279000 1.17e+06 0.4761 0.452295 -0.00127472 0.43103 0.477441
289000 1.17e+06 0.57274 0.485858 0.00548694 0.513265 0.46398
299000 1.17e+06 0.567061 0.437627 0.0177556 0.463551 0.440782
309000 1.17e+06 0.495598 0.483365 -0.00621039 0.515985 0.468384
319000 1.17e+06 0.461874 0.481414 -0.0354842 0.483507 0.480679
329000 1.17e+06 0.579425 0.515135 -0.00397918 0.52102 0.500992
339000 1.17e+06 0.517586 0.531988 0.0125558 0.52665 0.51511
349000 1.17e+06 0.551344 0.450649 -0.00382472 0.453959 0.460358
359000 1.17e+06 0.489207 0.546428 -0.0188726 0.528594 0.518266
369000 1.17e+06 0.469924 0.507765 0.0180578 0.499264 0.497545
379000 1.17e+06 0.432517 0.496188 -0.00477048 0.491165 0.49112
389000 1.17e+06 0.427103 0.457357 -0.00214297 0.4745 0.46845
399000 1.17e+06 0.584348 0.509834 -0.0163434 0.515138 0.499437
409000 1.17e+06 0.408145 0.419949 0.0136775 0.429645 0.447003
419000 1.17e+06 0.580637 0.494295 -0.0368429 0.524162 0.477579
429000 1.17e+06 0.375742 0.455541 0.0272117 0.453368 0.472012
439000 1.17e+06 0.543789 0.443869 -0.0129766 0.441143 0.473583
449000 1.17e+06 0.463083 0.379991 -0.00704482 0.381287 0.427668
459000 1.17e+06 0.441656 0.483816 0.0642478 0.493589 0.474503
469000 1.17e+06 0.54128 0.475334 0.00274413 0.503064 0.463127
479000 1.17e+06 0.499515 0.510599 -0.000153166 0.525151 0.479622
489000 1.17e+06 0.534447 0.489513 -0.0042806 0.483631 0.495967
499000 1.17e+06 0.533001 0.496886 -0.0717192 0.523686 0.475274
509000 1.17e+06 0.549271 0.503357 -0.0103056 0.521548 0.46512
519000 1.17e+06 0.478228 0.493504 0.0452451 0.497461 0.489115
529000 1.17e+06 0.431513 0.474382 0.0477974 0.448635 0.492441
539000 1.17e+06 0.521969 0.530687 0.0265811 0.568807 0.492232
549000 1.17e+06 0.474489 0.422646 -0.00138284 0.433667 0.453437
559000 1.17e+06 0.451361 0.451951 -0.0113766 0.441557 0.490593
569000 1.17e+06 0.388279 0.482301 0.00939491 0.480752 0.482271
579000 1.17e+06 0.376033 0.464711 -0.00373696 0.447148 0.474261
589000 1.16e+06 0.426816 0.417019 -0.0100056 0.401913 0.460176
599000 1.18e+06 0.470691 0.588794 -0.00269963 0.558363 0.539909
609000 1.17e+06 0.527386 0.521589 0.0230978 0.547365 0.491236
619000 1.16e+06 0.498412 0.486501 -0.0280583 0.507651 0.470212
629000 1.17e+06 0.50497 0.490911 -0.0111117 0.465924 0.506924
639000 1.17e+06 0.639019 0.635858 0.0355071 0.614624 0.555285
649000 1.17e+06 0.459937 0.475889 -0.0264169 0.485825 0.465934
659000 1.17e+06 0.393527 0.477643 -0.00378344 0.471057 0.492928
669000 1.18e+06 0.510387 0.465638 0.000626615 0.450356 0.481998
679000 1.16e+06 0.471039 0.5144 -0.0177882 0.488774 0.510139
689000 1.17e+06 0.528995 0.480296 0.00511537 0.479704 0.477314
699000 1.17e+06 0.453236 0.444074 0.00761098 0.468429 0.44501
709000 1.17e+06 0.507168 0.545735 0.0551543 0.529412 0.517404
719000 1.17e+06 0.504454 0.482559 0.0134254 0.472761 0.486352
729000 1.17e+06 0.443603 0.491783 0.0153833 0.4947 0.477871
739000 1.17e+06 0.50754 0.400267 0.0333561 0.405732 0.450229
749000 1.17e+06 0.43249 0.438704 0.0389625 0.442144 0.461554
759000 1.17e+06 0.537193 0.521637 -0.0304108 0.535181 0.50215
769000 1.17e+06 0.51272 0.442197 -0.0118373 0.426176 0.482328
779000 1.17e+06 0.590435 0.520083 0.00220031 0.544812 0.485277
789000 1.17e+06 0.370374 0.482038 0.0505436 0.454317 0.495067
799000 1.17e+06 0.565362 0.60107 0.0209937 0.588002 0.540223
809000 1.17e+06 0.423926 0.593843 -0.0839342 0.592815 0.523427
819000 1.17e+06 0.531713 0.555401 -0.0106273 0.583493 0.501806
829000 1.17e+06 0.567627 0.467177 -0.0333976 0.479806 0.472454
839000 1.17e+06 0.451728 0.478139 -0.00227666 0.497839 0.472277
849000 1.17e+06 0.549043 0.494645 0.0319848 0.540648 0.46307
859000 1.17e+06 0.544753 0.406635 0.0248016 0.428904 0.441024
869000 1.17e+06 0.471751 0.469953 -0.0457813 0.456448 0.476449
879000 1.17e+06 0.46779 0.497769 0.00778735 0.475097 0.508102
889000 1.17e+06 0.602221 0.52922 0.0237283 0.543145 0.497308
899000 1.17e+06 0.527374 0.489347 -0.00750331 0.483053 0.494138
909000 1.17e+06 0.4676 0.436911 -0.000469519 0.423014 0.470988
919000 1.17e+06 0.621959 0.542088 -0.0132834 0.5694 0.49518
929000 1.17e+06 0.529044 0.509297 -0.00561552 0.52723 0.49628
939000 1.17e+06 0.494369 0.492332 0.00827857 0.485121 0.494564
949000 1.17e+06 0.562518 0.55503 -0.00247109 0.565758 0.514347
959000 1.17e+06 0.573104 0.47305 0.00149518 0.491699 0.480152
969000 1.17e+06 0.51711 0.478926 0.00838873 0.494278 0.477061
979000 1.17e+06 0.57149 0.577968 0.0095995 0.58692 0.520376
989000 1.17e+06 0.462169 0.475178 0.0372993 0.495619 0.465422
999000 1.17e+06 0.54076 0.532266 -0.0276704 0.515659 0.509517
