n t PE VE R R2 BS
0 0 0.0527818 0.0825323 -0.0561283 0.0478127 0.0318255
10 1941 0.312242 0.844686 -0.559516 0.490407 0.330322
20 1922 -0.0852035 0.90768 -0.558285 0.525974 0.364206
30 2013 -0.426738 0.986653 -0.549123 0.565536 0.399686
40 2497 -0.803511 1.09213 -0.532081 0.609777 0.44406
50 1966 -1.22468 1.18756 -0.494067 0.631987 0.484807
60 1927 -1.5957 1.27614 -0.45257 0.646682 0.517846
70 1928 -1.82943 1.38233 -0.421624 0.671805 0.554801
80 2554 -1.89624 1.47934 -0.385279 0.685913 0.581242
90 1937 -1.62854 1.5149 -0.361314 0.679989 0.595211
100 1920 -1.04946 1.42006 -0.339264 0.628821 0.584278
110 1951 -0.508401 1.26944 -0.316421 0.560627 0.564503
120 1927 0.0153354 1.10809 -0.287901 0.484598 0.530238
130 1954 0.492657 0.963555 -0.258037 0.413878 0.490819
140 2546 0.882292 0.840355 -0.209063 0.348789 0.461934
150 1918 1.15961 0.750908 -0.172506 0.302385 0.436576
160 1920 1.48163 0.697268 -0.144781 0.274816 0.413247
170 1918 1.71849 0.684263 -0.119757 0.268151 0.402327
180 1947 1.97572 0.678164 -0.0985924 0.265532 0.388855
190 2512 2.22896 0.671706 -0.075337 0.260911 0.371191
200 1916 2.35077 0.643388 -0.0368469 0.247197 0.3607
210 1903 2.3737 0.615334 -0.00552782 0.237318 0.359912
220 2549 2.26706 0.605251 0.0274105 0.237348 0.367872
230 1967 2.04329 0.635199 0.0537392 0.259995 0.389984
240 1904 1.78058 0.692458 0.0746333 0.29934 0.40996
250 1904 1.43068 0.771887 0.10613 0.355799 0.42401
260 1915 1.13009 0.83029 0.127654 0.399118 0.431653
270 1923 0.901005 0.873892 0.152171 0.433714 0.430161
280 2553 0.651619 0.960314 0.212689 0.496414 0.432409
290 1902 0.494767 1.04625 0.287636 0.566884 0.42775
300 1939 0.527385 1.11656 0.354252 0.635907 0.410054
310 1901 0.672618 1.14964 0.396839 0.683468 0.381762
320 1906 0.899293 1.15964 0.424246 0.707422 0.364043
330 2548 1.15608 1.12514 0.435916 0.696279 0.35622
340 1918 1.45759 1.09011 0.433685 0.675879 0.354175
350 2541 1.77331 1.07418 0.425972 0.659886 0.355545
360 1904 1.98119 1.11314 0.420154 0.677589 0.370981
370 1903 1.88708 1.18412 0.430365 0.719169 0.396911
380 1911 1.68719 1.25919 0.439592 0.760783 0.426476
390 1919 1.35159 1.32324 0.437268 0.786132 0.463962
400 1902 0.85268 1.34756 0.421681 0.774238 0.494083
410 1916 0.321374 1.33393 0.391593 0.736029 0.511732
420 2551 0.0264664 1.2619 0.345927 0.668358 0.5165
430 1942 -0.0453646 1.11812 0.29217 0.568227 0.500981
440 1930 0.119298 0.941172 0.236801 0.451274 0.469051
450 1903 0.391647 0.786786 0.185237 0.34774 0.432917
460 2040 0.766706 0.691414 0.13028 0.280914 0.404405
470 2396 1.05731 0.660376 0.0742601 0.254479 0.401669
480 1901 1.26816 0.66674 0.0264614 0.252712 0.413622
490 1919 1.47758 0.676572 -0.0213051 0.256796 0.425339
500 1905 1.61974 0.697936 -0.0653359 0.268712 0.434228
510 1910 1.65911 0.733176 -0.100327 0.286268 0.442039
520 2536 1.65301 0.744263 -0.122771 0.289376 0.433177
530 1915 1.56348 0.72537 -0.129817 0.275755 0.414366
540 1919 1.3729 0.706883 -0.125714 0.262956 0.397127
550 1904 1.14626 0.684048 -0.120001 0.251234 0.387635
560 2531 0.79538 0.688458 -0.126946 0.257035 0.387886
570 1904 0.237827 0.736668 -0.139799 0.287794 0.40835
580 1913 -0.37282 0.789789 -0.16024 0.325926 0.426288
590 2551 -0.787206 0.848403 -0.197984 0.371596 0.443808
600 1950 -1.20824 0.869479 -0.231825 0.39895 0.445669
610 1934 -1.76362 0.887979 -0.271472 0.42506 0.440761
620 1908 -2.10194 0.88377 -0.303187 0.431895 0.429878
630 1902 -2.21948 0.852577 -0.316116 0.414732 0.413224
640 2585 -2.18804 0.819302 -0.322269 0.393551 0.396071
650 1905 -2.16491 0.82039 -0.3345 0.391548 0.384262
660 1903 -2.22424 0.843843 -0.340912 0.397072 0.38581
670 1909 -2.33152 0.885844 -0.348071 0.412913 0.396339
680 1906 -2.4437 0.928289 -0.359178 0.432704 0.407468
690 1933 -2.59892 0.959807 -0.355812 0.441127 0.418673
700 1937 -2.72082 0.975553 -0.346105 0.442615 0.43181
710 2549 -2.6371 0.962167 -0.330202 0.432003 0.441285
720 1922 -2.40284 0.930384 -0.32463 0.420033 0.445211
730 1925 -2.16145 0.890184 -0.325658 0.408037 0.450437
740 2566 -1.79277 0.840269 -0.339011 0.395068 0.445116
750 1948 -1.52935 0.828797 -0.356208 0.400602 0.437535
760 1930 -1.38653 0.877676 -0.371708 0.432802 0.439003
770 1946 -1.35223 0.948196 -0.373817 0.472602 0.447765
780 1920 -1.40897 1.04599 -0.372866 0.528349 0.461861
790 1940 -1.38812 1.13572 -0.356369 0.577589 0.48702
800 1977 -1.42471 1.2081 -0.328455 0.608899 0.507765
810 2286 -1.53908 1.28394 -0.298069 0.635406 0.52263
820 1927 -1.62161 1.31128 -0.255679 0.635328 0.522646
830 1930 -1.57244 1.32226 -0.215936 0.638943 0.519474
840 2602 -1.46626 1.32102 -0.181434 0.642456 0.509558
850 1948 -1.3835 1.25979 -0.138308 0.615982 0.491537
860 1923 -1.27863 1.1913 -0.0834701 0.589002 0.468328
870 2339 -1.09116 1.1279 -0.03178 0.568084 0.440419
880 1907 -0.929789 1.10777 0.0117345 0.575264 0.432979
890 1927 -0.891968 1.10353 0.0460101 0.592628 0.442832
900 1922 -0.83281 1.10462 0.0761075 0.608381 0.45416
910 1917 -0.892972 1.1161 0.097918 0.621988 0.459153
920 1921 -0.932125 1.15416 0.115026 0.653803 0.461084
930 2531 -0.792206 1.23506 0.125466 0.71984 0.464059
940 1923 -0.458736 1.34545 0.142386 0.804398 0.472088
950 1910 -0.0962591 1.46706 0.154665 0.901085 0.474646
960 2541 0.481197 1.58005 0.169194 0.999505 0.469979
970 1902 1.06322 1.64724 0.183301 1.07059 0.463608
980 1901 1.53149 1.65818 0.182342 1.10724 0.448717
990 2215 1.82842 1.65202 0.180502 1.12002 0.437802
1000 2256 1.98875 1.60778 0.179378 1.09788 0.431206
1010 1916 2.029 1.5238 0.175446 1.04419 0.417563
1020 1908 1.98295 1.43061 0.177189 0.970429 0.4101
1030 1905 1.90714 1.30781 0.177318 0.870992 0.390294
1040 1957 1.73947 1.15878 0.170736 0.7507 0.362431
1050 2342 1.6118 1.00869 0.151707 0.629675 0.340172
1060 2093 1.5596 0.884363 0.124461 0.529353 0.323699
1070 1911 1.53277 0.797819 0.0984731 0.456691 0.311376
1080 1907 1.61389 0.727692 0.0783395 0.390493 0.307002
1090 2549 1.73922 0.685943 0.0722536 0.346064 0.314973
1100 1899 1.73085 0.656684 0.071002 0.310102 0.328727
1110 1903 1.55909 0.654784 0.0908952 0.292958 0.34988
1120 1903 1.23853 0.67116 0.111917 0.290961 0.373729
1130 1903 0.933496 0.677024 0.118225 0.286421 0.393751
1140 2546 0.818051 0.672375 0.127849 0.273721 0.406265
1150 1915 0.962517 0.656046 0.135003 0.257796 0.404135
1160 2170 1.19755 0.618986 0.138901 0.234713 0.38524
1170 2392 1.25778 0.585055 0.150942 0.216786 0.3688
1180 1921 1.12986 0.577112 0.173336 0.216703 0.357466
1190 1916 0.897402 0.588302 0.197845 0.231347 0.349824
1200 2541 0.641617 0.622815 0.215025 0.258908 0.35912
1210 1916 0.401332 0.679079 0.230567 0.297799 0.372321
1220 1909 0.0671572 0.729244 0.24895 0.333365 0.376655
1230 1910 -0.420252 0.810316 0.277814 0.387471 0.387702
1240 1934 -0.986753 0.913458 0.298015 0.447466 0.407559
1250 1926 -1.59012 1.06262 0.327069 0.533655 0.436832
1260 1906 -2.09051 1.21298 0.353029 0.620338 0.480619
1270 2535 -2.37288 1.34206 0.373472 0.701965 0.514418
1280 1933 -2.47744 1.45744 0.392099 0.775238 0.539531
1290 1912 -2.40141 1.50695 0.407776 0.812009 0.552711
1300 1909 -2.12608 1.49985 0.405324 0.817445 0.554524
1310 2385 -1.70107 1.46102 0.405271 0.810133 0.547582
1320 2062 -1.32912 1.40391 0.398704 0.787817 0.532982
1330 1900 -0.974787 1.3609 0.411296 0.777433 0.522197
1340 2455 -0.507985 1.32857 0.426563 0.775851 0.51528
1350 2001 -0.0253813 1.28694 0.430869 0.763388 0.504104
1360 1903 0.273316 1.26038 0.421334 0.7404 0.513186
1370 1901 0.373042 1.25754 0.406389 0.71608 0.535728
1380 1900 0.447338 1.28301 0.39659 0.706832 0.561111
1390 1907 0.526418 1.25404 0.372986 0.666432 0.569667
1400 1920 0.750891 1.16854 0.346334 0.601796 0.557279
1410 2534 1.08893 1.0475 0.32329 0.523365 0.53084
1420 1915 1.43779 0.919884 0.285793 0.439568 0.498608
1430 1906 1.77207 0.763869 0.233187 0.341045 0.442769
1440 1904 1.94182 0.625797 0.178693 0.252619 0.376744
1450 1947 2.01346 0.533937 0.139263 0.194834 0.333073
1460 2533 2.00886 0.481129 0.0992796 0.160386 0.308833
1470 1909 2.04368 0.448767 0.0510705 0.138753 0.287714
1480 1905 1.98771 0.432869 -0.00277667 0.127592 0.271583
1490 1901 1.87277 0.435132 -0.0634915 0.129939 0.263968
1500 2546 1.79581 0.454069 -0.125074 0.146479 0.269246
1510 1926 1.72222 0.48673 -0.192718 0.177182 0.275569
1520 1907 1.66803 0.53665 -0.268149 0.222116 0.287311
1530 1932 1.58664 0.587671 -0.341302 0.269716 0.296572
1540 2530 1.42142 0.631793 -0.39411 0.307886 0.300643
1550 1928 1.23431 0.68933 -0.437477 0.352273 0.309831
1560 1947 1.03687 0.765392 -0.485507 0.411741 0.325115
1570 2063 1.06709 0.833582 -0.520322 0.464806 0.338612
1580 1906 1.11953 0.903888 -0.548103 0.516253 0.355744
1590 1902 1.22274 0.977986 -0.58679 0.57818 0.369422
1600 1927 1.4436 1.03883 -0.629348 0.637511 0.378445
1610 2537 1.72903 1.09526 -0.671257 0.695066 0.387988
1620 1916 2.06364 1.14683 -0.702138 0.743924 0.399585
1630 1921 2.36241 1.18665 -0.719482 0.779035 0.411348
1640 2539 2.59781 1.24217 -0.73574 0.820182 0.425846
1650 1962 2.76544 1.28661 -0.750401 0.853162 0.435675
1660 1903 2.81337 1.31157 -0.757771 0.871446 0.44174
1670 1902 2.76696 1.30653 -0.759745 0.867401 0.437976
1680 2531 2.60886 1.31114 -0.762181 0.864036 0.432864
1690 1900 2.32302 1.32043 -0.754094 0.851647 0.427035
1700 1918 2.05264 1.35162 -0.7481 0.849905 0.422723
1710 1907 1.68017 1.42395 -0.749839 0.872093 0.42947
1720 1942 1.37229 1.47324 -0.745268 0.879815 0.438049
1730 1926 1.13706 1.46936 -0.733254 0.860637 0.436077
1740 2552 0.992677 1.40798 -0.712955 0.812018 0.426436
1750 1947 1.16818 1.30528 -0.690936 0.748427 0.406029
1760 1930 1.47263 1.18363 -0.674546 0.683963 0.375098
1770 2560 1.70908 1.07263 -0.653517 0.622188 0.344372
1780 1923 1.90909 0.980502 -0.62614 0.567901 0.312331
1790 1954 2.21416 0.899857 -0.587926 0.517527 0.291884
1800 1964 2.465 0.846284 -0.544795 0.480507 0.289075
1810 1931 2.58023 0.803054 -0.48492 0.44084 0.312685
1820 1936 2.57872 0.782812 -0.401819 0.408498 0.342917
1830 1943 2.59086 0.754829 -0.316138 0.375303 0.349603
1840 1930 2.59024 0.737898 -0.218411 0.359595 0.349958
1850 2614 2.56928 0.768956 -0.113947 0.384974 0.351961
1860 1914 2.55015 0.839679 -0.0217001 0.446706 0.353899
1870 1966 2.53968 0.952669 0.0596644 0.54031 0.36327
1880 2544 2.68718 1.0547 0.144026 0.635822 0.363942
1890 1906 2.88682 1.15329 0.206465 0.734168 0.363359
1900 1924 2.91598 1.22575 0.235436 0.801277 0.36691
1910 1913 2.99343 1.26478 0.245026 0.839587 0.370208
1920 1948 3.05565 1.25548 0.238517 0.841582 0.369509
1930 1932 3.09297 1.22251 0.225492 0.816268 0.37477
1940 2219 3.14636 1.16923 0.215791 0.774991 0.374522
1950 2301 3.19728 1.12631 0.214336 0.739758 0.372
1960 1942 3.19159 1.09571 0.216012 0.706198 0.377457
1970 1943 3.18972 1.06131 0.200563 0.660842 0.386085
1980 1940 3.12622 1.05039 0.192068 0.629741 0.395079
1990 1952 2.9309 1.03374 0.180006 0.591901 0.407434
2000 2583 2.67846 1.01956 0.15559 0.555691 0.41917
2010 1951 2.38412 0.977175 0.127514 0.50633 0.425636
2020 1949 2.19762 0.918354 0.0941048 0.455852 0.426806
2030 1959 2.04098 0.860877 0.0581163 0.408733 0.42621
2040 1946 1.78371 0.800362 0.0229084 0.360058 0.418456
2050 1966 1.44609 0.758317 -0.0201941 0.321965 0.415815
2060 2586 1.0485 0.732244 -0.0709926 0.295098 0.413729
2070 1950 0.706907 0.714425 -0.120128 0.279518 0.414957
2080 2565 0.605298 0.695251 -0.168461 0.273357 0.406096
2090 1950 0.643554 0.680282 -0.227655 0.280078 0.38739
2100 1962 0.789787 0.68629 -0.304867 0.308398 0.356935
2110 2344 1.16015 0.709183 -0.389524 0.353188 0.319466
2120 1920 1.62241 0.76891 -0.464521 0.42444 0.288634
2130 1930 1.95556 0.832425 -0.511817 0.494173 0.268352
2140 1922 2.16793 0.883155 -0.536686 0.54831 0.262792
2150 1931 2.37753 0.934536 -0.559054 0.597927 0.26596
2160 2563 2.50396 0.986531 -0.589355 0.648153 0.279474
2170 1920 2.58253 1.00922 -0.601341 0.667341 0.293334
2180 1929 2.75712 1.03927 -0.609377 0.686722 0.31422
2190 2166 2.85311 1.0796 -0.614943 0.709008 0.342409
2200 2326 3.01133 1.11027 -0.611209 0.718329 0.367015
2210 1933 3.08488 1.14763 -0.597089 0.723424 0.390182
2220 1971 3.05865 1.20899 -0.59091 0.741336 0.422551
2230 1961 2.98016 1.28225 -0.573245 0.757889 0.464166
2240 2562 2.84317 1.36225 -0.526493 0.760806 0.509327
2250 1988 2.65214 1.38176 -0.459149 0.726447 0.536668
2260 2021 2.5424 1.28885 -0.400041 0.644838 0.530871
2270 1947 2.44423 1.15074 -0.348348 0.550064 0.502183
2280 1960 2.19923 1.01225 -0.309374 0.465824 0.46697
2290 1978 1.7267 0.932982 -0.276774 0.412792 0.446355
2300 2523 1.2182 0.865463 -0.230748 0.367288 0.428504
2310 1968 0.812407 0.810655 -0.196061 0.33085 0.413752
2320 1947 0.593574 0.769697 -0.162164 0.303345 0.40467
2330 2576 0.674511 0.715553 -0.116033 0.270631 0.394662
2340 1920 0.994717 0.665029 -0.0641414 0.24179 0.381604
2350 1927 1.38445 0.62182 -0.0208697 0.218911 0.366516
2360 1940 1.81893 0.575103 0.00265654 0.194385 0.345553
2370 1939 2.24249 0.536348 0.0230556 0.173728 0.327723
2380 1924 2.4561 0.50736 0.0400054 0.159202 0.315233
2390 2552 2.5452 0.508127 0.061107 0.162405 0.325572
2400 1922 2.52362 0.5448 0.069494 0.184579 0.354766
2410 1955 2.40425 0.599858 0.0549835 0.213298 0.38209
2420 1933 2.2432 0.657004 0.0330777 0.23978 0.398585
2430 2055 2.12756 0.7082 0.0138787 0.262378 0.409478
2440 2410 2.05803 0.768655 -0.00963244 0.289396 0.420894
2450 1923 1.97245 0.825412 -0.0315428 0.314922 0.429395
2460 2004 1.84051 0.870104 -0.0764188 0.3401 0.434581
2470 2390 1.83627 0.894169 -0.125364 0.359629 0.428911
2480 1917 1.97026 0.921165 -0.160806 0.38511 0.421293
2490 1912 2.13608 0.955462 -0.204861 0.420376 0.412896
2500 1912 2.28043 0.967001 -0.260182 0.45081 0.399824
2510 1947 2.29969 0.975842 -0.312739 0.479188 0.394006
2520 1916 2.34151 0.974698 -0.362626 0.505526 0.387916
2530 2530 2.23406 0.981961 -0.412505 0.536679 0.389769
2540 1899 1.80711 1.02252 -0.455304 0.581702 0.40577
2550 1902 1.28705 1.06486 -0.493221 0.624288 0.419388
2560 2558 0.752518 1.11099 -0.511584 0.663633 0.433548
2570 1931 0.221143 1.16154 -0.524539 0.696103 0.451321
2580 1909 -0.248286 1.21497 -0.541097 0.721133 0.467773
2590 2530 -0.543563 1.29503 -0.57776 0.763332 0.487114
2600 1902 -0.672735 1.37354 -0.622873 0.817503 0.497317
2610 1925 -0.893691 1.4558 -0.653549 0.872789 0.511718
2620 2566 -0.900112 1.46729 -0.672822 0.886396 0.508419
2630 1904 -0.586323 1.43589 -0.68695 0.876498 0.49371
2640 1902 -0.0417715 1.39364 -0.70156 0.860828 0.477918
2650 1915 0.520345 1.32473 -0.695846 0.817955 0.465059
2660 1986 1.045 1.26082 -0.67294 0.765949 0.454682
2670 2547 1.49947 1.18717 -0.651642 0.710205 0.436963
2680 1953 1.84104 1.12133 -0.623655 0.655378 0.423214
2690 2484 2.13111 1.05678 -0.591281 0.602886 0.411717
2700 1914 2.35588 0.976602 -0.568805 0.552842 0.388735
2710 1918 2.59794 0.940933 -0.563056 0.533418 0.38046
2720 1905 2.67588 0.916871 -0.542097 0.509949 0.382692
2730 1912 2.55976 0.892126 -0.507786 0.478197 0.385559
2740 1964 2.40574 0.869523 -0.4793 0.452059 0.3814
2750 2545 2.12186 0.858887 -0.460382 0.438685 0.384629
2760 1925 1.80444 0.863751 -0.444979 0.435912 0.392179
2770 1934 1.51942 0.895226 -0.435041 0.447088 0.406522
2780 1905 1.04832 0.954825 -0.423316 0.467814 0.424605
2790 2532 0.556625 1.06054 -0.416896 0.508158 0.450703
2800 1903 0.16659 1.18113 -0.425951 0.560098 0.475411
2810 1980 -0.230752 1.286 -0.434473 0.60299 0.491839
2820 1950 -0.471152 1.33322 -0.453212 0.628723 0.495697
2830 2547 -0.544774 1.33567 -0.476903 0.639535 0.487355
2840 1931 -0.418238 1.26742 -0.488509 0.617626 0.468725
2850 1946 -0.239948 1.20759 -0.485317 0.593154 0.45936
2860 1956 -0.0597734 1.14596 -0.482941 0.568377 0.447954
2870 1949 0.211719 1.05099 -0.466357 0.523493 0.425418
2880 1923 0.533753 0.967147 -0.454862 0.486245 0.402585
2890 1958 0.70744 0.898709 -0.436973 0.453452 0.39214
2900 1956 0.781254 0.828655 -0.418869 0.41709 0.37988
2910 2499 0.787651 0.784911 -0.408609 0.396776 0.367187
2920 1908 0.787594 0.741323 -0.395451 0.375082 0.348921
2930 1906 0.752574 0.715309 -0.368038 0.356965 0.336263
2940 1905 0.527537 0.720365 -0.340444 0.352983 0.338148
2950 1912 0.211629 0.745607 -0.315823 0.359696 0.351003
2960 1963 -0.14949 0.784832 -0.298245 0.377465 0.37856
2970 2566 -0.540118 0.836482 -0.288074 0.403032 0.413542
2980 1906 -0.785953 0.871842 -0.29602 0.423791 0.428953
2990 1909 -0.959623 0.885185 -0.298246 0.426459 0.433164
3000 2530 -1.13828 0.90174 -0.29052 0.421782 0.42764
3010 1917 -1.28634 0.942878 -0.293094 0.428008 0.421739
3020 1910 -1.46649 1.00658 -0.302862 0.442803 0.422466
3030 2099 -1.72883 1.06437 -0.312252 0.456101 0.428123
3040 2361 -1.9771 1.13796 -0.328882 0.481673 0.443346
3050 1925 -2.08099 1.17113 -0.340079 0.492724 0.451819
3060 1940 -2.07808 1.18004 -0.352806 0.501487 0.46209
3070 2554 -2.14252 1.22041 -0.363055 0.522666 0.483347
3080 1905 -2.10281 1.27263 -0.380282 0.554342 0.503482
3090 1901 -1.76016 1.27646 -0.376082 0.560754 0.513149
3100 1905 -1.22936 1.25389 -0.361618 0.554968 0.524611
3110 2537 -0.620267 1.22608 -0.372718 0.55766 0.531028
3120 1908 -0.0536955 1.19594 -0.395452 0.565195 0.534088
3130 1907 0.514699 1.13682 -0.411452 0.555565 0.525884
3140 2469 0.971278 1.01961 -0.403123 0.503515 0.496326
3150 1946 1.27173 0.906478 -0.380984 0.44221 0.463688
3160 1931 1.36105 0.841948 -0.3569 0.402513 0.447064
3170 1951 1.37478 0.80601 -0.327853 0.375037 0.440147
3180 1929 1.40654 0.787118 -0.311892 0.360375 0.434433
3190 2552 1.40201 0.765378 -0.298374 0.345135 0.427958
3200 1920 1.33605 0.73872 -0.289234 0.326553 0.42136
3210 1930 1.20175 0.709615 -0.298198 0.311559 0.400401
3220 2001 0.962186 0.691414 -0.312719 0.306916 0.374107
3230 1955 0.798602 0.66746 -0.322042 0.300273 0.364433
3240 1998 0.737513 0.646903 -0.332362 0.294893 0.354511
3250 2475 0.740664 0.646684 -0.345211 0.299649 0.345495
3260 1922 0.711604 0.655032 -0.340043 0.300676 0.346805
3270 1994 0.587249 0.681438 -0.334762 0.309446 0.351651
3280 1944 0.235085 0.702833 -0.322655 0.312924 0.362331
3290 2431 -0.260839 0.717198 -0.306881 0.312419 0.370676
3300 1905 -0.691178 0.745268 -0.304646 0.32257 0.375054
3310 1924 -0.964554 0.777494 -0.30382 0.335038 0.375975
3320 2563 -1.07998 0.813268 -0.307838 0.352698 0.382675
3330 1902 -0.925647 0.85148 -0.316948 0.375917 0.402293
3340 1931 -0.663507 0.903651 -0.330862 0.406194 0.421035
3350 1904 -0.349677 0.969675 -0.343336 0.440955 0.436959
3360 1918 0.130374 1.02889 -0.357501 0.473577 0.448799
3370 1926 0.682558 1.07165 -0.387542 0.507763 0.454646
3380 2462 1.25948 1.0834 -0.41128 0.530969 0.46631
3390 1954 1.74501 1.1041 -0.41633 0.548313 0.488141
3400 2543 2.05913 1.08106 -0.410152 0.536718 0.493428
3410 1953 2.18487 1.013 -0.402163 0.499199 0.47581
3420 1984 2.23524 0.906169 -0.378797 0.438415 0.444819
3430 2555 2.3088 0.783269 -0.354898 0.371404 0.407526
3440 1942 2.28437 0.663107 -0.324211 0.300816 0.37094
3450 1962 2.10769 0.568911 -0.288568 0.238669 0.332648
3460 1928 1.76901 0.499312 -0.243042 0.183898 0.287427
3470 1977 1.18947 0.465862 -0.190268 0.149785 0.26038
3480 1929 0.539864 0.457183 -0.137666 0.135771 0.264724
3490 1941 -0.115515 0.471906 -0.0956352 0.13947 0.286547
3500 2553 -0.470955 0.473673 -0.0561717 0.138342 0.294209
3510 1923 -0.577297 0.464653 -0.0245811 0.132442 0.29056
3520 1946 -0.606173 0.455245 0.00659648 0.128463 0.284438
3530 2519 -0.625692 0.446887 0.0292248 0.126381 0.284379
3540 1931 -0.619895 0.428964 0.0419389 0.118219 0.275846
3550 1924 -0.623881 0.403798 0.0563726 0.104833 0.259949
3560 1904 -0.808993 0.394462 0.0725891 0.1 0.254981
3570 1926 -1.03907 0.398748 0.0945574 0.10294 0.252621
3580 2072 -1.14847 0.41432 0.122598 0.114353 0.254547
3590 2383 -1.05021 0.438007 0.131615 0.131515 0.257386
3600 1972 -0.814839 0.460372 0.130583 0.14814 0.267592
3610 1959 -0.646125 0.492886 0.129984 0.16875 0.276464
3620 2558 -0.640054 0.533319 0.116167 0.19074 0.295552
3630 1930 -0.615593 0.569674 0.0978091 0.20919 0.319897
3640 1972 -0.443138 0.597357 0.0716774 0.219245 0.337839
3650 1924 -0.224568 0.608117 0.024821 0.218154 0.348756
3660 1925 -0.0697151 0.627148 -0.0286503 0.22182 0.363766
3670 2573 -0.0595289 0.660114 -0.0633383 0.235091 0.378806
3680 1975 -0.034623 0.687819 -0.0991995 0.252275 0.386709
3690 1947 0.0219033 0.744271 -0.149088 0.293411 0.392577
3700 2555 0.249998 0.797567 -0.214533 0.345528 0.390849
3710 1943 0.615645 0.853922 -0.268153 0.403927 0.384994
3720 1948 1.04886 0.866054 -0.30044 0.434335 0.368532
3730 1943 1.63082 0.861096 -0.337704 0.459954 0.345961
3740 1938 2.11887 0.860505 -0.377163 0.489982 0.320158
3750 1955 2.49727 0.887767 -0.425567 0.544878 0.288949
3760 1946 2.86759 0.959224 -0.482627 0.632045 0.274364
3770 2553 3.05773 1.02423 -0.516446 0.702566 0.26476
3780 1975 3.10756 1.07637 -0.523573 0.7489 0.27197
3790 1946 3.04812 1.1303 -0.518487 0.787262 0.305251
3800 1986 2.81008 1.17208 -0.496834 0.803044 0.338283
3810 2489 2.45961 1.21959 -0.473813 0.817909 0.366904
3820 1930 2.19364 1.26436 -0.436969 0.825508 0.40021
3830 1990 1.88378 1.32172 -0.39508 0.834971 0.436222
3840 1947 1.54191 1.36749 -0.335333 0.823785 0.472882
3850 2566 1.33606 1.4616 -0.27963 0.840803 0.51846
3860 1914 1.01805 1.65396 -0.232147 0.906209 0.565814
3870 1995 0.590163 1.91983 -0.192684 0.994427 0.610303
3880 1945 0.163316 2.12627 -0.157437 1.05659 0.641381
3890 1921 -0.154166 2.21115 -0.124296 1.07915 0.651542
3900 1925 -0.342552 2.17268 -0.0952112 1.04782 0.642246
3910 2305 -0.454543 2.06535 -0.050196 0.972691 0.62914
3920 2167 -0.504863 1.96113 -0.00752194 0.896955 0.618867
3930 1913 -0.534406 1.76089 0.0132413 0.795903 0.593765
3940 1918 -0.403473 1.47391 0.0313554 0.668345 0.55113
3950 1903 -0.329237 1.19903 0.0368032 0.53276 0.496414
3960 2540 -0.359908 0.982509 0.045413 0.41198 0.445875
3970 1934 -0.585316 0.831585 0.0605058 0.325649 0.409496
3980 1932 -0.898208 0.72564 0.0761203 0.268078 0.380564
3990 1925 -1.09367 0.627353 0.0892179 0.217907 0.348251
4000 1911 -1.16484 0.561663 0.0959605 0.184662 0.3209
4010 2293 -1.04671 0.512907 0.100904 0.162867 0.294395
4020 2520 -0.784925 0.473843 0.0906078 0.145236 0.27801
4030 1915 -0.387033 0.453612 0.0618084 0.135827 0.264856
4040 1916 -0.00292014 0.450795 0.0124278 0.136262 0.261295
4050 1925 0.331942 0.474315 -0.0463969 0.155583 0.268754
4060 1931 0.704838 0.505477 -0.0906189 0.18382 0.279893
4070 1964 1.01496 0.53643 -0.130024 0.213066 0.288871
4080 2569 1.32337 0.557029 -0.164606 0.232941 0.297
4090 1923 1.5845 0.575733 -0.194114 0.248145 0.306635
4100 1923 1.76258 0.591527 -0.23023 0.260102 0.309949
4110 1954 2.01123 0.602969 -0.278325 0.272674 0.302663
4120 2550 2.24749 0.62325 -0.322523 0.29457 0.297364
4130 1956 2.42921 0.635854 -0.344733 0.312903 0.285907
4140 1944 2.51103 0.636413 -0.351185 0.316264 0.27764
4150 1959 2.52098 0.637392 -0.354493 0.31707 0.272097
4160 1958 2.47454 0.644022 -0.357423 0.319084 0.270627
4170 2553 2.34012 0.661947 -0.36474 0.329775 0.272568
4180 2021 2.1808 0.678755 -0.383166 0.346035 0.268605
4190 1923 2.00453 0.706538 -0.410818 0.376525 0.266574
4200 2565 1.90296 0.7574 -0.431096 0.421381 0.279547
4210 1921 1.91695 0.807474 -0.433436 0.459201 0.297435
4220 1946 2.02505 0.83373 -0.427174 0.478037 0.302055
4230 1947 2.08618 0.857096 -0.413274 0.503082 0.29239
4240 1936 2.10259 0.883472 -0.381574 0.533447 0.294574
4250 1942 2.13635 0.93152 -0.347487 0.576652 0.304364
4260 2552 2.165 0.972521 -0.313683 0.60942 0.311317
4270 1921 2.12214 0.994102 -0.278659 0.624882 0.317861
4280 2593 2.0127 0.956449 -0.247829 0.59262 0.317311
4290 1932 1.9765 0.912427 -0.226671 0.560636 0.311615
4300 1950 1.912 0.863184 -0.202754 0.52517 0.308511
4310 1929 1.73533 0.834316 -0.185883 0.496415 0.324003
4320 2560 1.65675 0.823021 -0.154117 0.469627 0.353826
4330 1932 1.72491 0.834298 -0.116589 0.456276 0.382109
4340 1943 1.86078 0.851729 -0.0758927 0.443929 0.413192
4350 2361 1.94618 0.856013 -0.0379001 0.436529 0.427968
4360 2123 1.97827 0.835529 0.00571357 0.419617 0.425951
4370 1923 1.89914 0.814887 0.0588102 0.404952 0.414729
4380 1944 1.69278 0.799762 0.105918 0.396119 0.398818
4390 1963 1.47372 0.786449 0.147869 0.385599 0.386602
4400 1924 1.33182 0.780731 0.185555 0.378921 0.382231
4410 2545 1.14143 0.768389 0.220116 0.365865 0.376757
4420 1923 0.827235 0.765038 0.248433 0.356718 0.37783
4430 2563 0.581132 0.759317 0.269435 0.343554 0.380588
4440 1951 0.477449 0.769638 0.295067 0.341329 0.382061
4450 1931 0.427841 0.77766 0.296403 0.332196 0.385483
4460 1926 0.353622 0.789977 0.272324 0.318993 0.392091
4470 2161 0.198227 0.817155 0.22006 0.310113 0.403639
4480 2324 0.0840501 0.853335 0.148163 0.309436 0.41516
4490 1950 0.0139663 0.891783 0.0544049 0.317558 0.422125
4500 1926 -0.117641 0.941818 -0.0385674 0.341168 0.418808
4510 1925 -0.298517 0.982786 -0.121337 0.376545 0.410606
4520 2547 -0.401922 1.01476 -0.195661 0.427196 0.399568
4530 1950 -0.360951 1.06443 -0.258257 0.502212 0.393335
4540 1921 -0.186896 1.11714 -0.300546 0.581905 0.402284
4550 1901 0.104907 1.18369 -0.343991 0.670879 0.414539
4560 1902 0.524066 1.27231 -0.398673 0.774573 0.41914
4570 2498 0.944383 1.39716 -0.466857 0.903679 0.427347
4580 1969 1.36576 1.53239 -0.531632 1.03633 0.432166
4590 1915 1.73491 1.64117 -0.585163 1.14308 0.425353
4600 2159 2.0728 1.71854 -0.627678 1.22192 0.408272
4610 2281 2.23963 1.76588 -0.65609 1.27627 0.391355
4620 1911 2.12283 1.82478 -0.673136 1.32744 0.387112
4630 1940 1.85682 1.91713 -0.692671 1.401 0.392879
4640 1938 1.62872 1.98886 -0.708132 1.46798 0.390647
4650 1928 1.55821 2.01176 -0.721157 1.49837 0.383436
4660 1957 1.68072 2.03292 -0.744773 1.5311 0.376349
4670 2556 1.86061 2.02713 -0.759853 1.54249 0.371019
4680 1952 2.07675 2.00482 -0.768448 1.54018 0.361392
4690 2590 2.17266 1.96929 -0.760375 1.51506 0.35411
4700 1930 2.07429 1.89158 -0.733056 1.43887 0.347709
4710 1923 1.95937 1.82256 -0.692068 1.35909 0.36094
4720 1929 1.83085 1.80557 -0.669215 1.32188 0.387709
4730 2550 1.70971 1.80548 -0.670564 1.30646 0.408628
4740 1909 1.52506 1.79251 -0.668097 1.27878 0.428837
4750 1902 1.30764 1.76317 -0.663761 1.23659 0.446371
4760 2511 0.987476 1.68033 -0.641146 1.1434 0.45509
4770 1933 0.716672 1.59576 -0.615328 1.03677 0.456584
4780 1925 0.565863 1.52838 -0.591895 0.936835 0.457433
4790 1910 0.480071 1.462 -0.555215 0.847557 0.460129
4800 1903 0.578348 1.37859 -0.524071 0.7657 0.45635
4810 2555 0.770961 1.27538 -0.499254 0.685973 0.446196
4820 1914 0.950319 1.14174 -0.463311 0.597851 0.432262
4830 1935 1.12084 0.99355 -0.421478 0.513286 0.410911
4840 1942 1.32255 0.859286 -0.37637 0.436537 0.392041
4850 1933 1.40983 0.772808 -0.332257 0.383082 0.390804
4860 1938 1.30369 0.72905 -0.27061 0.344618 0.399855
4870 1923 1.10955 0.741709 -0.207183 0.335112 0.411577
4880 1945 0.854121 0.781247 -0.155355 0.346845 0.418933
4890 2576 0.646241 0.832103 -0.103232 0.367491 0.429223
4900 1922 0.538154 0.882307 -0.0599946 0.388012 0.443868
4910 1941 0.43447 0.962535 -0.0166047 0.421943 0.467146
4920 2432 0.403816 1.06322 0.00928013 0.465242 0.488451
4930 1961 0.576792 1.15344 0.0139193 0.501004 0.50979
4940 1937 0.859012 1.18758 0.0053665 0.510953 0.518758
4950 2814 1.10257 1.18672 -0.0136535 0.500274 0.521311
4960 1922 1.31536 1.12282 -0.019929 0.466023 0.513657
4970 1915 1.38756 1.02392 -0.0177106 0.418233 0.496112
4980 1932 1.25542 0.887188 -0.0201109 0.353247 0.457441
4990 1948 1.03443 0.740126 -0.0293116 0.284264 0.407305
5000 2565 0.826188 0.631777 -0.0546713 0.234997 0.376079
5010 1930 0.467642 0.599677 -0.0878164 0.224546 0.371643
5020 1927 -0.0228808 0.608145 -0.140973 0.238679 0.381556
5030 1920 -0.380933 0.627391 -0.199553 0.260776 0.384199
5040 1948 -0.633836 0.644569 -0.256664 0.280564 0.379591
5050 2540 -0.586882 0.648476 -0.290942 0.289704 0.369382
5060 1922 -0.352427 0.632631 -0.284565 0.27805 0.362473
5070 1920 0.101379 0.601553 -0.25873 0.251495 0.359155
5080 1929 0.859234 0.553612 -0.220434 0.215126 0.344704
5090 2611 1.70977 0.505165 -0.167084 0.17793 0.328133
5100 1949 2.49353 0.460832 -0.0967558 0.14479 0.313889
5110 1915 3.00155 0.433743 -0.0247037 0.125918 0.306275
5120 1936 3.28257 0.420461 0.0552591 0.118891 0.294699
5130 2535 3.46868 0.422304 0.144654 0.126389 0.272517
5140 1968 3.55929 0.4489 0.238844 0.155939 0.249192
5150 1912 3.4804 0.516088 0.342784 0.218518 0.230873
5160 2519 3.41923 0.601664 0.431341 0.294017 0.218402
5170 1911 3.45305 0.672133 0.477834 0.349036 0.228433
5180 1901 3.41135 0.747026 0.511829 0.402992 0.267257
5190 1922 3.30861 0.827718 0.526109 0.452354 0.313197
5200 1913 3.15167 0.917972 0.536728 0.50267 0.357382
5210 2533 3.01497 1.01686 0.56421 0.56573 0.391445
5220 1901 2.90666 1.17635 0.613079 0.668566 0.436713
5230 1911 2.73976 1.35906 0.670318 0.785588 0.476478
5240 1951 2.6441 1.5045 0.7268 0.887437 0.497424
5250 1939 2.62455 1.62703 0.791791 0.988472 0.500168
5260 2020 2.55728 1.70551 0.848186 1.06634 0.486563
5270 2460 2.51064 1.72098 0.881879 1.09991 0.458041
5280 1925 2.48996 1.72097 0.901556 1.11755 0.431037
5290 2446 2.36732 1.72698 0.908863 1.1323 0.40605
5300 2125 2.10659 1.71962 0.89768 1.12871 0.39226
5310 1922 1.90395 1.67355 0.86358 1.09156 0.389208
5320 1921 1.83144 1.55093 0.801627 0.999709 0.390825
5330 1931 1.74417 1.41568 0.721615 0.89335 0.393663
5340 1958 1.66877 1.31644 0.622638 0.801618 0.406513
5350 1932 1.68414 1.2792 0.513457 0.749573 0.4234
5360 1922 1.65965 1.3064 0.424905 0.745155 0.445731
5370 2302 1.65585 1.352 0.346111 0.75732 0.464537
5380 2145 1.59902 1.39105 0.273142 0.775744 0.477664
5390 2439 1.61806 1.40648 0.200451 0.790447 0.481605
5400 2099 1.82762 1.35133 0.124519 0.773757 0.473464
5410 1970 2.14041 1.26491 0.0524366 0.72315 0.468569
5420 1949 2.33233 1.20008 -0.0278459 0.68324 0.466448
5430 1945 2.41356 1.13535 -0.119418 0.651575 0.455737
5440 2308 2.40946 1.08608 -0.207353 0.633213 0.436958
5450 2210 2.3293 1.06313 -0.28795 0.636411 0.411855
5460 1925 2.21415 1.05089 -0.357853 0.645403 0.386943
5470 1921 2.12238 1.08417 -0.431141 0.686031 0.375669
5480 1989 2.17253 1.16083 -0.488873 0.751842 0.384769
5490 2505 2.3634 1.22696 -0.53366 0.80481 0.389859
5500 1944 2.6384 1.29312 -0.575983 0.851182 0.389186
5510 1923 2.81754 1.33549 -0.604294 0.870022 0.398842
5520 1932 2.92581 1.34356 -0.612757 0.862845 0.408429
5530 2560 2.9167 1.3514 -0.602774 0.85043 0.424727
5540 1933 2.95461 1.35043 -0.574797 0.833079 0.443365
5550 1923 2.96274 1.31248 -0.533745 0.798898 0.452905
5560 2482 2.81229 1.23297 -0.481661 0.737768 0.451513
5570 1945 2.49725 1.11115 -0.415123 0.641862 0.441663
5580 1922 2.03345 0.98975 -0.336386 0.541542 0.423662
5590 2557 1.58796 0.910349 -0.260433 0.474945 0.406034
5600 1926 1.32444 0.828153 -0.191945 0.416918 0.388532
5610 1925 1.19982 0.754228 -0.14232 0.36834 0.37655
5620 1947 1.25837 0.687675 -0.0984646 0.326933 0.371485
5630 2560 1.56175 0.651014 -0.0590962 0.305348 0.361454
5640 1949 1.86239 0.668003 -0.0136255 0.313826 0.355484
5650 1931 2.08614 0.718184 0.0333353 0.34223 0.363846
5660 1930 2.28679 0.789314 0.0854846 0.380681 0.388712
5670 1936 2.52993 0.851551 0.151956 0.421401 0.411297
5680 2561 2.69747 0.903464 0.227879 0.460345 0.431245
5690 1948 2.74576 0.974778 0.305631 0.511954 0.451654
5700 1951 2.77137 1.0736 0.384914 0.583282 0.474605
5710 1925 2.67516 1.16393 0.440346 0.641481 0.489984
5720 1922 2.55335 1.16688 0.451328 0.63628 0.481833
5730 2536 2.53082 1.09034 0.435663 0.575581 0.451974
5740 1909 2.48942 0.986597 0.392054 0.490561 0.428466
5750 1909 2.49403 0.86757 0.337923 0.402408 0.405972
5760 2521 2.44496 0.762263 0.279187 0.326656 0.38241
5770 2494 2.4206 0.664325 0.206756 0.258182 0.354493
5780 1961 2.26529 0.578577 0.119087 0.200083 0.329651
5790 1915 2.09959 0.525315 0.0192971 0.166298 0.315739
5800 1926 2.0321 0.494059 -0.086704 0.154432 0.304292
5810 1910 2.20077 0.491099 -0.194248 0.167852 0.290489
5820 1902 2.4349 0.509023 -0.29918 0.200945 0.270096
5830 2555 2.62639 0.53707 -0.377179 0.239598 0.248115
5840 1933 2.86715 0.565773 -0.431317 0.274692 0.23046
5850 2563 3.07402 0.623874 -0.493671 0.333396 0.233199
5860 1922 3.14743 0.706424 -0.552872 0.407769 0.253454
5870 1932 3.14252 0.791958 -0.603261 0.478256 0.267687
5880 2434 3.21858 0.855725 -0.638263 0.527272 0.273108
5890 2029 3.26826 0.921451 -0.672717 0.577647 0.280752
5900 1981 3.20543 0.984073 -0.710647 0.628983 0.284419
5910 1909 2.91652 1.02574 -0.731529 0.661767 0.295128
5920 1902 2.4821 1.05319 -0.736532 0.679593 0.312074
5930 2530 2.03386 1.07352 -0.734419 0.691207 0.326552
5940 1900 1.65683 1.09204 -0.726673 0.699456 0.345398
5950 1925 1.3987 1.11176 -0.712124 0.704575 0.371047
5960 2542 1.15728 1.13926 -0.693998 0.708615 0.393682
5970 1901 1.04727 1.18176 -0.672938 0.71604 0.417393
5980 1899 0.984941 1.21965 -0.632836 0.707289 0.442187
5990 2529 1.0293 1.1968 -0.571763 0.65946 0.452397
6000 1916 1.03377 1.17539 -0.508991 0.617482 0.466566
6010 1926 0.973505 1.1877 -0.45106 0.597569 0.482451
6020 2102 0.827287 1.20808 -0.398128 0.586051 0.503556
6030 2343 0.823035 1.19024 -0.360744 0.562159 0.511386
6040 1914 0.998118 1.12103 -0.339796 0.526584 0.501182
6050 1930 1.27159 1.03647 -0.330876 0.487991 0.48544
6060 2564 1.67402 0.932926 -0.314165 0.432635 0.460802
6070 1906 2.04102 0.802387 -0.29654 0.362827 0.416895
6080 1903 2.26143 0.675908 -0.292536 0.297016 0.361618
6090 2548 2.31842 0.574524 -0.286335 0.240453 0.315919
6100 1933 2.16095 0.513177 -0.246161 0.196532 0.298429
6110 1932 1.82891 0.491057 -0.20708 0.173049 0.291131
6120 1923 1.39206 0.502527 -0.181276 0.170699 0.293523
6130 1912 0.913166 0.539469 -0.14423 0.184635 0.31669
6140 1914 0.33154 0.597486 -0.110169 0.21376 0.347912
6150 2542 -0.317047 0.671417 -0.091204 0.252133 0.386902
6160 1910 -1.07006 0.750324 -0.0790934 0.291214 0.425465
6170 1906 -1.85862 0.853839 -0.0640752 0.341347 0.471434
6180 1900 -2.71387 0.954801 -0.0248825 0.386538 0.506486
6190 1909 -3.49762 1.03736 0.0334305 0.424012 0.528981
6200 2548 -4.03113 1.13881 0.091095 0.472054 0.549057
6210 1926 -4.31412 1.24886 0.138612 0.522315 0.56703
6220 1903 -4.28891 1.32213 0.177531 0.556371 0.577091
6230 2542 -4.01086 1.33659 0.210107 0.566767 0.568686
6240 1929 -3.73343 1.35328 0.234559 0.575177 0.558125
6250 1919 -3.46263 1.36689 0.262861 0.584358 0.545413
6260 1911 -3.19577 1.35572 0.27162 0.580598 0.532266
6270 2541 -2.9221 1.32233 0.261664 0.563213 0.525324
6280 1909 -2.74758 1.24678 0.237071 0.526106 0.514689
6290 2506 -2.59971 1.17756 0.206674 0.489468 0.509743
6300 1955 -2.47007 1.08814 0.164816 0.444679 0.50626
6310 1925 -2.31405 0.979761 0.108234 0.389495 0.496836
6320 1920 -2.05363 0.847438 0.049638 0.326573 0.470691
6330 2530 -1.74964 0.736561 0.0144025 0.277165 0.441369
6340 1904 -1.4279 0.652629 5.21346e-05 0.239912 0.404804
6350 1924 -1.14198 0.596994 0.0165141 0.215102 0.375328
6360 2586 -0.900232 0.565323 0.0437861 0.203143 0.357741
6370 1907 -0.658483 0.56422 0.0498822 0.209093 0.346112
6380 1901 -0.495036 0.608822 0.0595436 0.242214 0.357124
6390 1900 -0.338273 0.666631 0.0561873 0.28213 0.37345
6400 2045 -0.218783 0.75038 0.0465133 0.336731 0.393654
6410 2410 -0.271675 0.851444 0.0320362 0.395251 0.418298
6420 1902 -0.424039 0.934862 0.00744109 0.442134 0.43201
6430 1919 -0.547152 0.989953 -0.0284406 0.473705 0.434644
6440 1904 -0.755501 1.05217 -0.0538728 0.515609 0.438749
6450 2452 -0.870489 1.09943 -0.0790615 0.560437 0.437561
6460 2002 -0.808556 1.11378 -0.119481 0.592998 0.427324
6470 1919 -0.68416 1.14192 -0.160802 0.635935 0.414624
6480 2529 -0.447702 1.17857 -0.193479 0.683424 0.413462
6490 1901 -0.0382742 1.19556 -0.225096 0.717394 0.415608
6500 2558 0.467116 1.17253 -0.249745 0.726145 0.408735
6510 1940 0.746036 1.12936 -0.289381 0.714834 0.396707
6520 1910 0.97186 1.11959 -0.323058 0.721832 0.388889
6530 1901 1.16256 1.11193 -0.334878 0.718444 0.386707
6540 1915 1.16523 1.1323 -0.327133 0.72545 0.395885
6550 2264 1.13455 1.17362 -0.314317 0.744592 0.413336
6560 1964 1.19 1.19265 -0.288966 0.743574 0.430015
6570 1935 1.30159 1.21629 -0.267329 0.738027 0.456084
6580 1955 1.50359 1.20065 -0.26339 0.711289 0.469458
6590 1954 1.71112 1.16541 -0.246859 0.669194 0.480448
6600 2466 1.83987 1.08627 -0.22066 0.601623 0.474904
6610 1985 1.83734 1.01853 -0.206379 0.54899 0.463524
6620 1918 1.84048 0.940765 -0.2 0.49548 0.443445
6630 2533 1.89778 0.860916 -0.188902 0.446741 0.413617
6640 1902 1.95321 0.780314 -0.177575 0.396849 0.380243
6650 1908 1.9409 0.727423 -0.161942 0.355218 0.36233
6660 1915 1.86162 0.699795 -0.138978 0.322434 0.363917
6670 2546 1.76562 0.682764 -0.113637 0.294122 0.369794
6680 1902 1.68545 0.709713 -0.0798986 0.29206 0.401229
6690 1904 1.56638 0.777738 -0.0486101 0.310053 0.449621
6700 1918 1.44423 0.849855 -0.0295524 0.334039 0.48474
6710 2450 1.42573 0.900163 -0.0105617 0.355334 0.504582
6720 2044 1.46974 0.928738 0.0214997 0.371459 0.509758
6730 1902 1.64254 0.945581 0.057096 0.384761 0.510511
6740 2538 1.87396 0.968362 0.0914758 0.401429 0.518452
6750 1908 2.14361 0.96737 0.125281 0.407079 0.515512
6760 1918 2.32923 0.983517 0.147543 0.415543 0.516525
6770 1915 2.35216 1.00251 0.137701 0.416632 0.523482
6780 1902 2.3663 1.01097 0.12216 0.410781 0.52445
6790 2529 2.14536 0.991011 0.112808 0.393843 0.509651
6800 1904 1.8545 0.981252 0.101739 0.38173 0.491155
6810 2563 1.5418 0.990608 0.0972204 0.379649 0.481749
6820 1911 1.2777 0.983353 0.0865289 0.372352 0.477636
6830 2539 0.954003 0.960404 0.0603043 0.360412 0.474081
6840 1901 0.615917 0.902132 0.0149599 0.33946 0.465651
6850 1919 0.440068 0.834085 -0.0383362 0.321393 0.455052
6860 1909 0.4164 0.775617 -0.102067 0.31183 0.437903
6870 2540 0.454998 0.76686 -0.170072 0.325833 0.418771
6880 1903 0.61732 0.791544 -0.248028 0.357145 0.405249
6890 1900 0.775211 0.812671 -0.314179 0.38624 0.391228
6900 2537 0.819604 0.807369 -0.370664 0.403155 0.372159
6910 1926 0.725683 0.784611 -0.398339 0.399957 0.356561
6920 2184 0.738097 0.775609 -0.42677 0.403334 0.347054
6930 2269 0.709855 0.799526 -0.471851 0.428294 0.342569
6940 1902 0.685618 0.844399 -0.515538 0.46386 0.34693
6950 2530 0.611169 0.92563 -0.57339 0.528007 0.357696
6960 1910 0.445142 1.00298 -0.604731 0.577931 0.372373
6970 2037 0.150919 1.05435 -0.610656 0.598092 0.380882
6980 2409 -0.192165 1.11046 -0.607906 0.61141 0.392755
6990 1909 -0.589828 1.16892 -0.589796 0.615788 0.406267
7000 1929 -1.14026 1.21363 -0.563313 0.619011 0.41418
7010 2541 -1.59119 1.20613 -0.52532 0.604404 0.41693
7020 1909 -1.95274 1.15862 -0.47995 0.581127 0.421196
7030 1903 -2.13717 1.07787 -0.420853 0.544427 0.428486
7040 2532 -1.99238 0.994391 -0.374177 0.516372 0.425593
7050 1906 -1.63171 0.938912 -0.350653 0.50104 0.412391
7060 1919 -1.16139 0.898483 -0.336249 0.481483 0.396143
7070 1913 -0.704195 0.86079 -0.305156 0.447242 0.379283
7080 1955 -0.202283 0.829892 -0.262276 0.406146 0.367505
7090 1903 0.424713 0.809067 -0.225755 0.373126 0.369966
7100 2154 1.15487 0.796682 -0.186952 0.354259 0.37576
7110 2297 1.88244 0.779967 -0.147815 0.34118 0.374394
7120 1923 2.53625 0.764847 -0.110141 0.335616 0.361126
7130 1903 3.06595 0.728775 -0.0815848 0.321197 0.33637
7140 2536 3.42996 0.694119 -0.0684225 0.307566 0.320402
7150 1917 3.52039 0.670069 -0.0521996 0.299693 0.321813
7160 1911 3.46065 0.668836 -0.0543289 0.307609 0.329456
7170 1911 3.25088 0.683738 -0.0576443 0.324455 0.337273
7180 2519 3.00258 0.712592 -0.0587467 0.348918 0.351284
7190 1904 2.69379 0.753679 -0.0870136 0.378166 0.364044
7200 1902 2.22839 0.800509 -0.114551 0.413001 0.373645
7210 2540 1.74023 0.83946 -0.153031 0.444864 0.375111
7220 1916 1.31776 0.88877 -0.209412 0.488079 0.371389
7230 1930 1.0919 0.935234 -0.26977 0.53487 0.363638
7240 2195 0.987343 0.950017 -0.320363 0.559335 0.343839
7250 2240 0.924712 0.950775 -0.352803 0.568491 0.32222
7260 1917 0.923711 0.933711 -0.383528 0.56421 0.303642
7270 1926 0.84021 0.917758 -0.420183 0.561 0.2888
7280 2559 0.652097 0.907881 -0.445563 0.556513 0.281591
7290 1925 0.490998 0.917652 -0.461564 0.569066 0.274752
7300 1926 0.223882 0.88678 -0.436032 0.541014 0.271688
7310 1967 -0.148416 0.826691 -0.397737 0.484223 0.274252
7320 1957 -0.458612 0.77049 -0.3738 0.431869 0.280902
7330 2553 -0.687918 0.728379 -0.365761 0.391209 0.28687
7340 1922 -0.639398 0.717968 -0.367421 0.37593 0.28665
7350 1923 -0.318531 0.734211 -0.360344 0.377507 0.287936
7360 2201 0.00980958 0.781975 -0.349522 0.401293 0.310244
7370 2312 0.303755 0.861885 -0.338796 0.45384 0.345456
7380 1940 0.698463 0.987762 -0.327745 0.534888 0.387965
7390 1929 0.944816 1.16788 -0.310231 0.646356 0.436814
7400 2545 1.10139 1.30306 -0.267529 0.736019 0.458435
7410 1949 1.3262 1.3646 -0.221878 0.791743 0.455314
7420 1934 1.46549 1.39844 -0.160919 0.837575 0.450428
7430 1936 1.44941 1.42507 -0.0951752 0.875459 0.45221
7440 2543 1.42045 1.44288 -0.058748 0.905884 0.453013
7450 1943 1.54358 1.46983 -0.0343162 0.943384 0.4457
7460 1960 1.83893 1.48545 -0.0193806 0.974439 0.434764
7470 1940 2.3255 1.48652 -0.0230089 0.99598 0.408381
7480 2553 2.80674 1.51089 -0.0070256 1.01948 0.390859
7490 1923 3.201 1.53809 0.0298381 1.03656 0.377609
7500 1922 3.41738 1.56731 0.0653054 1.04448 0.369692
7510 1963 3.48624 1.60296 0.0791026 1.04244 0.374517
7520 2572 3.42549 1.59948 0.100018 1.01098 0.391717
7530 1953 3.25587 1.5577 0.115167 0.944587 0.411362
7540 2557 3.13158 1.44734 0.117019 0.845966 0.422401
7550 1929 2.91497 1.29737 0.10652 0.732875 0.41914
7560 1993 2.52576 1.17424 0.0880333 0.639894 0.413692
7570 1936 2.04479 1.05752 0.0715012 0.552252 0.411515
7580 1923 1.76149 0.946535 0.0452053 0.466566 0.401595
7590 2544 1.70935 0.849786 0.0203287 0.390818 0.38202
7600 1949 1.70964 0.778788 -0.00182338 0.331314 0.35738
7610 2406 1.67481 0.726765 -0.0300923 0.287502 0.339515
7620 1943 1.79296 0.667655 -0.0446629 0.248415 0.323087
7630 1932 1.96824 0.607218 -0.0467477 0.208832 0.309771
7640 1923 2.12494 0.543854 -0.0405834 0.170133 0.287526
7650 1933 2.25793 0.487777 -0.0278978 0.139111 0.26618
7660 1931 2.50401 0.449382 -0.0111283 0.120876 0.246703
7670 2573 2.71842 0.447169 0.00334922 0.128111 0.252168
7680 1950 2.90458 0.47143 0.0192131 0.156216 0.272063
7690 1927 2.93025 0.53299 0.0355452 0.215471 0.289908
7700 1936 2.88114 0.634916 0.0378101 0.306253 0.310329
7710 2545 2.8751 0.778307 0.0242891 0.422398 0.341967
7720 2577 2.89711 0.94027 0.00253906 0.5533 0.371718
7730 1945 2.94315 1.08346 -0.00781925 0.674494 0.39022
7740 1933 3.08014 1.18103 -0.0166095 0.767502 0.390905
7750 1933 3.22014 1.24768 -0.0136646 0.833068 0.382021
7760 1942 3.42289 1.24539 -0.0112256 0.847754 0.351962
7770 2006 3.67186 1.22106 -0.00688422 0.841718 0.317695
7780 2460 3.90164 1.19595 0.0024093 0.833917 0.282101
7790 1919 3.95094 1.19571 0.0177748 0.850533 0.250244
7800 1901 3.82953 1.19389 0.031423 0.868635 0.22814
7810 2505 3.47555 1.19691 0.0315297 0.880242 0.226972
7820 1919 3.08763 1.26844 0.0236021 0.933131 0.265117
7830 1984 2.71499 1.3655 0.0226815 0.98658 0.309876
7840 2464 2.328 1.46306 0.0257627 1.02752 0.355593
7850 1945 1.9238 1.56191 0.0325625 1.05543 0.404198
7860 1907 1.46762 1.65043 0.0478765 1.06744 0.445654
7870 2548 0.974255 1.71166 0.0643996 1.0565 0.483947
7880 1922 0.488064 1.71706 0.0839459 1.01855 0.510354
7890 1903 0.130467 1.68549 0.0952573 0.97404 0.522073
7900 2541 -0.0271157 1.60292 0.0977524 0.90671 0.520811
7910 1923 -0.102231 1.51111 0.106719 0.838066 0.516589
7920 1940 -0.0840193 1.41034 0.110872 0.763318 0.506932
7930 2568 -0.168158 1.32499 0.108301 0.696594 0.491533
7940 1913 -0.278797 1.26486 0.0867665 0.638226 0.483566
7950 1932 -0.234327 1.1933 0.0480047 0.575154 0.469893
7960 1972 -0.0950947 1.10397 0.000929915 0.510771 0.448907
7970 2495 0.124898 1.0072 -0.0608484 0.446135 0.421727
7980 1913 0.380199 0.924873 -0.10963 0.392836 0.390579
7990 2202 0.515754 0.87109 -0.137879 0.358165 0.365004
8000 2257 0.633879 0.822372 -0.165015 0.335903 0.338504
8010 1911 0.585645 0.77871 -0.214493 0.321306 0.312391
8020 1915 0.559629 0.754981 -0.274915 0.320167 0.297016
8030 1915 0.717863 0.714932 -0.314489 0.312663 0.278121
8040 2561 0.915 0.676324 -0.346754 0.308167 0.265763
8050 2316 1.13748 0.656835 -0.380681 0.31778 0.257464
8060 2139 1.30725 0.663129 -0.415866 0.342386 0.251394
8070 1937 1.40834 0.686068 -0.435771 0.371168 0.256029
8080 2547 1.40408 0.71382 -0.446796 0.394421 0.268667
8090 1906 1.57021 0.736187 -0.43677 0.406307 0.280012
8100 1908 1.86047 0.775898 -0.415511 0.418934 0.304579
8110 1912 2.08653 0.821162 -0.386617 0.430185 0.330565
8120 2389 2.28658 0.855902 -0.339355 0.431922 0.355184
8130 2140 2.45404 0.875207 -0.279123 0.425529 0.377389
8140 1901 2.57557 0.927831 -0.220574 0.43711 0.408659
8150 2531 2.74699 0.992803 -0.174755 0.460823 0.439853
8160 1920 3.02104 0.987614 -0.144862 0.45832 0.448417
8170 1917 3.24622 0.947368 -0.114288 0.44239 0.442703
8180 2550 3.37936 0.921126 -0.0965272 0.438814 0.43793
8190 1903 3.57606 0.870521 -0.0963593 0.421122 0.420393
8200 1903 3.756 0.799351 -0.0894672 0.390877 0.393431
8210 2277 3.9045 0.737608 -0.063708 0.366548 0.365174
8220 2169 4.01931 0.690248 -0.0438027 0.344385 0.339399
8230 1913 4.0909 0.642622 -0.0254303 0.316211 0.315972
8240 2540 4.01335 0.615263 -0.0119972 0.299104 0.301269
8250 1907 3.72757 0.609048 -0.00948255 0.288155 0.30378
8260 1917 3.23884 0.615958 -0.00627216 0.276876 0.319094
8270 2187 2.70075 0.657371 -0.00849121 0.29158 0.340839
8280 2272 2.08242 0.741542 -0.00780954 0.333532 0.371335
8290 1902 1.55889 0.83425 0.00872148 0.380548 0.402886
8300 1901 1.12419 0.936854 0.0296755 0.429311 0.437814
8310 2602 0.72623 1.05874 0.0608639 0.481266 0.483964
8320 1944 0.383581 1.21205 0.0948843 0.539653 0.531408
8330 2555 0.22479 1.33344 0.112884 0.580259 0.562178
8340 1901 0.227095 1.39053 0.132525 0.593847 0.578804
8350 1925 0.44586 1.39407 0.154817 0.588346 0.582127
8360 2496 0.738003 1.33981 0.177626 0.562625 0.566064
8370 1947 1.04725 1.30916 0.207231 0.551658 0.553531
8380 1912 1.36013 1.27451 0.239769 0.54451 0.540972
8390 2537 1.66293 1.18546 0.247801 0.514069 0.520658
8400 1908 1.96868 1.06634 0.251074 0.474757 0.489781
8410 1901 2.34109 0.976486 0.261109 0.451575 0.462727
8420 1910 2.65674 0.909808 0.267409 0.436752 0.435738
8430 1902 2.91117 0.854283 0.277708 0.422511 0.399576
8440 1910 3.08146 0.831665 0.292314 0.418619 0.368985
8450 2534 3.26793 0.833376 0.302265 0.422904 0.347661
8460 1915 3.38711 0.846862 0.315533 0.433798 0.336372
8470 1943 3.2914 0.867471 0.33182 0.450417 0.329144
8480 2558 3.06246 0.833723 0.333535 0.429682 0.316014
8490 1941 2.78191 0.76716 0.324336 0.382835 0.300623
8500 1933 2.44231 0.680041 0.303385 0.318721 0.288528
8510 1927 2.02533 0.60456 0.288217 0.266088 0.279335
8520 1922 1.63787 0.567829 0.299472 0.244801 0.266735
8530 1979 1.35619 0.544411 0.312562 0.232065 0.255563
8540 2570 1.14106 0.526896 0.329027 0.22293 0.245827
8550 1918 0.859651 0.523504 0.343314 0.221397 0.241835
8560 1924 0.682214 0.53551 0.358892 0.232305 0.248579
8570 2529 0.469642 0.570704 0.389306 0.262991 0.26726
8580 1910 0.198009 0.618828 0.423035 0.303446 0.287003
8590 1931 -0.0104118 0.653133 0.442207 0.331371 0.303337
8600 1902 -0.177971 0.667953 0.436399 0.337462 0.320005
8610 2532 -0.364919 0.686827 0.422625 0.342019 0.338802
8620 1902 -0.466697 0.688931 0.401401 0.3323 0.344081
8630 2555 -0.431273 0.694775 0.384522 0.324979 0.340004
8640 1918 -0.433296 0.696617 0.346877 0.310611 0.346491
8650 1902 -0.530721 0.698483 0.306895 0.298135 0.35663
8660 1919 -0.634716 0.70175 0.266206 0.288676 0.369198
8670 2565 -0.82325 0.71044 0.231139 0.286166 0.387676
8680 1945 -0.975023 0.707443 0.215357 0.285449 0.398586
8690 1941 -1.10554 0.69514 0.208003 0.282816 0.399646
8700 2330 -1.25054 0.673212 0.206207 0.273414 0.391543
8710 1943 -1.27949 0.673164 0.205178 0.270709 0.383459
8720 1930 -1.24635 0.6952 0.205025 0.277191 0.383243
8730 1959 -1.17592 0.740771 0.212371 0.295888 0.387465
8740 2576 -1.00642 0.787701 0.224465 0.31716 0.387495
8750 2277 -0.902829 0.827777 0.237827 0.336528 0.395609
8760 1924 -0.935137 0.868116 0.240983 0.358219 0.414483
8770 1930 -0.830839 0.872101 0.216354 0.360541 0.427641
8780 2571 -0.567993 0.81285 0.182216 0.332807 0.418942
8790 1939 -0.133833 0.755713 0.160988 0.308523 0.407946
8800 1944 0.425026 0.718264 0.148471 0.293952 0.401485
8810 2545 1.03059 0.674177 0.141935 0.278116 0.381359
8820 1949 1.69574 0.615297 0.124129 0.255415 0.34609
8830 1935 2.29569 0.585186 0.0943869 0.247864 0.314788
8840 2306 2.82006 0.563073 0.065299 0.242011 0.293262
8850 2208 3.24254 0.556059 0.0223718 0.244196 0.274126
8860 1933 3.4968 0.582396 -0.0292194 0.270422 0.267615
8870 1949 3.61341 0.630032 -0.082228 0.309767 0.276985
8880 2162 3.62562 0.691846 -0.119373 0.359044 0.294334
8890 2320 3.51957 0.759228 -0.140834 0.408382 0.319238
8900 1922 3.29734 0.817135 -0.148139 0.447621 0.339834
8910 2521 3.00946 0.891361 -0.150518 0.496563 0.365136
8920 1927 2.67555 1.00195 -0.156005 0.5617 0.405736
8930 1966 2.42712 1.13544 -0.169214 0.64114 0.447538
8940 1963 2.17259 1.28843 -0.19465 0.732963 0.486015
8950 2506 1.94584 1.41023 -0.214084 0.795866 0.517524
8960 1934 1.76418 1.46411 -0.23743 0.816285 0.533013
8970 1925 1.63553 1.47574 -0.262395 0.813531 0.538318
8980 2563 1.39402 1.51038 -0.288611 0.825081 0.547925
8990 1931 1.03603 1.5626 -0.304373 0.836601 0.566965
9000 1968 0.724925 1.57823 -0.305997 0.827063 0.582445
9010 1924 0.4075 1.54259 -0.278245 0.783886 0.593845
9020 1947 0.207174 1.46435 -0.23315 0.716595 0.594815
9030 2563 0.189735 1.34121 -0.191302 0.635389 0.579215
9040 1932 0.389748 1.20343 -0.164854 0.555105 0.549789
9050 2551 0.758171 1.05718 -0.133564 0.467322 0.514218
9060 1938 1.11355 0.922718 -0.0993513 0.38277 0.475937
9070 1927 1.44401 0.828162 -0.0683079 0.324222 0.4384
9080 1933 1.73347 0.765109 -0.0518996 0.284057 0.399883
9090 2566 2.01484 0.73679 -0.0336687 0.261436 0.374068
9100 1956 2.29202 0.712049 -0.0160709 0.249456 0.365489
9110 1932 2.46075 0.689348 -0.00130917 0.24395 0.376922
9120 2544 2.60141 0.673631 0.00172733 0.242994 0.392114
9130 1947 2.86475 0.677521 -0.000653592 0.248993 0.405144
9140 1935 3.10286 0.719605 -0.00435806 0.268791 0.423734
9150 2388 3.264 0.766924 -0.00251062 0.288544 0.440845
9160 2063 3.23955 0.739427 0.0130656 0.273255 0.428358
9170 1907 3.0427 0.691059 0.0220804 0.246807 0.399926
9180 1925 2.64967 0.670725 0.0154786 0.234094 0.372276
9190 2286 2.16353 0.689456 -0.00646683 0.242467 0.372479
9200 2170 1.64146 0.730125 -0.0384051 0.266229 0.401992
9210 1926 1.20051 0.766879 -0.0526935 0.291064 0.434849
9220 2533 0.789299 0.789924 -0.0609294 0.308127 0.454973
9230 1917 0.234814 0.819098 -0.100966 0.328909 0.467057
9240 2540 -0.44525 0.859048 -0.16043 0.356526 0.465458
9250 1960 -1.12884 0.928251 -0.223572 0.401225 0.460387
9260 1933 -1.77306 1.00337 -0.266525 0.447491 0.455267
9270 1922 -2.36862 1.06456 -0.286728 0.48394 0.455738
9280 2570 -2.73051 1.08063 -0.29269 0.493933 0.451543
9290 1924 -2.81243 1.08326 -0.306652 0.496496 0.447031
9300 1939 -2.56439 1.06387 -0.316122 0.485801 0.441719
9310 1921 -2.16358 1.01728 -0.301669 0.453633 0.433352
9320 1935 -1.67972 0.972192 -0.288738 0.427771 0.42529
9330 1961 -1.23504 0.923106 -0.273957 0.39943 0.418573
9340 2549 -0.749386 0.863677 -0.252055 0.362535 0.410959
9350 1961 -0.239457 0.793877 -0.228066 0.323744 0.395879
9360 2566 0.235867 0.70888 -0.188572 0.275434 0.372389
9370 1922 0.667008 0.635346 -0.150006 0.233544 0.350264
9380 2575 1.02933 0.576238 -0.113877 0.199931 0.329357
9390 1957 1.26238 0.532128 -0.0781606 0.175144 0.312132
9400 1938 1.50558 0.495924 -0.0504128 0.158201 0.300077
9410 1950 1.65029 0.486786 -0.025152 0.158107 0.29673
9420 1936 1.65055 0.499409 0.00253119 0.171581 0.291817
9430 2356 1.52943 0.542303 0.0116012 0.205598 0.295939
9440 2160 1.36545 0.591534 0.0110813 0.246095 0.315931
9450 1940 1.28206 0.664649 0.0189848 0.305938 0.346951
9460 1923 1.2128 0.763119 0.0149478 0.374558 0.394974
9470 1953 1.13611 0.854638 -0.000250596 0.430514 0.435231
9480 2596 1.19943 0.9341 -0.00954688 0.47292 0.460005
9490 1972 1.35323 1.00418 -0.0159857 0.502503 0.485977
9500 1936 1.53843 1.07611 -0.0320908 0.530882 0.508464
9510 2581 1.81238 1.13425 -0.0594075 0.54989 0.523008
9520 1927 2.14333 1.18147 -0.107737 0.560237 0.535632
9530 1921 2.41664 1.17148 -0.168922 0.552536 0.53201
9540 2609 2.57429 1.12061 -0.246998 0.536802 0.508035
9550 1950 2.695 1.04862 -0.315171 0.515301 0.473687
9560 1938 2.71701 0.972857 -0.370974 0.491709 0.433378
9570 2548 2.60714 0.911486 -0.420157 0.477548 0.395073
9580 1942 2.47559 0.832118 -0.43605 0.439516 0.36057
9590 1934 2.21829 0.759982 -0.422919 0.389181 0.340053
9600 2266 1.8096 0.709008 -0.402114 0.348181 0.328105
9610 2251 1.38631 0.67448 -0.386005 0.319835 0.318639
9620 1919 1.04039 0.654154 -0.380044 0.305289 0.317157
9630 1902 0.709488 0.645377 -0.374723 0.29921 0.319494
9640 2482 0.355024 0.631432 -0.347697 0.28393 0.322409
9650 1939 0.00810428 0.618751 -0.31546 0.270246 0.32954
9660 1902 -0.261717 0.615666 -0.280587 0.262624 0.345674
9670 2544 -0.442296 0.609972 -0.244794 0.253863 0.354472
9680 1909 -0.486477 0.594993 -0.208814 0.239705 0.348288
9690 1931 -0.429508 0.609381 -0.189471 0.243918 0.348777
9700 1916 -0.35966 0.661325 -0.200886 0.271812 0.369738
9710 2405 -0.350739 0.769895 -0.226925 0.327366 0.402397
9720 2061 -0.245494 0.908633 -0.267027 0.398259 0.430192
9730 2548 -0.0727131 1.00297 -0.305118 0.447019 0.449132
9740 1948 0.086223 1.07598 -0.339231 0.486593 0.459592
9750 1938 0.230138 1.14018 -0.367493 0.523958 0.473655
9760 1904 0.336476 1.20786 -0.384571 0.55827 0.488122
9770 2556 0.416715 1.25891 -0.391272 0.581273 0.500858
9780 1902 0.441682 1.1981 -0.371216 0.550541 0.497854
9790 1921 0.436644 1.08611 -0.337779 0.494061 0.486993
9800 2573 0.304356 0.979869 -0.309335 0.440071 0.473038
9810 1911 0.0977102 0.893747 -0.281933 0.392961 0.454726
9820 2532 -0.0273588 0.819976 -0.240644 0.347163 0.439134
9830 1927 -0.11064 0.774357 -0.18885 0.313263 0.432165
9840 1961 -0.21908 0.74886 -0.130183 0.290925 0.429232
9850 1937 -0.397673 0.765091 -0.0547207 0.293348 0.432613
9860 1937 -0.417117 0.791653 0.0109308 0.309523 0.421732
9870 2556 -0.303245 0.838174 0.0651201 0.340281 0.402214
9880 1934 -0.132603 0.925396 0.107418 0.391701 0.388421
9890 1946 0.094364 1.03964 0.139904 0.455749 0.387815
9900 2553 0.345809 1.17264 0.160703 0.538133 0.402143
9910 1936 0.567948 1.28696 0.183408 0.62328 0.425549
9920 1924 0.719968 1.38676 0.197692 0.710936 0.448617
9930 2554 0.844848 1.47635 0.210682 0.798744 0.464248
9940 1967 0.906496 1.4924 0.194992 0.849028 0.468277
9950 1991 1.08361 1.50295 0.152159 0.895619 0.471296
9960 1925 1.28594 1.51564 0.1028 0.93152 0.485135
9970 2551 1.38836 1.50821 0.07567 0.929731 0.500511
9980 1936 1.3755 1.48657 0.0725813 0.902499 0.511237
9990 1971 1.32231 1.47391 0.0820054 0.882042 0.518407
